1
 -0.00016  4.63622      7.391     99.958    6.213
1
 -0.00196  4.60619      7.209     99.625    6.752
1
  0.01711  4.56769      8.879    100.000    6.722
1
 -0.00389  4.65520      7.325     99.965    5.864
1
 -0.00340  4.68589      7.246     99.905    5.096
1
 -0.00765  4.74770      5.698     99.663    3.481
1
 -0.00117  4.71416      8.201     99.991    8.078
1
  0.01247  4.72133      8.119     99.949    6.233
1
  0.00214  4.69402      7.417     99.971    3.929
0
1
 -0.00248  4.59037      8.069     99.955    5.844
0
1
  0.01558  4.61277      6.345     99.824    4.867
1
 -0.00466  4.74153      5.386     99.969    5.445
1
  0.00535  4.67175      6.363     99.697    4.338
1
 -0.00237  4.88076      9.353     99.703    3.979
1
  0.00451  4.69496      8.361     99.898    4.089
1
 -0.01627  4.74815      7.325     99.924    4.338
1
  0.00873  4.81968      7.954     99.943    5.416
1
 -0.00170  4.63513      7.399     99.939    5.605
1
  0.00110  4.62766      5.585     99.748    3.062
1
  0.01580  4.78628      6.320     99.887    2.972
1
  0.01930  4.63151      9.033     99.994    8.038
1
  0.00417  4.85228      6.577     99.975    2.892
1
  0.01120  4.58117      8.136     99.738    3.900
1
  0.00503  4.82426      7.428     99.846    5.924
1
  0.01016  4.80240      9.113     99.998    3.301
1
 -0.01494  4.79015      9.033     99.961    4.737
1
  0.02077  4.61811      8.240     99.921    2.433
1
  0.00416  4.69857      6.094     99.987    5.964
1
  0.00366  4.64556      8.064     99.984    7.500
1
  0.00921  4.66378      8.283     99.887    3.700
1
 -0.01250  4.57137      7.471     99.985    4.937
1
  0.01206  4.62649      9.087     99.904    6.642
0
1
  0.00498  4.79336      7.423     99.999    6.094
1
  0.01066  4.72413      6.449     99.936    6.642
1
 -0.00470  4.54577      5.578     99.838    7.989
0
1
  0.00684  4.68356      8.139     99.987    5.645
1
  0.00343  4.74051      7.364     99.970    6.533
1
 -0.00902  4.72910      7.220     99.991    3.700
1
 -0.01413  4.73140      7.349     99.805    6.114
1
 -0.00085  4.70292      7.307     99.998    5.974
1
 -0.00326  4.87464      8.344     99.997    6.203
1
  0.01424  4.64935      5.516     99.867    5.396
1
  0.00042  4.73088      8.345     98.051    3.142
1
  0.01291  4.74626      7.126     99.956    4.338
1
  0.00006  4.63391      8.517     99.956    3.012
1
 -0.00317  4.86365      5.624     99.980    6.582
1
 -0.01182  4.63425      9.522     98.706    5.685
1
 -0.00596  4.76209      7.424     99.981    4.039
1
 -0.00833  4.75612      7.372     99.714    5.485
1
  0.01129  4.58560      5.317     99.809    3.989
1
 -0.00324  4.65835      6.374     99.989    4.368
1
 -0.00455  4.62247      7.363     99.973    3.810
1
  0.00756  4.89523      5.538     99.714    2.713
1
 -0.01616  4.71689      5.411     99.729    5.964
1
 -0.00927  4.71615      5.653     99.916    5.645
0
1
 -0.00508  4.61596      7.147     99.713    6.154
1
  0.01090  4.56464      5.452     99.811    4.089
1
 -0.00068  4.58647      8.310     99.549    5.904
1
 -0.00556  4.73834      7.965     99.998    5.615
1
 -0.00666  4.56360      8.157     99.800    4.817
1
 -0.01060  4.57851      8.365     99.915    4.548
1
 -0.00814  4.87947      7.332     99.998    5.455
1
  0.00312  4.69408      7.492     99.986    5.595
1
 -0.02444  4.83318      7.257     99.965    3.700
1
 -0.00986  4.88296      6.575     99.570    3.411
1
  0.00576  4.83737      7.346     99.909    7.430
1
  0.00658  4.67343      6.418     99.987    7.191
1
  0.00270  4.74390      7.268     99.971    3.969
1
  0.00476  4.74255      6.148     99.966    5.904
1
 -0.00322  4.70978      8.427     99.997    5.695
1
 -0.00478  4.61080      7.099     99.545    3.800
1
  1.01538  4.97488      5.484      0.014    4.917
1
  0.00613  4.57282      6.554     99.924    5.136
1
 -0.01195  4.72397      6.454     99.752    3.331
1
 -0.00532  4.83457      7.494     99.908    5.106
1
 -0.00123  4.78996      8.370     99.867    3.620
1
 -0.00276  4.73134      8.570     99.865    6.124
1
 -0.00095  4.75755      6.487     99.790    3.461
1
 -0.00172  4.72022      8.428     99.982    7.999
0
1
 -0.00901  4.67986      9.448     98.538    3.760
1
 -0.01006  4.58262      9.236     99.992    7.201
1
 -0.00540  4.86414      5.708     99.958    3.860
1
  0.00144  4.73543      8.378     99.799    3.680
1
  0.00764  4.67255      7.104     99.998    6.024
1
  0.00254  4.86516      8.386    100.000    9.704
1
  0.00775  4.81297      9.291     99.982    2.683
1
 -0.00834  4.84788      7.274     99.816    3.939
1
 -0.01213  4.53935      8.286     99.977    6.493
1
  0.00489  4.78067      8.145     99.960    7.161
1
 -0.00151  4.65826      8.282     99.156    3.550
1
  0.00546  4.57532      9.389     99.995    3.640
1
  0.00272  4.80362      6.711     99.362    1.905
1
  0.00526  4.61254      5.711     99.990    4.119
1
 -0.00532  4.77945      7.573     99.999    5.595
1
  0.00929  4.57709      7.268     99.998    6.732
1
 -0.00081  4.65877      8.113    100.000    9.634
1
  0.00618  4.69919      8.259     99.541    5.306
1
 -0.00473  4.64365      5.443     99.766    4.727
1
  0.01969  4.72888      9.160     99.792    3.830
1
  0.00388  4.95260      6.413     99.894    6.413
1
 -0.00733  4.70383      6.445     99.993    4.598
1
 -0.00379  4.56988      5.498     99.694    3.770
1
 -0.00259  4.58345      6.348     99.911    4.787
1
 -0.00667  4.91315      8.077     99.603    6.223
1
  0.00216  4.80071      8.173     99.939    6.263
1
 -0.00056  4.47900      6.565     99.773    6.772
1
  0.01108  4.71334      5.376     99.885    6.243
1
 -0.01282  4.78746      6.440     99.996    2.952
1
  0.00958  4.72738      6.362     99.981    6.493
1
  0.01433  4.78768      5.576     99.617    3.600
1
  0.01293  4.62692      6.400     99.894    3.850
1
 -0.01069  4.66961      6.464     99.877    4.049
1
  0.00802  4.72106      8.238     99.988    6.493
1
 -0.00029  4.75124      6.435     99.867    5.056
1
 -0.02127  4.81615      8.187    100.000    4.428
1
  0.00052  4.84745      9.392     99.687    5.804
1
  0.00222  4.66403      8.868     99.895    8.088
1
 -0.01495  4.74194      9.211     99.839    6.263
1
 -0.00617  4.72569      7.325     99.974    4.468
1
  0.00990  4.46073      8.490     99.815    2.503
1
  0.00144  4.73501      8.503     99.576    6.533
1
  0.01728  4.69635      8.032     99.907    5.725
1
  0.00357  4.87990      7.085    100.000    5.236
1
  0.00145  4.61687      5.593     99.805    3.580
1
 -0.00784  4.84041      6.344     99.888    6.792
1
 -0.00299  4.74748      9.265     99.735    3.770
1
  0.00429  4.54203      5.649     99.911    2.483
1
 -0.00659  4.75298      8.231     99.366    4.298
1
 -0.00694  4.79451      8.324    100.000    4.289
1
  0.00295  4.70183      6.421     99.924    4.059
1
  0.00040  4.79441      8.374     99.826    4.648
1
  0.00536  4.80617      8.131     99.984    6.582
1
  0.00181  4.68608      8.358     99.948    3.072
1
 -0.01919  4.78226      5.444     99.981    3.521
1
  0.01635  4.72762      9.268     99.844    4.019
1
 -0.00318  4.67841      5.565     99.926    5.695
1
  0.01118  4.76748      7.395     99.996    6.782
1
  0.00413  4.64563      8.138     99.944    8.796
1
 -0.00389  4.58503      6.275     99.799    6.343
1
 -0.00433  4.65796      5.428     99.761    4.618
1
 -0.00136  4.72348      6.122     99.993    3.291
1
 -0.01509  4.63321      7.408     99.884    3.650
1
 -0.01030  4.64574      8.358     97.197    3.501
1
  0.00145  4.57245      7.115     99.979    6.373
1
  0.00341  4.58779      8.301     99.927    4.957
1
 -0.00347  4.57060      8.595     99.958    5.705
1
 -0.00787  4.51697      8.052     99.979    5.695
1
 -0.00965  4.75140      7.170     99.848    5.445
0
1
  0.01371  4.85387      5.486     99.958    2.094
1
 -0.01373  4.70514      8.572     99.895    3.979
0
1
 -0.01226  4.69842      7.272     99.977    5.445
1
 -0.00646  4.76309      6.325     99.907    3.381
1
  0.01126  4.80904      7.381    100.000    6.054
1
  0.00304  4.74835      5.683     99.721    3.381
1
  0.00376  4.60725      7.308     99.881    2.962
1
  0.01615  4.70554      5.378     99.793    5.226
1
  0.00312  4.89787      5.795     99.993    3.550
1
 -0.00377  4.61081      7.412     99.725    5.445
1
  0.01089  4.85311      8.500     99.780    7.161
1
  0.00117  4.83026      8.244     99.766    7.689
1
 -0.00151  4.64430      6.603     99.977    4.388
1
  0.00113  4.76916      7.268     99.099    3.999
1
  0.01021  4.69334      7.538     99.884    3.750
1
 -0.00914  4.71627      9.069     99.999    7.999
1
 -0.00695  4.70201      7.974     99.982    7.530
1
  0.01384  4.57783      6.433     99.888    3.890
1
  0.00256  4.69693      8.223     99.652    5.096
1
  0.00772  4.62715      9.289     99.999    5.874
1
  0.01166  4.74017      7.223     99.973    6.542
1
  0.00419  4.61610      7.527     99.668    2.543
1
 -0.00141  4.72783      6.343     99.974    6.702
1
 -0.00133  4.73815      6.520     99.986    6.503
1
  0.00341  4.56023      6.580     99.872    1.945
1
  0.00128  4.60968      8.131     99.921    6.931
1
  0.00532  4.93784      5.546     99.931    4.318
1
 -0.01261  4.54323      6.436     99.256    3.441
1
  0.00829  4.73197      7.215     99.876    4.308
1
  0.00171  4.74651      9.095     99.825    4.259
1
 -0.00222  4.56959      7.430     99.951    4.169
1
  0.00316  4.74539      9.208     99.811    3.560
1
  0.00415  4.72714      8.181     99.955    3.152
1
 -0.00740  4.80573      5.692     99.840    4.448
1
 -0.00430  4.70483      6.419     99.893    4.029
1
  0.00256  4.58388      5.620     99.531    2.433
1
  0.01381  4.78679      7.549     99.874    3.451
1
  0.00023  4.65328      8.287     99.998    4.069
1
 -0.01118  4.69734      7.296     99.995    3.780
0
1
 -0.00137  4.49087      5.747     99.574    2.793
1
  0.00285  4.73203      5.505     99.939    3.441
1
  0.00608  4.60703      6.132     99.885    3.620
1
 -0.00247  4.89253      8.986    100.000    6.991
1
  0.01003  4.71993      6.569     99.842    4.997
1
 -0.00340  4.68979      9.035     99.833    3.920
1
  0.00259  4.71985      8.222     99.974    3.890
1
  0.01232  4.78258      6.341     99.992    5.874
0
1
  0.01043  4.65793      9.170     98.829    4.707
0
1
 -0.01252  4.80001      6.402     99.521    3.880
1
  0.00154  4.76819      8.101     99.941    5.136
1
 -0.01076  4.72801      7.198     99.752    3.860
1
  0.00968  4.64659      6.155     99.999    7.061
1
 -0.00765  4.64174      6.402     99.700    2.803
1
  0.00202  4.76364      7.127     99.933    4.219
1
  0.00727  4.67665      5.418     99.891    5.056
1
 -0.00385  4.84387      7.432     99.671    4.009
0
1
  0.00318  4.77299      7.336     99.952    5.645
0
1
 -0.00833  4.60532      8.190     99.863    2.842
1
 -0.00553  4.70611      5.423     99.810    3.680
0
1
 -0.00533  4.73576      5.490     99.762    4.458
1
  0.01487  4.64181      7.397     99.975    6.054
1
 -0.01317  4.82004      6.138     99.987    6.154
0
1
 -0.00748  4.56688      9.253     99.996    6.772
1
  0.02075  4.56388      8.866     99.987    9.225
1
 -0.00347  4.55849      8.501     99.821    4.428
0
1
  0.00008  4.71212      8.951     99.085    2.673
1
 -0.00141  4.76888      8.123     99.853    5.316
0
1
  0.00461  4.63940      6.384     99.891    3.750
1
 -0.01200  4.60461      5.581     99.998    3.910
1
 -0.00360  4.67792      9.304     99.983    5.455
1
 -0.00891  4.52937      6.286     99.938    3.979
1
 -0.00574  4.61740      7.388     99.954    4.907
1
 -0.00542  4.62475      8.316     99.487    6.183
0
1
  0.00994  4.95644      8.031    100.000    6.433
1
 -0.00387  4.75454      5.532     99.743    4.618
1
 -0.01724  4.87297      5.438     99.978    3.381
1
 -0.00578  4.68097      7.387     99.841    6.293
1
  0.00473  4.66914      9.067     99.714    5.575
1
 -0.00077  4.76874      9.130     99.883    3.880
1
  0.00166  4.76796      8.251     99.952    4.528
1
 -0.01087  4.86471      6.506     99.927    5.146
1
  0.00100  4.57179      8.463     99.610    6.054
1
 -0.00874  4.59811      5.486     99.961    5.076
1
  0.01894  4.55381      6.962     99.775    3.521
1
 -0.00422  4.60326      7.482     99.890    3.281
1
  0.00235  4.85488      8.177     99.748    5.326
1
 -0.01656  4.70872      8.962     99.958    8.517
1
 -0.01027  4.70446      8.234     99.375    6.812
1
 -0.01326  4.79768      9.022     99.635    5.575
1
  0.00528  4.62149      6.510     99.967    4.458
1
 -0.01033  4.82386      7.611     99.772    5.994
1
  0.01918  4.68519      7.144     99.649    7.660
1
 -0.00030  4.63277      7.374     99.997    8.009
0
1
 -0.00654  4.76609      8.366     99.963    3.870
1
  0.00647  4.77115      8.241     99.830    5.934
1
 -0.01014  4.88271      5.376     99.992    5.715
1
 -0.00366  4.74567      8.427     99.959    6.752
1
 -0.01844  4.71634      9.220     99.420    4.179
1
 -0.00582  4.69405      9.086     99.932    5.296
1
 -0.01493  4.82623      9.230     99.990    6.951
0
1
 -0.00716  4.68710      8.216     99.998    8.757
1
 -0.00954  4.74564      8.236     99.921    5.056
1
 -0.00056  4.72691      6.288     99.946    4.378
1
  0.01888  4.66619      7.364     99.776    3.570
1
  0.00422  4.61821      5.354     99.875    4.029
1
 -0.00163  4.60630      7.323     99.654    2.334
1
 -0.00054  4.84741      6.595     99.156    5.814
1
  0.01705  4.56263      7.224     99.988    5.515
1
  0.02850  4.79186      9.049     99.122    5.286
1
 -0.01221  4.74793      5.493     99.839    4.488
1
  0.00276  4.64158      7.290     99.993    7.330
0
1
 -0.00976  4.76369      6.356     99.991    4.169
0
1
  0.00422  4.67188      5.649     99.980    2.902
1
 -0.00673  4.56423      8.289     99.895    5.884
1
 -0.00017  4.65065      5.510     99.758    5.037
1
  0.00650  4.89207      8.410     99.993    5.685
1
  0.00270  4.57130      8.837    100.000    8.168
1
 -0.00167  4.71658      5.316     99.916    4.328
1
  0.01609  4.71198      7.359     99.640    6.912
1
 -0.00225  4.57525      7.188     99.999    7.320
0
1
  0.01253  4.87646      6.370     99.929    6.134
0
1
  0.00892  4.52125      5.459     99.903    4.508
1
  0.00563  4.65875      8.470     99.897    3.481
0
1
 -0.01594  4.72807      5.499     99.896    5.794
1
  0.00818  4.73366      6.164     99.950    7.021
1
 -0.00015  4.75038      7.961     99.656    4.149
1
  0.01161  4.71620      8.097     99.990    6.353
1
  0.01689  4.59477      8.334     99.997    3.939
1
 -0.00422  4.69420      5.794     99.892    3.580
1
 -0.01123  4.75865      6.424     99.697    4.039
1
  0.00222  4.91818      5.585     99.975    4.658
1
 -0.00511  4.76962      9.219     99.997    4.867
1
  0.01061  4.63962      6.479     99.629    5.396
1
  0.01101  4.78843      6.155    100.000    3.690
0
1
 -0.01337  4.71479      9.277     99.997    5.017
1
  0.00615  4.70452      9.094     99.999    5.824
1
 -0.01032  4.76183      7.368     99.878    5.735
1
  0.01715  4.73389      8.107     99.934    6.104
1
  0.00478  4.48096      6.704     99.411    3.939
1
  0.00366  4.67012      6.531     99.998    9.634
1
  0.00490  4.64063      5.507     99.958    4.039
1
 -0.00148  4.78894      7.316     99.870    3.820
1
 -0.01012  4.75639      7.267     99.932    3.620
1
 -0.00563  4.67547      5.595     99.737    4.668
1
  0.01234  4.78200      7.397     99.987    6.164
1
  0.02007  4.64961      5.352     99.994    4.867
1
  0.00588  4.66371      6.512     99.960    5.266
1
 -0.01923  4.65252      8.029     99.993    5.585
1
  0.00792  4.79644      8.156     99.969    5.046
1
 -0.00367  4.86427      7.481     99.999    5.515
1
 -0.00973  4.76727      7.259     99.620    4.598
1
  0.00646  4.59823      6.284     99.902    4.239
1
 -0.00044  4.67597      5.522     99.710    6.363
1
  0.01187  4.51850      9.107     99.934    5.755
1
  0.00179  4.67907      9.200     99.947    4.947
1
  0.00816  4.78720      5.475     99.998    4.129
1
  0.00538  4.69922      9.335     99.932    6.712
1
  0.00886  4.76747      7.189     99.887    6.513
1
 -0.00556  4.59370      8.312     99.821    3.491
1
 -0.00667  4.71585      6.542     99.913    4.977
1
 -0.00243  4.87721      6.357     99.963    4.348
1
 -0.00360  4.69600      8.523     99.847    6.183
1
  0.00558  4.74512      7.131     99.966    5.834
1
  0.00243  4.71489      8.928     99.852    6.552
1
  0.01082  4.67149      7.247     99.906    5.535
1
  0.00256  4.63227      7.941     99.989    7.570
1
 -0.02068  4.75913      8.219     99.710    4.398
1
 -0.00118  4.71967      5.641     99.987    4.967
1
  0.00756  4.72819      7.105     99.989    4.608
1
 -0.02132  4.74460      8.239     99.933    5.675
0
1
  0.01336  4.59428      7.474     99.644    5.685
1
  0.00555  4.83589      6.256     99.905    5.435
1
  0.00380  4.67854      7.199     99.876    5.914
1
  0.00211  4.85616      7.329     99.595    6.572
0
1
 -0.00899  4.63990      8.269     99.745    6.902
1
 -0.01130  4.89873      8.104     99.986    5.904
1
  0.00633  4.69464      9.119     99.243    3.481
1
 -0.00119  4.64269      5.437     99.988    3.690
1
 -0.01161  4.65506      8.204     99.999    8.447
1
  0.01238  4.71211      9.124     99.344    4.817
1
 -0.00125  4.72492      8.064     99.955    5.635
1
  0.00181  4.62939      9.174     99.997    4.318
1
 -0.00056  4.89326      7.340     99.762    5.007
1
 -0.00403  4.84719      6.491     99.874    4.368
1
 -0.01062  4.76725      9.263     99.723    4.249
1
 -0.01314  4.72349      6.336     99.837    5.296
1
 -0.00271  4.52938      6.550     99.811    5.386
1
 -0.00052  4.78300      8.022    100.000    7.370
1
  0.00839  4.76764      5.688     99.488    3.521
1
  0.00052  4.78677      9.262     99.977    7.061
1
  0.01474  4.93979      6.501     99.910    7.630
1
 -0.01098  4.62270      6.420     99.884    3.740
1
  0.00170  4.68428      8.409     99.996    4.289
0
1
 -0.00308  4.66423      8.182     99.980    4.019
0
1
 -0.00485  4.60849      6.495     99.857    3.560
1
  0.01002  4.70167      9.128    100.000    5.874
1
 -0.01836  4.58162      7.224     99.858    5.136
1
  0.01131  4.71432      6.527     99.683    3.291
1
 -0.00428  4.76826      9.327     99.988    5.745
1
  0.00521  4.54405      8.027    100.000    7.380
1
 -0.00891  4.66220      7.186     99.932    5.984
1
  0.01190  4.55851      9.094    100.000    8.557
1
  0.01262  4.83218      7.106     99.949    4.857
1
  0.00866  4.91404      5.490     99.949    3.501
1
 -0.00471  4.65898      5.494     99.986    5.824
1
  0.00143  4.63989      7.948     99.838    7.390
0
1
 -0.01205  4.74297      8.146     99.958    7.081
1
  0.01796  4.77040      6.478     99.800    4.378
1
 -0.01138  4.59045      6.439     99.845    2.773
1
  0.00970  4.83207      8.178     99.973    5.445
1
 -0.01608  4.53064      7.478     99.873    7.460
1
  0.00262  4.83254      6.764     99.933    5.106
1
  0.01952  4.59901      7.944     99.921    7.380
1
 -0.00895  4.83251      8.180     99.945    6.852
1
 -0.01147  4.85383      5.439     99.915    3.351
1
 -0.00356  4.71845      8.079     99.742    7.081
1
  0.00645  4.54067      5.753     99.821    5.386
1
  0.00820  4.81041      6.408     99.985    4.468
1
 -0.01194  4.61127      7.394     99.827    3.730
1
 -0.00386  4.74252      7.157     99.995    4.947
1
 -0.00932  4.60400      9.400     99.988    8.537
0
1
 -0.00506  4.84564      7.386     99.812    5.196
1
 -0.00275  4.79398      8.183     99.975    5.555
1
 -0.00233  4.69177      7.253     99.703    7.300
1
 -0.00105  4.76787      5.583     99.607    3.461
1
 -0.00722  4.70310      7.284     99.886    3.351
1
 -0.00000  4.63563      7.299     99.959    4.488
1
  0.00638  4.70956      8.429     99.917    3.969
1
 -0.01452  4.72643      9.247     99.993    4.697
1
  0.00863  4.68027      7.143     99.766    5.366
0
1
  0.01076  4.69368      9.061     99.990    7.999
1
 -0.00754  4.63397      8.327     99.627    4.249
1
 -0.00098  4.62433      5.385     99.993    3.740
1
 -0.00143  4.75685      5.538     99.908    4.129
1
  0.01058  4.80745      5.435     99.279    2.623
1
  0.00326  4.58571      7.297     99.990    5.116
1
  0.00843  4.80110      8.086     99.989    9.495
1
 -0.00719  4.82972      6.425     99.975    5.475
1
  0.01381  4.68177      8.021     99.998    7.999
0
1
  0.00717  4.59270      8.386     99.953    5.515
1
  0.01167  4.72855      8.306     99.999    5.755
1
  0.00615  4.80152      5.334     99.959    2.972
1
 -0.01517  4.82550      7.128     99.957    6.223
1
  0.00555  4.68867      7.455     99.895    4.199
1
  0.00085  4.72320      9.362     99.961    7.261
1
  0.00279  4.60920      6.414     99.958    5.705
1
  0.00394  4.73518      8.426     99.928    4.598
1
 -0.02104  4.92760      6.240     99.997    5.007
1
 -0.00900  4.65523      5.585     99.601    2.783
1
  0.02072  4.82764      8.238     99.931    3.511
1
 -0.00085  4.73810      9.021    100.000    5.136
1
  0.00208  4.69497      8.288     99.792    6.552
1
  0.00745  4.62444      6.513     99.982    2.773
1
  0.98608  4.43501      6.461      1.090    4.099
1
  0.00228  4.83115      8.311     99.780    6.483
1
  0.01536  4.81816      9.222     99.967    5.406
1
 -0.01271  4.73151      7.261    100.000    6.712
1
 -0.02691  4.76449      9.011     99.726    3.890
1
  0.00015  4.77592      5.465     99.881    3.700
1
  0.00006  4.77703      8.334     99.842    4.318
0
1
  0.01583  4.71956      6.274     99.961    7.360
1
  0.00215  4.81626      8.208     99.837    5.785
1
  0.01039  4.76704      7.328     99.335    3.560
1
 -0.01002  4.67985      6.377     99.882    6.443
0
1
 -0.00278  4.57488      6.724     99.913    6.054
1
 -0.00511  4.62279      5.478     99.913    5.425
0
1
 -0.00174  4.61645      7.240     99.936    7.300
1
 -0.00071  4.90606      7.408     99.988    4.378
0
1
 -0.01134  4.73732      9.197     99.998    7.001
1
 -0.00270  4.69988      7.664     99.813    3.511
1
 -0.02183  4.76249      6.341     99.903    3.840
1
  0.00467  4.66287      6.451     99.629    4.358
1
 -0.00366  4.94362      6.540     99.882    7.171
1
 -0.01090  4.65113      7.267     99.991    7.620
1
 -0.00754  4.73802      5.229     99.995    4.668
1
 -0.00650  4.68457      6.568     99.984    5.316
1
 -0.00162  4.66469      7.227     99.778    3.491
1
  0.00564  4.71677      8.020     99.495    4.538
1
  0.00055  4.59639      9.227     99.920    5.874
1
 -0.00467  4.94655      6.354     99.632    5.346
1
 -0.00152  4.72883      8.031     99.863    6.702
1
  0.00277  4.71641      5.637     99.896    5.256
1
  0.01273  4.69092      7.324     99.974    3.710
1
  0.01323  4.70522      9.312     99.991    4.987
1
 -0.00476  4.57421      7.050     99.960    4.967
0
1
  0.01317  4.67230      8.126     99.963    5.286
1
  0.01537  4.71174      8.851     99.999    4.947
1
  0.00185  4.56994      8.159     99.999    6.323
1
  0.00532  4.79907      9.116     99.998    7.689
1
 -0.00277  4.85205      8.035     99.389    7.380
1
  0.00287  4.68943      8.040     99.997    7.679
0
1
  0.01277  4.82046      5.311     99.831    4.558
1
 -0.00597  4.68560      8.498     99.738    5.485
1
  0.01342  4.72743      8.102     99.992    7.380
1
  0.01025  4.72071      8.498     99.842    5.655
1
 -0.00237  4.68109      8.315     99.961    4.658
1
 -0.02698  4.73545      7.263    100.000    4.518
1
  0.00389  4.76966      6.287     99.635    5.765
1
 -0.00102  4.68311      7.119     99.944    6.243
0
1
  0.00900  4.78359      5.664     99.575    1.955
1
 -0.00603  4.76173      8.194     99.807    3.929
1
 -0.00154  4.75680      7.380     99.813    6.672
0
1
 -0.00691  4.84558      8.191     99.950    5.595
1
  0.01707  4.70718      9.131     99.982    7.201
1
 -0.00658  4.84496      9.134     99.997    4.249
1
 -0.00505  4.82936      6.500     99.965    4.787
1
 -0.00366  4.68147      8.464     99.124    6.443
1
  0.00469  4.69600      7.099     99.995    7.340
1
  0.01925  4.64849      6.516     99.988    5.585
1
 -0.00181  4.79752      8.322     99.870    5.116
1
 -0.02359  4.75113      9.106     99.957    4.289
1
 -0.01724  4.75136      6.428     99.935    3.999
1
 -0.00916  4.78345      7.116     99.985    6.762
1
 -0.01032  4.80912      7.259     99.839    5.685
1
 -0.00684  4.77872      8.325     99.990    6.124
1
 -0.00386  4.73265      9.386     99.997    6.104
1
 -0.01732  4.57542      7.199     99.996    6.622
1
 -0.01215  4.74129      5.566     99.848    1.895
1
  0.01014  4.61584      8.225     99.999    5.475
1
 -0.00844  4.89745      6.382     99.836    3.471
1
 -0.01438  4.85663      7.270     99.932    4.169
1
 -0.01176  4.83562      7.408     99.955    3.690
1
  0.00945  4.62211      9.201     99.246    5.735
1
  0.01064  4.66341      8.325     99.977    4.478
1
  0.00872  4.79776      6.222     99.993    6.542
0
1
  0.00175  4.69129      7.466     99.949    7.819
0
1
 -0.01200  4.67166      5.343     99.818    4.648
1
  0.00141  4.55730      8.110     99.941    6.363
1
 -0.01959  4.78033      5.444     99.984    5.665
1
 -0.00345  4.67315      6.329     99.993    7.101
1
 -0.00077  4.84722      7.340     99.892    4.937
1
 -0.00552  4.63245      9.313     94.890    6.443
1
 -0.01174  4.89896      5.563     99.964    2.812
0
1
  0.00162  4.65446      7.482     99.997    6.622
1
 -0.01220  4.66343      9.175     99.901    4.947
1
  0.00870  4.71551      8.348     99.979    5.346
1
  0.00131  4.68610      6.248     99.755    4.508
1
 -0.00258  4.82159      7.397     99.989    4.219
1
  0.00547  4.74487      7.387     99.882    3.580
1
 -0.00324  4.58496      7.457     99.714    2.453
0
1
  0.00156  4.60535      6.466     99.809    7.041
0
1
 -0.00403  4.65682      7.215     99.990    6.802
1
 -0.00340  4.68527      5.500     99.956    4.937
1
 -0.00615  4.81574      6.554     99.964    2.663
1
 -0.01094  4.80488      9.153     99.663    3.660
1
 -0.01165  4.63354      7.379     99.997    3.381
1
 -0.01047  4.78314      9.400     99.982    4.997
1
  0.00666  4.77012      6.642     99.790    2.553
0
1
  0.02494  4.63193      8.026     99.958    5.425
1
 -0.00120  4.54585      6.573     99.391    2.424
1
 -0.00311  4.75795      6.454     99.957    3.052
1
  0.01943  4.70198      8.011     99.233    7.370
1
  0.00937  4.73844      7.455    100.000    6.552
0
1
 -0.00014  4.69778      9.329     99.988    5.037
1
 -0.00978  4.77524      8.183     99.833    4.737
1
 -0.00769  4.73195      9.168     99.453    1.965
1
  0.00308  4.60248      5.555     99.854    6.912
1
  0.01207  4.65854      6.537     99.809    4.318
0
1
 -0.00052  4.76403      9.138     99.939    3.740
1
 -0.00309  4.70014      5.714     99.311    4.518
1
 -0.01253  4.70104      7.521     99.957    6.343
1
  0.00788  4.73004      8.106     99.932    5.894
1
  0.00576  4.61326      7.329     99.584    3.251
1
 -0.01019  4.73728      5.596     99.856    5.266
1
 -0.00582  4.99251      8.337     99.905    6.243
1
 -0.02184  4.56819      7.391     99.972    3.391
1
  0.00528  4.78835      7.975     99.971    5.914
1
 -0.02010  4.75059      7.245     99.913    4.348
1
 -0.01321  4.65729      8.356     99.177    6.572
1
  0.00436  4.73846      7.532     99.986    4.997
1
  0.01124  4.61029      7.499     99.740    4.378
1
  0.01239  4.65382      9.228     99.927    7.171
1
  0.00586  4.64299      8.013     99.999    7.460
0
1
  0.01290  4.80410      5.605     99.668    2.463
1
 -0.00736  4.64326      6.416     99.912    5.934
0
0
1
  0.00671  4.66259      6.334     99.870    5.575
1
 -0.00210  4.81132      7.906     99.985    5.555
0
1
 -0.01687  4.54987      8.149     99.998    5.685
1
  0.00843  4.66167      7.362     99.960    5.854
0
1
 -0.00865  4.77431      6.564     99.976    3.082
1
  0.00862  4.67313      7.194     99.975    4.687
1
 -0.01217  4.67114      6.417     99.954    3.471
1
  0.00038  4.69085      8.378     99.920    7.161
1
 -0.00474  4.79221      8.158     99.988    5.246
1
  0.01151  4.58407      9.059    100.000    8.278
0
1
 -0.00041  4.71280      9.151     99.029    5.336
1
  0.00167  4.71202      7.471     99.926    5.665
1
 -0.01799  4.76500      9.004     99.061    4.747
1
 -0.01321  4.87141      5.457     99.968    3.301
1
  0.00324  4.72088      7.440     99.987    4.608
1
 -0.00693  4.55925      6.483     99.843    5.366
1
  0.01959  4.62166      8.209     99.987    3.910
1
  0.00580  4.75414      6.295     99.933    3.999
1
  0.01084  4.59301      8.435     98.978    4.169
0
1
 -0.00216  4.75884      9.091     99.997    6.473
1
 -0.01073  4.69126      6.411     99.880    7.320
1
  0.00077  4.79857      7.380     99.890    4.837
1
  0.00859  4.81180      7.263     99.872    6.223
1
 -0.00412  4.80116      7.184     99.838    4.398
1
  0.00515  4.68230      8.074     99.828    4.767
1
 -0.00455  4.89332      7.307     99.823    4.348
1
 -0.00682  4.63640      9.340    100.000    7.709
1
  0.00499  4.73012      7.330     99.891    4.199
1
  0.00499  4.79915      5.574     99.996    3.989
1
 -0.01127  4.85470      7.949     99.994    7.560
1
 -0.00422  4.75271      7.395     99.822    4.099
1
 -0.00802  4.79135      6.315     99.892    3.920
1
  0.00957  4.89634      6.479     99.850    3.810
1
  0.01672  4.75757      9.355     99.620    5.216
1
 -0.00293  4.87111      7.306     99.982    5.166
1
  0.01758  4.73777      6.315     99.817    4.239
1
 -0.00137  4.78832      9.153     99.815    3.989
1
 -0.00351  4.68954      5.427     99.908    5.126
1
  0.01161  4.71610      5.443     99.625    2.743
1
  0.00447  4.74760      7.929     99.976    5.735
1
 -0.00589  4.75370      7.444     99.774    3.910
1
  0.01329  4.67401      7.037     99.401    5.086
1
 -0.00018  4.58873      6.278     99.944    8.717
1
  0.00497  4.74856      6.479     99.926    4.079
1
  0.00108  4.62519      8.191     99.791    5.645
1
 -0.01785  4.82850      7.052     99.822    4.847
1
 -0.00230  4.71012      7.063     99.715    5.076
0
1
 -0.01606  4.73563      8.091     99.702    3.451
1
  0.01725  4.76851      5.528     99.915    2.653
1
 -0.02194  4.70666      5.314     99.960    5.196
1
  0.00395  4.80774      5.351     99.948    6.114
1
  0.01034  4.78662      8.200     99.985    7.939
1
  0.00203  4.77232      9.282     99.994    5.126
1
 -0.00694  4.82078      9.062     99.993    6.273
1
 -0.00214  4.78780      5.387     99.866    3.331
1
 -0.00312  4.87774      9.207     99.900    6.164
1
  0.01289  4.71629      8.739    100.000    8.467
1
  0.00075  4.81629      5.635     99.203    2.354
1
  0.00794  4.67009      9.044     99.999    4.348
1
 -0.00231  4.75658      5.458     99.838    5.196
1
 -0.00547  4.60217      5.749     99.785    3.969
1
  0.01467  4.79426      6.446     99.977    4.279
1
 -0.00479  4.74204      9.337     99.772    5.924
1
  0.01746  4.69326      7.992     99.917    9.425
1
 -0.01035  4.93961      6.433     99.743    3.002
1
  0.02524  4.74163      8.350     99.999    5.605
1
 -0.00542  4.73967      7.183     99.639    6.622
0
1
 -0.00311  4.65648      6.433     99.985    4.418
1
 -0.00667  4.67162      7.400     99.906    1.586
1
 -0.00647  4.69169      9.281     98.258    6.303
1
 -0.01804  4.82010      8.775     99.978    7.859
1
 -0.00466  4.49891      6.624     99.825    3.830
1
 -0.00062  4.65286      8.193     99.947    4.448
0
1
 -0.01265  4.65516      7.566     99.907    2.932
1
  0.01002  4.52088      5.639     99.900    5.525
1
  0.00434  4.63180      7.154     99.919    3.550
1
 -0.01045  4.75998      6.051     99.996    6.164
1
 -0.00229  4.65218      6.444     99.843    4.528
1
 -0.00127  4.81078      7.194     99.252    5.017
1
 -0.00326  4.80031      7.973     99.989    4.568
1
  0.00179  4.83527      9.032     99.989    6.253
1
  0.00112  4.63055      5.608     99.799    3.620
1
  0.00333  4.71606      8.764     99.805    6.193
1
 -0.01282  4.62207      8.052     99.931    7.181
1
  0.00474  4.62981      8.296    100.000    6.752
1
  0.01315  4.72370      9.510     99.980    5.705
1
  0.00573  4.85234      7.381     99.879    6.263
1
 -0.00980  4.73555      8.294    100.000    7.999
1
  0.01414  4.76706      6.380     99.906    7.390
1
  0.00284  4.66720      8.209     99.959    5.804
1
 -0.00713  4.87759      7.407     99.595    6.283
0
0
1
  0.01243  4.76868      6.147     99.543    4.269
1
  0.01974  4.50728      8.354     99.988    6.981
1
  0.01234  4.79530      7.495     99.848    3.630
1
  0.01667  4.62849      5.459     99.999    4.179
1
 -0.00779  4.65814      5.611     99.713    3.989
1
  0.02179  4.62588      7.487     99.997    3.650
0
1
 -0.00362  4.48017      6.661     99.696    4.418
1
  0.00408  5.01934      7.533     99.926    4.638
1
 -0.00110  4.67825      6.985     99.986    4.727
1
 -0.00647  4.56171      5.506     99.568    4.069
1
 -0.00793  4.75495      8.221     99.992    5.116
1
 -0.01093  4.76698      8.832     99.992    6.413
1
 -0.00945  4.71598      9.211     99.995    6.473
1
  0.00712  4.74540      7.515     99.980    7.480
1
 -0.00570  4.74683      7.364     99.403    6.393
1
 -0.01296  4.70090      8.888     99.999    6.094
1
 -0.00025  4.69747      7.391     99.923    3.261
1
  0.01224  4.75930      8.024     99.941    4.259
1
 -0.00331  4.81136      6.257     99.815    4.448
1
 -0.01283  4.71324      6.942     99.797    5.944
1
  0.00119  4.80928      8.376     99.761    4.009
0
1
 -0.01198  4.86574      6.472     99.894    5.366
1
  0.01938  4.68985      8.872     99.998    8.427
1
  0.00996  4.70043      8.328     99.485    4.119
1
 -0.01099  4.63013      6.388     99.942    3.810
1
 -0.01413  4.75230      7.378     99.631    3.999
1
  0.00437  4.52177      6.411     99.661    5.386
0
1
  0.00427  4.59993      7.371     99.979    4.548
1
  0.00761  4.91048      6.602     99.917    3.989
1
  0.00300  4.61505      7.302     99.808    5.296
1
 -0.00166  4.67333      7.513     99.653    3.969
0
1
  0.01552  4.54592      7.348     99.975    4.019
1
  0.00048  4.59197      6.621     99.892    3.979
1
 -0.00497  4.79505      8.344     98.519    6.433
1
  0.00855  4.61812      8.331     99.759    6.822
1
 -0.00214  4.58929      7.298     99.885    4.289
0
0
1
 -0.01998  4.64306      8.269     99.248    3.231
1
  0.00270  4.79773      6.575     99.891    2.942
1
 -0.00237  4.62954      8.096     99.997    4.059
1
 -0.00591  4.82855      6.131     99.778    4.817
1
 -0.00509  4.56595      8.222     99.989    5.755
1
  0.00521  4.62472      8.028     99.997    5.705
1
  0.00285  4.79471      7.246     99.866    4.797
1
 -0.02006  4.82661      8.174     99.917    6.054
0
1
  0.01464  4.70088      6.210     99.689    4.209
0
1
 -0.01097  4.62196      8.435     99.606    5.455
1
  0.01998  4.74850      5.386     99.763    3.361
1
 -0.00712  4.78959      5.479     99.974    6.054
1
  0.00906  4.80114      7.437     99.766    3.251
0
1
  0.01127  4.71345      9.136     99.989    6.732
1
  0.00507  4.86093      8.501     99.578    5.874
1
 -0.02153  4.73170      6.458     99.550    4.628
1
  0.02195  4.68749      6.221     99.945    6.164
1
  0.00906  4.67216      6.662     99.930    3.491
0
1
  0.00484  4.72972      8.371     99.990    3.780
1
 -0.01417  4.77481      6.277     99.705    4.468
1
 -0.01305  4.87882      7.922     99.766    4.747
1
 -0.00223  4.58067      5.825     99.643    2.583
0
1
 -0.00378  4.81467      6.341     99.916    3.670
1
  0.01935  4.69591      6.296     99.901    6.054
1
 -0.00037  4.85042      6.581     99.787    3.830
1
  0.00480  4.54203      8.242     98.962    6.572
1
  0.00574  4.70735      8.454     99.994    3.022
1
  0.00413  4.66936      7.264     99.976    5.116
0
1
  0.01515  4.72750      6.357     99.822    5.864
1
 -0.00582  4.61808      5.377     99.775    5.186
1
 -0.00646  4.74524      9.204     99.991    6.712
1
  0.00127  4.82612      8.477     99.789    5.994
1
  0.00632  4.66737      8.312     99.507    5.326
1
 -0.00476  4.54523      6.508     99.938    4.418
1
  0.00358  4.76162      7.114     99.988    4.668
1
  0.00721  4.62242      9.020     99.995    6.263
0
1
 -0.01282  4.60238      8.074     99.979    8.986
1
  0.01304  4.58638      9.035     99.974    6.293
1
  0.00647  4.70300      7.224     99.969    5.445
1
 -0.00214  4.76580      7.368    100.000    6.752
1
 -0.01575  4.64000      6.496     99.737    4.897
1
  0.00949  4.58507      6.506     99.791    2.523
0
1
 -0.00189  4.73699      8.488     99.791    4.229
1
 -0.00975  4.82407      7.496     99.938    4.219
1
 -0.00997  4.83442      8.193     99.937    5.495
1
  0.00339  4.56874      9.107     99.999    6.323
0
1
 -0.01548  4.61439      7.435     99.951    6.034
1
 -0.00788  4.75158      8.932     99.771    4.897
1
  0.01150  4.76819      8.402     98.458    4.069
1
  0.00743  4.78042      7.771     99.709    5.625
1
  0.01790  4.78642      7.295     99.910    6.004
1
  0.02191  4.70176      8.037     99.825    5.575
1
 -0.00295  4.73225      8.315     99.994    7.749
1
  0.00520  4.86240      6.418     99.795    5.635
1
  0.01951  4.71458      8.862     99.966    5.535
1
  0.00071  4.82327      7.323     99.985    6.742
1
 -0.01214  4.51049      6.357     99.922    5.186
1
  0.00035  4.60213      7.349     99.892    6.094
1
  0.02105  4.63335      7.077     99.835    4.179
1
 -0.01728  4.54948      7.254     99.433    4.348
1
  0.00073  4.70457      6.262     99.924    6.253
1
  0.00636  4.74276      7.411     99.931    5.455
1
 -0.01544  4.64824      9.056     99.587    5.007
1
 -0.00347  4.78131      8.328     99.895    4.927
1
 -0.01272  4.88386      5.588     99.755    2.234
0
1
  0.00807  4.84443      7.217     99.897    3.201
1
  0.02617  4.67286      7.794     99.904    4.578
1
  0.00495  4.76463      5.413     99.733    6.144
1
  0.01990  4.75673      7.443     99.907    5.076
1
 -0.01026  4.70872      7.217     99.994    5.954
1
  0.01678  4.64677      6.306     99.889    3.690
1
 -0.01048  4.71636      7.479     99.902    5.326
1
 -0.00619  4.65402      7.152     99.997    5.366
1
  0.00159  4.66742      9.058     99.959    7.360
1
 -0.00323  4.64404      8.215     99.644    7.819
1
 -0.01303  4.65300      5.595     99.940    5.874
1
  0.00623  4.76987      6.484     99.999    6.343
1
  0.00637  4.67812      5.710     99.761    2.144
0
1
  0.00137  4.79847      9.111     99.999    8.996
1
 -0.00743  4.76811      7.565     99.989    4.757
1
 -0.01708  4.81245      6.459     99.710    3.471
0
0
1
  0.01634  4.58490      5.350     99.876    4.049
1
 -0.00469  4.70714      7.336     99.315    3.750
1
  0.00801  4.68319      7.300     99.527    4.877
1
 -0.00025  4.83193      5.398     99.975    6.413
0
1
 -0.00544  4.65593      8.122     99.931    6.562
1
 -0.00255  4.69694      8.896     99.996    4.757
1
 -0.00395  4.65002      8.228     99.920    4.358
1
 -0.00929  4.75221      5.328     99.711    5.336
0
1
  0.01357  4.71450      7.633     99.982    5.804
1
 -0.00748  4.85394      6.245     99.889    6.493
1
  0.01622  4.62022      7.086     99.968    7.500
1
 -0.00430  4.54512      7.279     99.975    9.584
1
  0.00770  4.77035      8.539     99.809    3.660
1
 -0.00227  4.84439      6.181     99.932    2.673
1
 -0.00406  4.71526      7.333     99.979    5.176
1
 -0.00262  4.74504      6.408     99.888    2.144
1
  0.01472  4.73077      5.492     99.985    4.029
1
  0.00166  4.77048      6.568     99.784    3.949
1
  0.00862  4.83071      8.203     99.238    2.882
0
1
  0.01687  4.79631      7.267     99.998    3.022
0
1
 -0.00215  4.82329      5.580     99.720    1.895
1
 -0.01060  4.66489      6.284     99.694    2.573
0
1
 -0.01107  4.81093      6.310     99.996    6.722
1
  0.00384  4.67912      8.920     99.995    8.208
1
 -0.01734  4.68267      8.231     99.896    7.580
1
  0.00566  4.78370      6.429     99.877    3.690
1
 -0.00091  4.65106      7.488     99.966    2.523
1
 -0.00724  4.69516      7.048     99.991    5.715
1
 -0.00095  4.65889      7.291     99.998    6.104
1
  0.00063  4.82915      6.550     99.995    7.769
1
  0.01919  4.66842      8.179     99.914    7.310
1
  0.00843  4.77305      8.301     99.987    6.203
1
  0.00546  4.68612      8.231     99.990    4.628
1
 -0.00366  4.62393      6.586     99.930    4.767
1
 -0.02554  4.79897      8.262     99.865    8.048
1
  0.01392  4.58934      8.252     99.943    5.894
1
  0.00025  4.53105      7.626     99.993    5.046
1
 -0.00214  4.45462      7.545     99.858    2.204
1
 -0.00293  4.63615      9.271     99.842    3.271
1
  0.00285  4.71925      8.290     99.892    4.348
1
 -0.01583  4.65240      8.301     99.932    3.371
0
1
 -0.00214  4.79272      6.988     99.978    6.154
1
 -0.01509  4.70526      8.348     97.942    4.767
1
  0.00635  4.83104      6.185     99.962    4.847
1
  0.01474  4.71753      8.267    100.000    7.460
1
 -0.00667  4.64304      8.363     99.656    4.348
1
 -0.00888  4.68796      8.268     99.536    5.276
1
 -0.01383  4.63162      8.116     99.999    7.929
1
 -0.00274  4.58864      7.170     99.980    4.298
1
 -0.01207  4.71694      6.405     99.981    5.794
0
1
  0.00991  4.78121      5.445     99.937    3.630
1
 -0.00507  4.71423      5.192     99.897    5.106
1
 -0.00226  4.73230      8.148     99.962    7.320
1
  0.01361  4.69238      6.581     98.582    3.461
1
 -0.01142  4.68349      6.240     99.970    4.947
0
1
 -0.00650  4.54554      5.765     99.891    2.414
1
  0.00972  4.69131      8.159    100.000    6.822
1
  0.00256  4.60940      6.645     99.979    5.226
1
 -0.00174  4.72977      8.358     99.943    5.715
1
 -0.00884  4.61514      7.484     99.845    4.857
1
  0.01474  4.73631      5.487     99.996    5.575
1
 -0.01394  4.73373      8.558     99.998    5.725
1
 -0.01657  4.67431      9.113     96.623    6.702
1
  0.00291  4.67520      7.433     99.986    5.934
1
 -0.00979  4.66352      5.457     99.939    5.874
1
 -0.00373  4.66363      9.020    100.000    5.386
1
  0.00104  4.59257      7.456     99.957    6.682
1
  0.00300  4.59286      6.576     99.930    4.209
1
 -0.00478  4.67346      8.282     99.990    6.124
1
  0.00151  4.70213      7.583     99.975    3.800
1
  0.01016  4.58423      8.115     99.942    6.223
1
 -0.00189  4.78627      7.319     99.912    7.839
1
 -0.01212  4.82643      5.303     99.951    6.273
1
  0.02008  4.64321      5.959     99.991    6.223
0
1
  0.01015  4.62931      8.297     99.804    5.406
1
  0.00063  4.74551      5.583     99.885    4.668
1
 -0.00512  4.75636      8.502     99.871    4.947
1
  0.00887  4.58690      6.427     99.935    4.867
1
 -0.00166  4.62678      7.342     99.117    4.957
1
  0.00865  4.65570      8.238     99.974    6.064
0
1
  0.00189  4.82493      9.110     99.999   11.100
1
 -0.00609  4.74976      6.515     99.975    4.109
1
 -0.00644  4.71426      5.451     99.996    4.179
1
 -0.00160  4.75834      7.031     99.986    6.413
1
 -0.00241  4.67674      5.441     99.951    7.071
1
  0.00884  4.75727      7.275     99.899    4.628
1
  0.00122  4.58590      7.145     99.999    6.912
0
0
1
  0.01786  4.65918      8.326     99.957    3.700
1
  0.00191  4.73884      8.942    100.000    9.943
1
  0.01053  4.56209      5.684     99.967    5.575
0
1
 -0.01164  4.88221      8.346     99.737    3.531
1
 -0.00134  4.74949      7.827     99.672    5.416
1
  0.00145  4.67175      7.442     98.993    4.269
1
 -0.01171  4.63055      6.422     99.970    6.383
1
  0.00808  4.85481      5.467     99.744    3.331
1
 -0.01021  4.71787      6.594     99.696    1.825
1
 -0.01151  4.83324      8.875     99.996    7.061
1
 -0.01226  4.75853      7.348     99.706    6.034
1
  0.00928  4.75833      8.341     99.977    5.386
1
  0.00584  4.70824      7.226     99.440    5.695
0
1
 -0.01074  4.52120      5.500     99.717    3.072
1
 -0.00141  4.62519      6.405     99.985    3.640
1
 -0.00728  4.72480      8.305     99.578    2.683
1
  0.00322  4.72833      6.447     99.996    6.323
1
  0.01290  4.74595      8.717    100.000    5.505
1
  0.00237  4.75025      6.243     99.965    4.797
1
  0.00380  4.65528      8.355    100.000    6.513
1
  0.00763  4.79698      6.201     99.695    2.523
1
  0.00900  4.62214      6.249     99.696    4.418
1
  0.00118  4.85868      9.393     99.565    4.209
1
  0.00858  4.74289      7.366     99.986    4.967
1
 -0.00214  4.72119      7.513     99.841    6.562
1
  0.00410  4.71193      6.538     99.972    6.971
1
 -0.00081  4.84091      8.416     99.824    3.012
1
 -0.00492  4.63047      6.376     99.996    8.507
0
1
 -0.02021  4.74322      7.497     99.680    7.021
0
1
  0.02295  4.62884      8.194     99.979    4.368
1
 -0.00526  4.78448      6.485     99.902    3.640
1
 -0.00567  4.65653      9.002     99.961    3.800
1
  0.01296  4.76795      5.235     99.994    3.860
1
  0.00262  4.78199      5.467     99.841    5.745
1
 -0.01023  4.79886      6.204     99.850    5.236
1
  0.01190  4.68118      9.103     99.982    6.951
1
 -0.01465  4.72024      9.261     99.959    9.674
1
 -0.00077  4.71869      5.467     99.906    3.122
1
  0.00144  4.75642      8.681     99.784    4.967
0
1
 -0.00483  4.64336      8.265     99.997    6.373
1
  0.00125  4.75513      9.066     99.963    5.785
1
  0.01297  4.69281      8.154     99.999    9.724
1
 -0.00341  4.62270      7.930     99.999    6.682
1
 -0.01562  4.71457      5.484     99.996    5.715
1
 -0.00731  4.68653      5.553     99.995    4.538
1
  0.00177  4.84827      6.388     99.805    4.139
1
 -0.00243  4.69241      9.033     99.980    5.495
1
  0.01324  4.60945      7.000     99.910    5.874
1
  0.00006  4.94013      6.456     99.987    6.722
1
 -0.00234  4.78455      8.459     99.550    5.386
1
 -0.00162  4.65523      7.538     99.875    4.777
1
 -0.00209  4.53807      7.478     99.683    6.443
1
  0.01129  4.63838      8.224     99.896    4.398
1
  0.00566  4.59488      6.497     99.804    5.565
1
 -0.00241  4.67262      6.067     99.809    4.588
0
1
  0.00100  4.79768      7.215     99.852    4.777
0
1
 -0.00864  4.82884      5.476     99.539    3.421
1
 -0.00602  4.74197      7.190     99.965    5.445
1
  0.00522  4.68194      7.823    100.000    8.986
1
 -0.01601  4.58946      8.269     99.998    7.859
1
  0.00431  4.61644      6.411     99.665    4.189
1
  0.01755  4.70599      8.497     99.975    4.947
1
  0.01419  4.68172      6.926     99.993    6.313
1
  0.00505  4.78796      8.193     99.970    5.037
1
 -0.00632  4.70419      6.588     99.883    2.972
1
  0.00110  4.70415      6.580     99.926    3.421
1
 -0.02089  4.76637      8.143     99.746    5.575
1
  0.00469  4.82212      5.262     99.995    4.897
1
  0.01767  4.75069      8.309     99.765    3.670
1
  0.00471  4.80246      9.228     99.973    6.852
1
  0.01043  4.59288      7.380     99.990    4.747
1
 -0.00195  4.64852      7.083     99.827    6.642
1
 -0.01070  4.79252      6.113     99.992    4.428
1
  0.00957  4.71747      7.181     99.871    7.181
1
 -0.00029  4.60556      6.541     99.744    3.311
1
  0.01113  4.61370      7.397     99.726    4.438
1
 -0.00597  4.84987      5.291     99.806    6.413
1
  0.00308  4.85150      7.245     99.808    4.528
1
 -0.00907  4.70702      8.642     99.907    2.812
1
 -0.00162  4.80506      7.371     99.975    5.655
1
  0.00112  4.73104      8.371     99.998    5.515
1
 -0.01634  4.81015      8.076     99.873    4.289
