1.578229402874408649e+01
1.656388924484176428e+01
1.384260351384818932e+01
1.445341318036520306e+01
1.502657378544737909e+01
1.566348956952477423e+01
1.548179175865264767e+01
1.557488127265748545e+01
1.593335948906009136e+01
1.594655933917079871e+01
1.592986050639281892e+01
1.529778555104538462e+01
1.571648650770226041e+01
1.523607575931094082e+01
1.491480378966409148e+01
1.606566164459283286e+01
1.494378492972016481e+01
1.486677568141605654e+01
1.577965498997624216e+01
1.667175605758815493e+01
1.463388856661755533e+01
1.511941086008993551e+01
1.477296868992058876e+01
1.600413407996892445e+01
1.600054410060701571e+01
1.584815061171272355e+01
1.521835178315145143e+01
1.521666467690948465e+01
1.534808704649354993e+01
1.642030237058649433e+01
1.626871483170239685e+01
1.460357666780090646e+01
1.447509011187685957e+01
1.598196023963571832e+01
1.538833980063431994e+01
1.516198643594357875e+01
1.596955184518549586e+01
1.589437120631495759e+01
1.583513305730172505e+01
1.485726787539606342e+01
1.506591513464316634e+01
1.444348471277130486e+01
1.563909407279908947e+01
1.664554771041765946e+01
1.576419454545192167e+01
1.679264537759683407e+01
1.517861653948650869e+01
1.442767944423453486e+01
1.510639754416370906e+01
1.407741716081933880e+01
1.607501326996316848e+01
1.645466789623059256e+01
1.543903443010493959e+01
1.423801800956666952e+01
1.542786200429509869e+01
1.615112977607853395e+01
1.496126230595131545e+01
1.630133344225892245e+01
1.554948297205399399e+01
1.367802057471683064e+01
1.545924033900489469e+01
1.568297375454713816e+01
1.660042903573422990e+01
1.578669329388181275e+01
1.580666332432553567e+01
1.526882665334328770e+01
1.656253798926216803e+01
1.596555653529162377e+01
1.487646023367858561e+01
1.613304018306383725e+01
1.577568230697993990e+01
1.523876378068421822e+01
1.442927295282224343e+01
1.412467399561091064e+01
1.511532763738046192e+01
1.602417237792852234e+01
1.594929319090141817e+01
1.515202237490874637e+01
1.539342260649603844e+01
1.538898339930077164e+01
1.461519079974987001e+01
1.517198861194427906e+01
1.546546661107663390e+01
1.557254616079451459e+01
1.317894774168815175e+01
1.711357943357483435e+01
1.552287871020547350e+01
1.530586579927542168e+01
1.585699513329384125e+01
1.463983128959996982e+01
1.499123860136547748e+01
1.552692894117087086e+01
1.548361595932532886e+01
1.693152110381618769e+01
1.597025948183247479e+01
1.531141690101569885e+01
1.535187856282660412e+01
1.632523675507302841e+01
1.590368890461464169e+01
1.472796220531738243e+01
1.575212643211072816e+01
1.659185849116693490e+01
1.503872042423768995e+01
1.559533403281807296e+01
1.497526184005198679e+01
1.412815209260584837e+01
1.473494467008888975e+01
1.467553071363330552e+01
1.535714371933696221e+01
1.557975263715863257e+01
1.510161476802466574e+01
1.389166208709741035e+01
1.500474061720971619e+01
1.608389529632056281e+01
1.574548638155811098e+01
1.429642172649608334e+01
1.511634376427094040e+01
1.613542092291589114e+01
1.374730483436468020e+01
1.588659806502133520e+01
1.497427419927754855e+01
1.575313816849112314e+01
1.601441227054770167e+01
1.522895243726578052e+01
1.438145893065672887e+01
1.587370498412501618e+01
1.711414709919480970e+01
1.629439096443989499e+01
1.580978670732939406e+01
1.287379755482080945e+01
1.496352590589217435e+01
1.536063431590187811e+01
1.522032430275683268e+01
1.544318600863999436e+01
1.529804087555322667e+01
1.579644081639935038e+01
1.635034986691695735e+01
1.487285361767116854e+01
1.555040560521502968e+01
1.575860657270855114e+01
1.557670159323828685e+01
1.495144754563211187e+01
1.665951061122846966e+01
1.721169764907475397e+01
1.743747949227452665e+01
1.537633354565868693e+01
1.543530063417655818e+01
1.508332055413839967e+01
1.745949402902859759e+01
1.514601137219706573e+01
1.527949874607333669e+01
1.428379018497959407e+01
1.608703406976071548e+01
1.574963317820740905e+01
1.563922490265093401e+01
1.573948672927939185e+01
1.607475410812977756e+01
1.556937459224637976e+01
1.547809722022841683e+01
1.588252621030503775e+01
1.535293481946090566e+01
1.628646959147303264e+01
1.740824541546797022e+01
1.547742557388229478e+01
1.561160388288002210e+01
1.638007712485428868e+01
1.499805184372447897e+01
1.461756830412898722e+01
1.517937131287322217e+01
1.634130967624996345e+01
1.443332265615882903e+01
1.436728064088916312e+01
1.564987186079022763e+01
1.591325186072017672e+01
1.458689584040568299e+01
1.546491940692564881e+01
1.533561869321710880e+01
1.544268030611044829e+01
1.398749976778373671e+01
1.556398821767139751e+01
1.562076687895780402e+01
1.414442486622298034e+01
1.447078084751715110e+01
1.504704883801565707e+01
1.517458841388011592e+01
1.610109690107615066e+01
1.545173222983792272e+01
1.536040495614112977e+01
1.615868384574332239e+01
1.504442479143735234e+01
1.645781456491929617e+01
1.626429519818222147e+01
1.568486972629431797e+01
1.490440699661690083e+01
1.555659985248956190e+01
1.556218640053472413e+01
1.600611423900715025e+01
1.554256049099285519e+01
1.538056046717812819e+01
1.579805723254414929e+01
1.529496330153421901e+01
1.547888284764711564e+01
1.491853319913543174e+01
1.641085844679511396e+01
1.437879634354646541e+01
1.572240083819629675e+01
1.490876897578731430e+01
1.574512709317096437e+01
1.486124957603081853e+01
1.491418703423650172e+01
1.515788897382703659e+01
1.467420197305912843e+01
1.551132887174777331e+01
1.417426226460317729e+01
1.448797381120910721e+01
1.622480436589914632e+01
1.556357340347678786e+01
1.510637091247516750e+01
1.461636746181303792e+01
1.483417055967936271e+01
1.634697261735461993e+01
1.526848271465071782e+01
1.537287543475744123e+01
1.513526546128069228e+01
1.609620723458084512e+01
1.366414844286756036e+01
1.575456300359576289e+01
1.605171393161660376e+01
1.437697832796146358e+01
1.702441989023933644e+01
1.527080988033088005e+01
1.591918890967492928e+01
1.533714165932811646e+01
1.626046790586515201e+01
1.432309328914470470e+01
1.494446564112832831e+01
1.499958982448235112e+01
1.611997154187800874e+01
1.592632723609729872e+01
1.509568654510180608e+01
1.509119119086565064e+01
1.617265403672893953e+01
1.588349698213620087e+01
1.634555663448605145e+01
1.598154664013596360e+01
1.452506321729730310e+01
1.487922290544045367e+01
1.348928206225670579e+01
1.577963353605839814e+01
1.456705861716725892e+01
1.647084485008256749e+01
1.633070521917139573e+01
1.668948645549718179e+01
1.517059885272904474e+01
1.558841816149364412e+01
1.480546415448323394e+01
1.636462941141521554e+01
1.489402142338778212e+01
1.504351053696905716e+01
1.630518352248196834e+01
1.592098629095975326e+01
1.615453724258915358e+01
1.566921252950042032e+01
1.436178910253506480e+01
1.469328739768321768e+01
1.482834542464530969e+01
1.594914696249719022e+01
1.510134225715124856e+01
1.474687240640723829e+01
1.585541619264053637e+01
1.756282704390489613e+01
1.511599011942315407e+01
1.469549938399722322e+01
1.542629009365911763e+01
1.588097058914283899e+01
1.743750357478058532e+01
1.433474641499499214e+01
1.517837454950571185e+01
1.613521734355751747e+01
1.516772812331203291e+01
1.598960489272244523e+01
1.521005157307727806e+01
1.638683510134371701e+01
1.706346805290440827e+01
1.522837112840165830e+01
1.592829108473835298e+01
1.580568056315036962e+01
1.508284919949390890e+01
1.602480484441269937e+01
1.698499644009480036e+01
1.488197171179108302e+01
1.571398546661281159e+01
1.617314944594197357e+01
1.470967570692426030e+01
1.542521117629850735e+01
1.610390197172758775e+01
1.515927584622476587e+01
1.586946515249596423e+01
1.505732662219318030e+01
1.552280541934354297e+01
1.435944439043148435e+01
1.583479180361148586e+01
1.542343533819759216e+01
1.662261546055641404e+01
1.626233929312420301e+01
1.503441070652872291e+01
1.485487408047314872e+01
1.488036708456259483e+01
1.658648008858087053e+01
1.625563350856658573e+01
1.619135996336445871e+01
1.504584803171477603e+01
1.763099295117397958e+01
1.592147152149361489e+01
1.396136717454165854e+01
1.495960288253996318e+01
1.433636031507375463e+01
1.676190435884212704e+01
1.540253685752688106e+01
1.552414273424659363e+01
1.632690968363752404e+01
1.531400607876898512e+01
1.521839854246374202e+01
1.552074964835852988e+01
1.487335635037264581e+01
1.625930451622463124e+01
1.589564928746355754e+01
1.567401353323935354e+01
1.484413044410836235e+01
1.514031096916965780e+01
1.457605652256827611e+01
1.400594803771794439e+01
1.584231576870206482e+01
1.503310130335571948e+01
1.593758824181821332e+01
1.586140598791659784e+01
1.685078300631377601e+01
1.436217294823721424e+01
1.587964195988023341e+01
1.573239955554350900e+01
1.493590883864156460e+01
1.489467884654774110e+01
1.513315323885486663e+01
1.399583987449252120e+01
1.587568177491101729e+01
1.564998729502632457e+01
1.684358212349667028e+01
1.600874582265080193e+01
1.567856586685161702e+01
1.570947670340246560e+01
1.571625589676176560e+01
1.513518443881393871e+01
1.558999022442225346e+01
1.485083352367351139e+01
1.700274882747699579e+01
1.479776705020212901e+01
1.507588629172707329e+01
1.614457328460800767e+01
1.559919906848960203e+01
1.560087456915285564e+01
1.567784865967117192e+01
1.578016124183598379e+01
1.541671929397969443e+01
1.530448459769890768e+01
1.454205555712876219e+01
1.521991532751433418e+01
1.570600231212069531e+01
1.566709454270450408e+01
1.645231368010140116e+01
1.628143809378305917e+01
1.552821169528696466e+01
1.631635609486200167e+01
1.623109138793831718e+01
1.395047844010432492e+01
1.673627887956906690e+01
1.461018821382672428e+01
1.556584307243077347e+01
1.543477698396728393e+01
1.625604656663887937e+01
1.612005918412202377e+01
1.511196576202789110e+01
1.592692009722411939e+01
1.603242072793122475e+01
1.515891681556850656e+01
1.610156420269944277e+01
1.567392652490996419e+01
1.486467865879050088e+01
1.554837967619350536e+01
1.600486198000082183e+01
1.434784726198490468e+01
1.444947789001193428e+01
1.542296692904977817e+01
1.467129331653384661e+01
1.494394545614105851e+01
1.482719917728213055e+01
1.547589091345192003e+01
1.558660285012012992e+01
1.553013553340933939e+01
1.557057362928181021e+01
1.472317359642847556e+01
1.588215565250322392e+01
1.673085919296866209e+01
1.476922453101103905e+01
1.618107648127580589e+01
1.558948548908247922e+01
1.593055652625375274e+01
1.453581189821517405e+01
1.510851006581525802e+01
1.649153085580526579e+01
1.563188534723697565e+01
1.445540989290352663e+01
1.509350793527621803e+01
1.534740659800658591e+01
1.482362173842669861e+01
1.454984905338716494e+01
1.535042413333226996e+01
1.544577296771816144e+01
1.495120820829963826e+01
1.607928014994692489e+01
1.608671619709051370e+01
1.486463188416198911e+01
1.562594515360223468e+01
1.583586109869266600e+01
1.523842362444134757e+01
1.628496034556575722e+01
1.531616911437592954e+01
1.625800634030401071e+01
1.605412254698806862e+01
1.465208035316702428e+01
1.506702035538301310e+01
1.491783248847511523e+01
1.542854991942052756e+01
1.644322204053119663e+01
1.523762994401173820e+01
1.459704111829096718e+01
1.698628503703118398e+01
1.592935482561330218e+01
1.529468418983875289e+01
1.533005706142134805e+01
1.626487591569295077e+01
1.496929287974301737e+01
1.495604013976070057e+01
1.617061012865147163e+01
1.599763510147403167e+01
1.664483592289932545e+01
1.589486178256681903e+01
1.594330377675854926e+01
1.604217034871037839e+01
1.405243387275538680e+01
1.454324931898987927e+01
1.544033316416531498e+01
1.656808905020149680e+01
1.521091702550914526e+01
1.511226874774055418e+01
1.485906934937298907e+01
1.476758017238754306e+01
1.550616967195365703e+01
1.596123787726657994e+01
1.520800646828651459e+01
1.554707440230009752e+01
1.594117222518251609e+01
1.554689881483713165e+01
1.563642653355246637e+01
1.494007403894301689e+01
1.571114734984054984e+01
1.565586281565516380e+01
1.568903663355033373e+01
1.667241809414863596e+01
1.621409321921480640e+01
1.500050478528803310e+01
1.529746626679966504e+01
1.685531696635978705e+01
1.762754043523825587e+01
1.535797301912900004e+01
1.557719409853856263e+01
1.593496639450512831e+01
1.633465837036739288e+01
1.549635054898646125e+01
1.642843693769885860e+01
1.587749202310831720e+01
1.489509412537314148e+01
1.575654734519853228e+01
1.520378955918798880e+01
1.529913739285307095e+01
1.656537260628067543e+01
1.571278112229232704e+01
1.550021799604754058e+01
1.478315112846833657e+01
1.543380660011339778e+01
1.554934861357253517e+01
1.607755562772348767e+01
1.495847936652192800e+01
1.498358559394500311e+01
1.565551556118403020e+01
1.582342886291904982e+01
1.536839981577354308e+01
1.619988582950053413e+01
1.706959649018084235e+01
1.520724609902172730e+01
1.657579777622324713e+01
1.497174901238773082e+01
1.581360174942419583e+01
1.460553802891077879e+01
1.549861573670089498e+01
1.493178736446097332e+01
1.414481113927434386e+01
1.491857357915193383e+01
1.437949279430369209e+01
1.541746779197745632e+01
1.593926281115674293e+01
1.622340026840665672e+01
1.473174643036876574e+01
1.502496459456747147e+01
1.564581816027558148e+01
1.435135440509811389e+01
1.548172113848652387e+01
1.535519312539688030e+01
1.523156421257516335e+01
1.519861191641665599e+01
1.576597493290037555e+01
1.390202465497134732e+01
1.560237879555539031e+01
1.633010467180075764e+01
1.595833577480133769e+01
1.546917370799921621e+01
1.550319483166589052e+01
1.586211518169911727e+01
1.607995777393888659e+01
1.569477964410962656e+01
1.551453413365446643e+01
1.454541429418408072e+01
1.584943232004722269e+01
1.585364145390705914e+01
1.584668918610871735e+01
1.525910644407070649e+01
1.628728303683434930e+01
1.702339770630848648e+01
1.467590164360746918e+01
1.425311672119794082e+01
1.609043450937598152e+01
1.533255676352427344e+01
1.587498577346554463e+01
1.450548744262539813e+01
1.597408292199297541e+01
1.470452090973142134e+01
1.627911140164147952e+01
1.674073651018030873e+01
1.593234492212696907e+01
1.372799891313428944e+01
1.589050176422334104e+01
1.489567610546665932e+01
1.680376511899098446e+01
1.713803770766059387e+01
1.690170423032564173e+01
1.605230361674710693e+01
1.468447946530355175e+01
1.560843974783252008e+01
1.451704439696373683e+01
1.514387017299132943e+01
1.531078483346053076e+01
1.582317860241128038e+01
1.560401497128795256e+01
1.631899405371969891e+01
1.479195837933000668e+01
1.417555718171887946e+01
1.676197261962941454e+01
1.523498416794506483e+01
1.481357969577277700e+01
1.607724187426374840e+01
1.520326767034853610e+01
1.531460361834039752e+01
1.608966121987213782e+01
1.518484113849439687e+01
1.609408956771927279e+01
1.511827660794214090e+01
1.416844378840684548e+01
1.603080638693360882e+01
1.652229364602511552e+01
1.591713034482233979e+01
1.597611838526323247e+01
1.571138268086213152e+01
1.528698800058216456e+01
1.515548270181908919e+01
1.513710710837177764e+01
1.557018497683622549e+01
1.583590362405966268e+01
1.572101421155848655e+01
1.526044713533086750e+01
1.547414569543791885e+01
1.508028697000264273e+01
1.639491026439544186e+01
1.495576400463478528e+01
1.511660903107204668e+01
1.622879389541562389e+01
1.524893750256738123e+01
1.566998252421265825e+01
1.517173918774103036e+01
1.545193345648388927e+01
1.516462091641047749e+01
1.464929252727046638e+01
1.594291993403035868e+01
1.643711608961368498e+01
1.550519231057107383e+01
1.635232581907344240e+01
1.472350189261841180e+01
1.592820083239382001e+01
1.517311396566400106e+01
1.601775275235934615e+01
1.589610736407186309e+01
1.640099700232692825e+01
1.517087639376463137e+01
1.659408261002132789e+01
1.539553992568895957e+01
1.513731474830864521e+01
1.485265481833304335e+01
1.506336210682087895e+01
1.552397480037021538e+01
1.654024171203921512e+01
1.626140029855015356e+01
1.571617674172385293e+01
1.604814753514895642e+01
1.574934352858770303e+01
1.570555539768944264e+01
1.611682940875138570e+01
1.517061777312724757e+01
1.451623004459267108e+01
1.567068727885676083e+01
1.601399789496734627e+01
1.452157490543307361e+01
1.728056024989996686e+01
1.576078416821543193e+01
1.521670850930984997e+01
1.497230125871566564e+01
1.499762025076580585e+01
1.614655409176716461e+01
1.697402320364038175e+01
1.605249564686592834e+01
1.478020266851758180e+01
1.574130702828352391e+01
1.580118172769943996e+01
1.493711763822136440e+01
1.645394790030392329e+01
1.666313683746115260e+01
1.529195531554221077e+01
1.599666254272399435e+01
1.563859546702038195e+01
1.603625338403785605e+01
1.561908231573311490e+01
1.427463749319306707e+01
1.455358024579933129e+01
1.498307509642275726e+01
1.494527932529490322e+01
1.524385822439898774e+01
1.605161278315866369e+01
1.578228923938139161e+01
1.641233259933897060e+01
1.561722538439192753e+01
1.418900355426968041e+01
1.451244611751236313e+01
1.540574343950555303e+01
1.440076570200485584e+01
1.579751434393862652e+01
1.590603967441003164e+01
1.484293010402349999e+01
1.528510972605720397e+01
1.652169922744329966e+01
1.533742019868026318e+01
1.617622446712001860e+01
1.637123223510519665e+01
1.524579082928370966e+01
1.639542575272480818e+01
1.558578537305093725e+01
1.697160336134105307e+01
1.566190977080804281e+01
1.569664439455819149e+01
1.598884937035431442e+01
1.522736642359473436e+01
1.566071470529330512e+01
1.546913979621334256e+01
1.594217956475125142e+01
1.509336420760362429e+01
1.592485005090963313e+01
1.516311312724820048e+01
1.588611918256458999e+01
1.497814001075602519e+01
1.507119141748941438e+01
1.538899184178767143e+01
1.644645970913668620e+01
1.453548768388523982e+01
1.633164656745715249e+01
1.575797343640928894e+01
1.596428441785112184e+01
1.436096980207681462e+01
1.495094414101336788e+01
1.434725629913337386e+01
1.509313701725028700e+01
1.506745793245458209e+01
1.612801884154420762e+01
1.592250606592219953e+01
1.461606499905855650e+01
1.441416364777278503e+01
1.597953959884177877e+01
1.544045910276344635e+01
1.443027030278226874e+01
1.561404831444129826e+01
1.584006032358499638e+01
1.590441578123927258e+01
1.523369491358486805e+01
1.433728422334985453e+01
1.602311651453526764e+01
1.456097786940103411e+01
1.634753295272600937e+01
1.520617759183697437e+01
1.590665027005963594e+01
1.467595841633916365e+01
1.542240571431041829e+01
1.482273042146701414e+01
1.579067155353093810e+01
1.614480053306400720e+01
1.523228725229659375e+01
1.598053022895257413e+01
1.454322168156191175e+01
1.482030273872078752e+01
1.567336277538797873e+01
1.608665107809663652e+01
1.520833982819054242e+01
1.604796415054838477e+01
1.538683162545485317e+01
1.626890319944624963e+01
1.560197068204215931e+01
1.594525516158315348e+01
1.660482766857516879e+01
1.626562025348708929e+01
1.492607831776372151e+01
1.563429992160679660e+01
1.541431888469763045e+01
1.390867419587860887e+01
1.486676300016038965e+01
1.603255740021513276e+01
1.516594397773669378e+01
1.551978775639816810e+01
1.493811471465368967e+01
1.376004392370066398e+01
1.495996310736356527e+01
1.580987024643590466e+01
1.542858059509308610e+01
1.523467727126680415e+01
1.539737893705786220e+01
1.465761637733877087e+01
1.562496162776267283e+01
1.488347165526214333e+01
1.486162570611947764e+01
1.518042682129499177e+01
1.513599593902251783e+01
1.540929977010488727e+01
1.641520548770201771e+01
1.552731606658644559e+01
1.531620811992270426e+01
1.682881886735027877e+01
1.694118828190268644e+01
1.650761605941701049e+01
1.504621506444882328e+01
1.398362497437934771e+01
1.586001861973339544e+01
1.400715096495847689e+01
1.588472810933699719e+01
1.589901344538741057e+01
1.539213844214854099e+01
1.515037806434350998e+01
1.577463846459479946e+01
1.729260518930571777e+01
1.532820771175566499e+01
1.434277165148756694e+01
1.523738790795139764e+01
1.596984094458988679e+01
1.474409991003986775e+01
1.653983624324052570e+01
1.461283275626489520e+01
1.524898817207537327e+01
1.338352343485819418e+01
1.688813644328510222e+01
1.594159917591571585e+01
1.511489356495884451e+01
1.484231807659683788e+01
1.598132924272846722e+01
1.561811719820372524e+01
1.468422180425749168e+01
1.559229658180276701e+01
1.554809720554850472e+01
1.563705357928566997e+01
1.562301036121313835e+01
1.654200271493276730e+01
1.630905431001360029e+01
1.450582770854186343e+01
1.465900133943365446e+01
1.578749481173155012e+01
1.681139435550192474e+01
1.561615291560604035e+01
1.413797295584640956e+01
1.442716743278459823e+01
1.536668090665421538e+01
1.641126885569870453e+01
1.532557673132058440e+01
1.490888417333469462e+01
1.630996416286253492e+01
1.695997275820749906e+01
1.567832930180440343e+01
1.478665104483315496e+01
1.512852238529401205e+01
1.588057837981653719e+01
1.551747504943360489e+01
1.415583985759984920e+01
1.603759399572078337e+01
1.614365781138130629e+01
1.441807292559473197e+01
1.669364846293833793e+01
1.541847068669306609e+01
1.502221133026662159e+01
1.577549307198981410e+01
1.445273066414376295e+01
1.727696875934596932e+01
1.640141226016297438e+01
1.373336662649889917e+01
1.651942464914211328e+01
1.464591320420879761e+01
1.499642092749804512e+01
1.497985148195448346e+01
1.637871140575458284e+01
1.583095572188810429e+01
1.583688539584687760e+01
1.504726691478303557e+01
1.620671293037769090e+01
1.472622801023163142e+01
1.614321886804995643e+01
1.398142838150060996e+01
1.470740429222542822e+01
1.494792605347057091e+01
1.481140825326783350e+01
1.592302768562938198e+01
1.518123181714679149e+01
1.519764085338033688e+01
1.605980886908770344e+01
1.612703148798382102e+01
1.463127076655374381e+01
1.490476267687326306e+01
1.672220307938541239e+01
1.540434707884011090e+01
1.524779444718259214e+01
1.573462967253164102e+01
1.632003299538646246e+01
1.590498460894353983e+01
1.615283699761860348e+01
1.598046955994626117e+01
1.450084550603522970e+01
1.489527755348773752e+01
1.582090278279077822e+01
1.516835661383980849e+01
1.444034812729297990e+01
1.491763112709606709e+01
1.587872425364077600e+01
1.597707548131267430e+01
1.492435198321834378e+01
1.567452084796603273e+01
1.574724024566449998e+01
1.528594707815546982e+01
1.601252186552683199e+01
1.550891463640817491e+01
1.556685236666857008e+01
1.667217309737148767e+01
1.576995591024863685e+01
1.510533419817282841e+01
1.499484426282628746e+01
1.459632350836409209e+01
1.563473258809425559e+01
1.413536989627006157e+01
1.512966905211101931e+01
1.443200269817434389e+01
1.533915446677886152e+01
1.572349621267687070e+01
1.372845108009237691e+01
1.584716998995994430e+01
1.413517477562310987e+01
1.543193561693969151e+01
1.488309948073089650e+01
1.527058903344794238e+01
1.614781410037928566e+01
1.540405490910113251e+01
1.580339236260421210e+01
1.558417210881116866e+01
1.557295229412750892e+01
1.609606812984473834e+01
1.672224878913684520e+01
1.524414424023769499e+01
1.549585892977775892e+01
1.689641352960866882e+01
1.592267480238773913e+01
1.533918128575356299e+01
1.515677195058463589e+01
1.545204909502143487e+01
1.465038570109469163e+01
1.474304812435173062e+01
1.540991403427173978e+01
1.613156695315285205e+01
1.562985738492026755e+01
1.503118236879902270e+01
1.650153251220765327e+01
1.629353039113060575e+01
1.584130205439934080e+01
1.504243909813762947e+01
1.645951919237181116e+01
1.598503485742065067e+01
1.598819965928487896e+01
1.495549084492294512e+01
1.675501505933045010e+01
1.615291788831646258e+01
1.598263013229206742e+01
1.390953224618710315e+01
1.414753912197335239e+01
1.558643709198098826e+01
1.775588380213977047e+01
1.742607376410136411e+01
1.685438554715760517e+01
1.557991078653020978e+01
1.653302069878915503e+01
1.547720655510715915e+01
1.616833033191737101e+01
1.565975894067216778e+01
1.620043634940124022e+01
1.392548659682545775e+01
1.544325232424967709e+01
1.608114170558489420e+01
1.752867557987578451e+01
1.524505380081544814e+01
1.549677073978281960e+01
1.478682213463281947e+01
1.630071104127716097e+01
1.665871350342659696e+01
1.601705551012679862e+01
1.513742624480461707e+01
1.538560998141288927e+01
1.550521460487496839e+01
1.526127400410015511e+01
1.446355703019610672e+01
1.461272519829267758e+01
1.696780922068458608e+01
1.663852400254344133e+01
1.580573026134577930e+01
1.658248848054575575e+01
1.656447533091744262e+01
1.521758938560226326e+01
1.564827810170333144e+01
1.442446116906759102e+01
1.586607052991614530e+01
1.742301227912743045e+01
1.460432084389790930e+01
1.473305953385921896e+01
1.504759671299528456e+01
1.529372952060960067e+01
1.439014804746704179e+01
1.542951536887836106e+01
1.456029500681936284e+01
1.461398227906827074e+01
1.439988537295696780e+01
1.560714843714372080e+01
1.462911599759899062e+01
1.614406661124631270e+01
1.541736904332874758e+01
1.487023749333575395e+01
1.620214999778548659e+01
1.552905975821874840e+01
1.528592784005869909e+01
1.562747962730777118e+01
1.550076968679378631e+01
1.512774415525187877e+01
1.589811744781744451e+01
1.512049024065597180e+01
1.479538181355736448e+01
1.456045662015200293e+01
1.413988715361436732e+01
1.556292290873399331e+01
1.583636400186651905e+01
1.605716774726394647e+01
1.438666149662998528e+01
1.629218930720220371e+01
1.585354092195172804e+01
1.510599175409502770e+01
1.621318916519943798e+01
1.550147246768200127e+01
1.648868465264215999e+01
1.520266207155510685e+01
1.483420385379980289e+01
1.590295079382107524e+01
1.468131412733959706e+01
1.662142692665750943e+01
1.583805003373226938e+01
1.757658975212192232e+01
1.450015805748712872e+01
1.699027948633705520e+01
1.673711392927427255e+01
1.678879543507631311e+01
