2.890779078006744385e-01
1.242633536458015442e-01
2.631945610046386719e-01
1.852383911609649658e-01
6.030296161770820618e-02
4.864496886730194092e-01
-1.470083892345428467e-01
1.330399215221405029e-01
2.021646499633789062e-01
-4.263098351657390594e-03
9.979803860187530518e-02
3.274663090705871582e-01
5.903368443250656128e-02
3.134000897407531738e-01
-4.869370162487030029e-02
-1.579755395650863647e-01
1.288615018129348755e-01
-1.167459189891815186e-01
2.696770429611206055e-01
-9.322289377450942993e-02
3.207103013992309570e-01
9.655497968196868896e-02
3.071109019219875336e-02
3.883742392063140869e-01
2.715208530426025391e-01
1.650103926658630371e-01
2.307244390249252319e-01
-1.222032234072685242e-01
1.558395773172378540e-01
9.027844667434692383e-02
1.379900723695755005e-01
1.737980246543884277e-01
1.608184128999710083e-01
6.589520722627639771e-02
1.395903080701828003e-01
2.225969135761260986e-01
1.492388993501663208e-01
4.376840591430664062e-02
2.605084478855133057e-01
8.452945202589035034e-02
3.997549116611480713e-01
8.427103608846664429e-02
6.253107637166976929e-02
2.627404928207397461e-01
6.428258866071701050e-02
-3.806301578879356384e-02
4.593105614185333252e-02
1.033828333020210266e-01
2.117012888193130493e-01
2.020177990198135376e-01
4.039877676405012608e-04
2.513801306486129761e-02
-1.073248311877250671e-02
4.921591281890869141e-01
1.219102814793586731e-01
2.839332818984985352e-01
3.165574371814727783e-01
1.550623625516891479e-01
2.036336064338684082e-01
1.844232082366943359e-01
2.740313112735748291e-01
2.163844257593154907e-01
-1.848836988210678101e-01
3.279752135276794434e-01
-1.235885098576545715e-01
3.370296657085418701e-01
7.277068495750427246e-02
2.990971691906452179e-02
-4.775664582848548889e-02
1.388417780399322510e-01
3.430880010128021240e-01
1.148462761193513870e-03
1.531326770782470703e-01
2.120619416236877441e-01
7.487662136554718018e-02
1.730267405509948730e-01
1.343618482351303101e-01
4.051165282726287842e-01
3.828639686107635498e-01
4.577099680900573730e-01
1.337466984987258911e-01
3.454162180423736572e-01
2.807015478610992432e-01
1.616925597190856934e-01
2.563985586166381836e-01
2.493183463811874390e-01
7.663100212812423706e-02
2.546088770031929016e-03
-5.292860441841185093e-04
3.479410409927368164e-01
1.709286868572235107e-01
1.180098671466112137e-02
9.670051187276840210e-02
6.225772947072982788e-02
2.877342402935028076e-01
1.532569825649261475e-01
2.150412350893020630e-01
3.529863059520721436e-01
4.446239769458770752e-01
4.454323649406433105e-02
2.293225973844528198e-01
-8.591677248477935791e-02
1.260935664176940918e-01
4.904889687895774841e-02
2.151242047548294067e-01
2.235090583562850952e-01
3.360089957714080811e-01
2.287098467350006104e-01
1.088764816522598267e-01
1.023071929812431335e-01
-1.249150484800338745e-01
3.498871028423309326e-01
9.883672744035720825e-02
9.188310801982879639e-02
1.252425163984298706e-01
7.378406822681427002e-02
-1.140340417623519897e-01
2.170714884996414185e-01
-2.074893563985824585e-02
-1.158576980233192444e-01
6.451646983623504639e-02
2.047784328460693359e-01
2.138006091117858887e-01
-9.492062963545322418e-03
1.501167714595794678e-01
3.454156517982482910e-01
2.910401821136474609e-01
2.218239754438400269e-01
-7.331350445747375488e-02
1.290446370840072632e-01
3.434830307960510254e-01
-1.863498091697692871e-01
6.417360305786132812e-01
1.398361027240753174e-01
-1.299565136432647705e-01
1.224207691848278046e-02
6.523241847753524780e-02
2.560679614543914795e-01
2.707108855247497559e-02
-1.217900142073631287e-01
2.869277894496917725e-01
2.525943219661712646e-01
2.176494896411895752e-01
1.776960492134094238e-01
1.273086667060852051e-01
3.789622485637664795e-01
-8.718132972717285156e-02
8.887089788913726807e-02
5.853197351098060608e-02
2.038058042526245117e-01
1.094224676489830017e-01
2.925506234169006348e-01
2.311690747737884521e-01
3.407069668173789978e-02
2.137046009302139282e-01
3.348007500171661377e-01
-3.475115075707435608e-02
-1.321339514106512070e-02
3.716046214103698730e-01
2.435344755649566650e-01
-2.931948937475681305e-02
1.705975830554962158e-01
1.867333427071571350e-02
3.028846681118011475e-01
7.010844349861145020e-02
-2.040473185479640961e-02
-4.208653699606657028e-03
2.956319153308868408e-01
-8.769352734088897705e-02
4.991219639778137207e-01
5.106267705559730530e-02
1.415152847766876221e-01
4.400538206100463867e-01
5.018904339522123337e-03
-5.413971841335296631e-02
4.507737457752227783e-01
-1.102049499750137329e-01
4.596481099724769592e-02
2.539056241512298584e-01
-1.200439929962158203e-01
1.488955020904541016e-01
1.284241825342178345e-01
1.247661560773849487e-01
3.572700917720794678e-01
3.684079349040985107e-01
1.285968869924545288e-01
9.088630229234695435e-02
2.871851325035095215e-01
3.261521458625793457e-01
-1.622696779668331146e-02
3.330127894878387451e-01
3.438428938388824463e-01
9.435127675533294678e-02
3.697554022073745728e-02
3.589585721492767334e-01
7.544974237680435181e-02
1.739144325256347656e-01
3.110627830028533936e-02
3.481018915772438049e-02
2.622714042663574219e-01
1.881030052900314331e-01
7.099166512489318848e-02
-6.653116643428802490e-02
-1.865875422954559326e-01
9.673698805272579193e-03
-1.732626408338546753e-01
1.990732401609420776e-01
7.447268813848495483e-02
1.644499413669109344e-02
2.924943268299102783e-01
1.065846383571624756e-01
4.187698960304260254e-01
1.047609560191631317e-02
4.945215210318565369e-02
5.066313147544860840e-01
2.449722886085510254e-01
2.692503035068511963e-01
-5.338510125875473022e-02
2.819930016994476318e-01
1.355901211500167847e-01
2.992710843682289124e-02
8.819285780191421509e-02
4.696124792098999023e-01
1.040806528180837631e-02
3.178112208843231201e-01
4.135232567787170410e-01
-3.084263019263744354e-02
4.334037899971008301e-01
2.626254558563232422e-01
3.724393248558044434e-01
3.645649552345275879e-01
1.393179595470428467e-01
4.288789257407188416e-02
1.716555655002593994e-01
-2.035695612430572510e-01
1.384663432836532593e-01
9.368424862623214722e-02
-3.129999339580535889e-01
1.876512318849563599e-01
6.718193739652633667e-02
3.012961447238922119e-01
3.301536738872528076e-01
7.847751677036285400e-02
-1.259569227695465088e-01
2.750064432621002197e-01
2.531445026397705078e-01
2.881234884262084961e-01
-1.191495452076196671e-03
9.802427887916564941e-02
-7.879231870174407959e-02
-7.069121301174163818e-02
4.337976574897766113e-01
-1.503637712448835373e-02
1.508643012493848801e-02
1.533763110637664795e-01
-6.863611936569213867e-02
1.739028245210647583e-01
-8.352255076169967651e-02
2.273460775613784790e-01
2.429347336292266846e-01
1.199261844158172607e-01
2.350041568279266357e-01
-8.183641731739044189e-02
1.155991181731224060e-01
1.537071913480758667e-01
-2.031172960996627808e-01
2.284141182899475098e-01
-3.403798211365938187e-03
2.025815546512603760e-01
2.360965758562088013e-01
3.728209808468818665e-02
4.580174088478088379e-01
2.327333837747573853e-01
1.764547079801559448e-01
5.727738514542579651e-02
4.353037178516387939e-01
2.022832781076431274e-01
1.243800446391105652e-01
1.505734212696552277e-02
3.746697604656219482e-01
2.076590359210968018e-01
-8.115815930068492889e-03
1.624677032232284546e-01
2.844514846801757812e-01
1.505237668752670288e-01
6.948573887348175049e-02
8.524022251367568970e-02
3.751607835292816162e-01
2.203662544488906860e-01
4.604791477322578430e-02
1.813605576753616333e-01
1.395974755287170410e-01
1.698019355535507202e-01
6.257020235061645508e-01
1.827532947063446045e-01
5.681244283914566040e-02
1.579162627458572388e-01
9.704729169607162476e-02
2.439029216766357422e-01
1.716489195823669434e-01
5.020430684089660645e-01
4.314662143588066101e-02
4.051284492015838623e-01
1.873188763856887817e-01
1.921836733818054199e-01
1.634042859077453613e-01
2.922904193401336670e-01
-1.458571255207061768e-01
1.441341936588287354e-01
1.329506002366542816e-02
1.084828078746795654e-01
4.756372570991516113e-01
-7.745257019996643066e-02
1.123017966747283936e-01
5.068424716591835022e-02
7.753516733646392822e-02
4.284109175205230713e-01
2.873600423336029053e-01
2.075599133968353271e-01
2.858155965805053711e-02
3.347415626049041748e-01
2.670071721076965332e-01
-4.843164980411529541e-02
4.025274887681007385e-02
8.447784930467605591e-02
2.924715727567672729e-02
4.854876697063446045e-01
-4.383382201194763184e-02
1.000800654292106628e-01
3.646193444728851318e-01
4.644796550273895264e-01
4.510494694113731384e-02
1.676993519067764282e-01
8.452837914228439331e-02
2.472934126853942871e-01
1.041170433163642883e-01
4.811778068542480469e-01
9.804423153400421143e-02
2.237881422042846680e-01
4.143606871366500854e-02
7.393651008605957031e-01
1.235265061259269714e-01
1.626245081424713135e-01
2.182511538267135620e-01
-2.345809340476989746e-02
3.516323566436767578e-01
2.024518549442291260e-01
4.097014963626861572e-01
6.050221621990203857e-02
3.362767696380615234e-01
-6.354446709156036377e-02
-1.140924617648124695e-01
2.206500321626663208e-01
1.644538938999176025e-01
1.711049526929855347e-01
6.758598983287811279e-02
1.581831425428390503e-01
5.354040861129760742e-02
-9.507418423891067505e-02
-1.047029495239257812e-01
2.168105095624923706e-01
4.191680848598480225e-01
1.626420021057128906e-01
-1.139936447143554688e-01
3.912569880485534668e-01
1.145022064447402954e-01
3.301333189010620117e-01
9.658208489418029785e-02
1.064567938446998596e-01
4.020560905337333679e-02
3.676518797874450684e-01
3.838432133197784424e-01
-1.389819979667663574e-01
3.066909313201904297e-01
-9.560163319110870361e-02
3.351533040404319763e-02
1.643746197223663330e-01
1.448419243097305298e-01
4.062120988965034485e-02
-7.326477766036987305e-02
5.231384634971618652e-01
2.732418477535247803e-01
4.092174172401428223e-01
1.954477280378341675e-01
1.766425073146820068e-01
1.161220222711563110e-01
2.356857359409332275e-01
3.152808845043182373e-01
1.504019647836685181e-01
3.357414901256561279e-01
4.010545909404754639e-01
1.059088297188282013e-02
2.282559871673583984e-01
1.931542158126831055e-01
2.127725481986999512e-01
2.326292395591735840e-01
1.955184340476989746e-01
3.334507942199707031e-01
2.148863077163696289e-01
2.278955727815628052e-01
3.723023831844329834e-01
2.103172838687896729e-01
-4.898833110928535461e-03
5.833478271961212158e-02
-1.376168150454759598e-02
1.260308176279067993e-01
2.746096849441528320e-01
2.299831658601760864e-01
1.065843850374221802e-01
3.553509116172790527e-01
3.493499159812927246e-01
7.460520416498184204e-02
2.157432436943054199e-01
1.201736368238925934e-02
4.424323141574859619e-02
1.155781839042901993e-02
8.542241901159286499e-02
1.059620082378387451e-01
4.706817865371704102e-02
2.591869831085205078e-01
1.157409325242042542e-01
3.503296971321105957e-01
1.254713237285614014e-01
1.819648146629333496e-01
3.010862171649932861e-01
9.725839644670486450e-02
7.724496722221374512e-02
2.975048720836639404e-01
2.236845940351486206e-01
6.143753528594970703e-01
3.968505561351776123e-02
4.811681434512138367e-02
1.292053014039993286e-01
1.785392463207244873e-01
1.815722207538783550e-03
2.141276895999908447e-01
-1.784949935972690582e-02
7.563450187444686890e-02
1.216368004679679871e-01
1.794705390930175781e-01
4.707297086715698242e-01
3.199754357337951660e-01
1.845858991146087646e-01
2.188659906387329102e-01
2.406044006347656250e-01
1.607520282268524170e-01
2.993443310260772705e-01
4.831721484661102295e-01
8.328478038311004639e-02
-1.717257946729660034e-01
-2.302591316401958466e-02
1.494533717632293701e-01
-9.952544420957565308e-02
1.282332390546798706e-01
2.329090051352977753e-02
-1.110439971089363098e-01
1.686247289180755615e-01
1.007615923881530762e-01
-2.928087254986166954e-03
3.180800676345825195e-01
-8.680764585733413696e-02
-1.808490902185440063e-01
1.312595009803771973e-01
1.296876966953277588e-01
2.843406796455383301e-01
-3.680163621902465820e-02
2.256597429513931274e-01
-8.557892590761184692e-02
8.818215876817703247e-02
1.807562261819839478e-01
2.023358196020126343e-01
9.583618491888046265e-02
1.449368894100189209e-01
1.419700980186462402e-01
3.810650706291198730e-01
8.132541924715042114e-02
-1.576942624524235725e-03
2.010927200317382812e-01
2.354678958654403687e-01
1.293302606791257858e-02
3.659948706626892090e-01
-1.368617173284292221e-02
1.381231546401977539e-01
2.401896119117736816e-01
3.200674057006835938e-01
1.905739754438400269e-01
2.488858550786972046e-01
1.068308129906654358e-01
2.380887866020202637e-01
2.448473721742630005e-01
2.718800604343414307e-01
-8.629488199949264526e-02
2.171071469783782959e-01
2.246360778808593750e-01
-9.956443309783935547e-02
6.790361832827329636e-03
1.778937429189682007e-01
4.100180268287658691e-01
3.603134304285049438e-02
-1.210101097822189331e-01
2.956236302852630615e-01
-1.674965769052505493e-01
-1.506383996456861496e-03
-3.550189733505249023e-02
2.477778941392898560e-01
4.720433056354522705e-01
-4.088886454701423645e-02
3.984533548355102539e-01
2.917605936527252197e-01
8.849907666444778442e-02
4.662522077560424805e-01
3.934650123119354248e-01
1.485649049282073975e-01
2.763833999633789062e-01
2.318655848503112793e-01
1.933035999536514282e-01
2.646236717700958252e-01
5.713227391242980957e-02
3.290526866912841797e-01
3.794540762901306152e-01
5.819965898990631104e-02
9.798349440097808838e-02
3.055910468101501465e-01
-2.738524042069911957e-02
2.050328552722930908e-01
3.431574627757072449e-02
-5.709875375032424927e-02
2.239176332950592041e-01
6.122650951147079468e-02
2.058738619089126587e-01
-7.527405768632888794e-02
1.490416526794433594e-01
2.639478445053100586e-01
9.801299870014190674e-02
3.057031929492950439e-01
3.967281579971313477e-01
-1.367824804037809372e-02
6.545296311378479004e-02
4.297675192356109619e-01
2.358428984880447388e-01
-9.956290572881698608e-02
1.012550517916679382e-01
-9.392455220222473145e-03
7.290720939636230469e-02
1.977567374706268311e-01
2.963262200355529785e-01
2.264615893363952637e-01
-6.223291903734207153e-02
3.388581573963165283e-01
1.160871610045433044e-01
-1.532005369663238525e-01
4.088975787162780762e-01
2.356490641832351685e-01
2.332719266414642334e-01
1.350129544734954834e-01
1.712036281824111938e-01
2.447264790534973145e-01
1.443612277507781982e-01
2.828704714775085449e-01
4.065376222133636475e-01
3.616440892219543457e-01
-2.257676422595977783e-01
5.337058380246162415e-02
3.004850447177886963e-01
1.965745836496353149e-01
8.329503536224365234e-01
3.247986435890197754e-01
8.257430791854858398e-02
2.278939485549926758e-01
5.380575060844421387e-01
-6.756589561700820923e-02
-2.199577726423740387e-02
5.030381679534912109e-01
3.858397901058197021e-02
5.186781752854585648e-03
2.831519581377506256e-02
7.576320171356201172e-01
-3.175223991274833679e-02
-5.248781293630599976e-02
6.557731330394744873e-02
2.278669029474258423e-01
1.447771638631820679e-01
-2.050533741712570190e-01
5.436656475067138672e-01
3.266114592552185059e-01
1.585818231105804443e-01
-7.639697194099426270e-02
3.349540010094642639e-02
2.230035811662673950e-01
-5.881616845726966858e-02
4.358986020088195801e-01
-2.580212801694869995e-02
5.463544279336929321e-02
1.025286093354225159e-01
3.216429352760314941e-01
1.993059813976287842e-01
-2.065154463052749634e-01
-1.054000258445739746e-01
-2.166185062378644943e-03
1.117589548230171204e-01
4.736878722906112671e-02
4.017097651958465576e-01
1.314747929573059082e-01
5.763776302337646484e-01
6.064885854721069336e-02
-1.605135947465896606e-01
1.600882709026336670e-01
-2.129925042390823364e-02
3.166477978229522705e-01
2.457163482904434204e-01
1.668827086687088013e-01
3.043085932731628418e-01
1.193005777895450592e-02
1.100442931056022644e-01
-2.479194253683090210e-01
2.227638363838195801e-01
6.160989031195640564e-02
-1.804169453680515289e-02
3.641420900821685791e-01
7.278262078762054443e-02
1.123391017317771912e-01
3.930201232433319092e-01
1.753926575183868408e-01
1.459392905235290527e-01
3.113277256488800049e-01
5.485264211893081665e-02
3.478682935237884521e-01
3.404616415500640869e-01
-2.373226545751094818e-02
-5.420020222663879395e-02
3.703874051570892334e-01
5.515297129750251770e-02
1.140703558921813965e-01
1.555090583860874176e-02
1.223359815776348114e-02
1.436224728822708130e-01
-1.922112703323364258e-02
5.075696706771850586e-01
4.079562611877918243e-03
-3.339443728327751160e-02
1.414150595664978027e-01
-1.620532199740409851e-02
1.181324422359466553e-01
6.991497427225112915e-02
2.400293201208114624e-01
1.273569464683532715e-02
1.944502592086791992e-01
-3.996590749011375010e-06
2.821964621543884277e-01
-2.175366729497909546e-01
4.659715294837951660e-01
4.156826809048652649e-02
3.729416728019714355e-01
1.293433755636215210e-01
5.323057770729064941e-01
2.173926681280136108e-01
1.827321052551269531e-01
2.588300704956054688e-01
4.477262198925018311e-01
2.473870813846588135e-01
4.289573729038238525e-01
-2.417664602398872375e-02
2.479676604270935059e-01
-5.783902481198310852e-02
1.871498674154281616e-01
-7.203751802444458008e-02
3.169791102409362793e-01
1.224019974470138550e-01
1.910779327154159546e-01
1.747488379478454590e-01
1.587793678045272827e-01
3.118053376674652100e-01
1.279901266098022461e-01
-1.758931204676628113e-02
7.083787322044372559e-01
2.934722006320953369e-01
-1.963217407464981079e-01
2.886439859867095947e-01
-3.899322822690010071e-02
5.985082685947418213e-02
2.919811010360717773e-02
1.515807956457138062e-01
4.724477827548980713e-01
6.155741214752197266e-02
2.701422572135925293e-01
2.593231499195098877e-01
1.086129769682884216e-01
2.545989584177732468e-03
1.485179513692855835e-01
1.012098416686058044e-01
6.693254108540713787e-04
3.820452392101287842e-01
1.767749488353729248e-01
-6.502181291580200195e-02
5.024257302284240723e-01
2.470006495714187622e-01
3.174119442701339722e-02
1.740113198757171631e-01
1.914113163948059082e-01
2.409697622060775757e-01
-2.032465785741806030e-01
-8.332809805870056152e-02
1.580391675233840942e-01
2.318887114524841309e-01
3.036371059715747833e-02
2.904451787471771240e-01
-1.504694763571023941e-02
-4.951779171824455261e-02
2.214001119136810303e-01
-8.684030175209045410e-02
5.756052210927009583e-02
-2.639096975326538086e-02
8.967989683151245117e-02
3.046656250953674316e-01
4.820293188095092773e-02
4.374073743820190430e-01
-4.596117138862609863e-02
3.195159435272216797e-01
9.295939817093312740e-04
-1.678085178136825562e-01
-1.696576029062271118e-01
3.282279521226882935e-02
2.041205465793609619e-01
3.336489796638488770e-01
-1.199739500880241394e-01
2.353424727916717529e-01
5.534392595291137695e-01
-7.050993293523788452e-02
3.773266673088073730e-01
4.339370504021644592e-02
1.042500436305999756e-01
1.034434512257575989e-01
1.577221304178237915e-01
3.901429474353790283e-01
2.604679763317108154e-01
2.131756693124771118e-01
1.239323168992996216e-01
2.286425977945327759e-01
2.504742145538330078e-01
-8.718525618314743042e-02
2.289809733629226685e-01
9.689503163099288940e-02
2.188311219215393066e-01
4.834228008985519409e-02
1.184887290000915527e-01
1.190128922462463379e-01
1.274782866239547729e-01
1.359409186989068985e-02
1.411337554454803467e-01
2.929306328296661377e-01
2.422419562935829163e-02
4.146899282932281494e-01
1.643412709236145020e-01
1.254510283470153809e-01
4.240878671407699585e-02
-1.390296518802642822e-01
1.369591057300567627e-01
1.497722715139389038e-01
1.911415755748748779e-01
4.321314767003059387e-02
-1.046153753995895386e-01
1.575756669044494629e-01
3.661126196384429932e-01
1.580670326948165894e-01
1.285151392221450806e-01
3.771491050720214844e-01
3.026823103427886963e-01
1.041926890611648560e-01
7.488065958023071289e-02
-2.570949494838714600e-01
1.356896460056304932e-01
1.636069267988204956e-01
1.487777233123779297e-01
1.035789325833320618e-01
1.100378260016441345e-01
3.179157078266143799e-01
2.072757333517074585e-01
1.417532265186309814e-01
-5.669610947370529175e-02
2.380085438489913940e-01
3.383948653936386108e-02
3.030214905738830566e-01
-7.789283990859985352e-03
5.682385340332984924e-02
3.383199498057365417e-02
3.057734072208404541e-01
2.722573876380920410e-01
3.187689781188964844e-01
3.552414774894714355e-01
-4.767352938652038574e-01
3.703596889972686768e-01
1.885261684656143188e-01
3.588162958621978760e-01
1.086617484688758850e-01
2.207076698541641235e-01
1.895515471696853638e-01
1.076420471072196960e-01
-6.679821014404296875e-02
6.113580986857414246e-02
3.234687447547912598e-01
2.091102674603462219e-02
3.446652889251708984e-01
1.419621855020523071e-01
9.383756667375564575e-02
1.246043443679809570e-01
2.504403591156005859e-01
2.150902450084686279e-01
-2.992057986557483673e-02
-8.032675832509994507e-02
3.275836110115051270e-01
1.787142306566238403e-01
8.312360942363739014e-02
4.412199258804321289e-01
1.574595421552658081e-01
-1.172297745943069458e-01
9.565857797861099243e-02
2.672371864318847656e-01
7.005031406879425049e-02
8.073716610670089722e-02
-5.903046205639839172e-02
2.714760899543762207e-01
-9.684045799076557159e-03
3.629180788993835449e-01
-3.442307561635971069e-02
-5.755323171615600586e-02
-8.957644551992416382e-02
2.863191254436969757e-02
8.912117034196853638e-02
1.792448759078979492e-01
2.747356295585632324e-01
-2.821550667285919189e-01
2.540065050125122070e-01
1.419230401515960693e-01
2.544226348400115967e-01
4.545959085226058960e-02
3.680925667285919189e-01
-1.028435304760932922e-01
1.754620820283889771e-01
2.813149392604827881e-01
1.913264393806457520e-01
4.875508323311805725e-02
1.897584646940231323e-01
-5.492221936583518982e-02
2.134127020835876465e-01
-6.460919231176376343e-02
2.078357636928558350e-01
3.301713764667510986e-01
-7.852640002965927124e-02
3.534564748406410217e-02
-6.867527961730957031e-02
-5.686308443546295166e-02
3.258517980575561523e-01
1.980727165937423706e-01
3.469368815422058105e-01
-8.741667121648788452e-02
3.493767604231834412e-02
1.750721037387847900e-01
-1.181221887236461043e-04
3.218060731887817383e-01
3.406623005867004395e-01
1.196770220994949341e-01
8.384750038385391235e-02
1.662684977054595947e-01
8.060532063245773315e-02
1.242847442626953125e-01
5.978579819202423096e-02
1.630074232816696167e-01
6.281349062919616699e-01
-1.285308748483657837e-01
1.273055374622344971e-01
1.390460282564163208e-01
2.188376933336257935e-01
2.531278431415557861e-01
1.414892226457595825e-01
5.546301975846290588e-02
5.336507037281990051e-02
1.900837873108685017e-03
1.622802615165710449e-01
1.081963162869215012e-02
1.054931282997131348e-01
-2.059629261493682861e-01
3.586602509021759033e-01
2.043436020612716675e-01
1.857762336730957031e-01
4.577418565750122070e-01
2.616263926029205322e-01
-1.088615730404853821e-01
3.163914680480957031e-01
-8.837556093931198120e-02
1.072792708873748779e-02
1.871840804815292358e-01
-4.168290644884109497e-02
-7.081660628318786621e-02
1.131719276309013367e-01
8.573443442583084106e-02
3.380881845951080322e-01
2.614701986312866211e-01
9.701834619045257568e-02
1.362137496471405029e-01
4.571985602378845215e-01
3.369678258895874023e-01
