7.343744843668233102e+00
1.196776519770209468e+01
6.804395295563164581e+00
9.179973822516723558e+00
7.420319578560418350e+00
9.187357002487480884e+00
6.340849146847538975e+00
8.795957910579494055e+00
6.908731987474837410e+00
8.682401023474685786e+00
8.169889395120637943e+00
6.736854650887804219e+00
7.671507995288750159e+00
1.246095385717248405e+01
5.729482335541492333e+00
7.976617221766110433e+00
8.372750272902763413e+00
8.843606818665810110e+00
7.716511364082301760e+00
8.021465276628301666e+00
9.678964638180827862e+00
6.670715988164030996e+00
8.971050508843156024e+00
8.043303989321984204e+00
9.952958557196517120e+00
8.073262540172985169e+00
6.079837744900043361e+00
9.449500383760254252e+00
6.025511285609130852e+00
6.961594447672805330e+00
7.118685450570002793e+00
4.135629551388184666e+00
7.346068259996807903e+00
7.286671435386110396e+00
7.378736878808262567e+00
6.594000181095381663e+00
5.285021474429214550e+00
8.494024198511663570e+00
1.060648863909043982e+01
1.043370788179281661e+01
9.803735109461353403e+00
7.128062101510535875e+00
7.082150890972942037e+00
7.452199289751321842e+00
4.900188013727145631e+00
8.956406788482482284e+00
6.512212048614793858e+00
8.099433545165553028e+00
9.023540424296101037e+00
8.138381469957234771e+00
6.144672417133801190e+00
8.704967724907554327e+00
9.307498594269208780e+00
8.373882671808994260e+00
7.336764131911237108e+00
6.827409219806531482e+00
1.171917017530883420e+01
8.076463105052507530e+00
8.482424832995524966e+00
9.204392482985513269e+00
9.664719296357207057e+00
9.849268159317169591e+00
9.656710858197795844e+00
7.520385288732834184e+00
1.012863706973733535e+01
9.312900669947586252e+00
7.228528825923606682e+00
7.360966944288442448e+00
7.936494736294958940e+00
1.078017447105031934e+01
9.016094428712547071e+00
9.521493236888646905e+00
6.196028267847861315e+00
9.694554900315511148e+00
7.127990249150160551e+00
8.522759457825889839e+00
7.820802126132626597e+00
9.384673699179696627e+00
8.980989326129792616e+00
7.684875512473585246e+00
6.745245730202989343e+00
1.064320286805218529e+01
9.236192119794152333e+00
9.253079795805538410e+00
7.290861459486667862e+00
9.030695847245311825e+00
9.130208304823341336e+00
8.928088402915964394e+00
8.737748577117525173e+00
6.911331103107189122e+00
6.238382349694397533e+00
7.098479992712861453e+00
1.141952391414964829e+01
6.538486360337329550e+00
8.585319949665347394e+00
9.855745871623227572e+00
1.053941470062478203e+01
6.689696715719247955e+00
9.836676906268598586e+00
7.998457007264003771e+00
1.018805435543263727e+01
6.992600281746256918e+00
9.105450453521751086e+00
8.572452329195598963e+00
7.571671326453075501e+00
6.427159886361569541e+00
5.725165398075973577e+00
8.203040544276785084e+00
9.126978379132227204e+00
9.374359563449996102e+00
5.602994893306957103e+00
8.243409788125713789e+00
9.934750487095849181e+00
7.554069052609597712e+00
5.921105112111247237e+00
7.918397353908662950e+00
6.742617147664894617e+00
8.134844313618025069e+00
9.628993157824442761e+00
8.600344225510493601e+00
6.621811638089276641e+00
6.913285558822352961e+00
8.895277618212933390e+00
6.083746068769507964e+00
8.820945580134383235e+00
9.873586326251238887e+00
6.521629384768868221e+00
8.418012648522690711e+00
7.417365253009928772e+00
8.668540724353189120e+00
8.023952044603580802e+00
1.048307611540792372e+01
8.890187641798911855e+00
8.565508031153495239e+00
9.014125738803132393e+00
1.007650661598484554e+01
9.685676119072429202e+00
9.270242383325086877e+00
9.793127011201480769e+00
6.346895614293596388e+00
7.639457531636726806e+00
1.007789024138744161e+01
9.328395817100286536e+00
1.074026929916222350e+01
8.577184332018310542e+00
8.477184560381139988e+00
8.710103712173479451e+00
6.359377678340126572e+00
5.283846613810615267e+00
7.940018855742454029e+00
9.154203112033602707e+00
8.048712104775955112e+00
1.000216618482670405e+01
8.414803121814314224e+00
9.293150887927339454e+00
8.655734709319647280e+00
9.218208127812253849e+00
9.828134361860328738e+00
9.116304279861955351e+00
7.675998847083512544e+00
7.798946604937277982e+00
5.820110895173331578e+00
5.381081118012475351e+00
9.091628906581581404e+00
9.995676036531927267e+00
7.716196118571724938e+00
7.270619294899353768e+00
7.231067874564791609e+00
6.259091737725861471e+00
5.679286548456120798e+00
1.043227046250680523e+01
6.515429977806078021e+00
6.746612404414323194e+00
9.168503322980928516e+00
9.097147467053595449e+00
7.949117455872010574e+00
7.259909649970968104e+00
6.911308435814853546e+00
5.028611439584012466e+00
7.017809835849160294e+00
7.494741144575783665e+00
1.013257658341669298e+01
7.085820726358414312e+00
8.851371988709439975e+00
1.012606184613657234e+01
6.232242954729605877e+00
8.685745513425642272e+00
8.196815331231102064e+00
6.048023372280791676e+00
7.650435201183629630e+00
5.956113057393822352e+00
7.921890697788035673e+00
7.129779679118531277e+00
9.641582934636947044e+00
7.479457445502036173e+00
9.140957044751941041e+00
7.822511457672417734e+00
4.891969881820883437e+00
8.951656862923655922e+00
8.267714305443941925e+00
9.595325986834044585e+00
8.890580533361688964e+00
1.043848474918074842e+01
1.026642089923563894e+01
7.641265156636068312e+00
6.805182328491679478e+00
1.002588520538247430e+01
5.876388074379309323e+00
7.490446836490824545e+00
8.025010596847277355e+00
1.077640645133345743e+01
7.761648950615905207e+00
9.340716892394819837e+00
5.994136696177918999e+00
1.023231967526091957e+01
8.747208381002154809e+00
9.998815003243246124e+00
9.447137192639438297e+00
6.184600828923870530e+00
7.521936700195776204e+00
6.673821743597753375e+00
6.422317372939090774e+00
1.121255594433753089e+01
3.641828049533809342e+00
5.582184810854052159e+00
8.620931417295995658e+00
6.758350761805898443e+00
5.841756925116640353e+00
8.152965298519024628e+00
1.168637600112444552e+01
7.588796573613400653e+00
8.444630312901185931e+00
9.088773286054685485e+00
7.580886963164745751e+00
1.135541833177492421e+01
7.859468410497764346e+00
1.150478276441151415e+01
9.618519487360870812e+00
6.943822311279625126e+00
8.558637266297839830e+00
6.971732497309973908e+00
6.847218232307111130e+00
9.985522637405210844e+00
7.642002219459841150e+00
7.819819567007709082e+00
8.141479204822914539e+00
4.815779609296865438e+00
1.133768759266823878e+01
8.048994033055814512e+00
8.765493619492108479e+00
7.929618694295303527e+00
6.572992857653958687e+00
6.358083463418545911e+00
8.983728170375881561e+00
4.086677368324301618e+00
9.488102277844680188e+00
6.997024205077996939e+00
9.795754034046959546e+00
6.399175719145916652e+00
8.548219971644344994e+00
5.926643714727765300e+00
7.032208202215525894e+00
8.684212315975713636e+00
9.467978854062414129e+00
8.950235227182373521e+00
7.426330606483171337e+00
7.834748293906294236e+00
7.339962752334737495e+00
6.812393755624865932e+00
1.091491444957291179e+01
7.243922107869618543e+00
8.993436516904161238e+00
9.369808621540229865e+00
9.354019069153569177e+00
8.804601765220450460e+00
8.587708944199567540e+00
9.254846919416271689e+00
8.836267039308566495e+00
8.350876094312281950e+00
9.677093228213317744e+00
7.593530078410418938e+00
9.090456983523784729e+00
8.153420330923522030e+00
1.154265646151475089e+01
6.304633850877042534e+00
7.582844992103972004e+00
7.948106864349955281e+00
9.107195893405576115e+00
6.988661550457484495e+00
9.102811782525835227e+00
5.092397006230187984e+00
6.565129126932435888e+00
7.038967209912870615e+00
9.098590185389378249e+00
1.119710310865299441e+01
7.861492273890573479e+00
6.493054882893572355e+00
8.017686555855835451e+00
9.539084486386306239e+00
5.210339819089566227e+00
8.192304771741877545e+00
8.825092295092536787e+00
8.751856474882716341e+00
5.289941853673521877e+00
9.288563699127250217e+00
7.288431032761641504e+00
8.782785396054919147e+00
7.680973611441026527e+00
9.038182907542772426e+00
4.838349520162064543e+00
6.961617003745089960e+00
6.152867802989987034e+00
7.442664372382438387e+00
6.513177286369327135e+00
7.926574665124804575e+00
8.615849571251818162e+00
9.739435259674205980e+00
7.618006035468909865e+00
8.593596307127377543e+00
8.094317003752911077e+00
5.313249235714804897e+00
8.898482966188845822e+00
6.521596898803346143e+00
1.018966581075496514e+01
6.960795383764491362e+00
6.641410122884509271e+00
7.356059508662657009e+00
9.903072294008937959e+00
9.711596869388920084e+00
8.597842608235858108e+00
9.944667385660281411e+00
6.986699292919050563e+00
8.394815785209704728e+00
6.780504360759106675e+00
7.398124918900125913e+00
7.074025722977781427e+00
9.592037344386573849e+00
7.341661873657375992e+00
7.466271844189042994e+00
8.303614131606323667e+00
8.247824912202913694e+00
8.712094865089170526e+00
7.432211101838604783e+00
9.038674216947326201e+00
8.487485320861809512e+00
8.175841318434720506e+00
8.069754727042985465e+00
7.904472822713734637e+00
8.103930519024300949e+00
9.005818114385384376e+00
6.901248750243659025e+00
7.230441758627929261e+00
7.431435321761893142e+00
8.218805955943915720e+00
7.392340125459623934e+00
8.264297478539326391e+00
7.647831703782073554e+00
6.413854888642644525e+00
6.269951895819458443e+00
6.778586670667121616e+00
4.810329170360376771e+00
7.971208891821413900e+00
5.987425445309267680e+00
5.568488079512515121e+00
7.767397300104993185e+00
8.019618205729424076e+00
9.545727482686196197e+00
6.838795898278387853e+00
9.910265192502821563e+00
9.213660727379799908e+00
1.045258151392128276e+01
8.348302345117616596e+00
7.726066324893418269e+00
6.873125988227342553e+00
8.662126129529063689e+00
9.256313918141744423e+00
4.826632657824691641e+00
7.540519679961370514e+00
8.290438884891823790e+00
9.105763269830974949e+00
6.732786175130408779e+00
1.025198107056618291e+01
4.661170648531924421e+00
9.453491999981036287e+00
8.049659971257966617e+00
7.339656237361715796e+00
5.072617370766637102e+00
7.475250169972786018e+00
9.111745352479490023e+00
7.389952546686656021e+00
6.970920461034380899e+00
1.009047061856643879e+01
7.322408875099898573e+00
8.079679440061736884e+00
1.004217731080985665e+01
7.314047500118578071e+00
7.444727512208586973e+00
9.243033561173252366e+00
7.259125141025178252e+00
7.153467301421774671e+00
8.277807412486936300e+00
7.518936464032369926e+00
7.444065813025933842e+00
8.685250940187627222e+00
5.371661551459715689e+00
9.639903665190978188e+00
8.979836310407522504e+00
8.753904188374304951e+00
5.997531001254698069e+00
5.144710233784894449e+00
7.212005916847483711e+00
1.048971520487078735e+01
9.006193213102781314e+00
6.895409681674926183e+00
7.500120885515029201e+00
6.493829590838596566e+00
5.269941877257832807e+00
6.264553375288468118e+00
6.589619315430192970e+00
7.336152789377388572e+00
7.329963828555887240e+00
7.811264103276049475e+00
8.934700086432558308e+00
9.268283032605987515e+00
7.228492697252908883e+00
9.625991608153256607e+00
6.208494937478005404e+00
9.842997808092171397e+00
8.759806294631067303e+00
7.524801681800591169e+00
8.638906404321867072e+00
7.457386241893720680e+00
9.151940066837525478e+00
7.694971334612441538e+00
8.203824162773184270e+00
8.193607652590950252e+00
9.143384951789339965e+00
6.728080290549441678e+00
9.377753377695983161e+00
8.392840968032292182e+00
5.609890868522690255e+00
5.824142435265160067e+00
9.919737960341459271e+00
7.968291768450860069e+00
9.681534547842536753e+00
8.322142965162946382e+00
9.583492007678568569e+00
7.043821380070638405e+00
6.182005007553717846e+00
1.080851890738646937e+01
8.740196037171978460e+00
8.017993350088023163e+00
3.491989449241723165e+00
7.431493050889403484e+00
8.506497600861392172e+00
8.518078529967613832e+00
4.860453643312551364e+00
7.853499585229533508e+00
1.062157267073230926e+01
8.605814785892944130e+00
6.314022196211864113e+00
1.203003116556340579e+01
1.025081842603185223e+01
7.745426655778239855e+00
8.061573236734703940e+00
8.177195499823563196e+00
1.051643628594928437e+01
8.655062159995841498e+00
7.124907317245118499e+00
9.189086600384051451e+00
8.796004837780470709e+00
9.906325093046698171e+00
8.036120610431304101e+00
9.730465632378296092e+00
7.812233229737620910e+00
8.112176274313020130e+00
9.524661819619572256e+00
7.788228697518277066e+00
6.480640964638070933e+00
7.631185590955430698e+00
9.705859221657894054e+00
9.464127355863810820e+00
6.740476153223070810e+00
9.633074732655812156e+00
8.170755307512196808e+00
8.727569650991483741e+00
1.022512859853731548e+01
6.604386213568337993e+00
7.698444576113408822e+00
5.501671270857762863e+00
4.403099497366230963e+00
1.002558358801813654e+01
8.439024150424387472e+00
1.063892302159996639e+01
8.025982165563741333e+00
7.014021739224268082e+00
1.143529816131460919e+01
8.304302224116634434e+00
5.324115972234309879e+00
7.209201547332781068e+00
7.663075230463234355e+00
1.057421357327089773e+01
1.044991854768210437e+01
9.500948773278059534e+00
9.231185759986555439e+00
4.106379354814333027e+00
8.894622031310310817e+00
7.424958080887529732e+00
1.032835372139919805e+01
1.206608124880875721e+01
1.025661021675764140e+01
9.327060242785272237e+00
1.072597282413165054e+01
9.709233605897482633e+00
9.064840590701178868e+00
7.584822627095361369e+00
1.163775724227309816e+01
1.107815292310911737e+01
1.082924731504622429e+01
6.684412036570247295e+00
7.475429495757045295e+00
8.732426822813085465e+00
8.684051086138790509e+00
1.109225723975781008e+01
6.546504281609170306e+00
7.334825358682596885e+00
6.867226537180365575e+00
7.112572033337013266e+00
7.418466352336389846e+00
6.659269153498508231e+00
6.928703365812308057e+00
7.870025363504956850e+00
1.024452878797876743e+01
7.592909159538294261e+00
6.057465531944244752e+00
6.292112210219515944e+00
8.767980774766117591e+00
9.571419875628658147e+00
6.664440656751040137e+00
7.970471240671583857e+00
7.018892449009628720e+00
7.809981040788295914e+00
9.255598325342097255e+00
1.001710011687819879e+01
5.802511537300209632e+00
5.466540969049180632e+00
1.253776336377649336e+01
7.440116934823643113e+00
7.716308061126643025e+00
6.702191324980998566e+00
8.259875411964321401e+00
8.540358037650880974e+00
9.227932122948253379e+00
6.222116599689078598e+00
7.991864185786510255e+00
2.939520630830072090e+00
8.599191504286210375e+00
8.247905306298523698e+00
9.139840770513938395e+00
6.542253937653283558e+00
9.276359152151199439e+00
7.276350449420642796e+00
9.491128524751101025e+00
5.305630829212033106e+00
9.808258555791676159e+00
7.258420299291798550e+00
8.756894120509993940e+00
6.187380554181333814e+00
9.357831328753347222e+00
5.194846346213047639e+00
9.356757630046161012e+00
8.809573761534139180e+00
8.299808307826610942e+00
9.302611971811096225e+00
6.078567710377822841e+00
7.073829955232026734e+00
8.956266185610488151e+00
1.014852180141931370e+01
8.543104644104271728e+00
9.338294870909301437e+00
5.186317861111225724e+00
6.850517136496811155e+00
5.835528168733617349e+00
1.104331282973834227e+01
9.716103309166268076e+00
1.065347008263031192e+01
7.075789087869051919e+00
7.125290939628175835e+00
5.181027450493696840e+00
1.007085631703567330e+01
8.529269803754212731e+00
8.577271166120441492e+00
6.115154847903435886e+00
7.740645137502587758e+00
7.621993505161285931e+00
1.161877176733575112e+01
4.867455471465302885e+00
9.609641438107958678e+00
8.452986063020798468e+00
8.519293043309074775e+00
6.760369710663863607e+00
6.706539966541972042e+00
8.014100512837382340e+00
8.007196766890979589e+00
8.205859954679077362e+00
9.707428480557910078e+00
7.605261493524420047e+00
8.581901860342902921e+00
8.639204501870526798e+00
5.274049036181527761e+00
6.820215978224736020e+00
1.059469210510221870e+01
6.059587757834024480e+00
8.959134780562902023e+00
9.855418086241735764e+00
8.574584819809619063e+00
7.402243135220820669e+00
9.931769379975698087e+00
9.004950601773213492e+00
6.925295418485175603e+00
7.425196781279292502e+00
1.004740966734736851e+01
7.459718901792524726e+00
6.140978213600359226e+00
1.041603541116892728e+01
8.952341789932441785e+00
8.585325449156771427e+00
9.226697065894200023e+00
7.093498840126285288e+00
7.455079984305934993e+00
8.922577201848508111e+00
8.392567083955279728e+00
8.886276011326277313e+00
7.321006319670845031e+00
7.526229677934953344e+00
9.219366156649535071e+00
1.068244416679117137e+01
7.613868738237615119e+00
6.204304350106327526e+00
7.111455080106600768e+00
9.258626800233862753e+00
8.540234351213037201e+00
6.044845390287147957e+00
5.847774502470456603e+00
7.736663657754133006e+00
9.779206627258975715e+00
9.314181313299831899e+00
5.041210286896326664e+00
8.170262823128819463e+00
9.981019422926253881e+00
6.674461929697236506e+00
1.012463334121017411e+01
6.679223413036927681e+00
8.885086544727176516e+00
6.619073051709470690e+00
8.688187955597825862e+00
5.116915340171501292e+00
7.892061644917469643e+00
9.086028833689651307e+00
5.550274054222958497e+00
1.207726013026108092e+01
1.063992925838720183e+01
6.674818821164637761e+00
1.096192491489704146e+01
7.488548004870926533e+00
8.123078977082300867e+00
5.409037289892538958e+00
9.941394737786758640e+00
7.301686865200898602e+00
8.034442698000079375e+00
1.020711727592704143e+01
6.358860963619314965e+00
7.666241335677685065e+00
8.369123093283873160e+00
6.807624597410185885e+00
7.590030486232927309e+00
9.287731818463361932e+00
8.834790601502255925e+00
7.010950890951238357e+00
8.745556308744298235e+00
5.818165981512144924e+00
5.623972437357132037e+00
9.103681101975141132e+00
9.281006666433475161e+00
6.220462950663637081e+00
8.896275289618246873e+00
6.974619796928526405e+00
1.045113667773023103e+01
5.948591638842512630e+00
1.044533713316816304e+01
8.575811261418497367e+00
8.281720343691075570e+00
7.246191465091060380e+00
6.277107564605288736e+00
8.471293953156321166e+00
7.999046496957973318e+00
7.869741830598665722e+00
1.002208366504716075e+01
1.008213774493253645e+01
6.512620571970025196e+00
7.444984402459835948e+00
6.616863214580318342e+00
8.832327081697604498e+00
6.087138183895992150e+00
8.272966054252227863e+00
7.558251035301241316e+00
9.722449497785060402e+00
9.403430062579641202e+00
6.843061996491105248e+00
1.003774876343042344e+01
7.721977532113556641e+00
7.322654392218161057e+00
7.015429831398484417e+00
9.400838435903269286e+00
7.054134205992540707e+00
8.309784144068373735e+00
8.511514965676939326e+00
8.977949807861138609e+00
9.723816148135016491e+00
9.975940380755053738e+00
6.775190968948551884e+00
7.500863431781991331e+00
1.031263837744337408e+01
8.454076250111086210e+00
8.096630184975021294e+00
8.748020806880708378e+00
8.452965483283936265e+00
1.048306308125476072e+01
7.940135455484831795e+00
6.411303767781817875e+00
7.386919524794154590e+00
8.315009343004701847e+00
9.705199859413861319e+00
7.452144741674469053e+00
9.204008277044707143e+00
7.850143598772572062e+00
7.558507197510713205e+00
8.747445782107018175e+00
6.451938586384905250e+00
8.420675670451041483e+00
6.615189165279492300e+00
7.040921665323743639e+00
9.651151145954747435e+00
7.162218982152724678e+00
1.136650358451637288e+01
1.025036688018203535e+01
7.842961106151082440e+00
1.033319265944724386e+01
1.153647651918250183e+01
7.725906062622484249e+00
7.917404439772723457e+00
1.007341856964136717e+01
7.289605731218203211e+00
6.952875932673621584e+00
5.552936155481740244e+00
6.985444818315262872e+00
1.152071435736378113e+01
9.614553196339022278e+00
1.068698983234804700e+01
8.098962980918287258e+00
1.052723405723167893e+01
7.044712384767001012e+00
8.683038068343813976e+00
7.558581890857675845e+00
7.493319976644982283e+00
9.789805135231349098e+00
5.334436607634401639e+00
5.088599000228865243e+00
1.148394650153687202e+01
8.317306168471063188e+00
9.289133187340366860e+00
1.099973053687821967e+01
1.185320287897851621e+01
7.170216177348537556e+00
9.088153887275124632e+00
6.636382224659021389e+00
8.284681586856795121e+00
1.061577048249612254e+01
1.017553684403523029e+01
9.323280424304035918e+00
8.199622297408282634e+00
6.944986791434542006e+00
8.513474191770514565e+00
7.011834838934301040e+00
7.545676286932237353e+00
1.009889052850465774e+01
7.876083682606753733e+00
6.181149750087493011e+00
7.633817921825692743e+00
9.120065882026976212e+00
6.096154764882666832e+00
8.144982733474618541e+00
6.727149541189209714e+00
7.627093014232096735e+00
6.780481129669504448e+00
7.526525025597095464e+00
9.339705668270310568e+00
6.597691843372483156e+00
1.023288721247015687e+01
8.230277453454840852e+00
9.661419651384427709e+00
7.888681038720958938e+00
7.986206004626652089e+00
1.139108387158998248e+01
6.303039302477993822e+00
6.566486296991413951e+00
8.325356261154428950e+00
8.934051794755838216e+00
7.780451621544245633e+00
8.692411611237062630e+00
8.441904140155660485e+00
6.360876830140969496e+00
9.199787306487740679e+00
8.936059706520808277e+00
8.133411856284373798e+00
7.038925189076907785e+00
5.144664906181684927e+00
7.041732104316805518e+00
7.035822760682581389e+00
9.147810068182270271e+00
4.654053058115286134e+00
7.925963230187349495e+00
9.536364039863746811e+00
8.717716148910602314e+00
9.045725887272835664e+00
8.753977596947876805e+00
1.050180783545980212e+01
9.524837600909972224e+00
6.455227451601380118e+00
9.950094003543220822e+00
9.698919519904322328e+00
8.506294474554998430e+00
7.977612129739950042e+00
5.224048004526165023e+00
8.468954542718647005e+00
5.904708177388202195e+00
8.734068760626502836e+00
9.274440122513849971e+00
8.396354519769744229e+00
8.780945924577579831e+00
6.554022240477327621e+00
8.438149906851799997e+00
8.341982222065054131e+00
6.447589617068418377e+00
7.878167132860305344e+00
7.367987701956967506e+00
7.715054668359907275e+00
8.775583223187744863e+00
7.046380466367186735e+00
6.360589724599666539e+00
9.731382788549375107e+00
7.300223372690365586e+00
7.632612822752125048e+00
9.165814526164222542e+00
1.095197211209256594e+01
8.031559535381942894e+00
7.788574111908999953e+00
6.264089255071278117e+00
7.878764161557455736e+00
5.790147281817163538e+00
6.072278532845278853e+00
7.165434709045634953e+00
6.191417967344571949e+00
7.072570214410701439e+00
8.324615551720551565e+00
9.580974432476187630e+00
8.971197735727979961e+00
6.813510925622479952e+00
1.100130588207355409e+01
5.332741892354815327e+00
8.740184057754754932e+00
9.128457278940137698e+00
7.914231499029817485e+00
8.891359534410065990e+00
7.459798275649345278e+00
3.769707891752851481e+00
9.295665108451892422e+00
7.222480425718977415e+00
9.802124925818294088e+00
3.988167907176467963e+00
1.109884834219462668e+01
9.210691918009608514e+00
9.843951611696020620e+00
9.196031550941315302e+00
8.273552345681110864e+00
7.623148255818899877e+00
6.567115682754162798e+00
9.230192179415096732e+00
9.976493177313844996e+00
7.444807323649644815e+00
7.432572960571084408e+00
8.955045436389552194e+00
8.294212402330812139e+00
8.027559168232345499e+00
6.836707105890007519e+00
6.715817393444257988e+00
6.651061537245436917e+00
8.654825539122878553e+00
5.456319049553099987e+00
7.341727320210342356e+00
9.752532015613144978e+00
9.976890247844844239e+00
1.007592987094283465e+01
1.276883979863052332e+01
8.378569080133623004e+00
5.551088716857970340e+00
5.357655760744430395e+00
1.008246238177377130e+01
5.027788250409070514e+00
8.051274241959939459e+00
7.959478112256395121e+00
9.331764166009522299e+00
7.344434817592575548e+00
7.357383867878882988e+00
8.774509565998950933e+00
5.171803837973334872e+00
9.999145764373945866e+00
7.475383516291722152e+00
9.579926567602409904e+00
8.413843044906922586e+00
5.085474395229452327e+00
1.046741272367423825e+01
7.181389638454679591e+00
6.590117195664316974e+00
9.280653752516862198e+00
9.322371232427004273e+00
9.886856530104095597e+00
8.751927064448357996e+00
7.461500542538469283e+00
8.344501920207305190e+00
6.548172874318628267e+00
6.461628818693808007e+00
6.611659544782491515e+00
7.882499599806917168e+00
8.922075132002417419e+00
8.442892394523839883e+00
8.139517735637113560e+00
1.023152745978991440e+01
1.006127288509322248e+01
7.879587957763829920e+00
1.071310912881113708e+01
8.237020216304005160e+00
6.552981273199328882e+00
1.081399068952815057e+01
5.593731797099594338e+00
8.555934467671335142e+00
9.744890479887667212e+00
7.096959428007525439e+00
7.588263758795013025e+00
6.833732044855112875e+00
7.495277275156591479e+00
6.021551754254219624e+00
8.972573767180499260e+00
8.320988016369318174e+00
1.070536386361120407e+01
4.860091885865583272e+00
7.350858534101534225e+00
8.325260972177959573e+00
6.646448483688321751e+00
8.286110617479945262e+00
7.970539074526647561e+00
9.376377791405754891e+00
6.648711955804423646e+00
8.487172105978814329e+00
8.337877897585773468e+00
9.919016417584449741e+00
7.888004506165958496e+00
6.128111260305286301e+00
1.001770254684948824e+01
3.837356216888803573e+00
6.946675432481590917e+00
9.388516397273233949e+00
7.585568116729531241e+00
6.328155275976466321e+00
9.159006131789666938e+00
5.667897344644623914e+00
8.412343861845252846e+00
8.730234191478183803e+00
8.498833503232031461e+00
6.566631822840332866e+00
5.410599885550716692e+00
7.850119990343201515e+00
5.626714824201846099e+00
7.970683728830631587e+00
7.948857991778184306e+00
8.515920679720416331e+00
9.213000462140431779e+00
9.962519349554732173e+00
7.215564451232945764e+00
7.194989712815878846e+00
9.157922017320226260e+00
6.621640698225297328e+00
6.776140483875187748e+00
9.255460835594364610e+00
7.392774794267502614e+00
1.055245700841244272e+01
1.013165463182454928e+01
7.844870034900427669e+00
6.339641010261885867e+00
1.017731157588155355e+01
