4.085755348205566406e-01
3.365815803408622742e-02
2.033172696828842163e-01
1.762082874774932861e-01
-3.583626821637153625e-02
1.712265461683273315e-01
7.433793693780899048e-02
2.556500732898712158e-01
6.686247885227203369e-02
6.671078503131866455e-02
4.036397039890289307e-01
-1.041745692491531372e-01
1.533616986125707626e-02
7.290113717317581177e-02
3.752587139606475830e-01
5.948072299361228943e-03
-2.090655416250228882e-01
2.762464061379432678e-02
1.783503293991088867e-01
-8.878225088119506836e-02
1.776226162910461426e-01
1.986463069915771484e-01
2.108564674854278564e-01
1.457011997699737549e-01
3.261743187904357910e-01
4.925836026668548584e-01
3.012232780456542969e-01
-3.732110559940338135e-02
1.404145359992980957e-01
2.140652835369110107e-01
1.251685321331024170e-01
4.948590323328971863e-02
1.749860644340515137e-01
1.360975950956344604e-01
4.533655047416687012e-01
8.681861311197280884e-02
2.518199756741523743e-02
-1.337758898735046387e-01
2.424554526805877686e-01
-4.337578266859054565e-02
2.180360555648803711e-01
1.338329464197158813e-01
2.124225497245788574e-01
1.486252248287200928e-01
1.093662902712821960e-01
5.165776982903480530e-02
-3.407851792871952057e-03
-2.056063115596771240e-01
3.712144792079925537e-01
2.545610666275024414e-01
1.729090064764022827e-01
4.093157872557640076e-02
3.494491279125213623e-01
4.999827146530151367e-01
1.363056898117065430e-01
1.188666149973869324e-01
2.765097320079803467e-01
2.242359817028045654e-01
3.582447767257690430e-01
-3.551726788282394409e-02
1.898758709430694580e-01
3.647693991661071777e-01
2.681346237659454346e-01
9.122874587774276733e-02
1.000264510512351990e-01
3.675918579101562500e-01
1.648074686527252197e-01
2.364502474665641785e-02
1.984473690390586853e-02
1.444907933473587036e-01
4.361194372177124023e-01
1.885873228311538696e-01
5.079364404082298279e-02
4.858532249927520752e-01
-9.690845757722854614e-02
3.222214579582214355e-01
3.855303823947906494e-01
6.277720928192138672e-01
9.623722732067108154e-02
5.454007983207702637e-01
1.059721484780311584e-01
3.092702627182006836e-01
3.276032507419586182e-01
-2.936866693198680878e-02
-8.689815551042556763e-02
1.821459829807281494e-01
5.761710926890373230e-02
-7.479142397642135620e-02
3.349277973175048828e-01
9.522954374551773071e-02
3.305574357509613037e-01
2.416709065437316895e-01
3.598040784709155560e-04
-5.577472597360610962e-02
1.991543620824813843e-01
1.413853764533996582e-01
-5.333201587200164795e-02
2.014137804508209229e-01
3.447844982147216797e-01
2.381090074777603149e-01
8.742431551218032837e-02
-1.123315840959548950e-01
3.277573883533477783e-01
-2.300684899091720581e-01
3.494046926498413086e-01
3.274969756603240967e-01
3.098767697811126709e-01
1.413475126028060913e-01
3.614014387130737305e-01
1.388717591762542725e-01
7.455615699291229248e-02
3.335748314857482910e-01
3.129329979419708252e-01
7.464995607733726501e-03
7.930695265531539917e-02
2.768723368644714355e-01
1.086917892098426819e-01
2.357454448938369751e-01
3.344289064407348633e-01
1.283780634403228760e-01
-2.996987663209438324e-02
1.345189213752746582e-01
1.416800618171691895e-01
1.050129681825637817e-01
3.619054257869720459e-01
3.783661127090454102e-01
-4.485319182276725769e-02
2.657956779003143311e-01
-1.640375107526779175e-01
1.295803487300872803e-01
3.265904188156127930e-01
1.532026082277297974e-01
-1.022257376462221146e-02
3.079175055027008057e-01
1.279650814831256866e-02
3.429484665393829346e-01
2.270863950252532959e-02
1.008557975292205811e-01
-1.675011068582534790e-01
2.831928431987762451e-02
3.941319584846496582e-01
3.187823593616485596e-01
1.072024405002593994e-01
-3.114189393818378448e-02
3.419785201549530029e-01
5.768416523933410645e-01
1.751577705144882202e-01
3.416716158390045166e-01
1.874566823244094849e-01
-7.358080893754959106e-02
1.280998736619949341e-01
1.304112672805786133e-01
3.465975821018218994e-01
4.569454193115234375e-01
-5.607018992304801941e-02
2.277131974697113037e-01
-3.815715201199054718e-03
1.357215940952301025e-01
1.746467947959899902e-01
1.734860055148601532e-02
-1.653670221567153931e-01
2.667748034000396729e-01
2.820586860179901123e-01
3.129758536815643311e-01
1.453454196453094482e-01
6.893728673458099365e-02
8.840954303741455078e-02
1.314498782157897949e-01
2.559663653373718262e-01
1.756265759468078613e-01
1.672875285148620605e-01
3.743753302842378616e-03
5.899888277053833008e-01
-2.284969389438629150e-01
1.124713849276304245e-02
5.715581178665161133e-01
-2.435390204191207886e-01
1.885914057493209839e-01
3.668174147605895996e-02
1.492479294538497925e-01
4.459260404109954834e-01
2.438590228557586670e-01
2.302383184432983398e-01
1.999251097440719604e-01
3.070167601108551025e-01
1.253145337104797363e-01
1.445344984531402588e-01
4.603855311870574951e-01
2.582080364227294922e-01
-5.650519579648971558e-02
3.979804813861846924e-01
2.840766906738281250e-01
5.903422832489013672e-03
-7.923138141632080078e-02
1.107488051056861877e-01
3.709657490253448486e-01
6.843434274196624756e-02
3.540098369121551514e-01
1.660220623016357422e-01
3.905200064182281494e-01
3.253158628940582275e-01
2.140011191368103027e-01
5.073840618133544922e-01
2.962755970656871796e-03
1.140639632940292358e-01
-1.610592156648635864e-01
2.282394766807556152e-01
2.668135762214660645e-01
1.222210526466369629e-01
3.263510465621948242e-01
-2.109015882015228271e-01
1.210791841149330139e-01
1.418104469776153564e-01
6.813353300094604492e-02
5.169813036918640137e-01
5.898324847221374512e-01
1.335605233907699585e-01
-6.647635251283645630e-02
1.145614311099052429e-01
-3.697247058153152466e-02
4.267518967390060425e-02
-6.750378012657165527e-02
-1.204852610826492310e-01
-1.398319937288761139e-02
1.489441245794296265e-01
6.034862995147705078e-01
-2.244558185338973999e-02
9.805262833833694458e-02
2.765429615974426270e-01
1.975951492786407471e-01
5.119733810424804688e-01
-7.430754601955413818e-02
-1.718769371509552002e-01
-1.710950024425983429e-02
2.038637697696685791e-01
2.429740130901336670e-01
2.710169255733489990e-01
3.845884501934051514e-01
-4.812587797641754150e-02
5.455616712570190430e-01
1.799599677324295044e-01
5.944139957427978516e-01
1.103672683238983154e-01
2.615381777286529541e-01
2.287033796310424805e-01
1.029782444238662720e-01
3.654965758323669434e-01
1.639762967824935913e-01
2.486802637577056885e-01
2.843285351991653442e-02
5.358779430389404297e-02
1.819274872541427612e-01
2.734975814819335938e-01
-7.900153286755084991e-03
3.099531307816505432e-02
3.285351693630218506e-01
1.468525379896163940e-01
4.440142214298248291e-02
8.460402488708496094e-02
2.781973183155059814e-01
7.717197760939598083e-03
-5.789146199822425842e-02
9.540590643882751465e-02
2.046758681535720825e-01
9.281527251005172729e-02
1.823094440624117851e-03
2.397713512182235718e-01
4.567915946245193481e-02
1.575781255960464478e-01
1.508612483739852905e-01
2.241339683532714844e-01
2.160088121891021729e-01
3.070992827415466309e-01
2.497727870941162109e-01
9.078907966613769531e-02
4.190976023674011230e-01
1.014033854007720947e-01
2.452890872955322266e-01
-1.808806806802749634e-01
6.734349727630615234e-01
2.927446663379669189e-01
7.872349768877029419e-02
-1.231808308511972427e-02
-1.690461933612823486e-01
2.145501673221588135e-01
2.300004810094833374e-01
-7.001902163028717041e-02
4.864465892314910889e-01
2.138900160789489746e-01
-1.775943338871002197e-01
2.435408681631088257e-01
-2.061089128255844116e-01
3.112065494060516357e-01
3.354173004627227783e-01
3.532333672046661377e-01
2.583911120891571045e-01
-2.327156513929367065e-01
2.163521200418472290e-01
3.599204719066619873e-01
1.493992954492568970e-01
2.628318369388580322e-01
2.467714436352252960e-02
1.288817077875137329e-01
1.285263001918792725e-01
1.883938908576965332e-01
3.333955705165863037e-01
2.166389375925064087e-01
2.784611284732818604e-01
3.129245638847351074e-01
-5.423372238874435425e-02
1.840534657239913940e-01
3.561156094074249268e-01
2.825013995170593262e-01
1.608470380306243896e-01
3.459050655364990234e-01
-1.238746717572212219e-01
2.052759975194931030e-01
4.685918614268302917e-02
4.709166884422302246e-01
3.455452919006347656e-01
2.350061237812042236e-01
1.884009987115859985e-01
1.853970736265182495e-01
5.687333270907402039e-02
1.202706154435873032e-02
7.129964977502822876e-02
3.167135119438171387e-01
9.224329888820648193e-02
1.552574336528778076e-01
3.100100159645080566e-01
2.505938410758972168e-01
2.353681474924087524e-01
1.823016405105590820e-01
4.126074016094207764e-01
3.055852651596069336e-01
4.295623898506164551e-01
5.864878296852111816e-01
3.928905427455902100e-01
1.473270505666732788e-01
-6.427456438541412354e-02
2.741096615791320801e-01
1.099321022629737854e-01
2.439211606979370117e-01
3.469744026660919189e-01
-1.994493752717971802e-01
-1.432712841778993607e-02
1.255395263433456421e-01
1.508734421804547310e-04
-1.979447305202484131e-01
2.468694746494293213e-01
3.414808511734008789e-01
2.664626240730285645e-01
2.672609388828277588e-01
5.534652993083000183e-02
4.039776027202606201e-01
3.902396559715270996e-01
6.683032959699630737e-02
3.256351649761199951e-01
-5.385521054267883301e-02
2.590702474117279053e-02
8.369302004575729370e-02
1.118376404047012329e-01
4.242925345897674561e-01
4.143619537353515625e-02
4.809910058975219727e-01
3.031892180442810059e-01
4.036304950714111328e-01
2.496781796216964722e-01
3.481588140130043030e-02
-7.378587126731872559e-02
5.327610373497009277e-01
-5.530176311731338501e-02
2.431915104389190674e-01
3.452250957489013672e-01
1.009072363376617432e-01
4.110362529754638672e-01
5.251250863075256348e-01
1.537503600120544434e-01
2.234627157449722290e-01
2.974167652428150177e-02
2.835048735141754150e-01
2.531318366527557373e-01
2.487092018127441406e-01
2.212121039628982544e-01
2.161097973585128784e-01
4.180848598480224609e-01
2.585971057415008545e-01
3.749811947345733643e-01
2.253073900938034058e-01
6.590642929077148438e-01
3.876204490661621094e-01
2.702746093273162842e-01
-1.220575124025344849e-01
5.738744735717773438e-01
2.185394801199436188e-02
-3.920247778296470642e-03
3.707926273345947266e-01
4.801098406314849854e-01
6.551040336489677429e-03
2.384186834096908569e-01
4.970012977719306946e-02
1.684628427028656006e-01
3.523668646812438965e-02
2.441286593675613403e-01
1.484839916229248047e-01
1.731384992599487305e-01
4.680466651916503906e-01
5.205265283584594727e-01
2.665554881095886230e-01
-2.471726983785629272e-01
-4.279797896742820740e-03
3.254814743995666504e-01
7.227812707424163818e-02
3.621987998485565186e-01
9.828795492649078369e-02
1.870643049478530884e-01
2.361014634370803833e-01
1.664713621139526367e-01
2.797027528285980225e-01
8.023856580257415771e-02
3.036562204360961914e-01
2.381602227687835693e-01
6.318970024585723877e-02
1.553709954023361206e-01
9.284434467554092407e-02
1.781980097293853760e-01
1.625403463840484619e-01
-1.282602846622467041e-01
-1.260091513395309448e-01
1.566995829343795776e-01
8.883003890514373779e-02
-9.930914640426635742e-02
2.151865363121032715e-01
4.688758030533790588e-02
1.506037116050720215e-01
6.316081620752811432e-03
2.486550360918045044e-01
2.801901847124099731e-02
3.307145535945892334e-01
1.795375198125839233e-01
2.542308270931243896e-01
3.606299161911010742e-01
4.531789124011993408e-01
5.541219934821128845e-02
3.407558798789978027e-01
3.203680813312530518e-01
1.878790557384490967e-02
1.194771751761436462e-01
2.600846588611602783e-01
-7.240377366542816162e-02
2.854814529418945312e-01
4.254829138517379761e-02
-1.160065680742263794e-01
1.424729228019714355e-01
2.128188908100128174e-01
-4.297895357012748718e-02
1.726146936416625977e-01
1.211806014180183411e-01
2.111779302358627319e-01
1.193711999803781509e-03
2.307171374559402466e-01
-6.966624408960342407e-02
2.813837863504886627e-02
2.072517424821853638e-01
2.767083346843719482e-01
1.663522124290466309e-01
1.960514299571514130e-02
-7.102888077497482300e-02
7.939946651458740234e-02
1.685799360275268555e-01
2.866710424423217773e-01
2.487570643424987793e-01
7.407683134078979492e-02
-2.376124635338783264e-02
3.537870943546295166e-01
1.847813874483108521e-01
-3.284101933240890503e-02
5.448326095938682556e-02
-3.299159184098243713e-02
-1.945238411426544189e-01
4.406252503395080566e-02
4.956964254379272461e-01
-4.528306052088737488e-02
9.127483516931533813e-02
3.177805542945861816e-01
5.461103841662406921e-02
4.088158607482910156e-01
2.871694266796112061e-01
9.984105080366134644e-02
1.972874999046325684e-01
-3.057785797864198685e-03
3.246895372867584229e-01
3.760913610458374023e-01
2.251881808042526245e-01
4.064721241593360901e-02
-1.966192200779914856e-02
1.102405115962028503e-01
-5.655467882752418518e-02
9.847930818796157837e-02
1.305640190839767456e-01
2.628878653049468994e-01
2.829838395118713379e-01
1.828224062919616699e-01
3.067820370197296143e-01
-1.117751151323318481e-01
2.572477459907531738e-01
2.603822648525238037e-01
1.217909380793571472e-01
2.352271229028701782e-01
6.308033317327499390e-02
1.118845567107200623e-01
3.097670078277587891e-01
3.019690513610839844e-01
-4.415593668818473816e-02
4.173683822154998779e-01
1.788280606269836426e-01
3.894377127289772034e-02
-4.511027038097381592e-02
-8.185742422938346863e-03
2.854126989841461182e-01
2.235843800008296967e-02
1.581655740737915039e-01
1.112981066107749939e-01
2.133296430110931396e-01
1.667422205209732056e-01
1.830977946519851685e-01
3.694275617599487305e-01
3.609564900398254395e-01
1.907384842634201050e-01
2.239317595958709717e-01
1.365393549203872681e-01
1.886009573936462402e-01
1.012338697910308838e-01
4.159864783287048340e-01
4.528123140335083008e-02
2.964261174201965332e-01
2.812080085277557373e-01
7.968264818191528320e-02
2.622526288032531738e-01
5.042604207992553711e-01
-1.035894826054573059e-01
1.950770467519760132e-01
-1.610375642776489258e-01
1.509512960910797119e-01
-1.528517603874206543e-01
-1.091479063034057617e-01
9.937106072902679443e-02
8.521699905395507812e-02
2.907256484031677246e-01
4.399133473634719849e-02
2.601559162139892578e-01
1.815604716539382935e-01
4.589562416076660156e-01
1.679883450269699097e-01
1.782847642898559570e-01
1.438992917537689209e-01
5.220196843147277832e-01
1.966278702020645142e-01
9.238666296005249023e-02
-5.013578385114669800e-02
4.449365139007568359e-01
2.075412273406982422e-01
1.057052016258239746e-01
-8.131193928420543671e-03
1.827475577592849731e-01
4.146389663219451904e-01
-1.427654027938842773e-01
9.429269284009933472e-02
3.761361539363861084e-01
1.116742938756942749e-01
8.680809289216995239e-02
2.947969436645507812e-01
4.733691513538360596e-01
-6.484453380107879639e-02
4.004722237586975098e-01
2.605489268898963928e-02
1.297995448112487793e-02
2.977763116359710693e-01
-5.372343119233846664e-03
6.749050319194793701e-02
2.688601911067962646e-01
4.514340311288833618e-02
2.105802148580551147e-01
2.553826272487640381e-01
2.232331186532974243e-01
-3.431068907957524061e-04
9.808861464262008667e-02
3.159353137016296387e-01
6.851969659328460693e-02
2.866316437721252441e-01
3.393996059894561768e-01
3.127359971404075623e-02
5.054952949285507202e-02
-9.341005235910415649e-03
-8.605617284774780273e-02
-2.292952314019203186e-02
-1.601617485284805298e-01
1.562256515026092529e-01
1.418209522962570190e-01
1.399453729391098022e-01
2.312897890806198120e-02
4.649774171411991119e-03
2.884002327919006348e-01
-1.606135368347167969e-01
1.174275875091552734e-01
2.550998926162719727e-01
3.369667232036590576e-01
2.381725907325744629e-01
3.122187685221433640e-03
2.504704892635345459e-01
2.292969077825546265e-01
2.739119231700897217e-01
2.717814967036247253e-02
1.538097560405731201e-01
7.737119495868682861e-02
8.296274393796920776e-02
3.324711322784423828e-01
9.996194243431091309e-01
3.602030575275421143e-01
2.960391901433467865e-02
1.623675823211669922e-01
2.853237986564636230e-01
1.514375805854797363e-01
6.723549216985702515e-02
2.952168881893157959e-01
3.076549172401428223e-01
9.694502502679824829e-02
5.122292414307594299e-02
-2.120797634124755859e-01
-6.340392678976058960e-02
5.958634614944458008e-01
4.576948285102844238e-01
7.197733968496322632e-02
1.610320955514907837e-01
1.064251959323883057e-01
3.059499859809875488e-01
7.389334589242935181e-02
3.217647373676300049e-01
-3.432922661304473877e-01
-3.119937181472778320e-01
2.481838315725326538e-01
1.314877420663833618e-01
2.404360175132751465e-01
-2.942479960620403290e-02
3.365624248981475830e-01
5.529876798391342163e-02
2.820000648498535156e-01
7.125394046306610107e-02
8.070924878120422363e-02
-2.343793958425521851e-01
3.807799220085144043e-01
6.223052740097045898e-02
-5.595121532678604126e-02
1.615328043699264526e-01
7.195243239402770996e-02
1.883395165205001831e-01
4.494767263531684875e-02
2.882102131843566895e-01
2.621957659721374512e-01
3.544524013996124268e-01
2.983106076717376709e-01
2.980210445821285248e-02
2.020222842693328857e-01
8.558392524719238281e-02
3.258195519447326660e-01
-1.697476059198379517e-01
1.538126021623611450e-01
4.752985760569572449e-02
1.513622552156448364e-01
2.283234745264053345e-01
-2.846269682049751282e-02
3.344554007053375244e-01
-2.677731029689311981e-02
-1.405810117721557617e-01
3.843265771865844727e-01
1.824555844068527222e-01
3.512176275253295898e-01
1.759058386087417603e-01
5.685345828533172607e-02
2.555792927742004395e-01
-6.198421865701675415e-02
2.351138740777969360e-01
3.502531349658966064e-01
-1.116140112280845642e-01
2.045862376689910889e-01
-4.800140857696533203e-02
3.445310294628143311e-01
2.174682617187500000e-01
1.323160436004400253e-02
2.359800636768341064e-01
9.913590550422668457e-02
3.085334897041320801e-01
1.040146052837371826e-01
-6.541532464325428009e-03
2.141352742910385132e-01
1.058254465460777283e-01
5.987431108951568604e-02
2.290507256984710693e-01
7.826460152864456177e-02
2.202619016170501709e-01
7.721783220767974854e-02
2.017759978771209717e-01
-1.633045971393585205e-01
1.776475757360458374e-01
2.657202817499637604e-02
1.363535225391387939e-01
2.999415099620819092e-01
-7.043399661779403687e-02
7.851749658584594727e-02
-3.734026476740837097e-02
8.095572143793106079e-02
2.832401990890502930e-01
3.128148317337036133e-01
1.198064908385276794e-01
1.354596912860870361e-01
2.428425243124365807e-03
1.072521954774856567e-01
1.279382556676864624e-01
1.899234354496002197e-01
1.522698849439620972e-01
-1.737450361251831055e-01
-1.035444810986518860e-01
4.004143774509429932e-01
5.247988700866699219e-01
1.233106404542922974e-01
7.872861623764038086e-02
3.532600998878479004e-01
5.238611698150634766e-01
-1.403417345136404037e-02
2.093650251626968384e-01
4.314497113227844238e-02
2.331928610801696777e-01
1.911106854677200317e-01
6.421348452568054199e-02
7.004155218601226807e-02
3.133349716663360596e-01
9.415088593959808350e-02
2.064646780490875244e-01
2.483135461807250977e-01
-2.043583244085311890e-01
2.405993044376373291e-01
-1.475103795528411865e-01
1.313884407281875610e-01
1.828613281250000000e-01
2.127520889043807983e-01
1.074247136712074280e-01
3.220706284046173096e-01
1.150659546256065369e-01
6.862992793321609497e-02
2.283956706523895264e-01
-1.021060720086097717e-02
2.682869732379913330e-01
1.111593320965766907e-01
4.211406707763671875e-01
3.617845773696899414e-01
4.023637622594833374e-02
3.156694397330284119e-02
-1.064616814255714417e-01
1.983028203248977661e-01
1.445507854223251343e-01
-5.916284397244453430e-02
2.040276825428009033e-01
-9.048694372177124023e-02
4.262551665306091309e-01
-4.753100499510765076e-02
3.102764487266540527e-01
2.596238851547241211e-01
4.350553154945373535e-01
2.369086742401123047e-01
-5.229403730481863022e-03
-3.040166497230529785e-01
5.726416707038879395e-01
1.342678517103195190e-01
7.525928318500518799e-02
3.855165839195251465e-01
3.623669147491455078e-01
1.672393381595611572e-01
6.764054298400878906e-02
2.144143432378768921e-01
-1.224871128797531128e-01
3.173962831497192383e-01
1.186006218194961548e-01
1.568562239408493042e-01
1.641489565372467041e-01
2.158434838056564331e-01
4.952538758516311646e-02
2.577578127384185791e-01
3.415248692035675049e-01
2.383605092763900757e-01
-1.489111632108688354e-01
1.985967755317687988e-01
1.764368265867233276e-01
2.977201938629150391e-01
-3.538579493761062622e-02
1.917200684547424316e-01
1.894115507602691650e-01
9.159458428621292114e-02
1.987076550722122192e-02
2.006585448980331421e-01
9.374950081110000610e-02
1.624579429626464844e-01
-4.700059816241264343e-02
2.613352984189987183e-02
2.649858593940734863e-01
2.233081609010696411e-01
1.664222031831741333e-01
2.520748376846313477e-01
3.794695138931274414e-01
1.690381318330764771e-01
4.793954193592071533e-01
1.133159995079040527e-01
-7.898621261119842529e-02
4.415618181228637695e-01
3.186593651771545410e-01
3.428764939308166504e-01
2.847315967082977295e-01
1.705369055271148682e-01
1.850136816501617432e-01
-1.411148440092802048e-02
1.237148940563201904e-01
1.373780369758605957e-01
8.017712086439132690e-02
1.048336848616600037e-01
-2.903327904641628265e-02
2.681447863578796387e-01
1.676327288150787354e-01
7.922110706567764282e-02
1.241081058979034424e-01
2.194105088710784912e-01
-6.427387893199920654e-02
1.793821901082992554e-01
2.751789391040802002e-01
6.175852939486503601e-02
1.399357914924621582e-01
5.714307352900505066e-02
4.457629844546318054e-02
2.564280927181243896e-01
3.412234485149383545e-01
4.524907767772674561e-01
5.438015609979629517e-02
7.428488880395889282e-02
1.758287400007247925e-01
2.324087023735046387e-01
1.948026269674301147e-01
3.194480389356613159e-02
2.247162163257598877e-01
4.307357668876647949e-01
1.187998335808515549e-02
2.173954248428344727e-01
3.082163035869598389e-01
2.010724246501922607e-01
3.082466125488281250e-02
2.583367526531219482e-01
2.104781717061996460e-01
1.367160975933074951e-01
2.115832716226577759e-01
2.385414391756057739e-02
1.272053569555282593e-01
2.816047966480255127e-01
1.512239780277013779e-02
2.589554786682128906e-01
-9.788410738110542297e-03
-3.422511974349617958e-03
-9.643752127885818481e-02
4.711835086345672607e-02
-1.810120642185211182e-01
-2.085684984922409058e-02
1.422933340072631836e-01
-1.364146452397108078e-02
1.074481382966041565e-01
-1.599229574203491211e-01
5.194838047027587891e-01
3.571556210517883301e-01
1.356089264154434204e-01
9.243072569370269775e-02
2.701063156127929688e-01
2.489935159683227539e-01
-8.055418729782104492e-02
2.468521595001220703e-01
-8.442397415637969971e-02
-1.525415573269128799e-02
2.973625659942626953e-01
3.379762172698974609e-01
5.596683621406555176e-01
1.884572654962539673e-01
5.244626998901367188e-01
2.796813845634460449e-01
1.623173207044601440e-01
1.736281812191009521e-01
8.645911701023578644e-03
2.084965109825134277e-01
-5.308589432388544083e-03
1.749600023031234741e-01
3.798125982284545898e-01
4.400594234466552734e-01
5.066564083099365234e-01
2.541811168193817139e-01
3.354732990264892578e-01
1.096910797059535980e-02
1.582364886999130249e-01
5.963283777236938477e-02
