9.822822249851764553e+00
4.388486748893069000e-01
1.213448159832804230e+01
6.384967627615519170e+00
1.373515817328051281e+00
1.051336541874501407e+01
7.171399747938732361e+00
1.172232879802957228e+01
1.169495813489592972e+00
3.763422020040604110e+00
2.066990939454910148e+01
2.181410416929258078e-01
1.026339368672372743e+01
1.606034979290867026e+00
4.132061151599956794e+00
6.702753451624570147e+00
2.528354769835257088e+00
4.072314681621057808e+00
6.995174971274480846e+00
1.610826492603591120e+01
1.337845793149121665e+00
4.624935617892704798e+00
4.035675490832074885e+00
2.899852793628938219e+00
5.850563387464514875e+00
1.434571218761885980e+01
2.971573609739558197e+00
1.201643425861909309e+00
2.898550525859621807e+00
1.461102334664129421e+00
2.196148232776038156e-01
1.200008727750544324e+01
2.633671416260477738e+00
1.816735182356642442e+00
1.915605993304362187e+01
1.529652929449809129e+01
8.543877612002100719e+00
6.580746065565095115e+00
1.805589403216836075e+01
1.431075392152932224e+01
9.057007271663644943e+00
7.757074226893176494e+00
2.089081165740795853e+01
5.656306279605064269e+00
5.314025319470358610e+00
1.168888195410852937e+01
3.503854892010683564e+00
8.924234413423301149e+00
1.295225648549219422e+01
2.594953722211453595e+00
1.890462367031045687e+01
3.597379661268569340e+00
1.315200513751672773e+01
1.431143667934610697e+01
4.173622087853194529e+01
1.330648196207039469e+01
1.422979293734303141e+01
6.093772755485155734e+00
1.176214170808835613e+00
1.210351249501311122e+00
3.666556620670583300e+00
4.669552041912762519e+00
1.064477063345681351e+01
1.641939906398446070e+01
5.660312991676406114e-01
8.524178952879626792e+00
9.275570564294930875e+00
2.891817980076927252e+00
1.692607505966221737e+01
3.610823065952115662e+00
5.236386973737301886e+00
1.418473943150621608e+01
8.487197410893115190e+00
1.640429723634143855e+01
9.980840663908418620e+00
1.756604248355853271e+00
2.570836401652538239e+00
1.536618144266141428e+01
1.218832858404889485e+01
6.699640303881028380e+00
2.583574325625516810e+00
1.027082963849598229e+01
9.386840835799921123e-01
5.776487313054664341e+00
3.898133028491708174e+00
1.253485485522142184e+01
1.872816713876461847e+01
4.142529994942768745e+00
8.606890775948125238e+00
7.971128901914013021e+00
6.262167545026557924e+00
9.748427351332011881e+00
3.251382308834390722e-01
4.951187761770158957e+00
7.851139437041826596e+00
1.469331555923601540e+00
7.652658293838357828e+00
3.685417964477698760e+00
9.659008954609119568e-01
1.441592647963769025e+01
1.263366630022641957e+01
1.824492513933739790e+00
1.323127284263287962e+01
4.569454320243301559e+00
1.170779947124045206e+00
1.316213802873672556e+01
1.106557438544179955e-01
6.474930016462060678e+00
2.578172800162980227e+00
9.501051806381445530e+00
2.667747925854627056e+00
1.738040077052631105e+01
7.899153497813790281e+00
4.827090911017220876e+00
7.219496357443451195e+00
8.180333197756336716e+00
1.952278643238807732e+00
6.094285071233342954e+00
1.026048146197348387e+01
1.670530120427464738e+00
9.711442659004879019e+00
1.252856198074446858e+01
7.916630717671919726e+00
9.640522224282578989e+00
9.508238275296275077e+00
7.065653774889470107e+00
8.576303479197032731e-01
3.279735696926270538e+00
8.849376110958495190e+00
1.202007041489892991e+01
1.618186005808399486e+01
2.682623386433980350e+00
7.964177657516228415e+00
3.190853236818488536e+00
8.340939275277380105e+00
8.880833013066219195e+00
1.479312302534650847e+01
7.593459296301371175e+00
1.486241529559724128e+01
8.149102097316248461e+00
3.330150186863837458e+00
3.026386933162781290e+00
1.569785370663132440e+01
5.894179466819200464e+00
9.265837167230078775e-01
1.281952629638629881e+00
2.781934365529624387e+01
3.213718153938737720e-01
6.478916617276793133e+00
6.313775919116306312e+00
5.675107698968587577e+00
8.621303588765433901e+00
3.616171372546304053e+00
1.431073642352982489e+01
1.345565549232282798e+01
9.637758741059835543e+00
1.276804476914108477e+01
2.562162672917261474e+01
8.855207675456854943e+00
1.235844972592339630e+01
5.851665605313440821e+00
2.097389849500508419e+01
1.351179551479104823e+01
1.648615222206776920e+00
5.253516223867671364e+00
1.667214045574683112e+01
4.430429456571888802e-01
1.026595438452799547e+00
1.418800373040277130e+01
3.011282019305438151e+00
9.339271622805776829e+00
9.364792643168032837e-01
4.546153552232018669e+00
3.380622567551133884e+00
9.204505121255895261e+00
9.497908234010047579e+00
6.234389978759895534e+00
1.058936083491773061e+01
1.010268427478140296e+01
6.549411421794715693e+00
9.458360697763026792e+00
1.529414132857850994e+01
1.597270229986510870e+01
5.040763519091406408e+00
2.726724027756780022e-01
4.133903086152459494e+00
2.624546099517871323e+00
1.894645406073862759e+01
4.566903372509095504e+00
8.380070842935571918e+00
8.572743544377113167e+00
8.494285340750453273e+00
1.806277438448038097e+01
1.732612438717315939e+01
1.452749738585960237e+01
1.663872440610669656e+01
6.898301231713451109e+00
4.760051946272930046e+00
7.710983974981504119e+00
1.778283295460705915e+01
1.014866767797631653e+01
8.296164511407631004e-01
7.080678487181935488e+00
1.612382063135394716e+01
3.042633249415803043e+00
7.964770819069079799e+00
1.408475078980885797e+01
1.065610247774017250e+00
7.349912991956287556e+00
1.926362809293991729e+00
1.339424822590276065e+01
1.262368078348208833e+01
7.928198951032893405e+00
3.386710294103666641e+00
4.265793617112460523e-01
3.885013046853681651e+00
1.107967048607859795e+01
9.305465672404453770e+00
1.028025338709213088e+01
1.088021667559642403e+01
9.978725636518033681e+00
2.035328132614780117e+01
2.147698910153182439e+01
2.616780874889678898e+01
4.490454814971000630e+00
4.125113372486238106e+00
5.309845742565650895e+00
1.486193054557151783e+01
8.592541741802872224e+00
6.880005710739435232e-01
8.538534098098530478e+00
4.177093031283073188e+00
1.371149700446649966e+01
1.378670432934037571e+01
1.645120758060670241e+01
2.500413893369779483e+00
2.057511460392545288e+01
8.781404519351443838e+00
1.132723671544350275e+01
2.482602551398133794e+00
1.923040020176537856e+00
1.624772178128382905e+01
1.639219222753621752e+00
1.802914415622295152e+01
1.246399033177974580e+01
2.609901158038290703e+01
1.500771447183761964e+01
1.914873526126628089e+00
2.590924535140130214e+00
1.120065889846946483e+01
2.463878205868600624e+00
1.234780809431065229e+01
5.403627552256944355e+00
1.153186992331689709e+01
2.540216403423283253e+01
6.947747551311365122e+00
7.206455884993391514e+00
1.830744552564304906e+00
1.248709424446782457e+01
1.212128871361462501e+01
1.041006942973819349e+01
9.763284897687993791e+00
1.937514508550690451e+01
1.697799580763160066e+01
1.625027090138069141e+01
2.063146929996904433e+01
1.119928731812139766e+01
1.263253555864974942e+01
1.033624750649162038e+00
1.178786817059669723e+01
2.383686108688818805e+01
3.294463330807939627e-01
9.590241618491296194e+00
4.232105400775198589e+00
2.093248926286112699e+00
5.460715577725808068e+00
2.958591898263434050e+00
2.304862549905029212e+01
1.694711679694836803e+01
1.168291795447266423e+01
1.250850138771600939e+01
1.791901805280936011e-01
8.305159506318375406e+00
1.845793019658141176e+01
1.716525356903997546e+00
8.863374486545069431e+00
1.227955282109006774e+01
1.274534940409548689e+01
5.441322586378713133e+00
2.612265489286441866e+00
6.951898473951389157e+00
5.746669168242340753e+00
5.535336870195219916e+00
1.056996000082117027e+00
6.794580916512815705e+00
1.251116689846555330e+00
2.352505191543836194e+00
2.189777341128087418e-01
1.069505728778134568e+01
8.674028389477140166e+00
9.967913108080542983e+00
1.951737608928678824e+01
2.237162137308697751e+01
3.959162025324821421e+00
9.765849545426641853e+00
1.270161429793833996e+01
3.905477657690188842e+00
5.053947049883825038e+00
9.303383545006020938e+00
9.034155858265892292e+00
3.667642610278134097e+00
4.889522190050644035e+00
2.984279950507893672e-02
1.149425251391456371e+01
2.890099881899979906e+00
3.225744573714763863e+00
6.446710721869187033e+00
1.005038505492981127e+00
8.031690167081512399e+00
1.016257087813289672e+01
3.680060722136354823e+00
6.862258560588650802e+00
3.468958227754875168e+00
4.840411822711230272e+00
1.665656649417736945e+00
2.285047571635798036e+01
1.968120795981854299e+00
1.051502498413637454e+01
1.213838699848540870e+01
1.458074264720312385e+01
5.849867721287366429e+00
8.763207664597958413e+00
1.450112786212417737e-01
4.416255177642577578e+00
6.089915695302494214e+00
1.892750899842049916e+00
3.137128379941287459e+00
5.055225588897193312e+00
1.073213467276628563e+01
7.529087496801070145e+00
5.530591581144838287e+00
5.773142787511960528e+00
9.134569382920876279e+00
2.793397624509177835e+00
1.033248520353221700e+01
6.306011600611770795e+00
1.111830567390006408e+01
9.703926634595492207e-01
2.061117384888684623e-01
4.752043348821985980e+00
4.479186324204531999e+00
8.586736456010795493e+00
3.690996537182724690e+00
9.868591563919615339e+00
7.821636521168606748e+00
2.720041719849419781e+00
1.578854556456396629e+01
8.365015252312655747e+00
1.014854853054894690e+01
1.398817190830449242e+01
2.053275006637471023e+01
6.178138096270366475e+00
1.189170214340142095e+01
3.027804350851288184e+00
1.373006355931482458e+00
4.366903394804390715e+00
1.391236919387544013e+01
8.101519899524022961e+00
1.703192503353562515e+01
5.277408729906100326e+00
2.920512518888552833e+01
3.856605767011166641e+00
7.422542845215585494e+00
4.539173865523082441e+00
2.627269184079277231e-01
8.745191453084682820e+00
2.254736458867657944e+01
3.261806819530961743e+00
6.205371174906971099e+00
6.444293748693993074e+00
1.111686012351204011e+00
1.853742749729405048e+01
1.235182995755099533e+01
1.506008871654878067e+00
6.689754431579942207e+00
3.924492613597212465e+00
6.792467052417993756e+00
6.833267294584346452e+00
2.018506860469872558e-02
4.948373766262450069e+00
8.544357479165421765e+00
1.232849360239433167e+01
9.934466586852190417e+00
2.938836842357213097e+00
5.923258003763712809e-01
2.428804788097490786e+00
3.674341445088979086e+00
7.227304629554122783e+00
2.189194198076046760e+00
2.367278612994112019e-01
5.645719888708761403e+00
7.710365036292415652e+00
1.377478359338709168e+01
1.131766111905964239e-01
1.075857548608285086e+01
6.436626745294812046e+00
3.739518759583599916e+00
1.358235723203441836e+01
5.397945036205839386e+01
5.695310427934943576e+00
9.210578077293672949e-01
6.136542917122537411e+00
3.748944087057165753e+00
1.931810439371923138e+01
1.759829237946167879e+01
4.115313343566811888e+00
3.872226697289649078e+00
8.020033143658386043e-01
8.580582261311969106e+00
4.805053653784918666e+00
3.467272041522187376e+00
5.283634215681893842e+00
6.575757195322208482e+00
2.704714568171582734e+00
7.669240744634766571e+00
2.614155520347599904e+00
1.863317722474523652e+00
1.642830699011195250e+01
5.455343848152773845e+00
8.489313688525031765e+00
6.641647298822261902e+00
2.231596576558898981e+00
1.251310382581646152e+01
1.501628824801479389e+01
2.160706466344782584e+01
9.362392196844229630e+00
2.563674005118012356e-01
1.080583212310950714e+01
1.001236286734793346e+01
7.608404806219093430e+00
8.745704158351443880e+00
5.095421258393668218e+00
8.783779394180200484e+00
1.286186423981431126e+00
1.419762221832526272e+01
6.471029329941524466e-01
6.126115842770802900e+00
4.912767014351476114e+00
1.398269653848558569e+01
2.692632079635242981e+00
1.328274891235647281e+01
4.099748218639222230e+00
4.806679435130249090e+00
2.212755548505660474e+00
2.584212469889175168e+01
1.479103968974317951e+01
5.387865535952410134e+00
5.217600909218495175e+00
1.549440340980431330e+01
4.678437134762304939e-01
1.197052590730700139e+01
4.252144392334959555e+00
2.809906247101146004e+00
1.043632432142617361e+01
2.378760556790624037e+00
7.606178776288532006e+00
8.061691435006169471e+00
7.309501750647031670e+00
2.184884801699952472e+00
5.667738092284789531e+00
2.044825300608153373e+00
3.627244508390548905e+00
6.980417880932880514e+00
3.073593020132439513e+00
5.507292119949436682e+00
1.436006088439014228e+00
5.788312460039551688e+00
1.369627904629436976e+01
6.491403746843710465e+00
4.468203125964130606e+00
3.937217843119936944e+00
1.606229524879685044e+01
6.189372820903558114e-01
1.801026006460581641e+00
1.734406444112698287e+00
9.717930703197898978e+00
3.020963868388411466e+00
4.389660539039407006e+00
9.631084911423412720e+00
8.970273276734703316e+00
1.112926629357310349e+00
9.188668364178548487e+00
6.619291356326701958e+00
7.669753935606870243e+00
2.691483372111251438e+00
6.165118173117297040e+00
5.526372145342957509e+00
1.715713513892288944e+01
2.037407454404778218e+00
1.455164185143568600e+00
3.531623947246142592e+00
8.587095413348066586e+00
2.554300526068410182e+00
9.398569905006565861e+00
6.962377940674552512e+00
1.641712895214290313e+00
1.317122560659846009e+01
6.619136206809297818e+00
7.745939534119036018e+00
2.767605679389216533e+00
1.557918461209556682e+01
2.897928904087995861e+01
6.012142228386250231e+00
4.900529600523407581e+00
2.673718062670113227e+01
1.728759876513792548e+01
1.052545429950487410e+01
2.057206694108636658e+00
3.383812158130696801e+00
7.925117388189027778e+00
7.556073212671420514e+00
7.250474984529901690e+00
1.403538114480659260e+01
1.722924403018413386e+01
1.046617067961903125e+01
2.978223335061684907e+00
8.892613091457317154e+00
7.988517193899920876e+00
3.971624804864806180e+00
7.033801720298205495e+00
1.008160636259289689e+01
3.051498246690262039e+00
2.888032569412238182e+00
8.846129412305737461e+00
1.799576806496572701e+00
7.322053388272232732e-01
8.718609888109815742e+00
9.603584987924312699e+00
1.247197456056663967e+01
1.353117270741921985e+01
1.587805121871365444e+01
4.818262464105970366e+00
2.587325872640763524e+00
2.438604885558557811e+01
1.077670331525404634e+01
7.275992461089475505e+00
9.332574278582448812e+00
2.630618650731500363e+00
3.000381559486115179e+00
2.704725633559103226e+00
6.920006250422063410e+00
1.055021296739302095e+01
2.140436426618327559e+00
6.015083617072888522e+00
4.501927258728475323e+00
1.926072683834228139e+00
5.876063244963936505e+00
2.351694789525033524e+00
7.257799035532425336e+00
1.705553623396770524e+00
1.311463977664436520e+01
7.490055273946876646e+00
3.349128971877151528e+00
7.993507842062215651e+00
1.037038171977293111e+01
1.910822676972648626e+00
1.323644032360824419e+01
2.362941926858982189e+00
9.743151618409324755e+00
1.392578936104640563e+00
8.091344712508742987e+00
1.048595416667768987e+01
8.315889128291114929e+00
1.416863856761969132e+00
6.153374250532619882e+00
4.825095688175860431e+00
1.245411667893340102e+01
1.341834034178378099e+00
2.805422028896107367e+00
6.966025191165369890e+00
2.513127317239175706e+00
2.848421469869957257e-01
2.551393745033244009e+00
1.733862368737555215e+01
1.015133848825534280e+01
1.386230552508378366e+01
2.058470833883560225e+00
1.298733282468119299e+01
2.406020459310381554e+00
1.329269081076524017e+01
3.685746515053805439e+01
7.163855091014869281e+00
1.462909432831174250e+01
8.379410524204564226e+00
4.167076366202234539e+00
3.389594398112567020e-01
5.594548506656752629e+00
2.771164921024850125e-01
6.730845738674203105e+00
1.643320577634135304e+01
2.738994337352466601e+01
1.572549348651855894e+01
1.925469707873071368e+00
3.413687094145150702e+00
