9.501446038484573364e-02
1.841869354248046875e-01
4.063592106103897095e-02
1.577827632427215576e-01
1.139279678463935852e-01
1.540593206882476807e-01
5.802964419126510620e-02
1.014075800776481628e-02
8.675961941480636597e-02
6.151704862713813782e-02
7.330930233001708984e-02
1.335748583078384399e-01
1.076479628682136536e-01
8.196454495191574097e-02
2.696834206581115723e-01
-1.804827153682708740e-02
1.165098771452903748e-01
1.081833392381668091e-01
-6.079488247632980347e-02
-1.238020807504653931e-01
2.242587357759475708e-01
1.101777181029319763e-01
7.282692193984985352e-02
5.985458567738533020e-02
1.907374411821365356e-01
2.134322524070739746e-01
-1.206096028909087181e-03
2.049201540648937225e-02
2.803505957126617432e-02
9.095509350299835205e-02
1.172643154859542847e-01
1.681726723909378052e-01
1.791372448205947876e-01
6.772045791149139404e-02
2.939384281635284424e-01
6.199533492326736450e-02
2.436390519142150879e-02
3.803380578756332397e-02
-2.013646624982357025e-02
4.550435021519660950e-02
1.726510524749755859e-01
1.425828933715820312e-01
9.085832536220550537e-02
6.039332970976829529e-02
3.533870726823806763e-02
4.167491197586059570e-02
2.008751407265663147e-02
6.453409790992736816e-02
2.057288140058517456e-01
7.303473353385925293e-02
1.050476655364036560e-01
8.666710555553436279e-02
-2.082330733537673950e-02
8.157956600189208984e-02
-8.254451304674148560e-02
-5.955927073955535889e-02
1.860240697860717773e-01
2.327688336372375488e-01
-1.236903890967369080e-01
1.238997653126716614e-01
7.989839464426040649e-02
6.390579044818878174e-02
2.488338202238082886e-01
-6.620083004236221313e-02
-9.220024570822715759e-03
1.137462407350540161e-01
8.199244737625122070e-02
8.136237412691116333e-02
1.355672180652618408e-01
-2.763767167925834656e-02
1.291082799434661865e-01
1.602146476507186890e-01
2.515804581344127655e-02
1.940554082393646240e-01
1.641130298376083374e-01
2.249942533671855927e-02
1.671454608440399170e-01
2.331411987543106079e-01
1.735348254442214966e-01
2.467065155506134033e-01
1.662768870592117310e-01
9.921531379222869873e-02
-2.701229043304920197e-02
5.337532982230186462e-02
1.732484437525272369e-02
9.556205570697784424e-02
1.104801073670387268e-01
6.470748037099838257e-02
1.225744858384132385e-01
5.502847954630851746e-02
-9.978664666414260864e-02
1.641493439674377441e-01
1.163694784045219421e-01
3.372804494574666023e-03
4.739029705524444580e-02
4.781510680913925171e-02
2.117106132209300995e-02
2.612452805042266846e-01
1.114804521203041077e-01
4.109228029847145081e-02
1.220064312219619751e-01
1.010624170303344727e-01
1.707287281751632690e-01
-3.002510219812393188e-02
1.526892334222793579e-01
-7.729659322649240494e-03
-4.350560484454035759e-04
6.653185188770294189e-02
1.464886218309402466e-01
-2.658309787511825562e-02
1.587287709116935730e-02
8.725856244564056396e-02
7.981475442647933960e-03
1.186037808656692505e-01
2.156559675931930542e-01
6.798451393842697144e-02
-4.856151342391967773e-02
1.215486824512481689e-01
1.252603828907012939e-01
5.549298599362373352e-02
9.426452219486236572e-02
1.060703694820404053e-01
2.094514667987823486e-01
4.761210456490516663e-02
6.728976219892501831e-02
2.301491200923919678e-01
-4.555908497422933578e-03
1.637070178985595703e-01
-9.974115528166294098e-03
2.060078084468841553e-01
1.344295889139175415e-01
9.875320643186569214e-02
2.060117423534393311e-01
1.653499305248260498e-01
-5.183664616197347641e-03
5.173118412494659424e-02
-4.239205736666917801e-03
-4.840435832738876343e-02
9.435115754604339600e-02
1.382267177104949951e-01
2.838001847267150879e-01
2.260178327560424805e-01
8.271216601133346558e-02
1.301179267466068268e-02
2.035385370254516602e-01
1.552310138940811157e-01
7.411909848451614380e-02
2.229871153831481934e-01
1.322806179523468018e-01
1.937442645430564880e-02
1.424964368343353271e-01
7.137911021709442139e-02
2.438342943787574768e-02
1.612721979618072510e-01
2.736404910683631897e-02
5.006141215562820435e-02
1.076496168971061707e-01
4.889856278896331787e-02
1.325253248214721680e-01
-1.482256874442100525e-02
3.112736344337463379e-02
7.815170288085937500e-02
1.038804873824119568e-01
6.299890577793121338e-02
1.390309631824493408e-01
1.077750883996486664e-02
3.134066984057426453e-02
7.860353589057922363e-02
1.152418740093708038e-02
1.194183975458145142e-01
4.684987291693687439e-02
1.353665590286254883e-01
3.037989139556884766e-01
-2.424534223973751068e-02
-7.815255224704742432e-02
8.739714324474334717e-02
-5.817947536706924438e-02
1.939020678400993347e-02
9.183074533939361572e-02
1.383855342864990234e-01
1.482576429843902588e-01
1.494123786687850952e-01
5.797761306166648865e-02
3.338902071118354797e-02
4.587605223059654236e-02
1.102312505245208740e-01
3.134600445628166199e-02
1.100519746541976929e-01
1.088268384337425232e-01
-2.132911235094070435e-02
2.628273665904998779e-01
-2.458353526890277863e-02
-7.486170530319213867e-02
-6.399282068014144897e-02
3.824046999216079712e-02
1.199434846639633179e-01
1.532628852874040604e-02
2.685535140335559845e-02
1.405635476112365723e-01
1.557594239711761475e-01
1.270302087068557739e-01
-2.641632407903671265e-02
8.176656067371368408e-02
5.812456831336021423e-02
-4.161585122346878052e-02
-7.577429711818695068e-02
1.781201362609863281e-02
5.955895781517028809e-02
5.323632806539535522e-02
1.301495134830474854e-01
5.890900641679763794e-02
1.231138110160827637e-01
1.801606565713882446e-01
4.069308564066886902e-02
2.374522238969802856e-01
2.655445933341979980e-01
1.061721518635749817e-01
-1.086420863866806030e-01
1.167202964425086975e-01
1.610363870859146118e-01
1.156889945268630981e-01
9.715551137924194336e-02
1.394175291061401367e-01
5.278072133660316467e-02
5.285295844078063965e-02
5.015435069799423218e-02
1.385681778192520142e-01
7.976043038070201874e-03
2.297959178686141968e-01
1.178959310054779053e-01
1.397407352924346924e-01
6.591538339853286743e-02
8.763242512941360474e-02
7.430360466241836548e-02
6.573411822319030762e-02
-9.926147758960723877e-02
7.941702008247375488e-02
3.073984198272228241e-02
1.166061460971832275e-01
1.256788372993469238e-01
1.976069249212741852e-02
1.385029852390289307e-01
-1.213951385580003262e-03
1.275019198656082153e-01
4.268643260002136230e-02
3.127444908022880554e-02
4.655780270695686340e-02
-3.444977477192878723e-02
6.430459022521972656e-02
1.177816558629274368e-02
1.074761748313903809e-01
1.975984424352645874e-01
1.203529015183448792e-01
8.348853327333927155e-03
3.752059489488601685e-02
7.675574719905853271e-02
1.442451030015945435e-01
-8.067191392183303833e-02
1.868754476308822632e-01
4.570775106549263000e-02
-3.466626629233360291e-02
2.319855391979217529e-01
8.900637179613113403e-02
7.944765686988830566e-02
1.367943435907363892e-01
-8.013878948986530304e-03
1.413756050169467926e-02
1.564525663852691650e-01
1.748735606670379639e-01
-6.432210654020309448e-02
1.319032511673867702e-03
8.645974844694137573e-02
6.453751027584075928e-02
1.107053458690643311e-01
5.609922856092453003e-02
2.053042948246002197e-01
5.132165178656578064e-02
1.036099866032600403e-01
-8.298701792955398560e-02
2.007323652505874634e-01
1.728676855564117432e-01
3.353011980652809143e-02
8.222065120935440063e-02
6.752546131610870361e-02
1.652682386338710785e-02
8.338166773319244385e-02
-1.076532676815986633e-01
5.955980718135833740e-02
2.016353793442249298e-02
1.154732182621955872e-01
3.355278819799423218e-02
1.481733471155166626e-01
3.350514173507690430e-01
2.369033247232437134e-01
1.517935544252395630e-01
5.713865160942077637e-02
3.374720737338066101e-02
1.268616765737533569e-01
1.465753614902496338e-01
1.673847138881683350e-01
1.252598762512207031e-01
1.869355887174606323e-01
1.230956539511680603e-01
8.130902796983718872e-02
6.639198213815689087e-02
1.389027200639247894e-02
1.781029254198074341e-01
-1.725188456475734711e-02
1.211481615900993347e-01
-3.600573912262916565e-02
1.360705941915512085e-01
6.083858385682106018e-02
5.230296403169631958e-02
-1.203741598874330521e-02
3.570922091603279114e-02
2.264388501644134521e-01
1.259014308452606201e-01
1.033165305852890015e-01
2.316894754767417908e-02
1.021179854869842529e-01
1.342299580574035645e-01
8.243320882320404053e-02
5.519341304898262024e-02
-4.455108195543289185e-02
8.141771703958511353e-02
-1.420996122760698199e-04
8.442089706659317017e-02
1.438572704792022705e-01
1.700847595930099487e-01
1.354532092809677124e-01
7.925907522439956665e-02
4.405346885323524475e-02
3.891891241073608398e-02
1.916013658046722412e-02
1.364239454269409180e-01
2.307761907577514648e-01
7.848266512155532837e-02
2.816138416528701782e-02
9.935402125120162964e-02
-1.148620806634426117e-02
1.858655661344528198e-01
1.969583481550216675e-01
1.419423967599868774e-01
9.425935894250869751e-02
-1.435874998569488525e-01
5.456272512674331665e-02
4.826339706778526306e-02
8.349128067493438721e-02
-8.158595114946365356e-02
1.389790028333663940e-01
3.282071277499198914e-02
-5.565249919891357422e-02
1.067011505365371704e-01
6.651882082223892212e-02
5.992507189512252808e-02
5.633044242858886719e-02
1.123821288347244263e-01
2.120605707168579102e-01
-3.443667665123939514e-02
6.883167475461959839e-02
-3.230823576450347900e-02
1.046760156750679016e-01
6.473866850137710571e-02
-1.023477613925933838e-01
4.011576250195503235e-02
-1.640696078538894653e-02
3.219927847385406494e-01
1.238993089646100998e-02
1.248048692941665649e-01
1.228684708476066589e-01
3.282718658447265625e-01
2.256102487444877625e-02
-2.016735821962356567e-02
1.813446730375289917e-01
7.315151393413543701e-02
4.116228222846984863e-02
7.837589085102081299e-02
2.925718128681182861e-01
8.701090514659881592e-02
1.441721431910991669e-02
1.161238849163055420e-01
1.769544184207916260e-01
1.224815472960472107e-01
2.923916652798652649e-02
-2.004203386604785919e-02
1.429710537195205688e-01
1.233971714973449707e-01
2.209410816431045532e-02
2.796892225742340088e-01
2.503197491168975830e-01
7.047289609909057617e-02
5.000588297843933105e-02
4.206953942775726318e-02
7.288816571235656738e-02
-8.459656499326229095e-03
5.908809602260589600e-02
8.879534155130386353e-02
2.260489314794540405e-01
5.336734279990196228e-02
1.753859966993331909e-01
1.221645623445510864e-02
3.344182623550295830e-03
5.750761926174163818e-02
9.650202095508575439e-02
-3.495322912931442261e-02
7.428011298179626465e-02
2.303310185670852661e-01
1.687409430742263794e-01
2.315384894609451294e-02
2.084873318672180176e-01
3.128443658351898193e-02
2.622232772409915924e-02
1.056460887193679810e-01
2.838344871997833252e-01
9.992725402116775513e-02
4.151051118969917297e-02
1.008756607770919800e-01
2.812613674905151129e-04
7.353826612234115601e-02
1.531295031309127808e-01
1.169153526425361633e-01
9.729985147714614868e-02
1.897270977497100830e-02
2.272582054138183594e-01
2.370448857545852661e-01
4.570747539401054382e-02
1.871929764747619629e-01
-3.423226624727249146e-02
2.355321310460567474e-02
1.801046282052993774e-01
2.635746598243713379e-01
1.525793820619583130e-01
3.398332372307777405e-02
4.053100198507308960e-02
5.949446931481361389e-03
4.909475147724151611e-02
-6.366862356662750244e-02
-9.092708118259906769e-03
1.428883224725723267e-01
-3.709442168474197388e-02
7.968967407941818237e-02
8.603657782077789307e-02
2.532428503036499023e-01
1.216755509376525879e-01
6.204351782798767090e-02
1.844595521688461304e-01
3.103372827172279358e-02
5.430530384182929993e-02
-3.530724346637725830e-02
5.019842460751533508e-02
1.964815519750118256e-02
7.389697432518005371e-02
-2.789756283164024353e-02
3.280411660671234131e-02
-2.793331816792488098e-02
-1.096385344862937927e-01
6.954172253608703613e-02
5.008305981755256653e-02
7.434592396020889282e-02
-9.005397558212280273e-03
3.543658927083015442e-02
4.782715439796447754e-02
4.481381922960281372e-02
1.700066775083541870e-02
2.290016114711761475e-01
1.550808101892471313e-01
1.393756717443466187e-01
-1.025540307164192200e-01
9.598046541213989258e-02
1.957710683345794678e-01
2.553117871284484863e-01
-5.359154194593429565e-02
-1.258830190636217594e-03
-5.125775560736656189e-02
1.182731837034225464e-01
9.988018870353698730e-02
-4.153586551547050476e-02
8.758474141359329224e-02
1.291253119707107544e-01
-7.155615836381912231e-02
9.616526216268539429e-02
1.500879824161529541e-01
1.535064261406660080e-02
1.913467794656753540e-01
1.248286515474319458e-01
1.708849519491195679e-01
1.433177888393402100e-01
-3.528340533375740051e-02
5.592267587780952454e-02
1.848671585321426392e-01
1.130989287048578262e-02
1.002919003367424011e-01
2.067613750696182251e-01
1.010885164141654968e-01
6.742773205041885376e-02
-2.513841353356838226e-02
4.634936526417732239e-02
9.307889267802238464e-03
-4.765451326966285706e-02
9.965275228023529053e-02
1.573800146579742432e-01
-3.060760349035263062e-02
7.842145115137100220e-02
2.108313515782356262e-02
2.768932143226265907e-03
1.510879844427108765e-01
3.790705651044845581e-02
1.510150134563446045e-01
2.699930965900421143e-02
1.046734750270843506e-01
1.437824815511703491e-01
2.188044637441635132e-01
1.203618794679641724e-01
1.044855788350105286e-01
1.488998681306838989e-01
8.307936042547225952e-02
-2.569455653429031372e-02
-1.026175245642662048e-01
1.516824513673782349e-01
1.301900893449783325e-01
-2.474115975201129913e-02
7.079902291297912598e-02
8.563128858804702759e-02
7.856971770524978638e-02
3.502107411623001099e-02
1.128924312070012093e-03
1.247463524341583252e-01
2.138760387897491455e-01
5.798032134771347046e-02
-6.333900243043899536e-02
4.808241873979568481e-02
1.331086903810501099e-01
-3.887064009904861450e-02
3.708105906844139099e-02
1.080658473074436188e-02
1.796001791954040527e-01
5.712894350290298462e-02
1.483625471591949463e-01
-7.996110245585441589e-03
2.754199504852294922e-01
8.123853057622909546e-02
1.783100515604019165e-01
4.531643912196159363e-02
1.312989741563796997e-01
6.133484840393066406e-02
-2.705549122765660286e-04
1.567575633525848389e-01
6.217714864760637283e-03
-2.762653119862079620e-02
-6.475389748811721802e-02
-5.644275248050689697e-02
-2.106438949704170227e-02
8.135279268026351929e-02
6.055252254009246826e-02
2.487405240535736084e-01
1.992081701755523682e-01
-4.241776093840599060e-02
1.188893392682075500e-01
1.718648523092269897e-02
1.450570225715637207e-01
2.082642316818237305e-01
8.088514208793640137e-02
8.771686255931854248e-02
1.698586344718933105e-01
6.305629014968872070e-02
5.602496489882469177e-02
2.412554249167442322e-02
-5.304178688675165176e-03
-5.909957736730575562e-02
6.194366142153739929e-02
1.092164516448974609e-01
1.304347217082977295e-01
2.546094954013824463e-01
5.450154095888137817e-02
1.716401427984237671e-02
3.955796360969543457e-02
1.179457753896713257e-01
-4.442146979272365570e-03
1.080431267619132996e-01
2.802605181932449341e-02
-7.546955253928899765e-03
8.582384884357452393e-02
6.918703019618988037e-02
1.841991245746612549e-01
-2.355250902473926544e-02
6.398980319499969482e-02
1.734237223863601685e-01
6.857188045978546143e-02
2.207757234573364258e-01
1.068783104419708252e-01
1.259612292051315308e-01
8.878956735134124756e-02
-1.329409778118133545e-01
6.999292224645614624e-02
2.752721011638641357e-01
2.156026847660541534e-02
3.245572373270988464e-02
2.246470190584659576e-03
-4.463309794664382935e-02
3.199519962072372437e-02
-4.150904715061187744e-02
2.216527424752712250e-02
1.490093916654586792e-01
-4.514340776950120926e-03
5.519415810704231262e-02
3.681020066142082214e-02
2.150270342826843262e-01
4.219784960150718689e-02
7.018715888261795044e-02
1.675003468990325928e-01
1.846070140600204468e-01
1.918108612298965454e-01
5.088404193520545959e-02
1.401770859956741333e-01
-5.416746810078620911e-02
1.015942841768264771e-01
2.485368400812149048e-02
1.844377666711807251e-01
1.174999848008155823e-01
-2.031009458005428314e-02
-1.069933101534843445e-01
1.247768551111221313e-01
-2.916910499334335327e-02
1.396266222000122070e-01
2.687720656394958496e-01
-2.962914481759071350e-02
-4.075851291418075562e-02
6.473297625780105591e-02
7.990558631718158722e-03
-4.115815088152885437e-02
2.238424271345138550e-01
5.073138698935508728e-02
8.056104928255081177e-02
1.492049247026443481e-01
8.327736705541610718e-02
1.530539393424987793e-01
2.136490941047668457e-01
4.259022697806358337e-02
1.816479256376624107e-03
1.028332188725471497e-01
1.581857800483703613e-01
7.678164541721343994e-02
4.702958092093467712e-02
3.474550321698188782e-02
-5.530015565454959869e-03
5.375975370407104492e-02
1.322902590036392212e-01
9.128848463296890259e-02
1.408552378416061401e-01
-8.599146455526351929e-02
1.822610497474670410e-01
-5.494866892695426941e-02
-1.445909310132265091e-02
7.582652568817138672e-02
-1.071990057826042175e-01
-5.911986809223890305e-03
7.943011075258255005e-02
1.017182618379592896e-01
1.083335056900978088e-01
2.893764078617095947e-01
1.620011031627655029e-01
2.010034397244453430e-02
1.613541990518569946e-01
-1.017819438129663467e-02
-1.762415096163749695e-02
8.343485742807388306e-02
2.307637333869934082e-01
1.532159596681594849e-01
6.493955105543136597e-02
1.298340260982513428e-01
1.934119164943695068e-01
1.717499345541000366e-01
2.436649426817893982e-02
1.709250807762145996e-01
2.377239763736724854e-01
1.018098592758178711e-01
4.091619327664375305e-02
7.898110896348953247e-02
7.487234473228454590e-02
1.957745552062988281e-01
2.801045589148998260e-02
-1.328783016651868820e-02
6.997668743133544922e-02
7.321926206350326538e-02
1.456907093524932861e-01
5.281772464513778687e-02
6.320603936910629272e-02
1.077860519289970398e-01
1.180018112063407898e-01
9.814839810132980347e-02
2.156212925910949707e-02
1.296136379241943359e-01
3.904637321829795837e-02
-7.408454548567533493e-03
6.365727633237838745e-03
9.576006978750228882e-02
-1.407961696386337280e-01
6.751508265733718872e-02
6.627634167671203613e-02
8.066400140523910522e-02
4.956010729074478149e-02
2.199978800490498543e-03
2.538652159273624420e-02
1.192583292722702026e-01
-7.228406611829996109e-03
6.042599305510520935e-02
8.495227992534637451e-02
4.573606327176094055e-02
1.546232402324676514e-01
1.169853881001472473e-01
6.583154201507568359e-02
5.027519538998603821e-02
1.458750814199447632e-01
6.431715190410614014e-02
-6.676106899976730347e-02
8.930351585149765015e-02
6.447449326515197754e-02
8.465325227007269859e-04
5.068616941571235657e-02
1.121984794735908508e-01
-2.417899668216705322e-03
4.533577710390090942e-03
1.317114084959030151e-01
2.737601697444915771e-01
6.166836246848106384e-02
2.014985382556915283e-01
1.274320930242538452e-01
5.949942395091056824e-02
7.451383769512176514e-02
1.112208440899848938e-01
1.399648785591125488e-01
5.933682620525360107e-02
-7.959906011819839478e-03
5.755934864282608032e-02
5.912537220865488052e-03
1.927002817392349243e-01
-5.308463796973228455e-02
1.683253608644008636e-02
-7.462553214281797409e-03
1.527417004108428955e-01
2.308762669563293457e-01
2.910839021205902100e-02
-1.145536173135042191e-02
3.802338242530822754e-02
7.491876929998397827e-02
1.849093437194824219e-01
2.659015357494354248e-02
1.635184325277805328e-02
1.006469801068305969e-01
2.132112532854080200e-01
1.287874281406402588e-01
1.238153204321861267e-01
7.696846127510070801e-02
1.002709791064262390e-01
1.229754090309143066e-01
-7.515481207519769669e-03
-3.918885253369808197e-03
1.321490108966827393e-01
5.566697567701339722e-02
1.082808822393417358e-01
4.244218021631240845e-02
5.487346276640892029e-02
-5.840626358985900879e-02
5.866698920726776123e-02
9.349887073040008545e-02
5.610691010951995850e-02
1.319255828857421875e-01
7.225646823644638062e-02
-5.489118862897157669e-03
7.366687059402465820e-02
-6.474355608224868774e-02
1.021689549088478088e-01
1.607929915189743042e-01
-5.023437365889549255e-02
1.273869723081588745e-01
3.192563354969024658e-02
-1.533915661275386810e-02
-8.168797194957733154e-02
-1.012088656425476074e-01
1.204115450382232666e-01
8.659310638904571533e-02
1.005109399557113647e-01
-5.539602041244506836e-02
6.043313816189765930e-02
-1.640270836651325226e-02
6.825200468301773071e-02
1.006162315607070923e-01
-3.565449640154838562e-02
5.981174111366271973e-02
-2.170807272195816040e-01
1.760129034519195557e-01
2.113392502069473267e-01
8.485533297061920166e-02
-6.957017630338668823e-02
2.045668959617614746e-01
6.529701501131057739e-02
1.607008650898933411e-02
-4.684137552976608276e-02
4.186775162816047668e-02
9.753718227148056030e-02
5.557450279593467712e-02
1.548666507005691528e-01
2.730486541986465454e-02
7.740064710378646851e-02
1.161756291985511780e-01
5.922173708677291870e-02
1.426829695701599121e-01
2.476860396564006805e-02
4.489095509052276611e-02
9.154698997735977173e-02
2.011938542127609253e-01
7.479579001665115356e-02
1.156254187226295471e-01
1.339176148176193237e-01
-1.092791557312011719e-02
2.210326343774795532e-01
-6.611822545528411865e-02
1.164840906858444214e-01
1.778066009283065796e-01
1.140689179301261902e-01
1.149242594838142395e-01
1.188200116157531738e-01
-3.753061592578887939e-02
2.451776526868343353e-02
5.131390318274497986e-02
7.411357015371322632e-02
1.203213725239038467e-02
1.704474352300167084e-02
3.155300766229629517e-02
-2.898304909467697144e-02
8.117157965898513794e-02
1.600895822048187256e-01
1.324721574783325195e-01
1.521482169628143311e-01
1.875024884939193726e-01
-3.165200725197792053e-02
5.821602419018745422e-02
1.295014023780822754e-01
1.674575507640838623e-01
5.671158805489540100e-02
7.632540166378021240e-02
9.620306082069873810e-03
4.974343627691268921e-02
9.234409034252166748e-02
5.350438877940177917e-02
1.552450936287641525e-02
4.981441423296928406e-02
1.619750410318374634e-01
-7.245320011861622334e-05
3.338979557156562805e-02
3.071282990276813507e-02
3.191418945789337158e-02
5.296450573951005936e-03
3.400789573788642883e-02
-5.466287024319171906e-03
1.361193060874938965e-01
4.082159698009490967e-02
3.122356906533241272e-02
9.310270845890045166e-02
-3.187453746795654297e-02
9.138209372758865356e-02
8.076461404561996460e-02
1.659369841217994690e-02
4.548687487840652466e-02
1.666777878999710083e-01
-2.823223173618316650e-02
4.701613262295722961e-02
-9.950404986739158630e-03
6.508070230484008789e-02
-1.360903531312942505e-01
3.748342767357826233e-02
1.845994889736175537e-01
-2.637467719614505768e-02
-6.319170445203781128e-02
-8.925937861204147339e-02
8.506497740745544434e-02
5.838414654135704041e-02
8.257880061864852905e-02
6.917955726385116577e-02
-1.324493810534477234e-02
6.081422418355941772e-02
1.548350155353546143e-01
1.345734000205993652e-01
-3.624494001269340515e-02
2.058976292610168457e-01
1.748311519622802734e-01
6.034837290644645691e-02
2.634234260767698288e-04
2.166851796209812164e-02
-1.909646950662136078e-02
1.523020416498184204e-01
9.125650674104690552e-02
1.220694407820701599e-01
-2.229836396872997284e-02
1.316816955804824829e-01
1.328414529561996460e-01
2.999003231525421143e-02
1.828195005655288696e-01
1.095345467329025269e-01
1.291792392730712891e-01
7.912342250347137451e-02
