2.284302544814837077e+00
2.401503827273501201e+00
2.425253005020709729e+00
5.717312282616088481e+00
4.366578138053684555e+00
9.459292162703855311e+00
2.004867969637344594e+00
2.676768601972774775e+00
5.662759596787815042e+00
4.231308014386233829e+00
1.485463715827470921e+01
6.619066782220918155e-01
5.719673976714483743e+00
6.289537726306143384e+00
3.440475857118255210e+00
8.462610746039008092e+00
1.402333430600267716e+00
1.406521527211700651e+00
2.873643607271637368e+00
6.424213573267677724e+00
7.345751579020510791e-01
2.976948543952830928e+00
3.331541698139048435e+00
3.158913015262473145e+00
5.544807967578977426e-01
1.135959995268118128e+01
3.165853860355267724e+00
5.139722930714560878e-01
1.132650944642328072e+00
1.178744545188125770e+00
1.294515191925631470e+00
6.732414329684854870e+00
1.600038411770798641e+00
3.846691999026898845e+00
1.141489572394610796e+00
2.495854702865563102e+00
5.174033246491863025e+00
3.297346659959039972e+00
1.214724403993281854e+01
1.485532090876489519e+01
3.016566218436145252e+00
3.264120817133727481e+00
3.659966487881588737e+00
5.249155327077311917e+00
3.856162962298119279e+00
2.615889825294314797e+00
1.743183386579323368e+00
4.719241674720590751e+00
1.100360940298287638e+01
1.285278289973510679e+00
7.550725879827308695e+00
6.092109154072400834e+00
9.183514866301200064e-01
6.204677218860488175e+00
1.549994494881978113e+01
9.141789762629743521e+00
4.564982631877759545e+00
5.024576588023637047e-01
2.137680321151175455e+00
2.413071603820222122e-01
4.170276691959241333e+00
2.212504961310831852e+00
3.213377940185713211e+00
1.115249559016843861e+01
1.639239238040836488e+00
2.028393318437053949e+00
3.136904155336038169e+00
4.950830101799686744e+00
5.472770535865418395e+00
2.765430626806363978e+00
4.711069756645215101e+00
7.388827187919004835e+00
5.183448377288289777e+00
3.871780194238937933e-01
2.970473676499084448e+00
3.362525508361319249e-01
5.473266090267914219e-01
4.019580451203467852e+00
3.108679595929503825e-01
7.128187729965752339e+00
1.154294011514416241e+00
4.431306471441396333e+00
2.952451453890158728e+00
4.554854777949922884e+00
5.762770903978478465e+00
2.947268839236004467e+00
1.139180053353734579e+01
2.650902105278861054e+00
5.233322489061279503e-01
4.978270871092863814e+00
5.151427674733895401e+00
1.470476565533990421e+00
6.069618702039910468e-02
2.376254711669487651e+00
4.422443260502796569e+00
7.171821992854642502e+00
5.510402589229817849e+00
2.684905926007994381e+00
4.035753766996796887e-01
8.580060958291975126e+00
5.945823177865118048e+00
3.478501989934481564e+00
1.878239304650059172e+00
1.612722020257113309e+00
5.713781320468866998e-01
2.893618824052873961e+00
3.121838972379367583e+00
2.332825329172744766e+00
1.776855796190649706e+00
1.788401839547133498e+00
7.815170507045620107e-01
6.401094940787757537e+00
1.590020583846629920e+00
3.320716015462069848e+00
2.158014467886796961e+00
4.526767108701128528e+00
2.071522900935265921e-01
6.784322869968432146e-01
1.054941319980948533e+00
4.182081580245195163e+00
9.004635563532902509e+00
4.665734216236353760e+00
1.322137802356023961e+00
1.440537303949201764e+00
2.908079395480518858e+00
4.087938775231305222e+00
1.548046812225133850e+00
1.132460374495968924e+00
2.720186826880288233e+00
5.975936100697081699e+00
6.454156595946765940e+00
1.047517910316650092e+00
9.830990523997467090e-01
1.177143537639538801e-01
3.924201465799252109e+00
6.930681951622559289e-01
3.302166972085304408e+00
3.307514351909539130e+00
5.927163995723608636e+00
2.276206147224460796e+00
3.779633531739865049e+00
1.807524445433335014e+00
7.210106920107893558e+00
2.412565180435866097e+00
6.850060247706808880e+00
2.903296925749673907e+00
2.312001279347062344e+00
1.983994443567402399e+00
4.542197209202729624e+00
3.767139265383140589e+00
4.164801672880214412e+00
4.395619948551208189e+00
2.417410293409889555e+00
5.846324043299095052e+00
3.942957256047197490e+00
7.703382189852833184e-01
4.368436807399983302e+00
5.297353240486412318e+00
3.549407832119528816e+00
2.306647761202345048e+00
1.777148329498667190e+00
2.671704015280012889e+00
1.451227000980826132e+00
6.829304939112231798e-01
6.651915736363047671e+00
7.336592697186048007e+00
4.682061879066166110e-01
1.242719208294527311e+00
3.314746382106627198e+00
1.371467702051358595e+00
6.765535043715821040e+00
3.688089943852629560e+00
3.861448775354286767e+00
3.178508392185410703e+00
1.021477201076564967e+01
1.082098022637195234e+00
2.495378826205588485e+00
2.225374652801131781e+00
4.477754243884359830e+00
4.046928400382818758e+00
4.360130239532845842e+00
3.928976075785243882e+00
9.431987688480582221e+00
2.146975299749512622e+00
1.820031771954909727e+00
2.097976933518634901e+00
4.035203014161796276e+00
2.319776170041574215e+00
3.129206787828060055e+00
1.154527981741809262e+00
6.163014102894977420e+00
9.145123704868000303e+00
1.275763459155197133e+01
5.765595786501442888e+00
2.106701615806617411e+00
7.876809517595965815e+00
7.728752716860946670e+00
6.730160290750761831e+00
4.018979096530257422e+00
7.408868480834461812e-01
3.087644122095629218e+00
5.507819185861876354e-01
5.234740446508404865e+00
2.754584039063527001e+00
5.633201786979514791e-01
5.960648547625279070e-01
1.454027626224836389e+00
1.947900628994067018e+00
4.507904091477746178e+00
4.247302184523089608e+00
6.589926243195537436e-01
5.275935207306522656e+00
2.820247020004817529e+00
2.652941192639906909e+00
2.887747536314903218e+00
7.742798884468896949e-03
8.153707083976138748e+00
4.065852990299601899e+00
2.462040877362024371e+00
2.322777713617142581e+00
2.145447718510981261e+00
1.093450643514987597e+01
2.874008953077205497e+00
1.875641157242523338e+00
3.028260917032944199e+00
3.307451933630323193e+00
9.513312317127409656e+00
5.479841832534688706e+00
6.185938983616206421e+00
2.620147223725779906e+00
3.282620633252936848e+00
1.316963565590490326e+00
4.023818343528691166e+00
2.879445490907400984e+00
6.567973872451892348e+00
3.005149116407296095e+00
3.052063349599832609e+00
2.523708041620236209e+00
7.376538516024022663e+00
1.587452411382844097e+00
1.703010105007208286e-01
4.861304901744843754e+00
4.048885827323752906e+00
1.503672381020122462e+00
6.744837864629079638e-01
2.082026434340214394e+01
7.447368707283522626e-01
6.864267797226712986e+00
4.314415718307480496e+00
6.901520484504749753e+00
1.005169024945320455e+00
1.023977620800650357e+00
2.838493028586208666e+00
2.064245624139296797e+00
3.791319769988251931e+00
1.322087934510835794e+01
2.806017413328250498e+00
8.874494949747490091e-01
5.114726564137037634e+00
8.473511711681064540e+00
3.450812599388637381e+00
9.054475336045028078e-01
7.839138268859774605e+00
1.000353298513916744e+00
2.017255533611689700e+01
6.123394732335133206e+00
2.072078690476230722e+00
2.907996342910812437e+00
4.001158161477576525e-01
3.647801716816911899e+00
1.122305042530249963e+01
2.683799005068726373e+00
7.054791607180781021e+00
2.080519088145064699e-01
3.416262382194158675e+00
2.294941211164288342e-01
1.269299104974796810e+00
1.134248696998071537e+01
5.493806890689739930e+00
1.014814992773334756e+00
1.055077725409550560e+01
1.309843218536200116e+00
3.388887680041147821e+00
1.446442340882156863e+01
1.745154430908228749e+00
1.966827337443225021e+00
3.012880731116891031e+00
7.711700689909836370e+00
2.223040752171451917e+00
7.843328337889690083e-01
7.491870617729170512e+00
6.618271226611242675e+00
1.361262537185967403e-01
7.414789853148270105e+00
1.073033915711467667e+00
1.081501996886413020e+00
9.293333021109148606e-02
1.702108741147801529e+00
2.738490978904927875e+00
3.290509837751149913e+00
1.167295058910654548e+00
4.656319796873426675e+00
1.250158177741350585e+01
8.693630725625149935e+00
3.969228326076658764e+00
1.724280870818267530e+00
1.035971567337142574e+00
1.215386374266445912e+00
2.142086290423292905e+00
1.185768555386970124e+00
2.128182434139114676e+00
1.840460975141801736e+00
2.251349407810946390e-01
1.765439271320526027e+00
1.984106516237614803e+00
6.601583361223336555e-01
5.666361499832905935e+00
7.144957249587953640e+00
7.877241082658864357e+00
2.189396471136899613e+00
6.253738473502126749e-02
1.698441340837699265e+00
2.590123873799780263e+00
5.157243903750738934e-01
3.635250345017724705e+00
6.918714374488780017e+00
6.671792538105695280e-01
7.970191854621300642e+00
9.789406741142144597e+00
1.791479977193088491e+00
3.276610607396143848e+00
8.211515511844158510e+00
5.363560734211755276e-01
1.364117328272088425e+00
2.867350862786733678e+00
8.497923033017281691e-01
5.163152410717827268e-01
1.663161779477813518e+00
3.995725780466004462e+00
3.229592966977938406e+00
3.800816184319419366e-01
3.355828324357695180e+00
1.048463525195437063e+00
4.635274266369666663e+00
8.498821919074787345e+00
5.666785833629877089e+00
4.434451272259819277e+00
3.926718554733263922e+00
3.819266411941875994e+00
1.601998869871916975e+00
2.005000287576148121e+00
4.123863162809193739e+00
7.752245527255270385e-01
3.961435270664162456e+00
5.614177969723759265e-01
1.919720876699093415e+00
3.165756655513989326e-01
4.855574517226469489e+00
5.822186106377917447e+00
4.265008623979822389e-01
1.121469958529701749e+01
4.845113900864606471e+00
1.086960325035323649e+01
1.960166459681355500e+00
4.361730398708039580e+00
3.186237518611287900e-01
1.322038488578473059e+00
3.170161638205311938e+00
2.176843932318598629e+00
5.600674738203548664e+00
2.373121048291642943e+00
4.120378128727314682e+00
3.212260720893926891e+00
3.766721752566612125e+00
5.488300541914521880e+00
3.017492138025313686e+00
3.046542682433814431e+00
5.512039881222271509e-01
7.428133251567636819e-01
3.574530329793319527e+00
1.398652979715214739e+00
9.453964539887477869e+00
7.950767711675857941e-01
2.286505048466014323e+00
2.835358906656208156e+00
1.605969963310371229e+00
3.370277054080795143e+00
7.209530616348154286e-01
3.764537069392310809e+00
8.748879071910653948e+00
8.005923562406966454e+00
4.597010047981744840e+00
6.019287927936209037e+00
7.728891397509626948e+00
4.438345956352717891e+00
6.269353382343908265e+00
2.373084908678989580e-01
2.274537027167434999e+00
4.808093940323913684e-01
1.128471486863883655e+00
3.933967632782863433e+00
1.529965071243579500e+00
5.536338895380302993e+00
2.544224053326882284e+00
7.194719803661714153e+00
5.291597766605323550e+00
2.618032064384125501e+00
2.117036363306007640e+00
9.959639258535112560e+00
1.857837943305602924e+00
6.319018586193092535e-01
7.207087648955432524e-01
7.785358395999629977e+00
1.758763507137928883e+01
1.694828534576089840e+00
1.730197717267994983e+00
9.330975491502355723e-01
5.206140070549409860e-01
2.989114455858901120e+00
3.968595558018717551e+00
4.049816882890326930e+00
1.815750515927247122e+00
4.004566716177889063e+00
9.888008152796414763e-01
1.988372779984916905e+00
3.349180358787229750e+00
3.251895740285268843e+00
6.027382313683165904e+00
1.859383533003361233e+00
3.985042766534992786e+00
1.715089259607838423e+00
3.943607087675776945e+00
4.416259765783769886e+00
6.204398922077003498e+00
1.764009767204621326e+01
5.084357626018205956e+00
1.729096955721604323e-01
8.630564826234861542e+00
6.377570241469178169e-01
3.739706239294963819e+00
1.312110517148759570e+01
3.286002797057824942e+00
4.994814547058903820e+00
8.739993136624123693e+00
7.290779410722535658e+00
5.888429200961171617e-01
6.034320886466660205e+00
2.741314282119359458e+00
1.628957944730220042e+00
2.537975447459188238e+00
1.017462774451144192e+01
1.080604155320141480e-01
3.768285697925476629e+00
2.434776817420673201e+00
4.740874558660277849e+00
7.331036461550843875e+00
3.884410123377946888e+00
1.134831853922842582e+00
6.509134154854358201e+00
1.377491068050808176e-01
3.558549990650481942e-01
1.026577061063655982e+00
2.379496168910907095e+00
3.821975923538548425e+00
1.526740856881733333e+00
8.293073737843376092e-02
1.253230497269644861e+00
4.907012836180903115e+00
8.488462458434629099e-01
3.145826064924068799e+00
4.569592943572725829e+00
6.438366352583223540e-01
1.710350739050029434e+00
4.704621061443177155e+00
3.644024991034248984e-02
6.988398368490661428e-01
2.534347061199041518e-01
4.505223372847081187e+00
3.386226110290530222e+00
2.234574218781872901e+00
1.007694195564894102e+01
3.398436485065049695e+00
3.286220810602871634e+00
9.567578884666277927e-01
5.626518252920477359e+00
1.183169977745314627e+00
1.657564225702521599e+00
1.736481326606555520e+00
7.851976762744908855e-01
2.695831216590949264e-01
3.717376282996819103e+00
1.910651360900214479e+00
2.330925181842859573e+00
2.896537332718027713e+00
3.947107051273484046e+00
7.951645080383547892e+00
2.578246954315074113e+00
5.831939264202542716e+00
3.805535699973791042e-01
1.806516859944783671e-01
4.503960837222778402e+00
6.432467767270174441e+00
1.832401557330135544e+00
2.527755433994536727e+00
2.326040340452814603e-01
3.229435288044140595e+00
2.381736741944654234e+00
3.363455461517311118e+00
1.286489798943246887e+00
1.559332027909523077e+00
3.317752001224091973e+00
5.170395035299193864e+00
7.199864324033114826e+00
3.271025498033185208e+00
8.834817225756564696e+00
1.523090231828330809e+00
9.653924651794424383e-01
2.484442607937207281e+00
6.819196458542742256e-01
3.318245498735026278e+00
1.323710875728911107e+00
1.580028595667274383e+00
5.478736358666261630e+00
1.798697774001563943e+00
2.626273558728115187e+00
4.341614398208593961e+00
7.881369940527192419e+00
9.568791769456478136e+00
3.831690856856118099e-01
7.505124137327250367e+00
3.475494420985304256e+00
3.561199026389124112e-01
3.004715145870302084e+00
3.026132367868095585e+00
5.929593111489647406e+00
7.650236526441643869e-01
3.636038237767269088e+00
3.417458518654474808e+00
7.059563426646812800e+00
1.714672351410865936e+00
3.032126996919549455e+00
8.554880050846081829e+00
2.450061593460111986e+00
6.385622345119157828e+00
3.183915591575204651e+00
5.648238099579820037e+00
1.736162279611902282e+00
7.384729682044495647e+00
2.509983784437717969e+00
1.615528993144610403e+00
1.324256694938712897e+00
4.664446955364849323e+00
3.250904557244360116e-01
8.260988001796227831e-01
6.474135958145272873e-01
8.685248530427125413e-01
2.997544267252854500e+00
5.044389518445701270e+00
7.891199372419741564e+00
1.989043689204886167e+00
4.388442495597507431e+00
2.771915773389376003e+00
3.492715626881064850e+00
2.200158669213370111e+00
4.915967996297580633e+00
3.200439255830798135e+00
1.333464818153169418e+00
1.694154363480483649e+00
1.273849095431329737e+00
1.441800978124223809e+00
1.658897026347327663e-01
1.694262292721946617e+00
3.682434154615607635e+00
2.424679193679322164e+00
1.510394800315289610e+00
8.960507100215671095e-01
4.394899250992447826e+00
1.265449707408220492e+00
9.923979613270169864e+00
1.086482508455432150e+00
1.032321248150237514e+00
1.358925035357352096e+00
1.481114135971197010e+00
6.161310241633253248e+00
3.640686487046564501e+00
3.838380320281213898e+00
2.110207452508031434e+00
3.639660023971032388e+00
1.628307908433845652e+00
5.572395825085857624e+00
2.386943325416960970e+00
7.826818586924980004e+00
3.932066420015876140e+00
1.359887574271943095e-02
5.200444158048718180e-01
7.486692935798295867e-01
4.086692583605698204e+00
4.763729622027831567e+00
4.696105065148989510e+00
9.647747505396774281e-01
8.196061680881239653e+00
4.775344148036504421e+00
2.197488425432688519e+00
4.529427254495607791e+00
