2.381226569414138794e-01
-3.031055675819516182e-04
2.390137612819671631e-01
1.683344244956970215e-01
1.373497098684310913e-01
9.973473846912384033e-02
2.817263007164001465e-01
4.515877068042755127e-01
4.284495080355554819e-04
6.754532456398010254e-02
1.785277426242828369e-01
2.932757437229156494e-01
7.240143418312072754e-02
4.843258261680603027e-01
-4.249131307005882263e-02
-1.287205517292022705e-01
7.133749872446060181e-02
-3.117207996547222137e-02
6.832388043403625488e-02
5.938239861279726028e-03
3.078193068504333496e-01
3.275229781866073608e-02
8.037373423576354980e-02
2.340459227561950684e-01
2.775277495384216309e-01
6.153159961104393005e-02
7.539775222539901733e-02
1.154264342039823532e-02
2.838844805955886841e-02
4.770080372691154480e-02
2.299086749553680420e-01
1.189522743225097656e-01
1.903393119573593140e-01
4.306077584624290466e-02
2.832559049129486084e-01
2.652864456176757812e-01
6.439498066902160645e-01
7.943082600831985474e-03
3.332573175430297852e-02
5.228002369403839111e-02
2.188349813222885132e-01
2.867348259314894676e-03
1.117775514721870422e-01
1.668051183223724365e-01
-2.352546714246273041e-02
6.989414095878601074e-01
1.501353736966848373e-02
3.347669541835784912e-01
3.795140981674194336e-01
1.403908282518386841e-01
1.185348853468894958e-01
9.277376346290111542e-03
1.826267540454864502e-01
3.013970255851745605e-01
1.656928360462188721e-01
2.606331557035446167e-02
2.083470523357391357e-01
8.737301826477050781e-02
-2.954731509089469910e-02
1.392875313758850098e-01
3.026750087738037109e-01
2.155595123767852783e-01
2.648875415325164795e-01
1.217255815863609314e-01
1.991837024688720703e-01
6.575060486793518066e-01
8.562259376049041748e-02
6.724556088447570801e-01
2.752009034156799316e-01
8.560712337493896484e-01
3.238506615161895752e-02
2.440480291843414307e-01
2.445438876748085022e-02
8.068957179784774780e-02
1.959048658609390259e-01
-7.325642276555299759e-03
1.005624309182167053e-01
3.826103806495666504e-01
3.083823919296264648e-01
4.705472290515899658e-01
1.030353531241416931e-01
7.063151802867650986e-03
1.380516141653060913e-01
-2.931555546820163727e-02
1.288140267133712769e-01
1.783649623394012451e-01
1.421926319599151611e-01
1.423114389181137085e-01
1.635812819004058838e-01
3.992126882076263428e-02
2.608774304389953613e-01
6.748168170452117920e-02
1.538493633270263672e-01
2.098129093647003174e-01
2.584814131259918213e-01
5.295355245471000671e-02
7.415708620101213455e-03
3.946250379085540771e-01
4.487037360668182373e-01
-3.480762988328933716e-02
2.801530063152313232e-02
2.683359384536743164e-01
6.097840666770935059e-01
8.579269796609878540e-02
1.900318711996078491e-01
3.026995658874511719e-01
-4.121077712625265121e-03
4.024175181984901428e-02
8.355639129877090454e-02
5.758102983236312866e-02
-1.405926495790481567e-01
2.065149098634719849e-01
-6.932668387889862061e-03
3.709608316421508789e-02
7.216618210077285767e-02
4.647977650165557861e-03
-1.792706549167633057e-01
9.023188613355159760e-03
1.357468962669372559e-01
-1.235878444276750088e-03
1.169708818197250366e-01
5.795876681804656982e-02
1.874744445085525513e-01
-1.141138933598995209e-02
4.457523301243782043e-02
1.479012966156005859e-01
6.882353872060775757e-02
3.026505112648010254e-01
-2.186519280076026917e-02
2.721042931079864502e-01
6.764103770256042480e-01
9.272283315658569336e-02
6.190773844718933105e-01
3.640961349010467529e-01
3.896790742874145508e-02
7.061740756034851074e-02
4.834675788879394531e-02
-1.174499392509460449e-01
-9.958726167678833008e-02
1.120976209640502930e-01
1.324606984853744507e-01
9.212256222963333130e-02
6.524122506380081177e-02
-1.323855966329574585e-01
2.190302461385726929e-01
5.378344058990478516e-01
9.318945556879043579e-02
2.508020699024200439e-01
4.148048162460327148e-02
2.452376857399940491e-02
2.268734872341156006e-01
1.763825863599777222e-02
2.774908207356929779e-02
2.106864601373672485e-01
5.830958858132362366e-02
2.607812881469726562e-01
9.061510860919952393e-02
2.487323433160781860e-01
2.888385951519012451e-01
4.527309536933898926e-02
3.802941441535949707e-01
2.360877096652984619e-01
1.651223003864288330e-01
1.285782605409622192e-01
1.577287614345550537e-01
9.958917647600173950e-02
8.596566319465637207e-02
7.564178109169006348e-02
1.261514872312545776e-01
6.283049583435058594e-01
1.224242299795150757e-01
1.725918948650360107e-01
4.339131712913513184e-01
-2.233531028032302856e-01
-2.140163779258728027e-01
7.695175409317016602e-01
3.809243440628051758e-01
5.681481584906578064e-02
1.492800563573837280e-01
1.679085753858089447e-02
3.036233782768249512e-01
2.936331033706665039e-01
2.071577757596969604e-01
6.743320822715759277e-01
-9.083414822816848755e-02
4.565544426441192627e-01
4.787123948335647583e-02
3.048698902130126953e-01
2.013317644596099854e-01
-2.698780037462711334e-02
3.592036962509155273e-01
-6.345056928694248199e-03
1.298341155052185059e-01
3.508802950382232666e-01
2.877050042152404785e-01
9.394432604312896729e-02
1.669212728738784790e-01
1.182747855782508850e-01
1.624021828174591064e-01
1.923718303442001343e-01
-8.678921312093734741e-02
-1.302702445536851883e-02
1.404848247766494751e-01
1.087974980473518372e-01
-1.647363752126693726e-01
-2.153710275888442993e-01
1.040855646133422852e-01
9.991961717605590820e-02
1.219142377376556396e-01
1.902940869331359863e-01
7.070587575435638428e-02
1.806898862123489380e-01
5.375611037015914917e-02
3.874630108475685120e-02
4.804735183715820312e-01
2.255574464797973633e-01
2.897880971431732178e-01
-5.191265419125556946e-02
2.327531427145004272e-01
1.530410200357437134e-01
1.263957023620605469e-01
2.411641776561737061e-01
5.901288390159606934e-01
-1.159718036651611328e-01
7.485313806682825089e-03
1.100551113486289978e-01
1.508200764656066895e-01
1.495191603899002075e-01
2.089647650718688965e-01
4.522532522678375244e-01
1.494963318109512329e-01
-4.852001741528511047e-02
1.117942035198211670e-01
4.365243017673492432e-01
-2.878682501614093781e-02
-3.591207414865493774e-02
-3.862882032990455627e-03
2.316156029701232910e-02
1.718249469995498657e-01
5.648140609264373779e-02
3.532328903675079346e-01
1.809833757579326630e-02
1.073706075549125671e-01
-8.592049777507781982e-02
5.725321173667907715e-02
3.392315506935119629e-01
-5.089818034321069717e-03
3.236661106348037720e-02
9.124892204999923706e-02
1.398343890905380249e-01
5.471704900264739990e-02
1.443428844213485718e-01
1.689060926437377930e-01
6.787782162427902222e-02
3.737302422523498535e-01
-2.988491207361221313e-02
4.433022141456604004e-01
-4.633496329188346863e-02
1.125630587339401245e-01
2.045692354440689087e-01
4.114010035991668701e-01
2.985375523567199707e-01
-9.073072671890258789e-02
2.453817725181579590e-01
-3.072862513363361359e-02
-1.011972948908805847e-01
1.899973303079605103e-01
9.015407413244247437e-03
1.748676002025604248e-01
3.682336807250976562e-01
-1.215716358274221420e-02
1.258850395679473877e-01
2.699360251426696777e-01
8.246847987174987793e-02
5.483134835958480835e-02
4.376493692398071289e-01
1.442930251359939575e-01
1.892738342285156250e-01
-1.293625980615615845e-01
2.298136800527572632e-01
1.629093885421752930e-01
2.177944220602512360e-02
1.573535054922103882e-01
1.680614203214645386e-01
1.577725820243358612e-02
1.617113053798675537e-01
-1.624066382646560669e-02
7.862573266029357910e-01
7.729240506887435913e-02
-6.584234535694122314e-02
1.602009981870651245e-01
3.549714386463165283e-02
4.095546007156372070e-01
6.801589131355285645e-01
8.385800570249557495e-02
1.144289597868919373e-01
1.454139202833175659e-01
-4.648454114794731140e-02
1.505704075098037720e-01
1.817857027053833008e-01
1.185920611023902893e-01
1.069558188319206238e-01
1.573439389467239380e-01
1.077391281723976135e-01
7.220268994569778442e-02
3.068098723888397217e-01
3.305585384368896484e-01
-9.514481574296951294e-02
-5.698425322771072388e-02
-7.010222971439361572e-02
1.449477821588516235e-01
2.416777461767196655e-01
2.059773355722427368e-01
7.445245236158370972e-02
1.159997209906578064e-01
7.122514396905899048e-02
3.487209379673004150e-01
4.877868890762329102e-01
1.300595998764038086e-01
2.273961305618286133e-01
2.876994013786315918e-01
2.529346644878387451e-01
1.244989708065986633e-01
8.423757553100585938e-02
2.438718676567077637e-01
1.323137134313583374e-01
1.173051446676254272e-01
1.329361647367477417e-01
3.059868514537811279e-02
8.224818706512451172e-01
1.676061600446701050e-01
1.156464368104934692e-01
3.937598764896392822e-01
2.023751437664031982e-01
9.427547454833984375e-02
7.093241810798645020e-02
4.839721024036407471e-01
1.085460884496569633e-03
1.448853760957717896e-01
-1.767668314278125763e-02
7.603942155838012695e-01
2.497981637716293335e-01
3.732699453830718994e-01
4.544813558459281921e-02
8.068897575139999390e-02
2.807307541370391846e-01
-9.453109651803970337e-02
2.598876655101776123e-01
1.476006656885147095e-01
3.050569593906402588e-01
2.146971877664327621e-03
2.839936316013336182e-02
1.573891490697860718e-01
1.654114574193954468e-01
1.394338607788085938e-01
1.659288257360458374e-01
1.188535243272781372e-01
3.528459370136260986e-01
-1.354130953550338745e-01
1.191404685378074646e-01
-8.386564999818801880e-02
1.189415156841278076e-01
1.352984756231307983e-01
6.882705539464950562e-02
4.723215401172637939e-01
9.711932390928268433e-02
2.274463772773742676e-01
-7.011203467845916748e-02
8.748003840446472168e-02
1.616871356964111328e-01
1.471364945173263550e-01
7.919375896453857422e-01
9.203644096851348877e-02
-1.360087394714355469e-01
5.269676446914672852e-01
4.957281053066253662e-02
2.448133826255798340e-01
2.042088508605957031e-01
9.554282575845718384e-02
3.711213916540145874e-02
3.035236895084381104e-01
8.347383141517639160e-02
4.115847647190093994e-01
1.943850219249725342e-01
5.404654517769813538e-02
2.978343665599822998e-01
1.310678869485855103e-01
2.608227133750915527e-01
2.198943495750427246e-01
3.823913335800170898e-01
3.033167123794555664e-01
1.263092458248138428e-01
3.704385086894035339e-02
-6.574008613824844360e-02
2.980918437242507935e-02
8.713556826114654541e-02
2.180361300706863403e-01
3.470206558704376221e-01
2.404636517167091370e-02
9.158581495285034180e-02
-4.905454814434051514e-02
-5.369226261973381042e-02
-1.573736220598220825e-02
1.768389791250228882e-01
1.145600341260433197e-02
4.607479572296142578e-01
7.621566653251647949e-01
3.294652700424194336e-01
4.695922881364822388e-02
2.310674488544464111e-01
6.843155622482299805e-02
-1.021821051836013794e-02
2.129796594381332397e-01
1.230420693755149841e-01
1.795428693294525146e-01
-2.602556906640529633e-02
-4.168456792831420898e-02
5.144234746694564819e-02
8.197790384292602539e-02
2.377520687878131866e-02
1.302609443664550781e-01
2.042612880468368530e-01
1.591349840164184570e-01
2.069981545209884644e-01
4.039047658443450928e-01
2.417386770248413086e-01
1.412488371133804321e-01
2.659028768539428711e-01
2.013224661350250244e-01
3.937909901142120361e-01
1.998828947544097900e-01
2.784552983939647675e-02
2.110092937946319580e-01
4.634636938571929932e-01
-5.827568843960762024e-02
4.219255745410919189e-01
5.473743379116058350e-02
2.094772011041641235e-01
6.612182408571243286e-02
2.070397585630416870e-01
2.635514140129089355e-01
2.415220290422439575e-01
2.006338685750961304e-01
1.469519585371017456e-01
1.743780076503753662e-01
1.241565868258476257e-01
9.285491704940795898e-02
2.082162350416183472e-01
2.100917696952819824e-01
2.573494613170623779e-02
-6.427434086799621582e-02
3.311883807182312012e-01
-1.387712508440017700e-01
5.759336799383163452e-02
-8.903039246797561646e-02
-7.408552919514477253e-04
7.864363491535186768e-02
1.643274128437042236e-01
1.583262830972671509e-01
-1.492008101195096970e-02
1.092322617769241333e-01
-3.044607117772102356e-02
1.283060461282730103e-01
8.422728627920150757e-02
2.230111658573150635e-01
1.973368823528289795e-01
9.213494509458541870e-02
2.344154007732868195e-02
1.056557223200798035e-01
4.722603559494018555e-01
5.055751651525497437e-02
1.632792651653289795e-01
-4.180184006690979004e-02
-3.627284243702888489e-02
2.365921586751937866e-01
2.544718980789184570e-01
-8.556208014488220215e-02
2.416694164276123047e-01
2.230154164135456085e-02
-7.619746029376983643e-02
3.328028917312622070e-01
9.688879549503326416e-02
2.468303404748439789e-02
3.484910726547241211e-01
3.690422475337982178e-01
1.327341198921203613e-01
5.736314654350280762e-01
3.471749424934387207e-01
3.802010118961334229e-01
1.258526742458343506e-01
-1.784536838531494141e-01
3.140768036246299744e-02
1.909748762845993042e-01
4.341699481010437012e-01
-8.643811941146850586e-02
-7.067906111478805542e-02
1.427204757928848267e-01
2.164169698953628540e-01
1.992140561342239380e-01
9.737141430377960205e-02
3.081687986850738525e-01
1.629588566720485687e-02
1.368854045867919922e-01
2.009275406599044800e-01
4.352824762463569641e-02
1.173367723822593689e-01
6.802939623594284058e-02
-1.844074763357639313e-02
2.088431715965270996e-01
1.491412371397018433e-01
2.393461018800735474e-01
2.346997410058975220e-01
1.265562325716018677e-01
3.048323467373847961e-02
1.394358277320861816e-01
1.351096183061599731e-01
4.775128364562988281e-01
-1.177562102675437927e-01
1.397903114557266235e-01
1.826450675725936890e-01
7.196400314569473267e-02
1.191857382655143738e-01
3.657897114753723145e-01
-8.800401538610458374e-02
2.102313935756683350e-01
7.993712276220321655e-02
3.970267474651336670e-01
1.949758678674697876e-01
1.466875523328781128e-02
1.568071991205215454e-01
5.167082417756319046e-03
1.442498713731765747e-01
1.932989209890365601e-01
1.228220462799072266e-01
1.014857515692710876e-01
5.724480152130126953e-01
-9.562258422374725342e-02
5.665515363216400146e-02
2.291722893714904785e-01
3.329091966152191162e-01
1.387611031532287598e-01
1.262097358703613281e-01
-3.412525728344917297e-02
1.276284605264663696e-01
-5.701182410120964050e-02
3.676343858242034912e-01
2.939147651195526123e-01
9.645015746355056763e-02
-4.951277747750282288e-02
1.110022887587547302e-01
8.150851726531982422e-02
-1.192721351981163025e-01
2.132655866444110870e-02
3.380066156387329102e-01
1.944799423217773438e-01
5.629406124353408813e-02
-8.063907921314239502e-02
-6.007512100040912628e-03
3.058046698570251465e-01
7.725252956151962280e-02
2.585411369800567627e-01
6.539998948574066162e-02
4.956349730491638184e-02
2.805635035037994385e-01
2.972542122006416321e-02
4.389584064483642578e-01
2.433097958564758301e-01
1.478489935398101807e-01
9.702713042497634888e-02
1.347596049308776855e-01
1.680345982313156128e-01
-1.446651667356491089e-02
1.934330165386199951e-01
1.045839954167604446e-02
-8.854345977306365967e-02
4.904913604259490967e-01
5.688678026199340820e-01
-5.618105176836252213e-03
1.023813709616661072e-01
3.167387247085571289e-01
1.834712028503417969e-01
1.699437052011489868e-01
1.268311291933059692e-01
5.690804123878479004e-01
2.201940417289733887e-01
2.140079140663146973e-01
1.621158868074417114e-01
8.418964594602584839e-02
2.406438142061233521e-01
1.323592364788055420e-01
9.173893183469772339e-02
-6.971877813339233398e-02
6.572954356670379639e-03
-1.029883772134780884e-01
3.018299043178558350e-01
-7.461106032133102417e-02
-1.005517840385437012e-01
3.468633443117141724e-02
-1.500143110752105713e-01
-4.031174629926681519e-02
1.330054551362991333e-01
5.427234247326850891e-02
1.424522250890731812e-01
7.836706638336181641e-01
1.605830043554306030e-01
1.801535785198211670e-01
2.014562934637069702e-01
9.449683129787445068e-02
4.547405987977981567e-02
1.766685843467712402e-01
1.446762084960937500e-01
2.063382565975189209e-01
1.551167666912078857e-01
1.888807862997055054e-01
-1.013844907283782959e-01
1.039726193994283676e-02
4.415486380457878113e-02
1.094571799039840698e-01
2.067844271659851074e-01
1.105192452669143677e-01
1.311013381928205490e-02
2.764109373092651367e-01
-5.793741345405578613e-02
2.825466096401214600e-01
2.209875732660293579e-01
6.752531509846448898e-03
6.078894734382629395e-01
1.197748258709907532e-01
3.680001199245452881e-01
1.422736197710037231e-01
3.480338454246520996e-01
1.869917213916778564e-01
-1.013442128896713257e-01
-1.803122907876968384e-01
-7.321316003799438477e-02
1.954305619001388550e-01
1.690551489591598511e-01
3.079820871353149414e-01
-1.267318129539489746e-01
8.429537713527679443e-02
5.005952119827270508e-01
-4.602379724383354187e-02
2.580879926681518555e-01
-1.955618895590305328e-02
-2.739508748054504395e-01
-4.738518968224525452e-02
4.103107452392578125e-01
3.442699462175369263e-02
1.726477146148681641e-01
-1.298771202564239502e-01
2.788998484611511230e-01
-1.298246234655380249e-01
5.839771032333374023e-02
-3.476971760392189026e-02
1.826437860727310181e-01
1.227492913603782654e-01
-2.485229168087244034e-03
1.770921498537063599e-01
3.189578354358673096e-01
2.947609722614288330e-01
2.360809147357940674e-01
1.514468342065811157e-01
1.413276642560958862e-01
1.208278015255928040e-01
3.208312690258026123e-01
-3.168009966611862183e-02
2.820612192153930664e-01
1.831913590431213379e-01
2.404198646545410156e-01
1.449254900217056274e-01
1.170385703444480896e-01
2.386772185564041138e-01
1.033031009137630463e-02
2.934532612562179565e-02
4.590204060077667236e-01
1.269748359918594360e-01
2.390993386507034302e-01
3.587960898876190186e-01
-6.688766926527023315e-02
1.549961268901824951e-01
1.325714886188507080e-01
-2.384497597813606262e-02
3.761250972747802734e-01
-3.332893364131450653e-03
2.081455849111080170e-02
2.380619198083877563e-01
7.576774805784225464e-02
-3.146667033433914185e-02
2.289968356490135193e-02
4.726742506027221680e-01
-1.251155585050582886e-01
7.559691369533538818e-02
7.442405074834823608e-02
1.022277772426605225e-02
3.195292055606842041e-01
1.844594031572341919e-01
3.329955507069826126e-03
-6.192771717905998230e-02
2.113994210958480835e-01
1.864450424909591675e-01
7.774428278207778931e-02
1.794470250606536865e-01
-8.707626909017562866e-02
1.723323315382003784e-01
6.008982285857200623e-02
1.163792610168457031e-01
1.539641767740249634e-01
3.140974789857864380e-02
1.898199021816253662e-01
2.091606408357620239e-01
-7.320648059248924255e-03
9.824927151203155518e-02
2.230052649974822998e-01
1.907985955476760864e-01
-1.433758065104484558e-02
7.486296445131301880e-02
1.029367297887802124e-01
2.411495894193649292e-01
2.777448594570159912e-01
1.782354712486267090e-01
1.837522387504577637e-01
-2.438884414732456207e-02
1.652153432369232178e-01
2.123447358608245850e-01
1.016443818807601929e-01
1.571771502494812012e-01
1.013929396867752075e-01
1.601111739873886108e-01
-5.949871987104415894e-02
2.705494314432144165e-02
1.705934107303619385e-01
4.227225854992866516e-02
2.661400437355041504e-01
1.118574067950248718e-01
-9.806598722934722900e-02
1.514654010534286499e-01
-3.248891606926918030e-02
9.729880839586257935e-02
5.306877493858337402e-01
3.158417716622352600e-02
2.156445980072021484e-01
6.094103679060935974e-02
-1.026076450943946838e-01
2.191575318574905396e-01
2.265457659959793091e-01
2.823508679866790771e-01
-2.439392544329166412e-02
-1.138322055339813232e-01
1.062659174203872681e-01
2.701289355754852295e-01
6.776393949985504150e-02
3.786761164665222168e-01
1.037445515394210815e-01
2.585806846618652344e-01
2.399573177099227905e-01
-8.676895499229431152e-02
2.112210355699062347e-02
-1.242048516869544983e-01
1.264658123254776001e-01
-1.822119951248168945e-02
9.863111376762390137e-02
2.976856380701065063e-02
3.629190847277641296e-02
1.194120645523071289e-01
2.441793531179428101e-01
3.056324124336242676e-01
2.746613621711730957e-01
1.060804352164268494e-01
-1.371237076818943024e-02
-9.576880186796188354e-02
-1.504199057817459106e-01
3.885050714015960693e-01
3.147145034745335579e-03
2.139616459608078003e-01
6.130341440439224243e-02
2.282334417104721069e-01
3.121227398514747620e-02
1.704192608594894409e-01
-1.118665467947721481e-02
4.016252234578132629e-02
1.547936201095581055e-01
6.763107180595397949e-01
-1.078818961977958679e-01
1.399415880441665649e-01
1.208357736468315125e-01
2.167397588491439819e-01
1.959912478923797607e-01
-3.838064149022102356e-02
1.763485670089721680e-01
-2.320061177015304565e-01
1.225926801562309265e-01
9.476161003112792969e-02
2.073485851287841797e-01
3.503370583057403564e-01
1.480786353349685669e-01
1.488386988639831543e-01
-8.984328061342239380e-02
1.548185944557189941e-01
4.722251370549201965e-02
2.723945379257202148e-01
8.488033711910247803e-02
6.702283620834350586e-01
1.380337476730346680e-01
3.566579148173332214e-02
1.111841276288032532e-01
4.195418674498796463e-03
2.482676059007644653e-01
-2.293245634064078331e-03
2.367230355739593506e-01
4.089016020298004150e-01
4.289383292198181152e-01
3.124845959246158600e-02
8.758036047220230103e-02
2.923202514648437500e-01
-1.128353700041770935e-01
4.131477177143096924e-01
-7.197521626949310303e-02
3.427832201123237610e-02
-6.193500757217407227e-02
4.988949894905090332e-01
1.077760979533195496e-01
1.780261397361755371e-01
3.717460930347442627e-01
6.032263115048408508e-02
1.081749200820922852e-01
2.344483435153961182e-01
-4.148026183247566223e-02
-4.243320971727371216e-02
-7.699056714773178101e-02
3.102473616600036621e-01
9.037858247756958008e-02
2.155443429946899414e-01
1.422586739063262939e-01
6.475041806697845459e-02
1.266052573919296265e-01
2.509912550449371338e-01
2.830940783023834229e-01
1.949672400951385498e-01
2.639342248439788818e-01
1.532514244318008423e-01
9.091471880674362183e-02
6.179102696478366852e-03
8.524454385042190552e-02
3.349688053131103516e-01
2.099689841270446777e-02
7.888417690992355347e-02
9.193861484527587891e-02
1.914784163236618042e-01
4.051603004336357117e-02
5.728040635585784912e-02
-1.048861667513847351e-01
1.350961774587631226e-01
3.185965418815612793e-01
8.822765946388244629e-02
1.788123697042465210e-02
1.628965884447097778e-01
1.914862990379333496e-01
4.149693250656127930e-01
1.326128989458084106e-01
6.370303779840469360e-02
1.055545583367347717e-01
1.295991986989974976e-01
6.136944517493247986e-03
9.546585381031036377e-02
3.714936971664428711e-01
-6.591340154409408569e-02
-3.447003290057182312e-02
9.489321708679199219e-02
-7.931365631520748138e-03
5.683118477463722229e-02
9.331219643354415894e-02
2.326389253139495850e-01
-4.098628088831901550e-02
-4.371927306056022644e-02
2.211074680089950562e-01
2.561672329902648926e-01
1.352214068174362183e-01
1.900372654199600220e-01
1.739190816879272461e-01
5.603837370872497559e-01
-4.098973423242568970e-02
1.985350400209426880e-01
1.102864667773246765e-01
5.017655342817306519e-02
2.481332272291183472e-01
1.947921514511108398e-01
2.569730766117572784e-02
2.249806970357894897e-01
1.938452124595642090e-01
6.197333708405494690e-02
5.273745656013488770e-01
6.047952175140380859e-02
9.807157516479492188e-02
5.090617537498474121e-01
1.193498820066452026e-01
2.982243001461029053e-01
-2.718141302466392517e-02
1.432967633008956909e-01
6.092505156993865967e-02
3.890111744403839111e-01
3.290844708681106567e-02
