4.411164587124096315e+00
1.822810887783212763e+00
6.129999316957035482e+00
4.030983523766842325e+00
3.153213565216558489e+00
2.974760192852335727e+00
1.504517928965334761e+00
3.758075399901199098e+00
3.440053908302214580e+00
1.031132067855276668e+00
5.221706699897014303e+00
2.549877206487499048e+00
3.630911305063249106e+00
2.715325186127402368e+00
1.479657176144936637e+00
9.522778957801621758e+00
7.097484034074204029e-01
1.748951012897648427e+00
1.489007801714417489e+00
5.811276620584549413e+00
6.411175057827355195e-01
8.000244626864688735e-01
2.347231915352423481e+00
1.162287379969260126e+00
2.298529208050471784e+00
8.331815796160990217e+00
3.793946106818633979e+00
5.207728082235819622e-01
3.246038242017822206e+00
9.153627011932365942e-01
4.198263897504325159e-01
6.570506310534648620e+00
1.152759710652380365e+00
3.076193031291757585e+00
4.054285020612160118e+00
6.187285243425157955e-01
3.650643014287004995e-01
2.315996772291329275e+00
1.475445715538230340e+00
8.813949056705780549e+00
7.231311511485396526e-01
6.811236636540184186e+00
3.897149348870049046e+00
4.118493365716597410e+00
3.199448999720072795e+00
2.521421326614161074e-01
1.321953941709766767e+00
3.398664104651588413e+00
7.908124643415148647e+00
6.066825357169256527e+00
1.042224821327997297e+01
2.689977385353396144e+00
2.832468140597285799e+00
7.810560717164353406e+00
1.512226079016281766e+01
1.253839037133138667e+01
2.187582623476177712e+00
5.181214308088641918e-01
9.411082261374106306e-01
4.518506162465350529e-01
7.077374795559909337e+00
2.844879049956060335e+00
2.836442523576768182e-01
9.885635673307671567e+00
2.003997395071544840e+00
4.186153309540557643e+00
1.917238526157598599e+00
1.475533602344308859e+00
4.864800183347124829e+00
1.827486656157653322e-01
6.593015207913117959e-02
6.921028982340740043e+00
6.472399437555033330e+00
1.052029282000102128e+01
6.704222986851867461e+00
8.499562104066283874e-01
4.347342330460312709e+00
3.931048771579554124e+00
1.097019659941876890e+00
2.883955080247015967e+00
1.603338025758532348e+00
1.883896979300204944e+00
4.021709082622039411e+00
9.093963834632116106e-01
4.319604892898508908e+00
1.339509315868189443e+00
7.248018031642918579e+00
2.972726678605186024e+00
1.178514804902391466e+00
7.151783883200686809e+00
4.713074198778982371e+00
2.392446786778712919e+00
1.023123182983607604e+00
1.210206334447784027e+00
1.249916074306398617e+00
6.525624185329865767e+00
4.299961508645536057e+00
1.932501744384048870e+00
1.115369169789329096e+00
1.020801013788190481e+01
3.773797631507463279e+00
1.004562774227756972e+00
1.714529659152754792e-01
1.592214952105487580e+00
1.457346222308975703e+00
1.360307525171645660e+00
2.072347542692355160e-01
4.902719663156702268e+00
2.135204789230396916e+00
3.404604239124140896e+00
1.717101493951967983e+00
1.332927365441256029e+01
2.491282439298485141e+00
1.037596889397748745e+00
4.795029499322991384e+00
1.027706076089022602e+01
4.953134863033478164e-01
2.848228443254132158e-01
3.186975467761148373e+00
7.412116309202031239e+00
1.657174271912888130e+00
5.414083307523574362e+00
3.517022246663286111e+00
3.376937758465192174e-01
4.350583905546597130e+00
2.290354796033438500e+00
1.328362714216937190e+00
3.640252590736249849e-01
2.981257295130478102e+00
5.179154014529603778e+00
6.794610855832203811e+00
1.992880419767278366e-01
3.976717465797998674e-01
1.023517421636930491e+00
7.811452440838935196e+00
1.966776091776121782e-01
7.601977347311158484e-01
4.369827062448751853e+00
6.021804885065570545e+00
3.010243929446912325e+00
1.552525010682249906e+00
5.348625637705577418e-01
6.339140243700151167e+00
5.204419700112063119e+00
5.880351282458778250e+00
3.258334870796587346e+00
5.719306097845046288e+00
1.611917847747108279e-01
3.483123213986003552e+00
5.091060062398824471e+00
3.969347903636881281e+00
2.717277904387528586e+00
1.907305007945684361e+00
1.663479636120855032e+00
1.917981073586763285e+00
7.971564022546013817e-01
3.027032081891123827e+00
8.746033049551749983e+00
9.487398251453481590e-01
8.010292239962236716e-01
7.960466691374690207e-01
2.750876786494119042e+00
5.784730627475059173e+00
1.541052108602400716e+00
2.526819969028309742e+00
4.328376435848023007e+00
2.665061580089418403e+00
2.336334766961148390e-01
1.434309620509487182e+00
2.297535620005688450e+00
5.413752959458338232e+00
5.477077485737693152e+00
4.789082422060372934e+00
2.622635043888746242e+00
9.954561716194399779e+00
2.018955180166210062e-01
3.644017877032820429e+00
1.688354026416583942e+00
5.239056812877080027e+00
6.129781420142264459e+00
4.541542483522563067e+00
4.311345438830385568e+00
5.359898588247776985e+00
3.510387352429555019e+00
1.325980833238747492e+00
5.260744177441257996e+00
2.628927685911853107e+00
6.300509662189578641e+00
4.216237188746768005e+00
5.411613751328883115e-01
5.907041956349286416e+00
5.743897712495503072e+00
9.214295447714965448e+00
4.997689980038154900e+00
7.349509248668476324e+00
2.976096729662489171e+00
5.771091212153634409e+00
5.598558025097768898e+00
8.337160177097030500e-01
2.102232886830854852e+00
1.533602293242631642e+00
5.869450867379985004e-01
2.800715980112977732e+00
5.527387272159916876e+00
1.057352937811018245e+00
4.142905838978291122e+00
4.143240994684607159e+00
8.654655972919754470e-02
3.639134012641212834e+00
4.707931079173214961e+00
1.016038636839641907e+00
4.739189281202996540e+00
5.281986836475228486e+00
4.271450986590459742e+00
2.856698299925159446e-01
6.515369241052824112e-01
5.096977200493860494e+00
7.034836978340771596e-01
8.964606662532656478e-02
2.000198246681367475e+00
2.857887181196048676e+00
1.579078419052851778e+01
4.899969614602429857e+00
4.042871164190314559e+00
1.869731968611152206e+00
1.549795381714280385e-01
1.397659149182224247e+01
7.276165208407811669e+00
3.355889588267399137e+00
2.230653864584854151e+00
2.517010851215491396e+00
2.024107902312641372e+00
1.457072585609756388e+00
3.848634084619214857e+00
3.156994050928495277e+00
7.060672591195427117e-01
3.563848895904704772e+00
1.682957831502095991e-01
4.440566747087143717e+00
1.730157894915982597e+00
2.835314658353991768e-01
5.098762283381943483e+00
6.186548278764535391e-01
1.587495769482357488e+00
6.326501163563987840e-01
1.700478727194298401e+01
7.584775253766681935e+00
5.301713284229336853e-01
6.222765350699990261e-01
5.207759137079214895e+00
1.553558671935120872e+00
7.536671277963465920e-01
2.132351485070457908e+00
7.685443095848870643e-01
1.205106580545046668e+01
9.412365034712019352e+00
4.229717030989608162e+00
4.953167005490557884e+00
4.766637527327579171e+00
6.465304021331930606e+00
4.848215306813576042e+00
2.659465144867948716e+00
9.434461348691172589e+00
4.253275454745238271e+00
1.338026482518633919e+01
4.605961279014517906e+00
7.000534976292286382e-01
3.218763951574874937e+00
2.762849028461784151e+00
4.987323492378143541e+00
6.436598398877408478e+00
1.228496355195830114e+00
3.503705639001346128e+00
1.553160551540769152e+00
3.887251112820351739e+00
1.416293323215396471e+00
4.250781992250978192e+00
1.321085704574522879e+01
8.187558090942932409e+00
3.211297022142944435e+00
5.908543015089841255e+00
2.771767560853108936e+00
3.986236647138516886e+00
8.389607701634261616e+00
2.020760601802906731e+00
3.139364011804521848e+00
2.175779960329212059e+00
3.226114878027777966e+00
6.964159373321561208e-01
3.824139495684850121e-01
9.908315742698251327e+00
3.487278566298608329e+00
6.116965834194955098e-01
3.658045283800246406e+00
2.513684760888962977e+00
1.911128133326233547e+00
1.328515590832677340e+00
4.505150165374781857e+00
4.306475092590933862e+00
3.351693528353834051e+00
2.269933090254310670e+00
8.472457246001924291e-01
1.474432063596367648e+01
8.566400121506313470e-01
2.822084860103057036e+00
2.869660101621314130e+00
1.817759817464369432e+00
3.797208373402798820e+00
4.683044870784066838e+00
2.829068839620620501e+00
9.583052705847838748e-01
1.338977379268516454e+00
1.576137941847892021e+00
7.917308473509148570e+00
6.053608718329902549e-01
1.470237168517489201e-01
5.746903796587479185e+00
5.024258485076551040e+00
3.965765625185165177e+00
1.094145642655236728e+00
5.120076639074665259e+00
2.736614128044486005e+00
9.299203949267668134e-01
8.877167059690148632e-01
6.327841891005508757e+00
2.610533424332903252e+00
2.418597717607572584e+00
7.410890968897970943e+00
1.005202391093726888e+01
1.073401254085431855e+00
1.476718311249570315e+00
4.129808032272600293e+00
1.082669737911502228e+00
9.516754560054673240e-01
6.648689188633344571e+00
4.252431569598213446e-01
5.758854669263402393e+00
6.469775850194342537e-01
6.225716691996429075e-01
6.611901880820437727e-01
3.840117349602050201e-01
2.262786285788306095e+00
1.932507863884338928e+00
8.582925153413778929e+00
8.267590931408649979e+00
5.261674275490727304e+00
2.618866453135634931e+00
3.310642285290092524e+00
2.976035763418023894e+00
1.715986606906484857e+00
2.499470842366322110e+00
5.900423660842511353e+00
1.459039202526804635e+00
4.600759788120607929e+00
1.666004885327063700e+00
1.863208812552977989e+00
2.263810950045469284e+00
2.315909388587000795e+00
2.155832860659366190e+00
2.678452063241116843e+00
7.208240418961878504e+00
4.450135049135115040e+00
1.128806524727529847e+01
2.767588330117108364e-01
7.723217558068522060e+00
1.984649136461496655e+00
2.946750829205560418e+00
4.448928461341706608e+00
2.067137537039769324e+00
3.145174637817168328e+00
2.808977132567997081e+00
5.239373786793110277e+00
1.405766413264705417e+00
1.141551507689089417e+00
3.462758521201190653e+00
3.818049971575212087e+00
1.275997135354176315e+01
1.954983803170081913e+00
3.088639065468650191e-01
3.419253567140345673e+00
8.595033630926783852e-01
6.787703949332791531e+00
2.231678224949130929e+00
9.693562458089602929e-01
5.666498341827845842e-01
1.086154285970867411e-01
1.366605943327023898e+00
1.362453111469217985e-02
3.353562975708231364e-01
6.533922931558957536e+00
7.522421872261143783e+00
8.097839341117717415e-01
3.746287947285432463e+00
4.635803655471665508e+00
3.440371137385944245e+00
5.432840956884605887e+00
8.768514095947934628e-01
7.469154065374874474e-01
9.035352889789843855e-01
2.146208240207681417e+00
2.742437020129047198e+01
3.413045957129862140e-01
6.763462481714998198e+00
2.766447692230651789e+00
1.028630759270036776e+01
5.206521583531610098e+00
2.904902959155394537e+00
1.149133205521114531e+00
3.430694834991598441e+00
3.007920313184812677e+00
9.933064603036799722e-01
1.484431311899484074e+00
5.998699692363654634e+00
2.047083979758711791e+01
5.593280314773315887e+00
4.291776791834380766e+00
6.975801755618536992e-01
6.148213993480508011e-01
2.563643787281129960e+00
3.459414574570216505e+00
4.270400233461573158e+00
6.824658179040462569e-01
3.237979395540702132e+00
1.071706194938356393e+00
1.462654516221654211e+00
1.101130977139031103e-01
4.551975248715689482e+00
5.370425825431380806e-01
1.111645941258107007e+00
1.040497564088662119e-01
9.482637155055366751e-01
1.005523013747440464e+00
2.438043847946104403e+00
6.885603341421318468e+00
1.327155438590570036e+01
6.850895730704493758e+00
3.182052568488076827e-01
5.380928166187175954e+00
1.309109251520940820e+00
1.110614430704492533e-01
9.635751030560088637e+00
2.650938976014302284e+00
6.338629311521528642e+00
6.875666609918817507e+00
2.789495712152720408e+00
6.461973056562811957e-01
5.267952264300273413e+00
5.058439128219088587e+00
1.304952955290036520e+00
3.535315255506084942e+00
5.748922842523608523e+00
1.056903282935924615e+00
2.553972655449930684e+00
4.288537130151244270e+00
1.589002031717212482e+01
5.816853964421398793e+00
4.259366789057629776e-01
2.828398634594502692e+00
1.057734865746639663e+01
3.282167773678227873e-01
5.397109632407853574e+00
1.519626905751456647e+00
2.077003897871268379e+00
1.872150467066532764e+00
8.319128831641242616e-01
3.872551176585476984e+00
2.727547406704552646e+00
7.578380546651569460e+00
5.726519895362669477e-01
2.462230694676830645e+00
5.369629379867737029e+00
5.310771430482901234e-01
3.872053885669177742e-01
3.598743784616782015e+00
9.692582735688738405e-01
7.985210702574433439e-01
1.003182739340055640e+00
4.485540076906012530e+00
3.401912290636636804e+00
1.580315577122423543e+00
6.983244268244023445e+00
1.544477155683738667e+00
9.107362202506961157e-01
1.136240862065386742e-01
9.250714712725901512e-01
8.103517064892080679e-01
7.052454395083399552e-01
1.783292578588582478e+00
2.611280146404410196e+00
3.254244371826518822e+00
1.476471810376239091e+00
8.145425870812998070e+00
2.433857164906921611e+00
8.617879433294216573e-01
5.154843423648332923e+00
5.855519814226828323e+00
5.025656809116234136e+00
4.156901291912348029e+00
1.705567854202069134e+00
1.614621920173455294e+00
3.123276535890109784e+00
5.545089377677982156e+00
3.112087453833938255e-01
1.073992001776188587e+00
7.451407599634572720e-02
2.838783718326867600e+00
2.024525746695003681e-01
4.368657809509490342e+00
4.931388183745728515e-01
1.398607986772207323e-01
5.674745800390889272e+00
7.199655934847092320e-01
6.908282475255689725e+00
3.742260893910652086e+00
5.603839159667759695e+00
1.666906176681217877e+00
4.600469249341836431e+00
1.146413449412735375e+00
2.270272317408737361e+00
3.674490643778838272e+00
1.989425405852734974e+00
1.489851647111344768e+00
8.860704427736161293e+00
2.304904444748769432e+00
2.160773330193006547e+00
4.497899078819150631e+00
9.622529922374102540e+00
8.580822679136421716e-01
2.872562238644868149e+00
4.280703802714569406e+00
1.514009548184495957e+00
1.005207473453394673e+00
3.921061461668239101e+00
1.572370234469613992e+00
1.249150257697802191e+00
4.681727795888679933e-01
3.665622478905282144e-01
1.194079565734074366e+00
5.333699604628187707e+00
5.830134693266846746e+00
2.903897878938894728e-01
3.023805498793414426e+00
1.305035725153508963e+00
7.579605379958475275e+00
3.118456524470402336e+00
4.869605320903186652e+00
4.779694346226737167e+00
1.309997455357531093e+00
2.647023250103751391e+00
2.358048187474768298e+00
1.267688872029538283e+00
6.760527335152317185e+00
1.345657127588093749e+00
1.018398492626670038e+00
4.017414169959059311e-01
7.470684359456799539e-01
4.582865879593918557e+00
2.509783598366095880e+00
8.660338783451894784e+00
5.662402151883699775e-01
5.287796462135462505e+00
3.673222704318139353e+00
5.132797219231068020e+00
3.262256748040807786e+00
5.268718047422147777e+00
1.378391119910979068e+00
3.220587566605297436e+00
1.116527969583616775e+00
2.553155191178356542e+00
3.802853614470141697e+00
2.186410956579763809e+00
4.487151431134046575e+00
1.084257027228450188e+00
2.459141823953309380e+00
4.387518388819425574e+00
1.686903641240990570e+00
2.144941193522702516e+00
9.567398691609039219e-01
1.399688243038194280e+01
2.596150697411793828e+00
9.702817613748746517e-01
7.261402962610483680e-01
1.998540006766194477e+00
7.276408490801397733e+00
3.924088724110984250e-02
4.145808886331705523e+00
9.776757311978681031e-01
4.350292982792737795e-01
1.224791535984745439e+00
8.148395687609795601e+00
3.011743121817474389e+00
8.602049045258942428e+00
5.032291030488772243e+00
1.543753781812341908e+00
1.281310521709535521e-01
6.638425317537894887e-01
6.822095115295514489e+00
1.575021134734929384e-01
4.371836126347434237e-01
1.605211431183514392e+00
1.020617279111205455e+01
6.420202659091239994e+00
2.435163229202728541e+00
3.558182244767339464e-01
