4.483191100468609802e-01
8.176978182891448954e-01
8.915985933306574296e+00
4.431947522595209854e+00
1.938807491825460305e+00
1.191052748770649572e+01
1.190559347260099043e+00
1.179811675061545717e+00
5.307302747693901424e+00
2.097653320644749186e+00
3.531016471506118748e+00
4.740547219455010897e+00
4.912957515152436727e+00
5.028903836142234463e-01
1.569240175688404682e+00
1.236054896782724377e+01
8.740971289962792268e-01
6.183319016968567006e-01
1.316091312378152800e+01
4.435592726075191727e+00
2.884130972983502517e+00
1.949044616289705267e+00
1.581032808127021294e+00
1.612266125413249984e+00
3.972327334333930260e+00
1.369083852792424949e+01
3.119587186033972337e+00
4.919630522605085154e-01
3.825276518562885197e+00
3.758130505583570535e+00
6.383185781440039896e+00
3.517755225690092136e+00
1.176050912584032826e+00
5.288974536816279937e-01
1.168564227283458656e+01
2.799882634227012890e+00
1.617305895469531643e-02
7.624612764920780883e+00
2.318788197548349861e-01
1.142060462339385118e+01
1.024052222028976944e+00
5.210062200797948018e-01
1.770499991180048749e+00
8.570416309928218235e-01
9.430244415486278342e+00
7.001314150385954171e+00
5.444116080172051175e-01
2.303196456990550534e+00
6.165481281797805302e+00
1.868543558212733213e+00
6.208216175263975956e+00
7.091235045962419603e-01
4.045450033752015173e+00
7.840948061803914015e+00
2.662262272394148965e+01
1.069188840788250339e+01
5.370885105520764036e+00
3.972848968936631975e-01
2.547436195579263707e+00
3.282677911732670983e-01
4.510727663893213446e+00
1.879051299047488355e+00
1.681444802540442485e+00
3.209032994291328933e+00
4.815796914356962333e+00
5.544256241351832593e+00
8.978365517358032122e+00
2.173279444569713448e+00
1.118015208711635733e+00
4.084439075845259559e+00
5.932550441936914470e-02
1.885308826800992543e+00
5.964547134491138713e+00
3.308945522272375594e+00
5.557714215272488545e+00
4.485294041762856732e-01
2.741707910843567575e+00
4.983777649222658646e+00
5.804188904488063905e+00
1.039431066538491422e+01
1.297380528336545380e+00
4.089209923638701838e+00
6.019445917995114748e+00
1.070321921095995360e-01
6.527020479421246968e+00
1.526743098052266934e+00
1.121960993055489553e+01
2.326676247514732232e+00
2.046542937883840008e+00
4.583565099393415387e+00
2.478569771055287030e-01
1.807480667157818521e+00
8.709940738015962969e-02
1.013594885275005097e+01
4.327106041878180376e-01
7.908387715683137253e-01
1.640214129870303461e+00
1.236565942128428075e+00
2.814325608550872548e+00
8.119614712101599352e+00
3.021946987414779073e+00
1.539297903342915719e+00
2.321779417110892307e+00
1.424813914077935617e-01
1.218553529024805515e+00
9.023069563783201019e+00
3.013281563511311933e+00
5.206322259659707186e+00
1.711556413813030142e+00
1.432207895277033405e+00
1.170279768902032780e+00
5.178161727358237876e+00
2.101320047659101409e+00
1.665925944054680086e+00
1.582419184512070309e+00
3.136316952361030808e+00
9.729655913067868367e-01
6.017682602750091370e+00
1.928363339784187724e+00
1.102063490922122080e+00
2.140715515213443609e+00
6.215622980969915723e+00
1.452426134202499242e+01
6.466412465990179825e+00
4.386637817209432910e+00
5.828179151841021977e+00
4.492073270760162274e+00
1.158291509110755291e+00
4.714521442893438774e+00
1.260116072647207019e+01
8.206171757636903763e+00
1.263374413111958694e-01
2.287804706149597411e+00
7.442185303154673637e-01
4.033914301235072664e+00
1.838968561893526976e+00
1.135622718595059411e+01
8.580256190220337587e+00
7.418984184268485826e+00
2.767922475317232678e+00
3.522351704562187713e+00
8.455760525886397261e+00
5.173707441876041813e+00
1.831335454512469818e+00
8.752006662393217340e+00
2.006640605196339244e+00
6.109172963359147168e+00
2.122735391307033037e+00
1.557134111919105113e+00
5.833485888114805284e+00
6.839428313818437744e+00
8.020691199033763041e+00
1.834358356417784774e+00
1.079379112765531445e+01
3.608858572955615074e+00
4.061766467373608136e-01
4.656088917485234013e+00
1.569886181897581778e+01
4.669891564362641745e+00
1.465167774275954393e+01
3.773716673351506401e+00
8.852496056047950646e+00
9.337436809646405322e+00
5.316152030066298551e+00
5.292448777686683314e+00
2.500595737247868211e+00
1.956545566355251342e+00
2.091316365591473492e+00
1.139888893070667431e+00
2.377008284517602377e+00
6.000393917113846953e+00
5.114530212996931446e+00
6.979661805617272563e+00
4.347083965727991384e+00
1.391517700680449643e+01
2.919247422923912927e-01
4.091798183045707304e+00
9.239491182672953329e+00
1.484848954843495328e+01
1.995393646857360315e+00
3.650606058218003991e+00
6.826484548323858093e+00
1.047751253197819477e+00
9.509638257481523027e-01
5.479953882332692316e+00
3.801163736214245414e+00
5.029271114710992308e+00
6.084954000986081191e+00
2.863234743459858400e+00
2.186039188074063055e+00
9.500150412429112734e+00
7.863955538194573158e+00
1.647617224390980795e+01
1.415567134362294865e+01
1.532296566321497444e+01
5.766647975752624333e+00
8.848244345139297806e+00
5.361149444805230146e+00
6.284593070988084840e-01
2.374261985822143206e+00
1.112507606720993136e+00
1.365351942989288636e+00
4.834814681323255314e+00
4.269375681043687365e+00
3.125475986991547828e+00
1.043908537424576721e+01
2.097628735547463208e+00
5.996492708510412495e-01
4.629571573249579686e+00
1.200321928495799995e+01
4.777395934240201925e+00
7.246057703880171452e+00
5.348265303833539264e+00
6.091801797291559240e+00
5.054231586490319117e+00
4.796247365948438812e+00
6.403493153745845490e+00
7.697641687069182836e+00
9.694156529226337637e-01
3.370325927460123605e+00
5.745652044305765038e+00
1.554624765376537532e+01
7.086019876733629985e+00
3.096962511543656760e+00
5.873925538353135245e-01
5.654833600657218184e+00
3.332310044888183498e+00
7.657490578708986639e+00
5.029622463256423259e+00
8.318282930425868749e-01
8.507148565274812668e+00
4.634281338250142213e+00
8.510856697590703845e+00
1.104006889017209225e+00
8.442418455837079616e-01
3.456051286810365220e+00
3.442070007096742046e+00
2.367664469076488754e+00
7.330297598363476830e+00
3.916271324716688262e+00
3.099497454666996887e+00
9.011102933746075294e+00
6.167578963086672417e+00
5.467943846708759104e+00
3.394007100075006278e+00
1.664782811086492131e+01
8.947937552854407173e+00
7.500707622874386082e+00
1.794896898710117483e+00
3.681063318906798276e+00
2.837505283286762658e+00
2.707178856006841272e+00
1.270501949962335120e+00
3.684617931311685801e+00
7.829340070981273270e-01
1.349277858034066746e+01
1.439443539133290706e+00
2.351015353441353664e-02
7.942425224143582208e-01
6.886270125200262271e+00
7.463770326457551896e+00
2.404910590740550358e+00
8.386716070621185182e+00
2.512443362338560249e+00
2.034544418249458175e+01
3.974626215425759668e+00
5.204014739051900929e-01
1.908441588567026503e+00
6.759503692506825701e+00
2.534688883215358679e+00
9.697497396955697013e+00
1.311093626982846594e+00
8.861519270553998240e+00
1.141917416693298826e+00
1.649740238007550541e+00
7.006153113738232685e-01
9.043050143334885327e-01
2.225421062538099903e+01
4.813356919223996222e+00
4.810149897102084515e-01
7.259669177183617705e+00
1.605434622903743724e+00
8.342571526596314513e+00
2.852031697090887441e+00
9.235611765400436601e-01
5.858910430582103146e+00
4.997245773539533253e+00
1.954442697533520068e+00
4.017716403853429874e+00
2.909030009720595111e-01
9.930655231558997542e+00
4.213703175703344961e+00
3.635427225762708048e+00
3.882876197432592047e+00
3.316780879683999927e+00
1.229080623773657566e+00
3.539520557974787263e+00
9.806974714654502989e+00
7.971538076315575205e-01
4.480715975096717152e+00
2.154802458817484112e+00
8.112559207653196935e+00
1.678350683014965128e+01
1.014915574508232687e+01
9.235372782644923007e+00
3.596569190238803060e-01
2.619267134785391526e+00
1.902158999448487542e+00
3.128533906088454497e+00
5.433892445790617920e+00
1.505849401930452913e+00
6.070718443270456177e+00
2.542113459063026326e+00
1.067640362415734856e+01
1.059602533595547458e+00
4.234217333887243528e-01
4.064499882465077540e+00
5.983991486914262303e+00
4.254471350860700163e+00
5.333805807281000178e+00
1.299974316974816091e+01
6.303759179533823698e+00
6.839875893506172311e+00
1.122050388617806815e+00
1.846781253707499459e+00
9.425181096522917912e+00
5.500006041892063102e+00
1.332363309260599671e+01
3.397836789754925757e+00
4.800490097612971852e+00
6.228349955505559921e-01
1.511203251596098251e+00
4.324716744770244481e-01
3.570469165328682415e-01
4.967843711727886635e+00
5.702049451805358826e-01
4.955505802587908626e+00
8.523317953682331138e-01
2.549743003445906098e+00
1.276824731707526794e+01
2.178775290513475849e+00
5.035913687396221583e+00
4.111105655629027744e+00
7.582574815483557051e-01
8.874958353636785091e+00
3.131631971814663018e+00
2.175527431977765325e+00
4.152037793466395676e+00
1.544418985672909583e+00
6.075867947621439669e+00
9.263308725964206070e-02
1.969223191797819572e+00
3.903814200217820218e+00
5.340984497329576364e+00
4.443491715204200609e+00
1.509419255784293146e+00
6.719611869259110026e-01
1.880266241940187433e+00
2.230933053759570850e+00
4.478049682893363581e+00
5.033221839446851753e+00
3.242978060688204156e+00
1.093570236040440591e+01
5.595054716395639893e+00
3.477277444548922070e+00
2.779946577516997919e-01
3.072377585206114592e+00
1.238922932969789503e+00
5.276234593556153207e+00
4.666623770891195733e+00
3.237113488039103704e+00
1.885138371084802644e+00
8.594160274209079464e-01
1.083231507955835671e+00
1.285962213109079144e+01
1.512833844874947875e+00
1.632376394553242349e+01
4.281983933257141217e+00
2.831952168961238581e+00
1.732273262748169840e+00
4.242914899244689675e-01
8.729724583902212842e+00
4.105969396948909278e+00
4.921840792096349837e+00
2.628610654264871282e+00
4.198538686086171090e+00
3.179242529276274265e+00
2.180042554813779176e+00
8.284920037030074624e+00
1.881449890873882325e+01
5.195650126789564283e+00
2.644362115116195788e+00
1.511154852242874158e+00
1.761116412420402177e+00
8.742095189012326628e+00
2.853142985023955802e+00
2.938995367679309578e-01
6.994510551660220621e+00
8.942981882712872643e-01
1.281222492167173543e+00
1.684260377440516709e+00
4.815599449519378794e+00
8.348327970121417252e+00
3.191767396816886038e+00
1.036811193756966532e+01
5.990395936220545892e+00
1.280355111195414786e+00
1.099135757220258247e+00
7.836840690113177743e+00
2.282132146805408546e+00
7.605208771334174500e+00
2.471867287209551733e+00
1.304467674274824063e+01
2.081988561897891543e+01
5.979342263449061612e+00
4.471704695382566208e-01
1.108546366255472648e+00
1.299212703497768739e+00
5.209949283184021063e-01
1.106308629632400731e+01
3.092860362225711146e+00
1.308511860069194732e+00
4.470578401552867120e+00
3.086767281356386672e+00
2.882041678338157276e+00
6.798766480795701561e-01
4.088640998368072488e+00
9.105705454280961675e+00
3.781241826096099157e+00
6.607828146524353796e-01
1.999282472866630966e+00
8.004386947280758946e+00
9.147736477837282720e+00
8.878569317239824343e+00
2.364522259546199123e+01
1.053439353418184155e+01
4.328879045418745908e-02
1.265854245950562706e+01
6.018997496484925769e+00
3.980211834763000556e-01
7.482868490351764379e+00
3.942148168076459402e+00
9.140382783191377314e+00
4.478005620785074470e+00
7.775437701949082125e+00
2.223156126570435820e+00
3.079973215984189938e+00
4.316571862534974713e+00
2.773102383780036373e+00
6.039813029307301129e+00
1.164257943064405509e+01
2.098114697840932852e+00
7.446780600532199479e+00
8.692872069019470516e-01
1.018212193735676330e+01
1.139205437806889520e+01
1.490349328072756219e+00
1.095464626534335517e+00
4.736597639819366101e+00
2.899924322849879998e-01
3.481723679871717270e+00
2.044516929410794770e+00
9.922998766916146351e+00
8.020019968650045072e+00
3.304784956750721897e-02
1.231631424227404903e+00
2.739965033180578047e-01
1.075804434844704183e+01
4.747614900207882127e-01
1.666525848469559312e+00
1.151354974840227641e+00
1.722437160931581834e+00
9.020029830668483406e-01
5.835001241822515894e+00
9.094922349431158182e+00
1.758349870764424727e+00
2.593036599773881345e+00
3.630528678485809291e+00
2.800737459428109588e+00
1.207226539451139447e+00
2.664498487459518117e+00
4.441046764757475174e+00
6.516422148698155503e+00
3.403846853008440365e-01
8.206103448726516092e+00
5.980001573349625899e-01
3.325282495296560281e+00
5.149759498553763137e-01
6.480191674975283256e+00
3.025251880942815497e+00
1.384451909688654059e+00
4.808903375660454671e+00
3.156671444784094227e+00
3.969429883021004635e+00
5.575691782873202662e+00
1.065772803681135095e+01
3.952098964653931734e+00
2.446443734720951557e+00
4.425445403263858601e+00
2.243106681879280639e+00
4.701981993179000341e+00
8.878670947677049341e+00
1.274925497478876402e+00
1.540377602048961236e+00
1.069479191036748711e+00
5.154076701015301687e+00
1.577376987742547643e+00
4.461486726611169767e-02
2.522073388491581802e+00
3.738660252684808949e-01
4.520359423862583270e-01
9.472561967073884759e+00
1.154416855801983033e+01
4.854093846785620947e+00
4.489324521915259325e+00
6.916639730175685230e+00
2.321625130692759331e+00
7.693225586908979174e+00
2.559881494179115258e+00
2.488008863378760260e+00
3.639365469326974356e+00
5.034425674815973473e+00
1.189244184654679160e+01
1.487401262142992664e+01
9.430088572994474561e+00
3.732295277591699545e+00
5.507911621949050485e+00
8.233122416290045820e+00
2.265263255089449146e+00
6.783965722074350779e+00
1.156875282510418401e+01
2.226356632568898153e+00
3.923057435508963575e+00
8.881438737575606979e+00
4.480017809971404752e+00
5.525232642993787913e+00
4.306627616942758863e+00
2.829633180847256124e+00
8.014512605154015645e+00
6.065079565848112253e+00
5.654745872911670634e-01
4.536256829341526742e-01
6.658945421738265980e-02
8.712126077273106617e+00
8.076118235455842509e+00
7.072997965308831070e+00
5.656189704651111150e+00
3.588748562804135567e+00
1.994217250660287988e+00
6.242904420571851354e+00
9.498598201162369303e-01
5.646117549309777495e+00
4.914096635237895860e+00
3.762956985254643172e+00
6.015716386820879613e+00
1.325567432351387465e-01
2.301137967263013451e+00
1.049718691287503614e+00
4.999137348603735376e+00
2.006990120489755558e+00
6.836840994331534915e+00
3.473468470523989549e+00
1.353665710062631478e+00
4.381646758800608055e+00
5.970528334813959503e+00
2.154835613991572529e+00
3.679759480586159537e+00
1.230854815053014084e+00
4.792719319700700531e+00
1.425670823748982308e+01
7.981667610462162443e+00
5.433805777921804747e+00
7.294253426657276052e+00
2.510363943121165953e+00
1.646700799770039136e+00
9.556738195982935835e+00
1.001073700579392600e+01
2.972706841141774081e+00
8.192799951342712106e+00
3.787320471799241695e+00
5.339247949271827665e+00
4.936050611661751297e+00
4.070091505943806531e+00
9.879323610375857712e+00
5.223270459081778228e+00
1.067566733978085602e-01
1.400566980976153619e+00
6.832051226374433739e+00
1.635445754635262761e+00
9.745306503097804551e+00
7.217148576784392588e+00
3.641288290067571598e+00
5.103629550727741382e+00
7.995555167809042629e+00
5.901861508490050312e+00
1.308022417445002805e+00
8.534421712606548027e+00
3.339996805907033295e+00
3.809291010025538160e+00
7.634641649099103144e-01
3.353567786973790543e+00
5.797963422376548159e+00
1.341607847149423050e+00
5.090879122511330124e+00
