5.651822943732669025e+00
5.229233953140979274e+00
5.681189162319030039e+00
5.087803146696929346e+00
4.004582327975645839e+00
7.714958645790547465e+00
3.673655694040091735e+00
7.241015592278285062e+00
6.520023142560002150e+00
7.042680766119373992e+00
8.234867182657369611e+00
5.246333836414058815e+00
5.509993026845404707e+00
6.034960452013537591e+00
4.743041180788218902e+00
4.812066388246280191e+00
5.446681008823937908e+00
6.998286271140063519e+00
6.051339001527892947e+00
7.986837378158242906e+00
6.239825835510400154e+00
3.747120300150518002e+00
4.594463039115208147e+00
4.473158757830178800e+00
5.269719022903669448e+00
3.694973719381275057e+00
3.197295494542326200e+00
3.728410555787298630e+00
3.482845115551100879e+00
3.983632549521898270e+00
7.858098120944680076e+00
2.231787736506841924e+00
5.603983345896354606e+00
4.885968545359109960e+00
5.611812260000110797e+00
4.880843894462905119e+00
3.365833241167917933e+00
4.047545056965276444e+00
7.100679877940677898e+00
7.034320511020855982e+00
4.033095274792106721e+00
6.162024676017130886e+00
5.054140855391642262e+00
7.159557516736489546e+00
8.131084586851173412e+00
6.285483129789528611e+00
1.996805846789722727e+00
6.319801727542246006e+00
2.436729412118447069e+00
5.884174383718785428e+00
4.900333351650478342e+00
3.705736179937014096e+00
4.986408093420771515e+00
2.866042018522814594e+00
5.514545673644765778e+00
5.918005892168464399e+00
6.818865693462895727e+00
6.885152972027504426e+00
4.105975675503782618e+00
3.628725594304177182e+00
6.080516111683534675e+00
7.257036108898311078e+00
6.155300720399871750e+00
6.323616431516571268e+00
6.615516520552051638e+00
8.820192499018430610e+00
6.139998408298803945e+00
2.628515767805555736e+00
5.750980142896400693e+00
6.783275575758775489e+00
4.706664275835090727e+00
7.218862937008013070e+00
4.040827572206743490e+00
5.029244640664345845e+00
4.615934463176869507e+00
2.639180389884590028e+00
6.339533770700658266e+00
5.801731501890112774e+00
4.698412583202991044e+00
4.768811024878951699e+00
5.603154193511553416e+00
1.015032601989795680e+01
5.394794370861329291e+00
5.709573408061684674e+00
4.677281188364522002e+00
2.483964212309895725e+00
5.803184304728212339e+00
4.149791263165751865e+00
6.403322377393756426e+00
4.283082467204668120e+00
4.731650277720238940e+00
7.245026777375802141e+00
4.523558538967614950e+00
5.787876049203699580e+00
5.579396817220255933e+00
6.575765103835997216e+00
5.155897283420161514e+00
4.175203063076206256e+00
7.846951485424893846e+00
5.956394058016269533e+00
5.064968639590005317e+00
5.348726286099362071e+00
6.545161165995690311e+00
5.911951804397229004e+00
6.336316192689936955e+00
3.484597297412172168e+00
3.125226304773278230e+00
4.387465572108692591e+00
6.066566803352104742e+00
5.661999135221753576e+00
5.012325682308057750e+00
5.102306185747631062e+00
2.695916865185288280e+00
7.547434719200317055e+00
6.641818340984322333e+00
5.660292742610944394e+00
3.234071770093954523e+00
4.632638912029641176e+00
5.525907457701912051e+00
4.791604251437048489e+00
3.649459681371122421e+00
4.661070381379096794e+00
5.393469235512506010e+00
6.879482608356659590e+00
6.147657536049423221e+00
4.113680155339137556e+00
2.978064678683617572e+00
5.381977252850298932e+00
3.596582721188499754e+00
4.966613414927327774e+00
3.573734153505159661e+00
5.866570822905170068e+00
6.794203309697179449e+00
6.121834988007619494e+00
5.505131214034612697e+00
4.616393798934339543e+00
4.531158928996230628e+00
4.681424746339431842e+00
6.866295646859117419e+00
5.337231578379009633e+00
6.628247239726763773e+00
6.729878088623467924e+00
5.988093780899397700e+00
5.806303170337582031e+00
4.466067351507810201e+00
7.931983982130438982e+00
3.252665163860242181e+00
3.676154868659219588e+00
4.374342168085481042e+00
7.339730109176142214e+00
5.408978569352022703e+00
7.603122593840650367e+00
3.398868736011338321e+00
5.650657213121640154e+00
6.405067570729033655e+00
4.193403533723413013e+00
6.011152768164999216e+00
4.333958855003222865e+00
6.042629440074382074e+00
7.254653241200847091e+00
5.437959357405618199e+00
6.132108565203290951e+00
4.296431579752993279e+00
5.349995604403857463e+00
6.309353979976726201e+00
5.513641776034240216e+00
5.260471693550576866e+00
4.984913704423989067e+00
2.244303597268467954e+00
2.585687466728453288e+00
5.998131150609588680e+00
3.317480518028665504e+00
3.916403097391660371e+00
5.365440771204177395e+00
4.318526470957512409e+00
5.363960974850100705e+00
3.732625128046449081e+00
5.036169913974974932e+00
2.588421788717676364e+00
6.356965984755259313e+00
2.749929542211093203e+00
4.345022779134406932e+00
3.890496155718408122e+00
5.880044652740652467e+00
9.016714145124669955e+00
4.454761708879869886e+00
4.235064161248025982e+00
4.543271193858361201e+00
6.044191394091598113e+00
4.077183046100883779e+00
8.639424908140890480e+00
4.909414212084775464e+00
7.836593048998015121e+00
3.759124964168220284e+00
4.544377964710033524e+00
4.048691715229913335e+00
4.607399767681338965e+00
5.675382950361780310e+00
2.918593478175897982e+00
1.998596122174810752e+00
6.479863744789661872e+00
7.376485093005159754e+00
6.418885778617193338e+00
5.923366238127580452e+00
4.639201442182966595e+00
6.473868543421161803e+00
5.784540635754717108e+00
1.225042316929461306e+00
3.891222299642390858e+00
6.059851698325500635e+00
1.060085780707258785e+01
4.526456220082796911e+00
5.068321351420514098e+00
5.885655358861923148e+00
7.497750845624225668e+00
5.884112502016639823e+00
2.874817925762342963e+00
5.006445860201095499e+00
3.862124596519137310e+00
6.190296197147706181e+00
3.848166848493645542e+00
3.967730505713110922e+00
8.298751514501644166e+00
3.611118587947123260e+00
3.479919551404411671e+00
5.014311967917243429e+00
5.515629064757687772e+00
6.669220099494257425e+00
4.941941755067423614e+00
5.325678209776079974e+00
7.492513889619464074e+00
5.808421762395522769e+00
9.724609117571585415e+00
5.108866904512042062e+00
4.901681631277495121e+00
3.987178203451677394e+00
3.860374080630752047e+00
2.875974106206010461e+00
6.126759086644177899e+00
3.391625982910902337e+00
3.263890398038052698e+00
4.950505459518856455e+00
5.563105399864504363e+00
4.104661801420850686e+00
7.285803769091399928e+00
4.017955331294138510e+00
5.945859022909453451e+00
3.994738332010492776e+00
4.716003956606185987e+00
5.919744495795693950e+00
4.201627157379121513e+00
2.921833399864084413e+00
5.880305607377201760e+00
5.590466477709127524e+00
4.094730860781812254e+00
5.092547464075329877e+00
3.644589644018342067e+00
5.878964577521356816e+00
5.370277119751458272e+00
5.861423543265058989e+00
4.839787859703010398e+00
3.773896486633508740e+00
3.377442636598979586e+00
5.042180595602575366e+00
4.201477830423926640e+00
3.322430075949920791e+00
3.343863278521872040e+00
8.497530156374198285e+00
3.436300668344709042e+00
4.259290974064232849e+00
3.683983459446454667e+00
7.937849803847932151e+00
6.298893456102518051e+00
5.175080698030913418e+00
3.713398194731374335e+00
7.152547272905475317e+00
3.966627943372698528e+00
5.328759491215869559e+00
4.534706168410639116e+00
5.213007673714655787e+00
5.697905220385127478e+00
6.901249508185681947e+00
8.150693916862261190e+00
5.015763583511604118e+00
6.534701793204699349e+00
5.270324131264774614e+00
9.815693056008676365e+00
5.488649558496328851e+00
4.303797051095104464e+00
4.502850645514791417e+00
4.284094987345659966e+00
3.186229562220217026e+00
2.695556335039610563e+00
7.106842614994326013e+00
7.884069637377873363e+00
7.507206050016345777e+00
6.789859986096424826e+00
8.464692791503791724e+00
6.990527369083534559e+00
2.302968151825695475e+00
6.228297333416668025e+00
2.930581800174620000e+00
3.388082673580273152e+00
2.495091128132025826e+00
3.898645990088816848e+00
4.203058247736995767e+00
7.927185703865797350e+00
4.650542807064739215e+00
7.805764875742089437e+00
5.147931696845312821e+00
6.337760710692141863e+00
4.383422358673733754e+00
5.211409333695947943e+00
6.055537493792622961e+00
3.785224411879051232e+00
6.246337041115345379e+00
5.162395362796291742e+00
6.857191553276992479e+00
7.153877580153231719e+00
7.661744095950670186e+00
4.996980878970673778e+00
4.022405879394820083e+00
8.321471392923804444e+00
4.856587679196063156e+00
5.571200393102159865e+00
5.399909156802919163e+00
3.560215428790599823e+00
7.269822484653282402e+00
5.901147394930730705e+00
3.113752310824624114e+00
6.439616772585250004e+00
6.161691944237079888e+00
5.635804250084424538e+00
3.061404456905972626e+00
8.844773122592572534e+00
1.007407623729331547e+01
7.532420483305457104e+00
3.925180992406486880e+00
5.281080658084521318e+00
4.055434652187262401e+00
9.083311807334176535e+00
4.784772158282039278e+00
3.687737849735241991e+00
7.579393268613816126e+00
4.495117286570473603e+00
7.286082019444105384e+00
7.402663997616513392e+00
5.109721163066955008e+00
5.201225191438146211e+00
5.597055810889393079e+00
6.303505798254581016e+00
4.229553406167789298e+00
8.368548742577004873e+00
5.277910921374454389e+00
5.436064532047039322e+00
4.990045186681369316e+00
7.968127765887522251e+00
6.446226008325964152e+00
4.578544057511475529e+00
5.657034694777160588e+00
4.107724552152085984e+00
5.759347481675407998e+00
7.024580052950121001e+00
7.303112798705353903e+00
4.823601922568993672e+00
5.270250260498246853e+00
3.087892508900219823e+00
7.625538231913654208e+00
5.220525168209750433e+00
6.081354781274852073e+00
5.580235638427946121e+00
2.923500766213019908e+00
5.528119051185925059e+00
8.270255647224464823e+00
2.648208345192164526e+00
6.884762052915992747e+00
5.856935251022325595e+00
5.237294835902816637e+00
5.832221939454161230e+00
5.453560140117241772e+00
7.991272093627189044e+00
6.220616157005379065e+00
5.930755883669942996e+00
6.138840364120657256e+00
7.081600894724858541e+00
4.360056303491258056e+00
3.660705778772775254e+00
7.711886659850453185e+00
5.440705657343969825e+00
6.539237794282431793e+00
3.468632483560948110e+00
4.609114669722620405e+00
6.174996128225320291e+00
4.111498711878152967e+00
6.609570520314191455e+00
8.069487833592001280e+00
5.740899062234787742e+00
4.993992523377248638e+00
6.086994093574761067e+00
3.766090769193825238e+00
5.932597723005814672e+00
7.382617131831203494e+00
6.880589230404760670e+00
5.382400836024623381e+00
5.171171157373772864e+00
5.473707201295963110e+00
4.579047195815461713e+00
5.169278122522425356e+00
7.230103956144168897e+00
6.367584648283616922e+00
3.510270119577642234e+00
1.222558326006314866e+00
5.804997891197602122e+00
6.442454248064741762e+00
5.901066864012865842e+00
3.726384645159026565e+00
3.478760887671947355e+00
4.211338088678909131e+00
3.577571463741939350e+00
6.702934657233936555e+00
5.202964163924662877e+00
5.610085827352804699e+00
3.932726608179466510e+00
7.044930248659725613e+00
7.425041732806494821e+00
5.901933900779754438e+00
4.383926399518238703e+00
3.509694068763560271e+00
4.819362666990074651e+00
4.677982018089583249e+00
7.431122247924388802e+00
7.789622377849516610e+00
5.168103253581241674e+00
6.199428338829620522e+00
6.302977646426903391e+00
9.640094827076618245e+00
8.531109027569282688e+00
3.805856311977496631e+00
5.399276199766430473e+00
3.365524612816285455e+00
6.588808340251634199e+00
5.652898115977720295e+00
3.646573328888094601e+00
3.477054379226483860e+00
6.173048438381579572e+00
7.208305306031482118e+00
6.135516380264391501e+00
3.570594972192020045e+00
5.372845895472700306e+00
5.212411267104925194e+00
4.661985059008128651e+00
3.903029134760125807e+00
6.480717057410933180e+00
3.889224085126768760e+00
6.179595732119881113e+00
3.513512074798041951e+00
4.743571057191325657e+00
7.039595911964595665e+00
7.627404355110952494e+00
8.518657942213993195e+00
6.139688262577271516e+00
5.918033204886439691e+00
3.403566949800548969e+00
4.459649863489398847e+00
4.845014456794006108e+00
7.746614440619479680e+00
4.518992864360868111e+00
6.822681409602191493e+00
3.592160274187352176e+00
5.878861643070796283e+00
3.528199312133409205e+00
4.645248460560857495e+00
5.591381676485561059e+00
6.575462236399709504e+00
7.234335344140485624e+00
4.259814136560357234e+00
3.379436985730979615e+00
5.213181836376327816e+00
5.980483186207927737e+00
6.573153527243926320e+00
5.780327053799391379e+00
3.298396390579541038e+00
7.106834073407101826e+00
2.867825463878840520e+00
4.557706861279516630e+00
8.826147085346576660e+00
5.541466519030077365e+00
7.899562436497289397e+00
5.343259316649676016e+00
3.919702424705373112e+00
4.407357660636741947e+00
4.771708442777020664e+00
8.474417579539039735e+00
5.546453978649041439e+00
6.622244470448279685e+00
4.040554843285572240e+00
6.996898748303503446e+00
6.888101209008671511e+00
4.180609421580638418e+00
5.251764313815662000e+00
4.569458820940301536e+00
6.013807857426190395e+00
2.340495336056038767e+00
7.702893618428572786e+00
3.248931148372866673e+00
3.809886232631027880e+00
5.909493739627519560e+00
4.548321873621801181e+00
6.020064051035127761e+00
4.949274943771272639e+00
3.921193154452387919e+00
2.835086414726045501e+00
6.007312790389252477e+00
7.544854120342744608e+00
5.840791284916840631e+00
4.534357200929311382e+00
4.630935119559860702e+00
6.083683935056140690e+00
7.520637407767106097e+00
3.888675056741630165e+00
5.225431513241298731e+00
2.347580962558962092e+00
5.739945037664710981e+00
5.285407929312877506e+00
4.548164900507739361e+00
5.018523870610510862e+00
4.993241059272285121e+00
6.068795143784345925e+00
5.790410712277170191e+00
4.573135960800820854e+00
5.184949052714654449e+00
4.709869895835677944e+00
5.438134656290795732e+00
4.917468220720976113e+00
7.082420991051903592e+00
7.598205410515491920e+00
4.379552544922500346e+00
7.622712519578963786e+00
4.180895173116481622e+00
5.617336860064352955e+00
6.468355466508560525e+00
2.523151886300450730e+00
3.850694328736341987e+00
8.032806515883669007e+00
5.749377571508002660e+00
4.326201801736179853e+00
5.705741007547253218e+00
4.998854260249534498e+00
4.506496324974819778e+00
2.921594646582006849e+00
3.704101965230200744e+00
5.670352376539843142e+00
4.136469153515677455e+00
6.755928797368194516e+00
6.303542641739360519e+00
6.307790611398366387e+00
4.849967602664635002e+00
4.761365178082326288e+00
8.399865249917223053e+00
5.597687081109696372e+00
4.532370726956082230e+00
3.276461449144399296e+00
6.132738572109714958e+00
5.688923656698279707e+00
4.355103170060876216e+00
3.273342250233336692e+00
6.302813744588212863e+00
3.875890432090949300e+00
8.561688804065450853e+00
8.009530524229564463e+00
6.143126861767128410e+00
5.296349631085339738e+00
5.870940515631583700e+00
7.698000518399121361e+00
9.017148225900562863e+00
3.613111289318579278e+00
4.052901145066217126e+00
4.940160720387476445e+00
3.872537869401322830e+00
7.474779947721640561e+00
6.173451259199820740e+00
4.233799607406237620e+00
3.384484860600991851e+00
4.246075533619356079e+00
5.014836145980296145e+00
5.878549849873349054e+00
4.676445276749062963e+00
5.139384899215483138e+00
5.993429156765743393e+00
3.000009816839666943e+00
4.539855390819749204e+00
7.003647476060560706e+00
3.162855114556745395e+00
3.806946057963722652e+00
5.996639947606299259e+00
8.456853731904640625e+00
3.876610589009773289e+00
3.927697067116837193e+00
6.380892166199506832e+00
4.904073352403947261e+00
7.132847217841793430e+00
5.702004885049641203e+00
4.774215694326073844e+00
5.376012086960829883e+00
4.654681928736393637e+00
5.777586524572886795e+00
4.988264191661082592e+00
5.698468996925034169e+00
4.776852469003315171e+00
3.666993855071037700e+00
6.010080796296929151e+00
7.581389083580718058e+00
6.220379732150681740e+00
6.739659487037113372e+00
6.245133832876374136e+00
4.575035100012645906e+00
6.556675865721578234e+00
5.432140631337059489e+00
5.483968321550167779e+00
3.430364053465333907e+00
4.294546363122635491e+00
6.344002018336695414e+00
6.636985937815518710e+00
7.581371194534981761e+00
4.401702353391143241e+00
7.196320382990789355e+00
4.604983861937345324e+00
7.769463251516971702e+00
4.685680202454905796e+00
5.039646390573631507e+00
4.715253300264766523e+00
3.669182817339303515e+00
6.692124586733726233e+00
4.814804038008603904e+00
6.507550139159982372e+00
5.178641747291626629e+00
5.423475454697489262e+00
7.519013485053609003e+00
4.112741391127974211e+00
7.263858612721983299e+00
6.707860952902154672e+00
6.488112111916339408e+00
3.773266949627767985e+00
4.689666468803291188e+00
7.590640346009305262e+00
8.661930767922513041e+00
3.973220639555694600e+00
4.626390390513320128e+00
7.682910006989489560e+00
5.415637237582456187e+00
4.287561998624671133e+00
6.558637088667192749e+00
5.137938916518679733e+00
2.703123817899889758e+00
7.296499537844958638e+00
5.249277303799168237e+00
3.620715559850787635e+00
4.628448927623871612e+00
3.925197943556488767e+00
5.371805394801659084e+00
8.242803526417199933e+00
8.017023924015216352e+00
6.750103989824932427e+00
3.861507457993134551e+00
6.385670040680987647e+00
6.024735812073175545e+00
2.634200279819207680e+00
4.864834783022851994e+00
6.570837452738468976e+00
5.530522699527408825e+00
7.070183785365074414e+00
5.907261177781565564e+00
5.145138193978459284e+00
4.560135969538393397e+00
2.771215585258372194e+00
5.011655788653250454e+00
8.603599787070853822e+00
3.946060585718417002e+00
4.789992041594680394e+00
3.673657243499129699e+00
5.506188660999328022e+00
4.467891144155554883e+00
6.000981488834427502e+00
8.931803277401686003e+00
4.606832189672127598e+00
4.969718344841968616e+00
4.750915472728402200e+00
8.995392334164680648e+00
2.844026552999370683e+00
4.945960659085670841e+00
4.211655801717687275e+00
6.191966594104545862e+00
4.909433619901107271e+00
5.380404316336003134e+00
4.809345778430728302e+00
7.174891887782294475e+00
4.555464305582289875e+00
8.767704342923645200e+00
7.882191251880263039e+00
4.437743730927146579e+00
4.278063117851268693e+00
3.702793273419044962e+00
7.529301457990200674e+00
4.975250800369422244e+00
8.518646660783740998e+00
5.438497184203368917e+00
3.574987214063449326e+00
5.237958349842662287e+00
6.094380236696902209e+00
8.796956122303905445e+00
3.332012126892446080e+00
4.654473790643513631e+00
5.629542088173958625e+00
3.202186530591506930e+00
6.583116381928387995e+00
5.953508334278529546e+00
5.940319170004016769e+00
5.926810489762318390e+00
3.454390368091966312e+00
6.640645555499952835e+00
4.511366779782881586e+00
6.142503795295930935e+00
6.418328423690441653e+00
3.558690298471515856e+00
5.537944910618926464e+00
4.681938913853147533e+00
8.629078799867128780e+00
6.880060899102638849e+00
4.200389803691132684e+00
2.853215767031386019e+00
5.844710962915557140e+00
3.538497921131045665e+00
4.291154013785619448e+00
5.016947985644056196e+00
4.115464932325894942e+00
6.027545186820726819e+00
3.637282515476673250e+00
5.166317976163036896e+00
6.358486634576802743e+00
3.657257428666970789e+00
7.851522400410702929e+00
2.516356404928544954e+00
7.637428653035300385e+00
4.828386937562757275e+00
8.167462770990523424e+00
4.059125578435760495e+00
3.487355107136093313e+00
5.454464539042367832e+00
3.298217103554338170e+00
3.114891799299045694e+00
4.924552661133698273e+00
5.401882662710804084e+00
5.755824555142711851e+00
3.533932949826218195e+00
5.700776025489523668e+00
7.591994294539218480e+00
5.744653825625020360e+00
6.988058377379596564e+00
9.278983453783647306e+00
6.700279822107736649e+00
5.321090921360721815e+00
5.463297807881549062e+00
5.557823281834194162e+00
4.621202001443705853e+00
5.809562283780041803e+00
8.376314407070870161e+00
5.165927815460074513e+00
5.368506255874979871e+00
6.878453303265114727e+00
6.701368938280885423e+00
4.705590981688674290e+00
5.596937505749464137e+00
5.047198512322119690e+00
5.771146391791232233e+00
6.440806166662724763e+00
4.910453716696323134e+00
3.594365237809354685e+00
5.142718056415108485e+00
6.184153119018076517e+00
7.877044549948058361e+00
4.174379293951576919e+00
5.291685776643032746e+00
6.739392720716505636e+00
5.407796595559788422e+00
3.478630279082121746e+00
4.444890451155530720e+00
5.994760966814933312e+00
3.942991494397230845e+00
6.497232079394879456e+00
3.645558080582223415e+00
4.407333103944611530e+00
5.966861765961622766e+00
6.800080338541397040e+00
5.228920480366746837e+00
3.996130807409772334e+00
5.595880878358626020e+00
7.988763375747415907e+00
4.236413236522865944e+00
7.297685804403154286e+00
4.968790050384362722e+00
6.998396907754793617e+00
4.057940654753600107e+00
7.542284197935970269e+00
8.406682509185412044e+00
4.270879452399754861e+00
2.901757664116612734e+00
5.045947971372787499e+00
4.098964921641289116e+00
5.373767339582860458e+00
5.591178758184862652e+00
4.985272318973708039e+00
4.752879718061113756e+00
7.051938624427696922e+00
5.968832689476807118e+00
5.974813753056938737e+00
6.491552715355615177e+00
7.637141473786138057e+00
6.655465548655641328e+00
5.777484199466220716e+00
5.582530192692305882e+00
4.914039536037131839e+00
3.498932472967195562e+00
5.900755685299388098e+00
5.819348817785238381e+00
6.292728421506208036e+00
5.063955337800726930e+00
4.687562961719856425e+00
6.280706217415499282e+00
2.673327061752085676e+00
2.710953760870632223e+00
5.879053461066650499e+00
2.347159389364103177e+00
6.168735374610566424e+00
5.960527458879189666e+00
3.132038281026783721e+00
7.804898964249474602e+00
6.346093490684598493e+00
7.248297340541483891e+00
4.325609275467215298e+00
5.139717947844165025e+00
5.009952731537969051e+00
4.602466017021241917e+00
5.270141816257905454e+00
7.671340482865077526e+00
5.345976888943966721e+00
6.330142570850571637e+00
5.954626945937133264e+00
7.017496347660576284e+00
3.812057822789973738e+00
3.385149237815793466e+00
4.503375219043585176e+00
4.361953720568524595e+00
5.038868771422711390e+00
7.198797411937591484e+00
4.098486794884070861e+00
5.894759433408518490e+00
3.078707309721985030e+00
5.258863733179754085e+00
7.786853591748082337e+00
4.862924653453620571e+00
2.090842374698916206e+00
5.757797913118614552e+00
4.748965474402522702e+00
3.140447855070807925e+00
3.993024575937566656e+00
6.766722306266150788e+00
3.321439662619070088e+00
4.049032083228514267e+00
6.896079495827582839e+00
4.469442986072333035e+00
3.108939109929733213e+00
7.259215956945514137e+00
7.202291268014272774e+00
4.316303692801604086e+00
4.041960341811687840e+00
4.635910014931562628e+00
9.879220668962449992e+00
5.165457050716426579e+00
7.150007741945468176e+00
4.513097947853053959e+00
7.694431843645233471e+00
5.919194727733215089e+00
6.582998964301051359e+00
4.716801748692290630e+00
3.214413457294317045e+00
4.980348099278033125e+00
6.581204190788129793e+00
1.651530814005554015e+00
6.326045456240604992e+00
4.495658323714091686e+00
5.676156500336284161e+00
7.164543941802920202e+00
5.197583798166466096e+00
5.974222673216252666e+00
5.811470069563332785e+00
2.636203287792697303e+00
7.429004641804510811e+00
5.889355249972934025e+00
5.472517018740466810e+00
5.906812766725905384e+00
4.311126338676368519e+00
6.834889108872450159e+00
3.895055619569739225e+00
5.023858450362165051e+00
2.883412988788693010e+00
6.626303865111758284e+00
8.526596613186525175e+00
6.069430947171339241e+00
3.832826932984056523e+00
4.090580692108213512e+00
5.746267914354022288e+00
4.033618798667138350e+00
6.693404693514005466e+00
4.744113135714010276e+00
8.083850139576119531e+00
5.432311278996998283e+00
4.451016858779001772e+00
5.286518298142597772e+00
3.478858255703851210e+00
7.435407464703128966e+00
6.793203352404042938e+00
3.957358593898495425e+00
4.287735891942055844e+00
7.442614939008739050e+00
4.013792404933147928e+00
7.093350688040243490e+00
4.930565805252277833e+00
8.838476088004767917e+00
8.055444486499473200e+00
7.498600041606682254e+00
5.289941144348976110e+00
4.755006502076739139e+00
6.138979566991821457e+00
4.329229024442819984e+00
5.596716889214896185e+00
3.433228702532830301e+00
5.046960180601415047e+00
2.805308980004431962e+00
4.926306313958581207e+00
4.100703111631192499e+00
6.106107117526033967e+00
5.583463976500103954e+00
6.158972641987639385e+00
7.230206973849746532e+00
5.173258708532227246e+00
4.931457871885859490e+00
6.348218252359014713e+00
5.093781487677093267e+00
5.306623764126790377e+00
6.164813091815550372e+00
5.883146638914931614e+00
3.724467814568364066e+00
3.623000328725602071e+00
5.731522472650890876e+00
3.217471998584659154e+00
3.585997425910883774e+00
4.774382492075043061e+00
4.636532874827092421e+00
6.423635083290085923e+00
8.206342200509693541e+00
4.810834380023900181e+00
4.009830016239616768e+00
3.695423441819429389e+00
4.934020660479064624e+00
3.431358903820943329e+00
6.356608481467639571e+00
4.906415318463910324e+00
6.922490789349949658e+00
7.996027938552741965e+00
1.850640324427555328e+00
4.176915116949694529e+00
6.884786835648799119e+00
4.494933807516161117e+00
4.212959087874361686e+00
7.143385351792593596e+00
4.204692154859583475e+00
5.038522462958011872e+00
5.617074877796439658e+00
2.792820558099516681e+00
6.155864626877465717e+00
4.895606280100699870e+00
4.826237597244971589e+00
5.841993270992214882e+00
8.999532845977769924e+00
5.438561862451058992e+00
3.475148241629717027e+00
5.490288757292955069e+00
3.815557606304792237e+00
3.950875618899086561e+00
8.334335380434501062e+00
6.638390471157167738e+00
6.422659281723261948e+00
6.985599940794225304e+00
4.574306388633107900e+00
2.985872951261414610e+00
5.689348894624611574e+00
5.745650274199498142e+00
3.784179245181599427e+00
6.105805461437628701e+00
4.782227722846741358e+00
