6.241706764005210850e+00
5.047173423744981235e+00
8.166921843377862089e+00
6.243184628586251783e+00
6.980353476798621060e+00
8.413230124013731270e+00
5.836300039631190373e+00
7.790757334028327818e+00
7.122328203619478160e+00
5.344750660672221265e+00
8.652955570194752255e+00
4.902289804707542942e+00
6.809798640718915941e+00
5.515924770591017712e+00
5.824317260685965003e+00
5.102818062909551422e+00
8.794474986034282793e+00
8.405554195612095825e+00
7.044467974757480988e+00
7.949117445656038505e+00
6.200346530540916667e+00
5.184104553659164338e+00
8.493599034642539181e+00
3.828063649190670326e+00
6.451532168214963114e+00
6.112352564438660707e+00
5.534920479948803873e+00
8.024442988010745736e+00
7.202022994745165718e+00
7.535797229345123860e+00
6.157706476630977477e+00
6.765549776631393009e+00
6.617628732181035645e+00
5.003991965971523292e+00
5.969322352479083271e+00
7.330125026435717395e+00
6.712052970805403973e+00
6.997849648638638342e+00
6.829011462233271601e+00
5.704451420176833487e+00
6.273047882965701483e+00
6.614531723405328023e+00
7.964112755569069613e+00
9.460145812588564240e+00
5.936421485719776570e+00
9.116895084964937723e+00
5.409834884959151324e+00
7.307162081122053010e+00
8.226752236996381029e+00
6.753030817875975700e+00
8.528851789799631433e+00
6.631620021284503785e+00
8.249942664677918813e+00
5.756282204497344956e+00
5.478148416989097491e+00
7.217745732553615845e+00
6.308122617579889457e+00
5.911843269729609496e+00
8.065704915522191598e+00
7.500654812431363894e+00
6.143288921526476543e+00
6.440666534084946271e+00
6.971023601517965851e+00
8.282206173290180828e+00
7.531175698616364933e+00
6.369723571395490502e+00
4.726842728431731366e+00
9.194802990962333666e+00
5.349190582625334756e+00
8.037973369235448473e+00
8.149035512564939410e+00
6.986614224886861457e+00
5.255822812513547326e+00
6.912342723796943922e+00
5.311094158846860758e+00
6.912436181657348300e+00
6.746610163889502410e+00
6.170502590649298291e+00
6.143497356496625983e+00
9.241508351202517346e+00
6.874732088073590042e+00
8.620079526037294215e+00
5.633870832868366207e+00
5.242359163921784138e+00
6.683056956041611762e+00
7.884256999065545557e+00
5.733717330762274855e+00
4.168182846017508325e+00
6.418561621587277166e+00
7.403089971338530084e+00
6.314295309380796084e+00
8.308068262241244284e+00
6.582894053784254851e+00
4.875810124540942425e+00
5.396684679935405349e+00
7.101999807930700293e+00
5.641706473475193384e+00
3.757157178844192202e+00
7.222248170939971068e+00
5.237985646522266947e+00
6.693916847953569338e+00
6.081194501969430455e+00
6.459196573467200331e+00
6.720404506397778199e+00
7.774117014256882285e+00
5.747131514396681240e+00
7.341812215629590632e+00
6.848877205404871660e+00
6.204709096580217853e+00
8.175096679237618957e+00
7.757846146378200025e+00
5.576056969079137282e+00
7.229627485729619885e+00
6.666724711994494790e+00
8.692191011276802826e+00
5.061529290978543649e+00
6.691258203685077177e+00
8.524818196523128222e+00
7.068124217522688824e+00
4.604048423525714639e+00
5.851906856284505132e+00
4.984743075726600914e+00
5.971375066126371145e+00
5.431704668515653367e+00
6.256998207888782026e+00
9.591786483760607496e+00
5.326533223826734442e+00
4.234932248936235766e+00
6.475596420287954125e+00
6.198740177822795516e+00
5.214746657299869526e+00
3.856479400144163350e+00
5.223126374055173216e+00
5.476180265258785873e+00
4.958567531512091620e+00
7.507197478173217142e+00
5.800444505520113481e+00
4.772142677424592527e+00
7.815063934784202360e+00
6.883061238458287434e+00
5.386486192240352189e+00
9.345085293471157684e+00
5.467803761776814042e+00
7.363310132145104880e+00
8.678626050180925589e+00
6.131157361673422734e+00
6.916920129827239805e+00
4.756794874723563993e+00
5.687249123260842865e+00
8.196078606146777190e+00
6.261500686714371433e+00
6.967318208811076552e+00
5.934456124303019386e+00
7.273435785835944856e+00
6.138077872996214879e+00
5.855252151682662110e+00
7.056082112202338052e+00
3.106150832166850950e+00
4.825686693762692769e+00
6.447273625104135597e+00
9.400563396217773260e+00
6.036123957167060183e+00
6.723999722195097561e+00
8.011756478985954999e+00
7.776134212559710157e+00
8.173691261160438870e+00
5.597256470859046651e+00
5.531167707336409833e+00
6.156475385378884724e+00
9.127854271943661502e+00
4.664533668334789773e+00
6.355238346941861849e+00
5.627228840608206717e+00
4.353045382613554892e+00
5.996661530901442383e+00
6.532589763782653769e+00
7.741159113989995788e+00
5.882784750611475211e+00
7.024828034491915396e+00
5.212205480764570353e+00
4.076390807390381177e+00
6.410169413249010795e+00
7.512242346208693355e+00
4.445131679968959304e+00
9.419223631522079643e+00
5.476211493467580738e+00
4.382443312898464782e+00
4.714915444312541837e+00
7.738404599195639832e+00
6.342643640935712313e+00
6.976199261747820124e+00
8.783217294194599845e+00
8.949161694868164929e+00
4.036709078941616013e+00
5.632691181001420411e+00
5.589247508178909918e+00
4.083457847460666201e+00
7.566395912074189489e+00
7.577759292296482485e+00
7.679437071138641713e+00
7.232674174826864366e+00
6.590314230286105968e+00
4.567485082160241738e+00
4.639749483350904313e+00
7.217109162636179853e+00
8.542957397327906932e+00
5.048234834619250933e+00
4.411904102110633552e+00
6.329506002453934244e+00
6.857398659717792277e+00
7.755441509812032841e+00
6.234883917277785237e+00
7.217950212640920959e+00
7.917302823933777489e+00
8.190421094362195120e+00
8.365280793786508795e+00
5.459430640557696890e+00
5.452697626386123098e+00
6.015026897971553765e+00
7.772544776997414750e+00
6.583455912898704909e+00
5.329472286698115013e+00
8.550643616743535347e+00
5.482639523497637057e+00
6.838451557107968704e+00
5.479775067395647348e+00
6.213143604902119144e+00
5.104581405730886701e+00
4.365745720722568279e+00
5.187185564366011192e+00
6.056441264358070953e+00
5.685900135138719946e+00
8.423552254449051091e+00
6.369940693876980475e+00
5.172783741762923881e+00
6.299343943119555256e+00
5.483984646410620556e+00
6.940263650075824131e+00
5.470324954670344297e+00
5.557480503048195963e+00
8.190299676385745187e+00
7.940760937380114015e+00
5.790009276439813668e+00
6.054323402265084475e+00
5.893414044815691533e+00
8.319633684482994340e+00
3.576173829607556254e+00
4.541572023863875707e+00
5.962819705240932855e+00
4.579746101049321894e+00
7.463285988731303888e+00
8.406131542698640047e+00
5.234368419593354638e+00
7.582728082518831236e+00
6.288389665917058835e+00
6.264662887093574106e+00
5.965566908126918477e+00
5.448840403219206152e+00
6.731809426521169648e+00
5.391654006949970324e+00
5.637434318816165302e+00
8.766607893154910514e+00
7.524220413602467517e+00
6.029273535667064365e+00
6.392368073413433827e+00
4.554162298739496961e+00
4.047418566972740273e+00
6.470732851175703182e+00
6.661138208841981267e+00
4.165166716628533550e+00
7.599168134493754501e+00
6.309946236254723395e+00
5.363517105796306694e+00
7.220061084178533761e+00
4.568422072218262464e+00
7.615817521116761135e+00
6.990430851538676826e+00
6.389496949315730312e+00
5.795250777174538293e+00
4.550056016994105335e+00
8.478981969031243793e+00
8.492201984966449402e+00
9.887367250322196099e+00
7.174461307973437840e+00
4.671646967298742403e+00
7.335385730362859569e+00
7.276393292605030538e+00
5.691909781690442038e+00
1.030099251772456803e+01
5.630788195678171348e+00
8.467289297522290425e+00
4.550895512724499881e+00
9.593777708534927839e+00
8.222595437753808412e+00
6.241520983671146716e+00
7.801573841478350424e+00
5.509249548195255031e+00
8.485402236444789636e+00
6.702912635670589481e+00
8.926774021225313049e+00
6.031950085600097822e+00
4.875699371496731160e+00
8.621364373920167523e+00
5.268149445872298386e+00
6.326668424208540031e+00
6.452821007455027846e+00
9.580600187198788475e+00
7.393844406150416937e+00
5.440836569556044999e+00
8.597250115318527008e+00
8.981438286284088690e+00
6.360958808258740937e+00
5.903733534863305543e+00
5.289182443550842549e+00
4.483568394583920202e+00
7.578866156599993076e+00
3.598531524204092058e+00
5.773721853373992019e+00
6.228988524153431072e+00
7.306009369888573524e+00
8.096194483298662092e+00
6.935271640591761155e+00
6.312410624481771926e+00
6.623875383426651275e+00
8.125615983697485945e+00
6.591528024349670112e+00
8.629145023166525874e+00
5.796245771688227855e+00
6.706181002337255670e+00
6.527970884880016200e+00
6.744369087654590977e+00
9.627354680299081480e+00
5.303976566304902995e+00
5.737112890788949926e+00
7.834353747723620920e+00
5.641157719720480301e+00
8.832920682713565341e+00
6.364076655697535223e+00
7.022109793908237307e+00
5.074345379275826851e+00
7.110683323268562894e+00
7.835515519590204647e+00
5.368691932911664466e+00
8.809776146420379206e+00
6.736971113058929816e+00
4.723905983218706695e+00
6.661515108194438817e+00
7.579540654608657668e+00
4.826907652867562071e+00
3.760486741470401295e+00
6.386350335435111880e+00
6.416442693107671680e+00
7.721015967619669240e+00
7.689498080629806331e+00
7.277582374869851378e+00
6.814812071388406167e+00
7.411830999340626391e+00
5.134317056835835835e+00
7.137011916230463271e+00
7.738724046167428483e+00
7.436433737834824420e+00
5.408666643569209675e+00
7.274128697939059585e+00
7.988581064572044532e+00
6.280469337672506924e+00
7.610227643363032257e+00
6.054236537932426110e+00
6.348871233025655592e+00
6.748472153414029506e+00
6.474281529530352408e+00
5.388773094228283433e+00
5.651304558412237000e+00
7.045032751574499486e+00
5.867923305980832893e+00
6.213481524487490582e+00
5.193266519896043043e+00
8.387734295434054133e+00
6.885304514658969310e+00
5.923908664276885006e+00
6.795843776142129755e+00
8.229773748476196360e+00
9.176155948958452768e+00
7.787334753934699982e+00
4.638115880975380634e+00
8.317578967530048217e+00
7.522304250403662351e+00
6.560303901359166190e+00
7.502256695447241164e+00
5.789380397154139324e+00
7.529500773071833741e+00
5.296927042697059385e+00
5.078224987224253972e+00
7.191732437579116066e+00
4.469455409760260345e+00
6.860202322453720747e+00
5.333127470942332415e+00
6.251506060310099144e+00
6.031452117953254088e+00
8.868543628615750407e+00
7.619938363450082797e+00
7.893510292435524711e+00
7.285674303355324177e+00
7.815153947293881131e+00
6.476217469650906722e+00
4.307126863104227432e+00
4.847516661316908504e+00
5.602576070614329495e+00
3.354197690424913780e+00
9.146524978848573184e+00
6.663422119630443063e+00
8.183750062070584974e+00
7.926575965962061154e+00
8.671917324567395724e+00
5.118236170298822607e+00
5.227598978754466330e+00
6.065201935331216099e+00
8.782579455899080401e+00
3.826515543404591657e+00
4.730346673854209705e+00
6.782076433320841424e+00
5.731787639666380940e+00
4.230554846543483016e+00
1.026953417633110099e+01
5.257147191691346144e+00
6.509833890905693643e+00
9.097505186040574898e+00
6.161664174331992427e+00
5.803398081278889897e+00
6.967973069416094845e+00
5.039161361860794663e+00
7.162899156373646825e+00
7.786769320350339640e+00
5.710844225945839625e+00
5.756144071633161552e+00
7.486932100489140929e+00
1.001238769331879297e+01
7.007834437370402014e+00
5.288687840615977187e+00
6.430295241595998412e+00
5.638702026871392547e+00
5.314291796387101918e+00
8.326391871209350981e+00
6.860229475765089013e+00
6.190378170632636845e+00
3.391962783113825264e+00
8.495634736423150812e+00
5.937407997934545101e+00
4.235718015110037094e+00
6.370483850195062026e+00
5.264560452462696993e+00
4.437684359863936834e+00
5.489290145613252569e+00
6.522326642271611519e+00
4.625697452630157969e+00
5.496816135446485951e+00
5.348019894998121693e+00
5.567457968540167279e+00
6.692955984588484952e+00
6.093002795422139073e+00
7.424485569641838367e+00
8.270856665747240655e+00
6.548488056802316493e+00
4.486042426924546689e+00
4.757576119047001839e+00
5.768983800401368711e+00
7.838156105606659985e+00
7.738176925843988307e+00
8.397873129416344895e+00
6.211176627941113360e+00
4.767427709522768176e+00
5.335140954587192397e+00
5.759557140905791073e+00
4.713638523719710705e+00
6.514560251199089436e+00
6.514903370034089924e+00
5.667828754015220127e+00
5.384514572230996166e+00
8.078730812420072738e+00
5.173961482418528490e+00
9.830559792942636932e+00
6.485991898753295182e+00
6.128934642128832877e+00
6.730464238305180480e+00
7.156428413416264789e+00
9.793210079964135062e+00
4.383272140564258734e+00
7.551281271023130515e+00
8.243072923106316452e+00
5.470452611688622291e+00
3.486740054853529003e+00
5.836756279708036566e+00
7.187475256353504705e+00
7.698374803912513720e+00
6.370504186050553130e+00
6.062327299319314911e+00
4.402241682297495018e+00
5.327320878281646799e+00
5.162482891001055840e+00
7.092235417331385072e+00
9.181144874874767936e+00
6.910988089397289258e+00
5.218476970885761013e+00
5.647188900099532560e+00
7.384529517142695454e+00
6.306839080963011490e+00
7.299430106704346777e+00
4.975433511001948972e+00
6.658505935752688565e+00
4.454844125213102579e+00
6.673775980503169336e+00
5.962727376128382772e+00
8.274423593569466107e+00
6.960444378422797840e+00
6.305275757188878671e+00
7.124275935154148698e+00
7.064410373852285652e+00
7.930121529314159368e+00
4.096481549312796844e+00
7.069080271158910023e+00
8.436470302460264747e+00
5.100187280897705122e+00
6.297732653055509999e+00
7.060725217993076619e+00
9.632431414610456599e+00
6.450572181870905197e+00
7.640313098487345300e+00
7.148367347673708849e+00
5.318767701360807898e+00
7.152206475971322419e+00
6.283831041966903008e+00
7.231761232911816606e+00
6.044812629955572447e+00
4.945106471256570657e+00
8.469638819295349563e+00
8.277086106833531076e+00
4.181859176601874672e+00
7.571069591461842663e+00
3.677822439551187372e+00
6.154694015540064456e+00
4.125689928205746426e+00
1.106582399780671899e+01
7.136004728907117567e+00
6.968430179944545166e+00
4.964999266992697891e+00
6.372182858634684699e+00
7.500268198955968302e+00
8.159934627511262306e+00
5.018102718900523840e+00
5.172796016234576300e+00
7.278008739666467442e+00
6.896804029439745243e+00
7.484078549179365325e+00
7.483941840205100782e+00
5.185618904578847221e+00
5.479400759710198798e+00
6.299402673579944434e+00
9.135881358070207625e+00
6.297086611439040915e+00
8.028945531299298111e+00
7.934037433388299476e+00
7.982896550039054517e+00
6.998372414415118925e+00
5.366154200978992428e+00
6.169496688596828093e+00
6.237413367954761867e+00
7.178524992838432262e+00
7.827121246953250733e+00
6.691642163408298316e+00
5.750660995067696568e+00
5.464024880689428265e+00
6.737830160584096895e+00
6.190416375852246134e+00
5.491655996759206460e+00
1.084749340394736983e+01
4.959122622483468135e+00
6.513003181211410642e+00
4.034371316468834401e+00
8.339929521248862443e+00
6.022489076370283634e+00
5.615571169398573481e+00
6.283332919172130104e+00
5.424262199634040549e+00
7.537923286567712822e+00
6.031282019642415726e+00
6.892046875495372760e+00
5.547572410248340802e+00
5.071160683809821101e+00
6.985510873715044866e+00
8.509619249423186815e+00
6.489143179042415888e+00
3.886291645328722399e+00
7.801841584899447568e+00
5.579591840135814884e+00
8.200141111531991100e+00
5.749879712790063380e+00
8.805578935148016484e+00
5.125494555407049013e+00
7.057768353421455920e+00
6.900892339799234776e+00
6.012331661526228999e+00
6.413036944477418011e+00
4.702225302069186874e+00
8.539350840444397406e+00
4.829587598092815348e+00
5.991852170616330575e+00
7.139753612965647811e+00
5.553431081655631374e+00
7.115367142910591802e+00
8.489942314034086834e+00
8.333116073387948575e+00
6.118537278120069978e+00
8.663678229749788073e+00
7.632738973956155526e+00
7.189573637340314960e+00
4.282801450980551650e+00
5.005592564770746655e+00
8.462586703521854048e+00
6.130769171094478054e+00
7.588020519993983193e+00
6.081601526253135326e+00
6.650296418312668933e+00
5.428286965086040361e+00
9.256408146184588404e+00
8.034587459494776596e+00
6.026152567402350613e+00
6.998124932728966741e+00
4.230435595727006337e+00
7.533506710269867845e+00
6.629640711101231432e+00
5.547381430159095572e+00
1.153374074285543038e+01
6.972858085794213068e+00
6.057148382642075113e+00
6.694278283811364361e+00
5.760293765787756648e+00
7.421162192339290975e+00
6.758380834330960596e+00
9.275215857657549634e+00
5.882795593618507013e+00
4.220796406898792874e+00
7.791151467674097830e+00
6.222664077455618781e+00
8.713281575360387166e+00
5.001308549766396716e+00
7.041545376628731923e+00
7.262417501251545282e+00
5.190911324780580927e+00
7.459433141425646063e+00
6.401479458642011622e+00
7.732815041257370403e+00
5.670351909000536317e+00
6.363002989938631337e+00
9.749204576318843962e+00
6.687184644592396587e+00
9.335743862257709580e+00
4.933409401185015142e+00
8.537653700839124227e+00
7.599021391465066166e+00
5.860782441297627265e+00
5.499073643845581394e+00
6.916143421653413448e+00
5.537377426978014050e+00
1.029868875938582562e+01
5.973669947869033159e+00
9.635474802484450763e+00
8.014876142322657770e+00
8.781768585217994527e+00
6.559819163455785862e+00
8.848568042418014201e+00
6.439352525057391752e+00
6.879291120601867426e+00
8.196580807704780369e+00
6.304192193218391083e+00
6.707774308326146517e+00
5.884408891051694290e+00
5.146443978991058543e+00
7.342343163729568190e+00
1.043237705608355448e+01
7.130583170434571905e+00
7.203940483591692256e+00
6.518851850108987378e+00
6.442999128317461910e+00
7.969600356943724151e+00
7.182993148566163555e+00
6.084696632668871175e+00
5.967330843783684280e+00
7.462307136365390114e+00
6.472831092379069950e+00
5.496596896741564819e+00
8.243849152660216006e+00
6.328036077779480628e+00
6.220762532667110101e+00
9.054829121574863748e+00
6.409534918412363780e+00
5.631562141613719596e+00
6.348930366715698881e+00
7.795135336609136267e+00
6.493304622240515300e+00
5.523310917245241036e+00
5.303192009404381402e+00
6.303845004021204623e+00
8.932908143843491189e+00
5.288089126211610314e+00
5.754925154677605903e+00
6.296529307974314094e+00
6.904263702103718536e+00
4.344747054299356037e+00
6.851051793710735360e+00
6.189760137123743178e+00
8.432656019690385918e+00
6.238136277998763468e+00
7.757421910125856357e+00
5.167219542777350405e+00
3.923802056039632724e+00
6.983779390184363223e+00
6.904879801251960991e+00
8.512679349907623205e+00
6.618082692865615790e+00
6.313203681124767819e+00
5.976915250080055309e+00
8.764734034184353817e+00
7.907534050582936125e+00
5.705703621372952838e+00
4.586443478483446690e+00
7.278791912381747053e+00
6.707690017383693082e+00
7.677429565058423222e+00
8.454754102325324538e+00
7.419754853084593371e+00
7.848309046832104841e+00
6.636952251891943710e+00
6.745914108395289155e+00
7.948466157352477524e+00
7.975339056324266096e+00
3.683407471573207470e+00
5.313114243054616104e+00
5.906781290206215118e+00
5.901277123868688079e+00
6.017181809449030361e+00
6.471333368344741821e+00
6.954382427345851880e+00
7.264160228681172171e+00
5.366818377387807537e+00
7.148288329461811585e+00
7.346747392165394075e+00
6.113188791367619501e+00
8.766347965619635474e+00
5.051475286594854452e+00
6.065550195472865447e+00
6.179494454270749948e+00
4.264179817920214610e+00
6.385811658677589264e+00
6.662959691804594797e+00
5.726037032055074860e+00
5.321781232101039372e+00
6.115214364770542588e+00
6.440848342692140349e+00
6.204115007187875896e+00
4.051654019965909903e+00
5.673182490391076804e+00
7.462505577471592488e+00
6.234718307114545333e+00
5.692759485034460276e+00
5.625732697984923369e+00
4.564088620653482309e+00
6.436464769284363285e+00
8.624318766069674069e+00
7.228189681499456398e+00
8.792388543633370190e+00
5.246618539986849683e+00
8.905892565691067020e+00
6.720163029864187010e+00
9.258696979344142264e+00
8.377410441991491652e+00
6.130694764876068348e+00
6.563984064830257203e+00
5.772686946469544722e+00
5.802516517704066956e+00
6.754654527047563306e+00
7.689215027128941671e+00
9.164502695074391525e+00
5.704829201914514591e+00
5.598127916921312064e+00
4.742417442969157904e+00
4.761217368062864885e+00
7.284047917123057658e+00
8.194620152232092281e+00
4.978161709427942228e+00
6.911647297543240143e+00
7.460975100414148464e+00
4.900208650462229976e+00
1.015460841168581396e+01
8.230434736306801113e+00
6.934363994906070694e+00
5.678300191743264946e+00
6.720090037928616589e+00
7.597942903878860399e+00
6.821329345838829994e+00
6.411887181347838194e+00
4.426018495710423828e+00
6.335337224594526973e+00
6.442550069557443138e+00
9.223253556300329947e+00
6.279218441511368987e+00
6.324257814171060588e+00
6.297256060550377121e+00
1.077224960210704374e+01
7.463736382018969273e+00
7.252850509953295166e+00
8.056310060790629279e+00
5.460606033700529771e+00
7.247836528715015270e+00
7.052199041607488006e+00
5.985866975595857120e+00
5.823305347531561260e+00
5.745709328556824147e+00
6.297831499402595234e+00
3.788042188492728890e+00
6.283885115975633262e+00
5.433208954469667340e+00
4.471268082792281717e+00
5.760882633730046720e+00
8.633464241173726350e+00
5.664157979021575251e+00
5.124258038203135968e+00
7.311646913355001942e+00
6.201270760145234817e+00
6.254713979177944694e+00
5.273095429067237383e+00
5.087784309298352348e+00
8.580500586181468492e+00
8.359388132244671255e+00
6.297656143970534082e+00
7.536996443466615681e+00
7.591957425206960153e+00
4.318593443651262298e+00
7.509088096122270350e+00
3.772440604768540595e+00
3.629969164250479441e+00
8.012147192359245551e+00
4.765823532211054925e+00
6.813365342393056245e+00
7.337431546467329646e+00
6.919741318007685216e+00
5.623864270606631521e+00
8.104562867128894510e+00
5.653393656782233379e+00
5.299849342460782431e+00
7.098062850126328094e+00
8.673205230517449849e+00
4.078917410596131887e+00
7.850355984455288372e+00
7.672475717954230667e+00
6.478925264310257504e+00
6.467767224943131055e+00
6.853983555008946738e+00
5.723245221816536166e+00
7.990283574060593530e+00
7.512421929418607647e+00
8.191628000167687773e+00
6.365393147776211791e+00
9.237627097413160016e+00
8.259039421485537602e+00
6.080865689988592671e+00
8.458596131720497624e+00
7.196518095488179334e+00
5.851401890327077915e+00
5.909358324460843193e+00
7.456854659111427530e+00
6.037859200103122603e+00
6.606614957038700275e+00
6.438077764674451586e+00
6.598308347731395074e+00
5.458355414859659582e+00
5.760539105697402462e+00
8.249536677405394869e+00
9.043613311397457721e+00
7.506891885595392111e+00
7.492632582646087336e+00
7.699180211898822179e+00
5.817224582416130829e+00
7.006137787264623995e+00
5.217490432698284941e+00
6.300531963384475631e+00
4.438572814865379357e+00
7.359553108229143881e+00
1.036088931136507441e+01
6.148435462843452548e+00
6.736345480968808808e+00
6.894684270938534532e+00
6.741612480933062201e+00
8.289499744767184097e+00
7.735410676870354330e+00
8.619011371248777920e+00
5.340932209404912534e+00
7.908679159863962305e+00
6.240961114644652419e+00
7.918748261213898409e+00
6.632025090290505354e+00
6.668162770530681627e+00
6.993763299836218472e+00
8.682141117794811791e+00
6.180788612614880329e+00
7.366151613120925035e+00
9.162933264218027674e+00
7.572993939333187541e+00
7.375959740290131350e+00
8.499535272706452815e+00
6.481224178176250739e+00
6.605000632000143312e+00
7.194097846119633211e+00
7.006627685064034772e+00
5.444354635607657755e+00
5.965423113044758807e+00
7.061928705834634279e+00
5.243539452096196207e+00
7.162541333500551666e+00
7.491651498085314387e+00
5.956242663931979209e+00
7.240377147615822295e+00
8.288286684287760053e+00
8.165825901654713448e+00
6.768236022738805424e+00
9.364770058593803626e+00
7.128912235649785600e+00
8.989264485525733761e+00
8.705202517530132411e+00
6.792170333859579578e+00
5.563917528330788009e+00
1.059472690898185832e+01
6.644526805880163423e+00
6.646930201221234569e+00
5.209197695487925550e+00
6.777841134766241282e+00
6.007175603837426436e+00
4.932544734491785654e+00
5.192170293470170783e+00
7.741120688645185766e+00
5.131482220814544526e+00
5.762639927724734434e+00
6.403895080427669306e+00
6.278977255432373283e+00
5.766817803741443704e+00
9.431352461353661454e+00
5.768605298518775903e+00
4.802664609900088699e+00
5.715161019660418340e+00
6.829230893892741960e+00
7.524471668164845362e+00
9.058088796395379561e+00
7.732960521055025183e+00
6.401313763041004634e+00
5.649344343359779863e+00
7.270484207900438811e+00
5.690410944315305919e+00
3.974330631909446243e+00
7.251306496327211804e+00
4.903290578665870036e+00
4.181681103821043521e+00
5.374624084427035875e+00
5.553704002583010890e+00
6.115726399159589377e+00
8.675547941552105513e+00
5.814016691405484494e+00
5.072911220392362530e+00
7.345661419699927031e+00
6.194228117168407266e+00
7.297432677365534026e+00
5.267324484237870585e+00
8.576608461277418272e+00
5.205696552870824334e+00
6.970235962221394743e+00
6.713911509726145255e+00
5.608781131016562504e+00
6.849706778833032139e+00
7.893962392865296884e+00
5.683622391505117832e+00
5.799820049154385870e+00
7.920358977281349411e+00
6.424566098016009974e+00
6.854304666615249175e+00
6.903346821727902594e+00
6.359039626695953018e+00
7.623413951287082213e+00
5.291818513912881272e+00
8.116428539732643443e+00
7.907220882684291574e+00
4.806803659189074374e+00
1.050622201569799863e+01
6.778052290427849513e+00
6.204931491366849627e+00
8.419901441055552382e+00
6.151426023571348267e+00
6.162555814555191525e+00
6.718490976176392238e+00
5.089331378383825211e+00
7.102698863598646106e+00
3.704198900383781634e+00
7.188053348327732017e+00
8.171477403304152176e+00
