3.719545576867846481e+00
3.075459690414520608e+00
2.043630044211782959e+00
3.360829166018818981e+00
3.474566986412968905e+00
4.254045385561851411e+00
2.139072234281419238e+00
4.548153082023014271e+00
3.508865361220984802e+00
3.552385439353269891e+00
3.909368089883344055e+00
3.137472774166795375e+00
2.141295057149894099e+00
4.017643463251586944e+00
2.561152474388293854e+00
3.646865338908958254e+00
2.280175638431904961e+00
5.576318966168981817e+00
4.449442497916435535e+00
4.624890333085840410e+00
2.588797574752320418e+00
4.936129530963834888e+00
2.764779174246412285e+00
2.342639061040832527e+00
3.191604162826254587e+00
3.369226896145538497e+00
2.552392530336461629e+00
2.644078377034133620e+00
3.275311303802284968e+00
4.568741901117543414e+00
3.385905256856171164e+00
6.473402940271911765e-01
2.131317648652121921e+00
3.576517758860455309e+00
4.995211675402936535e+00
3.165540935759975749e+00
2.011822062639932795e+00
4.280052517122982181e+00
2.971154057966309825e+00
2.386706243018398954e+00
3.521427220508744682e+00
2.729672858039466909e+00
4.432083331164400342e+00
3.531338436577234674e+00
3.585212746114578852e+00
3.880772004658488150e+00
1.793053770571243932e+00
4.522407996476701442e+00
2.074417126808644873e+00
4.622495354035433657e+00
1.339773864660609437e+00
4.540874503737105883e+00
4.277719651820452107e+00
1.193912117496523928e+00
3.893643254268718490e+00
4.574795222592784150e+00
2.955528987067237434e+00
1.718985061332076514e+00
2.461531307498316945e+00
2.455162851849286731e+00
5.852967645710856814e+00
3.884571894707671280e+00
4.545115117622417600e+00
7.483811241015098759e+00
3.481786040435857821e+00
4.304114264731580874e+00
1.525764728898755029e+00
4.324353644436738975e+00
4.272442617854768976e+00
3.247946764183064605e+00
2.593513391551176106e+00
4.870614126828663792e+00
2.398236214009795919e+00
5.323324516411656937e+00
3.956345005569835038e+00
3.884621896375907379e+00
4.133763096025599992e+00
3.245391437719082006e+00
3.607376779066621797e+00
3.371261601550831433e+00
3.483758837475226855e+00
4.691730431774494114e+00
4.463166205935996445e+00
4.136936422065037533e+00
4.026592169999775983e+00
2.258756510368835180e+00
5.539734838845123299e+00
4.277329642871114501e+00
2.329837688765102666e+00
1.788566104785127786e+00
3.630340503387265993e+00
3.489851482387911652e+00
2.950083840706192451e+00
3.490712351040596406e+00
4.122615521910633518e+00
2.990658654959887475e+00
7.097323095957043471e+00
3.529229320891356991e+00
3.416916886709951751e+00
5.208535655070001269e+00
3.152379593473599417e+00
3.722048521758363648e+00
2.993273171227341045e+00
4.654192978172442707e+00
3.556912252310133304e+00
1.789948038163668320e+00
2.428845192981428536e+00
4.601364585057370782e+00
2.480358573934897226e+00
4.615718210005815614e+00
3.832162083873096314e+00
2.454621423728618801e+00
3.283163843195632481e+00
4.006694522965047689e+00
3.551791604586834072e+00
2.890004374361982542e+00
2.943535855837877246e+00
3.654822067246430883e+00
4.440941005020068388e+00
4.380734029903974758e+00
4.829032048313100844e+00
1.977058415141992986e+00
3.755620057152000424e+00
2.277663509496154592e+00
4.218425402652254519e+00
2.537139989705968102e+00
2.896137697815279743e+00
2.943427975153773524e+00
3.441377727269550046e+00
3.308061980678039582e+00
2.620540863805365550e+00
4.348241955277680759e+00
5.135346553096290734e+00
3.206460622801028837e+00
6.322797560459052946e+00
5.277146683451700682e+00
2.848866261652402088e+00
3.879571261095849266e+00
3.094025906393414793e+00
2.899738568783179815e+00
4.979167535619780871e+00
3.718964066674708580e+00
3.431535546539540960e+00
3.106725732268174944e+00
3.677355443256590917e+00
3.938875944937972662e+00
4.026105617943912307e+00
3.948629428098276328e+00
3.755545651706372556e+00
4.875204318826798833e+00
1.780161790218597551e+00
2.926373764258659360e+00
4.229787219239375062e+00
3.417677546490764939e+00
2.514538729307582710e+00
6.455051885793752220e+00
2.472120163539102133e+00
1.069524226293809388e+00
1.642284384137662867e+00
4.790584128144419473e+00
2.893627016330026613e+00
3.279319926969690879e+00
4.333218653725620761e+00
4.223396520431979440e+00
2.718651350777514075e+00
1.121744476645599953e+00
2.971434249362530089e+00
5.724108489329383431e+00
2.979481095361949716e+00
3.623533988808390394e+00
3.448866875910452379e+00
2.109429623084678074e+00
3.922542253947856938e+00
3.049415231699113438e+00
4.459196919468218390e+00
2.800226846857210905e+00
2.390343688460021543e+00
3.922640574226360588e+00
2.162983680845669276e+00
4.111195247650764273e+00
1.596675178299648667e+00
4.374454402135086184e+00
1.385160476152716535e+00
4.245387786327602164e+00
6.662280039334096848e+00
4.258044138650168620e+00
2.494633459154139032e+00
1.907961927736728125e+00
1.766697109164959256e+00
2.902013058616943475e+00
3.252706874523259462e+00
2.957845375312123881e+00
5.230731457790675165e+00
5.739854541478356387e-01
4.168494837942066766e+00
2.197682663356687272e+00
3.676787898309344715e+00
4.403357382601343240e+00
2.067936458905185848e+00
1.800223505528284473e+00
3.280753283542809040e+00
3.667236255325885708e+00
3.154627184685349750e+00
3.758858434888673106e+00
3.681841058310246773e+00
7.159733695416511168e+00
3.690081244833261831e+00
2.542659028203562155e+00
5.407722880928213627e+00
3.803556885331518700e+00
3.999213548324355383e+00
4.857650588109574841e+00
3.433878711836201081e+00
3.719638608968680593e+00
4.673746012560771490e+00
3.960612262544572104e+00
3.290786747515203281e+00
3.722343248616698741e+00
1.639279508079042103e+00
4.822356514107945635e+00
4.573764179291164744e+00
2.383834697040680073e+00
4.327522792932574802e+00
2.239864662198120193e+00
2.370158975655150435e+00
3.084372190259446533e+00
2.413998513133459589e+00
1.106157906029810789e+00
4.704559786176037761e+00
3.715325575504970335e+00
3.769150940753555279e+00
1.947096427715031774e+00
1.775626694790559235e+00
2.728966393958597969e+00
5.107838823512455662e+00
4.118530752303075637e+00
4.477744030875133063e+00
4.169856423483939700e+00
2.494067756586454188e+00
4.293694930592101500e+00
2.195176779324480076e+00
2.767900478542279608e+00
2.336701995978312407e+00
3.455440605378442331e+00
3.881510992797027715e+00
1.624919213000599383e+00
1.153124786038075777e+00
3.352453704789744915e+00
4.338028945836769346e+00
4.348533993734846170e+00
2.548659037242106518e+00
1.216804512645891956e+00
3.857397099463474532e+00
3.565249316324531126e+00
2.955283131904792526e+00
5.463566201550586143e+00
3.420570277577816398e+00
3.434307811025390400e+00
3.276284612427493581e+00
5.030114666473108898e+00
3.979231629460319830e+00
1.977188567082184267e+00
3.279306896255178572e+00
3.121393183718589981e+00
3.596701606608305735e+00
2.962497660730889937e+00
2.595363112644371029e+00
3.865533358285036414e+00
3.599012751262747223e+00
3.614200949854325717e+00
3.148298777405003079e+00
4.577551455278319636e+00
2.541752326498900594e+00
1.515008674138362377e+00
3.784706474570370016e+00
3.051879452106749380e+00
4.600741238080810369e+00
1.426318783597456896e+00
2.597043561577713877e+00
3.941776945074566996e+00
4.806440287673317435e+00
5.610212967727112421e+00
2.868310213225693683e+00
4.187504765156133679e+00
3.018564873107029811e+00
2.703211886749311788e+00
4.913346628626410251e+00
5.128267331198880896e+00
6.418361085168436952e-01
3.551663295222518446e+00
3.244676043586799619e+00
3.491950793123618446e+00
3.597447130582908326e+00
5.348959000530859598e+00
5.642629721381746677e+00
3.987549431151738766e+00
4.019294276374967723e+00
1.994514536794122828e+00
3.400392838149520092e+00
8.205894215212042875e-01
2.544730553410297080e+00
4.337558561402517832e+00
3.160263547214250401e+00
2.282722783569285596e+00
3.131678281207954218e+00
1.778940900957983740e+00
4.844896874982882906e+00
1.975437387158745173e+00
2.906876592063515119e+00
9.302117440453281372e-01
4.162117687646984976e+00
3.597361405786530852e+00
3.439846763912142613e+00
4.219814670908750287e+00
3.919354229391073030e+00
5.286270473992757069e+00
4.341408679794574788e+00
3.260327849395914246e+00
2.364795913616817735e+00
2.223407034928956527e+00
2.566755742656459116e+00
3.374506961728418464e+00
1.482725471588922650e+00
2.823702465365122816e+00
4.483359737298357461e-01
2.048802183806256672e+00
3.161580090559843459e+00
5.960222963095744397e+00
3.083990551352123077e+00
2.434181671159806104e+00
5.387342618543687678e+00
3.273259278455966648e+00
4.881899813041129299e+00
1.753762430872905620e+00
4.080276436604030721e+00
5.001130480777387532e+00
3.956487138472718268e+00
9.327052512697182607e-01
4.485708895003143404e+00
3.010091456532018483e+00
4.780737799609382499e+00
2.741902158297990333e+00
4.445427615433068524e+00
3.481951923959067496e+00
4.451390311722200899e+00
2.737135350067993578e+00
3.134506525238524244e+00
3.539596614800513574e+00
3.355269428620612171e+00
3.988276558039431041e+00
3.001473771067277418e+00
2.544489091290380145e+00
3.367334535518728078e+00
3.757279375799233989e+00
2.979822807298452947e+00
3.719924819036906527e+00
5.036983467593284303e+00
3.972477085897037519e+00
5.143267069045319495e+00
3.751978584295278196e+00
3.812901715448619555e+00
2.726032192245463559e+00
1.846209727293086189e+00
3.142153039486814237e+00
2.875524702537585409e+00
3.084243752613135214e+00
1.708868548374344432e+00
4.698866654116894637e+00
2.672479602349262073e+00
3.973492605236698783e+00
4.673384800772606873e+00
3.795355250956612192e+00
3.420125560394348341e+00
3.078208121700882760e+00
4.966715970181428297e+00
2.934516819239138208e+00
2.110576939534239305e+00
3.379664848325830917e+00
3.574673097146877421e+00
2.545356551135587342e+00
3.075824553115543480e+00
2.194297297297177707e+00
1.371784165451269466e+00
2.740524455076913668e+00
4.299546533405193216e+00
2.177430165426029518e+00
4.086452412102156373e+00
3.816272999344720862e+00
5.585197442036329285e+00
5.560295616157568510e+00
3.958134165162392915e+00
3.437841390696202648e+00
2.937681982213044218e+00
3.195224562328478957e+00
2.623264244483608731e+00
3.230523927494588499e+00
3.394530645883552911e+00
2.416654125917067741e+00
4.198487243523008061e+00
1.938636219390414972e+00
1.398194497925989044e+00
5.231914505445054431e+00
3.613797259128833428e+00
5.843776068531279400e+00
2.126910016460940689e+00
3.083647989820305302e+00
3.276697175193008071e+00
5.498626405248352000e+00
4.097357473422119867e+00
1.322725779815093095e+00
3.018666990554556229e+00
2.873775196590699021e+00
3.917288293680517341e+00
4.345537258329741803e+00
3.017337563125636279e+00
4.182159134851167082e+00
2.409901822888821599e+00
3.677035327179985380e+00
1.432405584856624836e+00
3.331256578885955388e+00
3.132429678018191055e+00
2.848667805235352457e+00
2.543178317390011767e+00
3.365604886704144150e+00
3.253606233266774339e+00
2.179914239707534396e+00
4.770472270332174247e+00
4.959682043146432129e+00
2.885906090613629349e+00
2.336189973784208007e+00
1.943774136494166305e+00
3.194075297063423857e+00
4.273100398387563281e+00
4.918834506191525513e+00
4.548979113343840197e+00
4.490943614046918775e+00
4.758233917584911765e+00
3.864014518315858737e+00
4.678662471791748878e+00
4.761326827660691485e+00
4.246968748772979474e+00
2.337310281989475769e+00
5.244943285529872767e+00
3.924918776310351465e+00
5.562017409268066537e+00
4.055553892871455623e+00
1.899299162901129323e+00
2.110997113116266366e+00
4.918261598776910049e+00
4.270755987641761564e+00
2.592449398422165263e+00
4.691218818425646475e+00
1.077409962318742753e+00
3.924610906964010937e+00
2.638732500039675521e+00
3.998666481945607920e+00
1.605202526568793697e+00
3.460656175272554425e+00
6.760863794861381448e-01
3.945967339102939953e+00
3.529269005691473726e+00
4.378181480395512359e+00
3.853489116778575418e+00
6.655311726101886816e-01
6.141217648114343231e-01
1.671802833736203420e+00
4.548015990592110036e+00
3.134629484571119118e+00
4.085446464806417488e+00
2.001112677723778432e+00
4.654504229395573844e+00
6.099955967579535177e+00
3.303554263794521884e+00
5.057895634071391200e+00
3.783231684763270763e+00
2.970983475627484882e+00
2.686767009304058540e+00
2.898155807205140544e+00
3.478918548310705905e+00
4.093693893552712737e+00
3.264967687749671388e+00
5.268254836860911006e+00
2.642276041684802568e+00
6.107067869956111394e+00
3.477362968418534095e+00
2.099966938371027325e+00
4.494554932298827410e+00
3.178368336722667831e+00
3.472915810359258781e+00
3.201545141490670598e+00
1.294684415577366021e+00
4.429699122762513319e+00
3.796376662186220052e+00
3.471445572976890936e+00
3.558064036649454032e+00
3.453374674649511533e+00
4.873131724826297528e+00
4.009058129936841297e+00
4.093370629118323833e+00
3.464647647246598794e+00
3.402996296345032423e+00
5.452646034770751271e+00
1.262001045610761540e+00
4.335356396601143913e+00
3.685944203363402671e+00
3.879036041834941884e+00
3.039642398515789878e+00
3.236617851790526856e+00
2.266842713068743631e+00
3.311195940723590692e+00
6.006505992160712459e+00
2.166978760780496227e+00
3.466438918739081387e+00
4.631923850060001513e+00
2.457560986410831649e+00
3.610660229684916622e+00
2.734369564154516041e+00
4.117171813601802732e+00
2.226951315086547645e+00
1.345841278807137442e+00
2.537863511518954507e+00
3.730693898680724097e+00
1.245617641192298120e+00
3.733397034914402557e+00
5.059494163685057444e+00
3.412528307303328123e+00
3.545815957864046908e+00
2.434977695863156377e+00
2.838606770194644913e+00
3.795488698008051109e+00
2.519425048764043051e+00
4.759023180092890826e+00
3.537034262595655232e+00
3.166958122421334565e+00
3.590067037723748022e+00
3.516421140272873558e+00
6.220804798236217792e+00
3.986968107662842709e+00
4.556250392204583832e+00
4.652784742433926368e+00
3.030322020460320509e+00
4.155905563118121648e+00
1.307546631997202446e+00
4.872475849360244027e+00
2.936469911155713319e+00
3.799528255502495622e+00
2.780706252565363190e+00
4.790047161621258986e+00
3.780172352211571773e+00
2.919824153115550658e+00
3.042459565327360949e+00
3.752087671118571777e+00
2.454445660436734844e+00
3.298953261144296878e+00
3.348471057379608151e+00
2.488814579936242222e+00
3.171459848456891883e+00
5.171755959250233126e+00
4.942905186185865496e+00
1.932551570341406455e+00
6.653772583121004836e+00
1.835752454629683061e+00
3.234612732442367466e+00
2.310617896435116503e+00
2.945081937326566646e+00
3.549425220247657720e+00
5.201254902331724495e+00
2.217813365060815833e+00
5.089137699249215885e+00
3.419535188365860012e+00
3.128855333018873530e+00
3.666919525849446249e+00
2.603368276665183778e+00
3.096420096610395412e+00
4.556047968950517557e+00
6.694939002350954738e-01
3.970260688860718812e+00
2.775329665599725271e+00
2.217605329388258273e+00
2.862927549503056834e+00
3.683751535919356446e+00
3.056582940086141065e+00
4.580595415976638662e+00
2.474262830076829012e+00
3.970821019367058557e+00
5.018306338008837741e+00
5.149853764519583876e+00
4.874280269347232242e+00
2.250301976224305722e+00
3.438077290352758109e+00
4.128193042213516684e+00
3.167923902413594117e+00
2.527793515871921137e+00
3.199723868103679703e+00
2.507732289244685386e+00
3.841771945017725010e+00
4.763376392673294824e+00
4.845243857104506446e+00
3.250437528364102047e+00
3.009855475054240781e+00
3.558128598967124745e+00
4.150416192917643521e+00
3.490035106300527712e+00
4.611604133589800369e+00
3.578604589302427197e+00
2.767657345456369100e+00
3.474137143408110973e+00
3.903838666954940528e+00
3.605500212672263949e+00
2.774676636107288985e+00
2.644852281669474170e+00
2.369702891694174696e+00
3.424960025794158813e+00
3.038474034069740704e+00
4.778597335336864482e+00
1.897412226381897105e+00
2.535165139584313998e+00
3.586646046807109300e+00
3.513221567024545244e+00
2.260379560382355102e+00
3.027737381137591832e+00
4.661216990013818062e+00
3.521502832543134787e+00
2.025513196781783432e+00
4.059129166154933799e+00
4.617350863398871574e+00
3.262477960796021925e+00
3.425959804888498272e+00
3.664527529253341243e+00
4.213975611567716939e+00
3.341154908326984252e+00
2.930418414729717203e+00
3.726480746204279715e+00
3.830324830609441733e+00
1.997980259130327507e+00
3.213463676836410432e+00
4.348063368179579058e+00
5.318881695179312530e+00
1.942325489164697050e+00
4.820517894570494732e+00
3.629055025348308039e+00
3.466560482982858904e+00
2.823843562371159077e+00
4.679039117463432262e+00
4.069218524317999908e+00
3.590246100319750777e+00
1.760575840216447530e+00
1.975776450307648258e+00
3.189427980821656572e+00
5.627651040611318045e+00
2.454729865785965970e+00
3.504457379250010440e+00
3.134146906659035281e+00
3.848063527052776323e+00
5.593093891384019578e+00
3.428561985300250914e+00
3.375397643437418882e+00
2.375864739553546379e+00
2.695765496428837338e+00
4.220292471053352479e+00
6.939626584751109384e+00
6.681242852735210569e+00
1.695599461333536784e+00
9.117656877250842617e-01
2.940064300751930926e+00
4.642819018101556061e+00
3.204272838888401420e+00
3.242191851905377842e+00
3.512040225015553574e+00
3.328336864723863808e+00
4.189840649023202523e+00
2.798732757803441107e+00
4.881659916203282989e+00
3.689730032309072705e+00
3.553931030478381548e+00
3.345983221526208418e+00
3.779841743621845662e+00
3.461538509166963262e+00
3.442891573259778237e+00
4.433060292128239155e+00
4.193139540277165622e+00
2.108370257002105674e+00
2.925810039046116806e+00
4.990231454154105073e+00
5.164778641971008000e+00
3.801778075364675047e+00
4.318255286380087377e+00
3.856689431735969453e+00
2.654207929227589080e+00
2.586437280924601012e+00
2.333999276889799024e+00
6.117256129011727772e+00
3.089864279829769078e+00
3.295505701738615567e+00
2.381244870378294021e+00
4.141084357976601460e+00
2.717796896978581955e+00
2.195729010600548037e+00
4.090205254063555174e+00
1.835458895975007776e+00
4.278995262622688145e+00
6.020474736504318747e-01
2.253748812426310089e+00
3.873938241852724396e+00
4.256969772171596667e+00
3.182138853651059307e+00
3.922176204583990078e+00
2.563136368624316930e+00
3.537483660853522949e+00
5.446880286212449462e+00
4.846287490857525526e+00
4.902029484653923852e+00
2.492591857439849345e+00
5.016191458184796836e+00
4.008044236173527786e+00
2.576524378772817148e+00
3.980342322217487627e+00
4.186433625129416747e+00
3.916005730439023225e+00
6.038892277302442047e+00
3.574673928608919748e+00
4.573349100057210848e+00
5.142717729143443606e+00
2.977607556940307099e+00
2.451508741274034620e+00
2.087528718601203259e+00
3.858364495595948185e+00
4.317279897506257846e+00
2.453344644597106328e+00
2.840942111443946594e+00
1.830584885769783954e+00
3.040126461361527976e+00
3.852725047044101903e+00
3.609025325346624236e+00
3.226251018490773337e+00
2.672850348748134319e+00
3.962371835798325748e+00
5.822428305066744691e-01
5.630930889498503511e+00
4.111899733857125483e+00
2.289808306170992402e+00
2.085997090056267211e+00
3.754376091967142948e+00
4.166124141477435927e+00
5.058711317086470594e+00
3.264965745234128747e+00
3.098525575320858927e+00
4.778404680323424358e+00
4.121191655998170944e+00
1.614132908009314082e+00
4.306028922800305914e+00
4.549637504563905033e+00
2.697154533328069537e+00
4.831975659272126578e+00
1.505753115754573379e+00
4.159503158727685168e+00
4.315697452882237606e+00
3.537824388824387878e+00
4.031786252089538891e+00
2.210411263205776411e+00
4.401793837342847127e+00
3.933952008399171696e+00
4.486039229983497911e+00
1.649509552450423522e+00
1.709869939996904176e+00
5.066754983175269622e+00
3.233387449938360803e+00
4.912459382421777931e+00
3.178174008312018906e+00
4.523087830374834972e+00
2.924515995234570287e+00
6.053137230440333028e+00
4.976449549859824018e+00
2.626903280210219016e+00
1.136530438198920967e+00
1.480272197505129395e+00
2.250259175761577524e+00
5.193075622114363021e+00
2.847139793041566946e+00
4.786099701737309253e+00
2.102842717174217668e+00
3.401013451593709824e+00
2.251891728642262613e+00
2.894614509367624766e+00
3.058843917841029381e+00
4.302631092317607653e+00
1.435936807219247324e+00
2.755958673259403913e+00
2.264562432121999702e+00
2.792185563639730361e+00
2.701423872281924599e+00
3.940928824986880130e+00
2.758927129831538316e+00
2.802161837062252303e+00
2.748431498563146835e+00
6.140762508453612156e+00
3.247189818877106671e+00
2.445409266200937459e+00
2.755671920712376544e+00
2.239027222489574420e+00
3.786357507993971527e+00
4.318461861663489110e+00
2.478650897905040562e+00
5.332864468730063479e+00
4.122382576781132180e+00
5.063316928907109826e+00
2.237995445262048300e+00
3.748334845532108162e+00
4.233051072367840284e+00
3.595661310142626022e+00
1.190690203147088289e+00
2.972516037278623013e+00
2.664740927464692710e+00
4.627300968676338222e+00
6.870113054605773151e+00
4.088566235828481332e+00
3.841926944497062735e+00
3.979906679460210039e+00
3.301370903198841855e+00
4.682746654791521301e+00
1.279037434914060967e+00
2.993189415514329710e+00
3.881126944685915348e+00
3.682988813048205579e+00
3.548481355517258073e+00
4.939915974873979820e+00
5.415941169287290968e+00
2.678816649878541067e+00
4.802609888076956324e+00
2.774759835944062392e+00
3.415366527048560474e+00
4.135014677891049928e+00
4.400148497149626081e+00
3.470823971295211585e+00
1.574368663106744393e+00
4.110890314239651566e+00
4.695619189200077592e+00
3.809263988261410550e+00
2.857066657884101968e+00
3.044419917344903137e+00
2.820713400009150718e+00
2.861369433471073087e+00
5.339311028547238713e+00
3.380850546038002502e+00
5.166083164489218227e+00
3.733430928565231621e+00
1.762122511224928134e+00
3.431361120422310673e+00
5.894638078616641685e+00
6.285061902709442982e+00
5.260982241708090257e+00
5.498825334659767528e+00
2.763303959421639977e+00
4.927436513434389376e+00
2.583909036348965849e+00
2.279062600756256884e+00
3.753684665970789425e+00
3.161491484538442087e+00
1.872813968198739021e+00
2.873078736174559555e+00
1.607433320893334683e+00
2.626747820735787275e+00
1.248326418092925438e+00
1.978238667533535056e+00
8.468235144060246578e-01
4.249130596518883252e+00
3.727808641560682368e+00
3.604953269663059512e+00
3.952495440577721730e+00
1.730786614402872070e+00
2.371607332645975230e+00
3.047606487832132505e+00
1.544969024598267016e+00
3.046934762733799484e+00
3.283745230248849456e+00
2.607205549330549044e+00
4.147576285138155683e+00
3.264070212206201305e+00
5.058932793026118979e+00
2.296362771185102236e+00
5.283491631824807300e+00
1.375895812409214214e+00
4.437739300916217822e+00
2.283149326049287442e+00
2.256328844669860167e+00
5.511112485763229429e+00
3.184916492851047387e+00
2.909754217111006014e+00
4.087943569813182521e+00
1.946815543045075314e+00
2.815494355934656578e+00
2.390824410951777335e+00
5.961377935540509654e+00
7.776898381521845094e-01
4.296151368226991174e+00
1.321282978234374683e+00
4.032762793919835609e+00
4.181217441875702434e+00
3.667577905955314410e+00
1.953818446152503219e+00
3.278586075351914708e+00
1.938037985085020676e+00
4.361496615327769000e+00
3.882933282586750856e+00
1.485871986110840037e+00
1.780578870349594167e+00
4.063628651851131757e+00
3.565717771358569266e+00
5.343944154271562219e+00
4.718069254771058318e+00
4.778419075932206717e+00
3.906642767847363196e+00
2.352490114674222976e+00
1.037839720937061339e+00
4.482451666219958497e+00
3.924031146792076985e+00
3.094423600223518367e+00
3.545266647891883949e+00
3.135357039381634792e+00
3.149881874541299975e+00
2.351347137714647761e+00
4.688935347153228683e+00
3.284661009044096858e+00
5.101020071099230613e+00
1.459498015302639784e+00
2.877402943457222584e+00
3.427563164464706436e+00
4.802166038422137184e+00
4.842951600986390659e+00
2.254604040139962073e+00
3.961727252708208358e+00
2.739169110022113607e+00
3.604728670285804348e+00
5.142040290723446816e+00
4.718178897830100915e+00
2.123136521434799917e+00
2.719343376043222182e+00
4.754352259596219987e+00
3.785490013038806278e+00
2.986358920486823276e+00
1.789692262725757432e+00
3.625547910657321182e+00
5.817339670850556033e+00
5.213449826642515106e+00
2.222244149078838493e+00
3.906405160369154750e+00
2.638474832015866411e+00
4.013890007374681268e+00
4.112278012891701806e+00
4.326000174252475183e+00
1.014900857263560274e+00
3.029447185666970910e+00
3.789072923823043393e+00
3.247738739277431286e+00
2.953654491577543784e+00
2.276381324184804100e+00
2.416699529139616054e+00
3.048125841104431633e+00
4.036251108063905413e+00
5.369690500136550249e+00
6.206697408617982248e+00
3.894506199143052960e+00
3.021269202911537111e+00
3.807661077355154688e+00
3.720652230733573429e+00
3.104413343125162150e+00
2.828706323064715367e+00
1.694037297932733166e+00
3.394810279166768918e+00
2.629643392485759623e+00
2.288176736981816894e+00
4.076801282601165255e+00
1.741245199610697236e+00
4.023238660587725057e+00
3.167532757919580444e+00
2.804770023651915967e+00
3.755310058602696177e+00
3.641124633102153396e+00
4.290361970724178242e+00
2.425132488995185742e+00
2.578625124918787925e+00
3.576887801319871052e+00
3.247955055673109381e+00
4.536063040697616344e+00
2.972109622268157114e+00
5.407159499675818992e+00
6.741247046915719743e+00
4.012917275364213943e+00
3.576648914470223595e+00
3.090106812335584152e+00
5.392586748696758470e+00
4.742032899625856501e+00
5.127866252357748955e+00
5.925228261137169383e+00
3.455539760742085686e+00
3.967453722668250915e+00
5.965863631791967769e+00
1.264368223148969905e+00
4.703089022114936846e+00
3.999931227815773038e+00
