2.605486614961399994e+01
2.731442410532497433e+01
2.595103152346517206e+01
2.628819185752984566e+01
2.679361138443723078e+01
2.688700869369066027e+01
2.633323953710177889e+01
2.744681544839186671e+01
2.622990311336118197e+01
2.685149262700776518e+01
2.663426114618580343e+01
2.619286534802677480e+01
2.752148779668093681e+01
2.659235444988555841e+01
2.743160593259703717e+01
2.710336065060303312e+01
2.740698525115783113e+01
2.722447095848966114e+01
2.734835626414049159e+01
2.780926578599198606e+01
2.634675407816139270e+01
2.781657090595233583e+01
2.621828698968093718e+01
2.727921465735667539e+01
2.719554891709048405e+01
2.785646783027280904e+01
2.712664670124140187e+01
2.718980141497904413e+01
2.736025435697917629e+01
2.639944489012292195e+01
2.719703648620901504e+01
2.596445878142512953e+01
2.697041929596438337e+01
2.710763311384122787e+01
2.729078636463460228e+01
2.695575083040454700e+01
2.773172251612170669e+01
2.643007787097432981e+01
2.686269402146796637e+01
2.672853548719536221e+01
2.590240237010565849e+01
2.632838320308271918e+01
2.761706266138718391e+01
2.734711345485613165e+01
2.688567370316398808e+01
2.663714036430758014e+01
2.659932001309472938e+01
2.732561447968491919e+01
2.741025002216863626e+01
2.658880400408154898e+01
2.638828360382436955e+01
2.705820649305925940e+01
2.667069361057329857e+01
2.627447973917564283e+01
2.603258881679716907e+01
2.600656702792620933e+01
2.653222390084042104e+01
2.683124797840329734e+01
2.671713723482295677e+01
2.547102381125816706e+01
2.729887380624565196e+01
2.656068734588247793e+01
2.707689826225522012e+01
2.660828608736310485e+01
2.645401170797113366e+01
2.608243557997734641e+01
2.694791369296104122e+01
2.607162223046302074e+01
2.695744759146037595e+01
2.720790210816594623e+01
2.750328900366292473e+01
2.641521073637674633e+01
2.641888288498133619e+01
2.597129723870395424e+01
2.705666350490836791e+01
2.690901286253524205e+01
2.680470647943463902e+01
2.713099544590995293e+01
2.678823753201307767e+01
2.757868527273473447e+01
2.711956280891955373e+01
2.702151587339362493e+01
2.732216626577116969e+01
2.664443950872842848e+01
2.671321424407921086e+01
2.732850886068398566e+01
2.757251027297250801e+01
2.650164344675623695e+01
2.751623398116634789e+01
2.654617234726238451e+01
2.601232086563428325e+01
2.625794351198290144e+01
2.684414434236001412e+01
2.619109738510877250e+01
2.781900531228351525e+01
2.620492297726630326e+01
2.645942311491665322e+01
2.733396027003298911e+01
2.617899276062097513e+01
2.652073196407668121e+01
2.714764717893464407e+01
2.745984442222130184e+01
2.594078899356524559e+01
2.681321171070278098e+01
2.660693510567082498e+01
2.690242985117385288e+01
2.667703273691291344e+01
2.626008497551272569e+01
2.692199516221733901e+01
2.544272217564197192e+01
2.668403597731381183e+01
2.683209380138247013e+01
2.712971677179629282e+01
2.770458793963735644e+01
2.668357086710852855e+01
2.709562381989573154e+01
2.672463928929167665e+01
2.693068635441561653e+01
2.549314373984128324e+01
2.724002541962745028e+01
2.605662492442158040e+01
2.653305105281192056e+01
2.653658137144465456e+01
2.580924402801262119e+01
2.715904450570243966e+01
2.651826557950050400e+01
2.796781497076634793e+01
2.802656615310961641e+01
2.686746185199017489e+01
2.471972994891936182e+01
2.638678268169887531e+01
2.654904745986555881e+01
2.759146898633134271e+01
2.852970453837546927e+01
2.615853243460276190e+01
2.710347828870352771e+01
2.744307176739282284e+01
2.573025416910316210e+01
2.567280150522070770e+01
2.805632178562398948e+01
2.618059516953463728e+01
2.731858078296835757e+01
2.779793909529365337e+01
2.760231675668921270e+01
2.798838567657942633e+01
2.718574659641548052e+01
2.718296449175230123e+01
2.706939526563066067e+01
2.759308098890572580e+01
2.628290370929134667e+01
2.598296381666312982e+01
2.592780042978937871e+01
2.673339680480312808e+01
2.666044144642515334e+01
2.767735874596343493e+01
2.685958686818341334e+01
2.800476912431786403e+01
2.726802161976257111e+01
2.667316453662736109e+01
2.762876368398206139e+01
2.750177878725997971e+01
2.695530394435643728e+01
2.603803879776849683e+01
2.705812888233752744e+01
2.713672671493553068e+01
2.706108893070878452e+01
2.690262084965602085e+01
2.824970534636294417e+01
2.698310590630983441e+01
2.730552928830697468e+01
2.613812510685665558e+01
2.616881387787449853e+01
2.634019129628175193e+01
2.709586803591039228e+01
2.628766051454019248e+01
2.758646122830477054e+01
2.588173673218859250e+01
2.767749039916790821e+01
2.706681278214005815e+01
2.812624345440968199e+01
2.556392375060130817e+01
2.690696208266264122e+01
2.664129815696982106e+01
2.723736539998363426e+01
2.763990420148925864e+01
2.676267575978653213e+01
2.639580174434697213e+01
2.739535462820607137e+01
2.685262740874342668e+01
2.534108022719862774e+01
2.679271879083724883e+01
2.878365343169176427e+01
2.758140115070707665e+01
2.645578181494162351e+01
2.702530692299691495e+01
2.674393479328532308e+01
2.695998307678689088e+01
2.716571730193299672e+01
2.657766345732484936e+01
2.664940343785598387e+01
2.619483454982700721e+01
2.720560290148255334e+01
2.631109564765498376e+01
2.771231195925157564e+01
2.633469473848129283e+01
2.716316017546760264e+01
2.505258711916241765e+01
2.670340030206717685e+01
2.695413897192391772e+01
2.640973020888077016e+01
2.679259575780928770e+01
2.628913528243693065e+01
2.632398802248462033e+01
2.544488022182711973e+01
2.511422993473944487e+01
2.666010978061657255e+01
2.720369820182533260e+01
2.740540751097203298e+01
2.641233683941936050e+01
2.638997824597769082e+01
2.716778249706836945e+01
2.650052831151355193e+01
2.733959776876715964e+01
2.800936818545033802e+01
2.705890578324557794e+01
2.704427074231328731e+01
2.640543922412156874e+01
2.774139006751858716e+01
2.662156551795654735e+01
2.752711537196977432e+01
2.668736186035646440e+01
2.699525025656657462e+01
2.654430905296761267e+01
2.666393143445979419e+01
2.734619520075965582e+01
2.636090677816041605e+01
2.643298645884872400e+01
2.766964024703830205e+01
2.749306115889070767e+01
2.651625210275267008e+01
2.698459651554560068e+01
2.705074743120099257e+01
2.654176539272177138e+01
2.730073024230193823e+01
2.718036862332921899e+01
2.647460653795271313e+01
2.555816826980181133e+01
2.694922929695082559e+01
2.638962212775948046e+01
2.691244653709808077e+01
2.681931551782651368e+01
2.685143068194327398e+01
2.644917130492459734e+01
2.589954937245379796e+01
2.765627234512221833e+01
2.650763865780882966e+01
2.720703785331586033e+01
2.799814362875061136e+01
2.701293081176188338e+01
2.899712089077940647e+01
2.604213997022126748e+01
2.631482177299154657e+01
2.705309709937550977e+01
2.704306536799760963e+01
2.559220216537234549e+01
2.591683214859879314e+01
2.594764194513608757e+01
2.675837067073153364e+01
2.851228162453242021e+01
2.692251341519260421e+01
2.788515875592247895e+01
2.600642394982863337e+01
2.544200967224929855e+01
2.753515524982088891e+01
2.689264875918709308e+01
2.795522523323442954e+01
2.609582454833471488e+01
2.704195423937324705e+01
2.778196365553016989e+01
2.723064147616474528e+01
2.717379890546184384e+01
2.678624187074685636e+01
2.667283072818196388e+01
2.656628934309405565e+01
2.598741214338454952e+01
2.664624703757279889e+01
2.636327895373420205e+01
2.688579712967517565e+01
2.635204803484415592e+01
2.711373712534225433e+01
2.698641757858953127e+01
2.677492508479691224e+01
2.732343678955000499e+01
2.754438785450317795e+01
2.771046690086836151e+01
2.602141072670427135e+01
2.621409187512500338e+01
2.747443422745687158e+01
2.649836769938886860e+01
2.687381497626640581e+01
2.676942483238815385e+01
2.736432728761801769e+01
2.725682391784413028e+01
2.621388988053670133e+01
2.697790422789388032e+01
2.684456602584454643e+01
2.595254949112206688e+01
2.669286899417437553e+01
2.672577337283202681e+01
2.677061821486777049e+01
2.782831980641944014e+01
2.697850070272733447e+01
2.876656427976852370e+01
2.724023988708909982e+01
2.631694437902937977e+01
2.681568100547971767e+01
2.718882419968466024e+01
2.801809374230514393e+01
2.706095350011602818e+01
2.619768394199039818e+01
2.828676241834586236e+01
2.680109600648217238e+01
2.706017227564884919e+01
2.632155546438059091e+01
2.752099149672782730e+01
2.813343752678213860e+01
2.668001939911065890e+01
2.624386505110753731e+01
2.618075068869273991e+01
2.706027771151233097e+01
2.656904547199124167e+01
2.718440394357688206e+01
2.665706549923933366e+01
2.649320301999077287e+01
2.730089657848367324e+01
2.693280041746450593e+01
2.737183119709149182e+01
2.635593998719660647e+01
2.740272476300004456e+01
2.688392468088408194e+01
2.575149830305117504e+01
2.623160366917385034e+01
2.708139144780147234e+01
2.670313423640369876e+01
2.683878404546488383e+01
2.708322906808452402e+01
2.714739991294802479e+01
2.586988367966163693e+01
2.604391001284551166e+01
2.663845534901715340e+01
2.670298366187971340e+01
2.709526358848438576e+01
2.718636887630673371e+01
2.750505331417950217e+01
2.827425104065945760e+01
2.564349150552271084e+01
2.547381072049603645e+01
2.670209960582108977e+01
2.733052400452568875e+01
2.697603073682919472e+01
2.775591094056849428e+01
2.842875143710460861e+01
2.795925325147918628e+01
2.708260638793800368e+01
2.637154780274238064e+01
2.650971731566960798e+01
2.710799752693433717e+01
2.706658971403913938e+01
2.728702881860008489e+01
2.759441399595154465e+01
2.648007443700286245e+01
2.618951620600118346e+01
2.817953719400791002e+01
2.616548018737790926e+01
2.785790871907267174e+01
2.688327123516040018e+01
2.610299616522150856e+01
2.623457582440364533e+01
2.713607369324045138e+01
2.644000998765792687e+01
2.616714551705857872e+01
2.743800923920490575e+01
2.767994948914651943e+01
2.666608127961556107e+01
2.779866820430188668e+01
2.739621249284613214e+01
2.681195584881767147e+01
2.719850795164292023e+01
2.617173304427396729e+01
2.578423197764993091e+01
2.716250715218125222e+01
2.658157067804801343e+01
2.612729649692804657e+01
2.780312192179092179e+01
2.532471803004745681e+01
2.784720589278687441e+01
2.594139910066976995e+01
2.665406856027793125e+01
2.800844184822779681e+01
2.689310460653885926e+01
2.739386609783841919e+01
2.669276379168785596e+01
2.687559111578049453e+01
2.704177602732978158e+01
2.752354683116627498e+01
2.752729237726048339e+01
2.746046240631025626e+01
2.651347284231582790e+01
2.726817063363313665e+01
2.634011366233751161e+01
2.620703219723527155e+01
2.659378426596936151e+01
2.708915683571654398e+01
2.641869646906429736e+01
2.671337065589448301e+01
2.822280605907707596e+01
2.794685175037088243e+01
2.651596685019468325e+01
2.551090578987481194e+01
2.716513102738359109e+01
2.575480113803261872e+01
2.596731640990016032e+01
2.722389569229293471e+01
2.784480497487555439e+01
2.645576850106332500e+01
2.777930796614461784e+01
2.733514723905943100e+01
2.682036259005151635e+01
2.663989420102254613e+01
2.570153564875967334e+01
2.614782692722685198e+01
2.681499496678971894e+01
2.714170030687448687e+01
2.718543393627161109e+01
2.595482066522211184e+01
2.691734420413646234e+01
2.682806097328366235e+01
2.789271347792342937e+01
2.633038036624467892e+01
2.676332130712134472e+01
2.750615587249306060e+01
2.610748011715391925e+01
2.646795504844756053e+01
2.752296009420156508e+01
2.874667053431675967e+01
2.655407819247103518e+01
2.622865570147836323e+01
2.631129408802689795e+01
2.600603005571002768e+01
2.596868282626465430e+01
2.692802988330723224e+01
2.716317676243365753e+01
2.645987096414114959e+01
2.720269598769623087e+01
2.678426286393265698e+01
2.685244657064033902e+01
2.682670673313952747e+01
2.670399921385706676e+01
2.659646460337268081e+01
2.754670511330741434e+01
2.737483718154482304e+01
2.773964392434179160e+01
2.636507732865523934e+01
2.608887893830280191e+01
2.632544542286157352e+01
2.709520736313654155e+01
2.650309240746274497e+01
2.733310314051533751e+01
2.686083954432870158e+01
2.520959380312510589e+01
2.644379054110374483e+01
2.734530635638090601e+01
2.790303077629846840e+01
2.701544029682545300e+01
2.648232798374533203e+01
2.769979256025926162e+01
2.683081326687511137e+01
2.711073356996235617e+01
2.727172661219525196e+01
2.553864159438023407e+01
2.542857914580909906e+01
2.658689487888372582e+01
2.616973975627413651e+01
2.697737688489569052e+01
2.738256318362874353e+01
2.663886069451179495e+01
2.672691488748534994e+01
2.785966888280363918e+01
2.578087409249021178e+01
2.698393985557738262e+01
2.765528250202465088e+01
2.712811215381118402e+01
2.611426110463075290e+01
2.593857083718314627e+01
2.637490755217503491e+01
2.712128749723081356e+01
2.744762938220507920e+01
2.811969476085904063e+01
2.608283347250199924e+01
2.704943733225666946e+01
2.798130185883886512e+01
2.767920336404093362e+01
2.608727754977801183e+01
2.635402999584244554e+01
2.777084688292393722e+01
2.620078968873787417e+01
2.622849376642206209e+01
2.773192574883060502e+01
2.681377606989870443e+01
2.704654094803210285e+01
2.660309088994528182e+01
2.613393008733250866e+01
2.631563187686405669e+01
2.524282285506050982e+01
2.662971808433404775e+01
2.667806981297483659e+01
2.612069608463784576e+01
2.701708616570533295e+01
2.626312936044468316e+01
2.754346739857222914e+01
2.501883968034752570e+01
2.725596452847809914e+01
2.750548541977497408e+01
2.710990315310017706e+01
2.669059320605405716e+01
2.681429936981442097e+01
2.676776730138605842e+01
2.770023560657026707e+01
2.662085316711045380e+01
2.692186984746723866e+01
2.769641428871446109e+01
2.631188277256517694e+01
2.703775596297000661e+01
2.730031805233947750e+01
2.631625323513891956e+01
2.678808021936164607e+01
2.798824570264754996e+01
2.582930812005750454e+01
2.656327216017565362e+01
2.569432220734689665e+01
2.652060786887029309e+01
2.731204851055730387e+01
2.653136365850592071e+01
2.835353131622161627e+01
2.767238356727753512e+01
2.841121949004789116e+01
2.734935327488685175e+01
2.707051967581632113e+01
2.425861404839752211e+01
2.712951404341279371e+01
2.851101476513803235e+01
2.785287295158109799e+01
2.817421111004257739e+01
2.681026426627387593e+01
2.715951601094327472e+01
2.658306838332526212e+01
2.780695956194352547e+01
2.667085517245671511e+01
2.724605326273648132e+01
2.749047437132891147e+01
2.639518813236342609e+01
2.716742770228655601e+01
2.746075937485713325e+01
2.505951656991042142e+01
2.637238269052975781e+01
2.811865899540485714e+01
2.714387583116720037e+01
2.670271792582049031e+01
2.750541193752523128e+01
2.639484775473930256e+01
2.696255852533397146e+01
2.732698490166862371e+01
2.673726177719974473e+01
2.755118254087847163e+01
2.593357409929914681e+01
2.630513253991940914e+01
2.615580455791563708e+01
2.726808206901067422e+01
2.737970047648662941e+01
2.768116514073530965e+01
2.618413451051250362e+01
2.787121674542316896e+01
2.682521014190660225e+01
2.794198000146774774e+01
2.593337257802401652e+01
2.723079972395515114e+01
2.726068571891481440e+01
2.734311988079874922e+01
2.746445165814095191e+01
2.767771638706258130e+01
2.752471811327425044e+01
2.611096451662515960e+01
2.670565315966509345e+01
2.717821146918902997e+01
2.641562430305357978e+01
2.735910323455811977e+01
2.604579394811095838e+01
2.708380970607069926e+01
2.614384454754677378e+01
2.561374085905519848e+01
2.629999491824116475e+01
2.669514526196847015e+01
2.715426055867614252e+01
2.699434354902245659e+01
2.622438085711605993e+01
2.612422899007697907e+01
2.683639599937394138e+01
2.812478120023071071e+01
2.766299710735960105e+01
2.659049347894311310e+01
2.771581615429624534e+01
2.661317624592468079e+01
2.717458457214591760e+01
2.612576059848590049e+01
2.576065877157587636e+01
2.647188093282697707e+01
2.566791574234986584e+01
2.738518242857850638e+01
2.728917346989796044e+01
2.759225577890564196e+01
2.783780837383888951e+01
2.777508602637820090e+01
2.682010868026811679e+01
2.743003549395324825e+01
2.711320963934707606e+01
2.583863707760602679e+01
2.742250118062014508e+01
2.649000728239923319e+01
2.626282838551766119e+01
2.718295057323318176e+01
2.746595690291115233e+01
2.661289259872554425e+01
2.643842754815192819e+01
2.573861050836322306e+01
2.721523349550465198e+01
2.731718447827628182e+01
2.799101592497328284e+01
2.688518152253428539e+01
2.562281222025152516e+01
2.589694953253046705e+01
2.711955245938358772e+01
2.743677953798823310e+01
2.687446809915628521e+01
2.680106208120639977e+01
2.606900324586642270e+01
2.640130787959588332e+01
2.660065516799754093e+01
2.662725373848680732e+01
2.651514788287751045e+01
2.744444264411079004e+01
2.703345758551695965e+01
2.693587941584813450e+01
2.745787454582888643e+01
2.743880754399413036e+01
2.677554840425564464e+01
2.746035154221449659e+01
2.702650090580690190e+01
2.639083123906153361e+01
2.676882341030228574e+01
2.758070834182537467e+01
2.579364602150842245e+01
2.750963417841800407e+01
2.762167749882415180e+01
2.668586255947139918e+01
2.676494699451402681e+01
2.843343748917597935e+01
2.791946696852668452e+01
2.646659209582585959e+01
2.711448280984927095e+01
2.732532163420177085e+01
2.693606676236087694e+01
2.642357783326124832e+01
2.718337541614185326e+01
2.707655354893248756e+01
2.623648832355583238e+01
2.688595867251160954e+01
2.523532074522721658e+01
2.716496108145253174e+01
2.653671391480322939e+01
2.715161300027979152e+01
2.677374472723618481e+01
2.616797003426780677e+01
2.639246947766313767e+01
2.593601587804818465e+01
2.666229687099467327e+01
2.671897625610510119e+01
2.799848234710692196e+01
2.634395117229674099e+01
2.655899082810165979e+01
2.657152486155893101e+01
2.752924945629251852e+01
2.784059081014251902e+01
2.716068165585199168e+01
2.648235125059429507e+01
2.582827639921869789e+01
2.636439173822009963e+01
2.677124948811631100e+01
2.680135615851972020e+01
2.711455484859249054e+01
2.695148963638842332e+01
2.493081081844442792e+01
2.723186017860519925e+01
2.686835712096257112e+01
2.582492880500103638e+01
2.648734445955260952e+01
2.700864234084224691e+01
2.760665302657007913e+01
2.669290539117346128e+01
2.698648505444754164e+01
2.654965895020725952e+01
2.635917224011928184e+01
2.638822311852007729e+01
2.651941519227680644e+01
2.765400465104811545e+01
2.717511505402357486e+01
2.690236589232400632e+01
2.599021735036265213e+01
2.694593137912620762e+01
2.791600280686153823e+01
2.587589113094778881e+01
2.702800729608873453e+01
2.579592981220483594e+01
2.783967795922878707e+01
2.532251121714239517e+01
2.715823621318497061e+01
2.610540046636464240e+01
2.747489462814665373e+01
2.761359960163413163e+01
2.700651951922312932e+01
2.791389425531518853e+01
2.740340186369022035e+01
2.661324699079564837e+01
2.790011189525100477e+01
2.633419228520878619e+01
2.647425823334087269e+01
2.705723313009697861e+01
2.575311306694235469e+01
2.602502470146546187e+01
2.720617566201565651e+01
2.685693515089056760e+01
2.713836667890452858e+01
2.756114614657059647e+01
2.661796688554972690e+01
2.695710784723653930e+01
2.616643092295713302e+01
2.615884547784795089e+01
2.584281139616382461e+01
2.690087571672896516e+01
2.678249924379547764e+01
2.773605809057420402e+01
2.613400602422010621e+01
2.684726487816330831e+01
2.731705444278609463e+01
2.664036953311927292e+01
2.701862643424697552e+01
2.702738117144287244e+01
2.710223168475132738e+01
2.648597959985876216e+01
2.661071927592547226e+01
2.786278057613400705e+01
2.749998035201545932e+01
2.669299500630198096e+01
2.805933686391157522e+01
2.798666339835103045e+01
2.608793146240135030e+01
2.713373047032653673e+01
2.727442017031091481e+01
2.704920900440578535e+01
2.699413010228926879e+01
2.722450260155882873e+01
2.743339566769961024e+01
2.577140029676488453e+01
2.716327912835743419e+01
2.848864696400600138e+01
2.643543790351957412e+01
2.699097607568239710e+01
2.669414935429940172e+01
2.551059452447362474e+01
2.576668024970419069e+01
2.640698171274503636e+01
2.774894486042072472e+01
2.776269658085574221e+01
2.663845175573467472e+01
2.733444677817539059e+01
2.646812243438065693e+01
2.697840917942251338e+01
2.762142808621860723e+01
2.705714925056914311e+01
2.746073473372941365e+01
2.764773903296102020e+01
2.609752471067341162e+01
2.696002304076722211e+01
2.731312398615969173e+01
2.693702229052713193e+01
2.588155300325830765e+01
2.634187552315971104e+01
2.688191251096939638e+01
2.526683536801263230e+01
2.700542057326862277e+01
2.582735869035317222e+01
2.615279865528397707e+01
2.721613333509490928e+01
2.658224564480430985e+01
2.677420491978913475e+01
2.704279771387924569e+01
2.788830280553924723e+01
2.716481559481299968e+01
2.595541600942554439e+01
2.729911153712009764e+01
2.764180623834990413e+01
2.705596121485962513e+01
2.653666844040262163e+01
2.642560787486453933e+01
2.630022856187368774e+01
2.589282550787108761e+01
2.690902230235299086e+01
2.581149701506783245e+01
2.626557734636453745e+01
2.594533708271956485e+01
2.595540725697278717e+01
2.696554280624194888e+01
2.755855375471433177e+01
2.694465073344088779e+01
2.656376833596623044e+01
2.618947939227576072e+01
2.613430014567456539e+01
2.761892674962304284e+01
2.654231913001309096e+01
2.781244294503617454e+01
2.621997730750289080e+01
2.770678339969632020e+01
2.664100200907336102e+01
2.663261233867502398e+01
2.725742251992414822e+01
2.681548706257630954e+01
2.680581060981169372e+01
2.659941545752434777e+01
2.760688795512696103e+01
2.742918512933256991e+01
2.670912537766965755e+01
2.719340601034666349e+01
2.656571811201908062e+01
2.684546400210062345e+01
2.570869514781240284e+01
2.622320936534065439e+01
2.749322919820072642e+01
2.730883688427370970e+01
2.613029150887514618e+01
2.607387479981584733e+01
2.735761066173280653e+01
2.694022980224221087e+01
2.723040922026100930e+01
2.880210302146611667e+01
2.655229159800604322e+01
2.791690346395725442e+01
2.676142581333257553e+01
2.636918645723768861e+01
2.659863022524454124e+01
2.670945801195126634e+01
2.729804931777425026e+01
2.733941019422678664e+01
2.608471000669755924e+01
2.709470475818376656e+01
2.762319791655225032e+01
2.647188242294617311e+01
2.638447783051957529e+01
2.618163192848556875e+01
2.765150153613333472e+01
2.587838134206477747e+01
2.716792071185554036e+01
2.644117622862403039e+01
2.646209138906988656e+01
2.620910889751541362e+01
2.650441029131099668e+01
2.583913979170232622e+01
2.681089516772713210e+01
2.649882647572217209e+01
2.592453504277752074e+01
2.734905611645842072e+01
2.588746679538210671e+01
2.695826370495949220e+01
2.614471875478044183e+01
2.668037144374068248e+01
2.644002742720095256e+01
2.696378342472406331e+01
2.788541763136428031e+01
2.827508784450241919e+01
2.768903647362322573e+01
2.590241478679180887e+01
2.655717973602671833e+01
2.738316692597482316e+01
2.665575059403062141e+01
2.730964627299198355e+01
2.628164199887614672e+01
2.792890053260303773e+01
2.719883105960428793e+01
2.708796876964311906e+01
2.677285282910892761e+01
2.809480374426098237e+01
2.591655777407059347e+01
2.696163098333277119e+01
2.696346607207116364e+01
2.615520389413157787e+01
2.656194492549245467e+01
2.773547141740066380e+01
2.655768440455520718e+01
2.729870891313673908e+01
2.674876028006173101e+01
2.704966099096683152e+01
2.756358733036565312e+01
2.764078678501540409e+01
2.624777340816658366e+01
2.674359762039690480e+01
2.735059325978942368e+01
2.703964499888538597e+01
2.785856964390425716e+01
2.681811962407662975e+01
2.637957505570124539e+01
2.698683193798668967e+01
2.806785014071722983e+01
2.756658560101536537e+01
2.670218436699598641e+01
2.654516552573904775e+01
2.667167072612903667e+01
2.624903961763027738e+01
2.802159347366823283e+01
2.714030994860819490e+01
2.657265843218562651e+01
2.669324036413276247e+01
2.662227667094231620e+01
2.802865710959780898e+01
2.774514614493338982e+01
2.730088809239066094e+01
2.638957852617379274e+01
2.562500954804306730e+01
2.646160327424129832e+01
2.708466684974625593e+01
2.728433978335770860e+01
2.695351643405942355e+01
2.735815323917393727e+01
2.654928556324646038e+01
2.660587213689848340e+01
2.562704849250015826e+01
2.654345752950285586e+01
2.692814320324917787e+01
2.627765024484555667e+01
2.668285024715698839e+01
2.692956108703370433e+01
2.749670245776971100e+01
2.682286556469867023e+01
2.747329553606801156e+01
2.641975661124526553e+01
2.721102551846312778e+01
2.803075226721968249e+01
2.655724012855448990e+01
2.642914622778865663e+01
2.666823225173199319e+01
2.677941956962485293e+01
2.608988744685671435e+01
2.528709375335827758e+01
2.713726057673595804e+01
2.691370122428859091e+01
2.637616908399394688e+01
2.607340829397018922e+01
2.710637463844780726e+01
2.619200783358893858e+01
2.624489382753867872e+01
2.628462274248208175e+01
2.766087381504331333e+01
2.587244619866845596e+01
2.690607881253697542e+01
2.794580024021285780e+01
2.655280878080333551e+01
2.739102846307616801e+01
2.677523062213992944e+01
2.746736230517198152e+01
2.630397750672034718e+01
2.597817108275152265e+01
2.690784641400749422e+01
2.694616077232472406e+01
2.631059345675224392e+01
2.635650003931873187e+01
2.584460532942577160e+01
2.771737663807413909e+01
2.755552464277137048e+01
2.597397060539627844e+01
2.676111776220904304e+01
2.726288177657932366e+01
2.770002925983238029e+01
2.697622833104065165e+01
2.600594002466635146e+01
2.756375607069674061e+01
2.533153477352944805e+01
2.745107861656716963e+01
2.682119190534043796e+01
2.739799184335362980e+01
2.720125614014713733e+01
2.718519667726654632e+01
2.798450734380438121e+01
2.620586033503955647e+01
