7.651814845988778480e+00
8.078419615271918985e+00
8.713637993120034508e+00
9.377712643190241337e+00
1.137596978065574582e+01
1.141912789946826834e+01
9.124521618292050107e+00
1.100185030488621152e+01
9.668846817534186400e+00
9.292579493108009459e+00
6.787964031360322892e+00
1.156661722235333478e+01
9.902889528407039066e+00
1.491358995693929934e+01
8.752577795269433025e+00
1.006970373299306587e+01
1.130999532118543094e+01
8.685230434186795634e+00
8.430544801741511662e+00
1.028314371475335598e+01
1.195792577999734263e+01
9.770265588405942836e+00
9.746852435403761561e+00
7.453893098986992705e+00
7.493114955435556723e+00
8.433100315463549990e+00
9.606418999473827824e+00
7.806779798169980467e+00
8.681321270382994726e+00
7.742274383493742640e+00
8.822174225301978367e+00
1.104130240646480310e+01
1.124390439921621976e+01
7.966320739771294512e+00
6.862428843582355498e+00
8.903833699503568511e+00
6.122127644540848124e+00
1.092921983047610190e+01
1.170930787189035449e+01
1.136460658538402058e+01
9.967555372386629031e+00
9.051913563435045162e+00
1.029854909945706076e+01
1.056773162877896510e+01
7.729667968600009154e+00
1.068701972755909502e+01
8.564999154024402372e+00
1.007957847569326049e+01
9.515490850811588075e+00
1.170015447860684432e+01
8.036799047336497637e+00
8.803265829765724249e+00
8.277184295402815195e+00
1.006306265374532671e+01
9.157268781726461526e+00
1.119960782187187043e+01
1.218045091753449682e+01
1.400454603501072981e+01
9.895886273833118807e+00
1.017482662953434414e+01
1.318896051471344144e+01
9.688091597417987089e+00
1.228083439763537932e+01
8.349360996924636069e+00
1.150013519912695514e+01
9.607237078566955191e+00
9.207986356830865304e+00
7.765868025720208401e+00
1.090446280058181294e+01
1.156566754450122225e+01
8.384124924734733142e+00
1.290678715767131379e+01
1.064530767364000674e+01
1.124795225779004859e+01
1.089721740546755946e+01
1.200480212465634189e+01
9.710876954941568329e+00
1.026843835814849015e+01
1.055653537298580247e+01
8.702322386582311609e+00
9.011917565226820415e+00
1.026369189820904460e+01
8.032233144454890450e+00
1.150875881219432806e+01
9.708297499496584493e+00
7.798044575350719043e+00
1.326021910601973808e+01
7.910250962820724929e+00
7.454242282294414323e+00
6.966863228868968250e+00
9.424186148978865418e+00
1.058053597969262150e+01
1.113201027372934071e+01
1.125601894854823115e+01
1.155358991322613882e+01
9.132862835749213204e+00
1.080608214896970409e+01
8.711661087441482820e+00
1.282786059037117177e+01
9.541502971564273849e+00
1.119275615743683439e+01
9.973080523879518822e+00
7.783543483198775981e+00
1.050777116384065302e+01
1.159132176453679008e+01
8.792926641130270227e+00
7.124969256076737700e+00
9.941189631322268738e+00
8.032357957027828732e+00
1.238475368752102490e+01
8.978436062829493025e+00
6.739933931433689018e+00
8.648754890945005158e+00
9.081153159517647566e+00
1.065523083269329696e+01
1.024400207670721841e+01
9.999580685617335263e+00
1.057737734123725737e+01
1.141040366384300064e+01
9.248734612872926419e+00
8.184769670111071704e+00
8.449535632709112676e+00
1.087752867380243238e+01
8.633272475494784715e+00
1.312909499360582188e+01
9.684363748243260517e+00
6.800018544388497510e+00
1.072679913951302666e+01
8.910874662986115524e+00
1.215345326222596434e+01
8.922516766788547216e+00
1.185352230660013184e+01
9.968779059076242177e+00
1.011868597601063158e+01
8.487371199512351083e+00
1.067743583358095094e+01
8.956018601407613744e+00
1.042716573415594894e+01
1.220169820040783115e+01
7.901139630276427184e+00
9.665857210796669818e+00
7.094962077006973011e+00
1.129584377556035157e+01
1.060429235039574181e+01
1.011724930646450460e+01
9.270195990423918175e+00
1.255999979470657024e+01
7.221461467400498435e+00
8.395831660616659420e+00
1.090856056172750321e+01
1.058420261405384899e+01
9.066540018107987819e+00
9.023778415876639869e+00
7.958080241648964659e+00
1.085804633653305551e+01
1.024499816815167819e+01
9.737323643193631639e+00
1.168519708172751237e+01
9.848929888687104395e+00
1.174196256683337225e+01
1.076848914294506976e+01
6.640216122370510732e+00
8.772809072451495993e+00
9.963921790683475166e+00
8.752417172806765677e+00
7.644490076522929556e+00
1.035106828189273465e+01
9.515771294878794251e+00
8.386654898009432202e+00
7.769716609386303929e+00
1.191261287943549796e+01
8.198066258077171042e+00
1.067728672076978036e+01
1.205774703065292464e+01
9.115057530794823393e+00
9.630113914015243637e+00
7.953876597162727435e+00
7.006621295793882709e+00
5.648524742208833160e+00
9.087337866664537245e+00
8.287406993276446698e+00
1.201154750649253877e+01
7.885808581168062048e+00
9.905973841388252765e+00
1.416149724787140762e+01
9.768540789259191115e+00
8.906232747735732147e+00
1.054074513089059728e+01
9.611881441991346975e+00
9.711574058380499253e+00
6.278990204409190312e+00
6.495453066467237413e+00
7.595823925589875181e+00
6.781463873468813297e+00
1.123351584576966111e+01
1.085401009846162879e+01
1.019576744643658017e+01
8.353105384097242236e+00
6.664406703293803247e+00
9.684677548970364924e+00
1.078728046431377763e+01
8.049999350141703758e+00
1.289276099467888770e+01
9.985577921257471345e+00
9.149356892930954999e+00
7.122647292360421822e+00
1.072889415058678786e+01
7.240737126327010387e+00
9.121085034016864768e+00
7.891056387257671112e+00
1.415323495471796988e+01
1.061187777947535693e+01
9.405049637051316580e+00
9.926593686177872300e+00
1.296900553578334403e+01
9.971498582426020718e+00
8.908875271993736078e+00
8.541746503740794694e+00
8.171880079813705677e+00
9.250697045092858062e+00
1.082416871278364034e+01
1.075707229043636737e+01
1.004359588395300129e+01
7.242190586128971930e+00
6.611372221716859343e+00
9.871842500388556374e+00
8.304905680049534666e+00
8.072204376603872689e+00
1.154021185490340429e+01
1.043828165482879555e+01
8.207105106297717612e+00
1.022257418678633023e+01
8.302027793307807713e+00
8.838293457534319941e+00
1.112305872396288997e+01
7.174866243269713451e+00
1.142473947619124530e+01
1.299922548022858670e+01
7.284120611058891193e+00
1.203314433764738567e+01
7.610924030452210332e+00
7.826972685319995016e+00
9.400307910845379311e+00
7.562049367696623392e+00
8.513693936340725799e+00
7.739199618370690814e+00
7.713886176430262864e+00
1.012265281776084436e+01
1.185001043415882904e+01
8.995364512815333669e+00
9.050785455002085200e+00
7.543561823605593020e+00
9.332177955313930795e+00
9.705846074703908144e+00
5.498139479230471416e+00
1.326834393337389351e+01
7.518269822725788920e+00
8.444426246152085369e+00
7.910474775572263972e+00
1.038496383295797010e+01
9.386610585355830594e+00
1.071230319138952858e+01
8.926459151962381711e+00
9.422921751869525409e+00
1.067803516886113258e+01
1.032504913429458604e+01
7.454708751367359554e+00
1.004849796001490425e+01
7.424025392471220286e+00
1.198634773787528296e+01
7.998738221544941851e+00
8.660418742555954452e+00
1.180323506943664569e+01
9.813401640938197446e+00
8.029292467118340326e+00
6.557885679959858827e+00
9.178624219002099238e+00
1.059571637788220144e+01
1.178962590841669922e+01
1.014558614387093272e+01
8.007473652671144748e+00
1.177526321084412331e+01
1.148437260185978381e+01
7.222423280175151561e+00
9.289380629827130420e+00
7.756125075856174611e+00
6.928581564646083102e+00
1.187679598473742004e+01
7.332999944576051199e+00
1.054785192461333132e+01
8.764532894107960104e+00
9.796561276307173216e+00
1.002795768692899969e+01
1.113573789916353363e+01
1.024721071626999525e+01
1.211049796136906842e+01
9.123827328223748978e+00
9.056274395336018301e+00
1.260374551024588108e+01
9.598250861892102748e+00
1.009093214610496148e+01
7.481345342308775237e+00
1.111156417235803140e+01
8.659875303977727867e+00
9.738930271325987320e+00
9.558688670181808789e+00
7.565750887067561159e+00
9.310752375713310158e+00
9.800883998946577691e+00
7.702427742333008531e+00
9.755773696018296803e+00
1.004664114848491785e+01
1.035705349991162549e+01
7.717352841127517848e+00
8.960431566940949111e+00
1.239038323758313176e+01
8.215634308407739894e+00
7.690375402619844536e+00
9.952296313884195555e+00
7.886637720110800664e+00
7.336630194714476971e+00
9.955654244122374763e+00
8.795928281258492021e+00
9.107819317045779073e+00
6.990822549123811847e+00
1.070829025935016965e+01
9.274409510937866585e+00
1.356295986834868472e+01
9.597102437976737122e+00
1.079708423300558984e+01
1.144409139381341411e+01
8.630060834969849992e+00
8.602996645233602635e+00
7.570807127102107792e+00
7.811083748201846255e+00
1.126018975249506759e+01
1.220537652238960469e+01
7.876229569000121167e+00
1.139510559042432369e+01
8.692297088143481787e+00
1.169259629811106116e+01
1.174349051793307375e+01
8.937845267642854807e+00
1.269909377513241644e+01
6.757005179511068604e+00
7.777517685539963921e+00
1.008574287708007589e+01
9.909515440948579723e+00
1.019940867046480193e+01
9.716907790155392632e+00
1.126125211718707853e+01
8.938348903824799407e+00
1.150760244007030941e+01
9.353710279087302126e+00
8.860985588292621173e+00
9.511199545597282423e+00
9.086178630237272458e+00
8.973489348702781143e+00
9.162378404363559881e+00
9.224870989784575315e+00
8.785308093089328807e+00
1.015183179325549112e+01
9.037176350031801420e+00
1.122335031080412371e+01
9.280532363713167143e+00
1.065751535807487471e+01
1.179175535538306363e+01
1.136010672951697842e+01
1.152352938739930366e+01
9.393986338975285122e+00
1.259223282254395926e+01
9.902425508495934281e+00
9.937294910212244758e+00
8.515971999876770226e+00
9.912027625749759707e+00
1.089990665487215793e+01
7.297720902330762982e+00
1.013302429155236162e+01
9.842093880523242078e+00
1.114131986783128525e+01
9.322336745956276260e+00
1.111319212743095619e+01
9.244527564139664477e+00
1.006427641524230054e+01
9.011330620458014806e+00
9.169690631726203023e+00
7.159755138714967160e+00
8.576428287049751020e+00
1.090700954829204861e+01
7.526457989948544203e+00
6.793139114022797465e+00
1.137423789051726430e+01
6.937746196834886803e+00
7.626254400836890213e+00
1.013389798511810547e+01
1.237223372264823951e+01
8.943726144385836463e+00
8.744677926635358034e+00
1.165484509220096321e+01
8.650840625469570000e+00
8.872062298678670800e+00
7.599435132292850170e+00
9.865645253842862061e+00
1.150877497735999988e+01
6.655280221614296110e+00
1.176233615280246703e+01
8.933686823870690574e+00
8.863509951000640541e+00
8.752088600129617646e+00
7.153990582788059882e+00
7.655033219631980579e+00
1.129627391746425147e+01
1.197086570112551840e+01
8.788612128741629448e+00
9.822944672108638642e+00
8.159934110249521311e+00
8.757133385405769133e+00
8.211208340255472748e+00
9.076610406715328594e+00
8.192838904172745629e+00
8.723666601656324460e+00
1.024275100746245215e+01
9.149189176255271505e+00
1.111010035454531319e+01
8.876592241921466453e+00
1.191488535774104029e+01
8.937750394736141857e+00
1.081404968946921485e+01
8.169122764678267146e+00
1.054212165167187187e+01
9.130093576453171877e+00
1.090413771335369120e+01
1.270948861478475145e+01
6.519888673277985269e+00
1.123581339966628434e+01
7.912661484334478246e+00
1.044770728813648120e+01
8.703341750063758653e+00
1.153256283145549688e+01
8.446025377382687438e+00
1.070044625431636653e+01
9.085794640755828766e+00
1.105027898232699890e+01
7.650457321305041525e+00
8.862235056805877420e+00
8.430540917307681070e+00
1.015899193701733338e+01
1.010543931491118208e+01
8.300891617298555403e+00
9.470361467268384459e+00
9.685966307139223019e+00
7.035240004030255179e+00
7.299514328932442453e+00
8.384229138550104210e+00
9.897412892147016805e+00
7.421432233190120797e+00
1.007280571271757985e+01
9.426944281952172489e+00
1.179897264910410293e+01
9.414150882402287479e+00
7.914086858129472546e+00
1.243331046319293343e+01
9.687113715973202588e+00
1.154376571223306414e+01
1.105506039827234410e+01
8.114256373741556061e+00
1.088949049415558434e+01
9.074076109427508641e+00
9.503551471951691809e+00
9.536151865370714020e+00
1.002715090420695532e+01
1.085122842704205404e+01
1.102711893925575026e+01
1.150832594390229957e+01
9.306002280230053714e+00
9.065569455864688209e+00
1.158078416677992628e+01
8.077828171713834493e+00
7.272035274211257949e+00
1.223737261286914624e+01
9.595373655432954507e+00
1.014370660023807602e+01
1.103088844524997825e+01
1.211040613128651877e+01
8.931470626490749964e+00
9.305743247006281749e+00
1.380143982417778581e+01
8.381968381085643571e+00
9.790117627235119357e+00
7.105681917508792189e+00
6.715767672300848368e+00
1.019699722296896027e+01
1.065635374305651695e+01
1.148559533679115141e+01
8.262534901372438512e+00
9.587708688652801570e+00
1.149723558000829193e+01
9.032880288986975259e+00
8.650227942942636972e+00
9.539814653936478095e+00
1.193475223643730310e+01
1.023408729000224682e+01
7.092070016323308579e+00
8.810288141366475756e+00
1.083721943119645381e+01
7.583314334530865786e+00
6.562430450488300870e+00
8.148440383392390629e+00
9.217201734401360369e+00
1.185451420638407072e+01
1.005668177787447171e+01
1.078138876213423458e+01
1.069665405897511512e+01
8.576643293415378011e+00
7.900368300772210084e+00
9.892809204502214016e+00
1.473993482755767737e+01
1.186998746476033340e+01
1.056739159856654453e+01
8.346235650332037181e+00
9.621554437858433673e+00
9.389402079362174192e+00
7.961654893539069633e+00
1.205225800275088410e+01
7.829687134197907739e+00
8.906783739340470518e+00
9.932132841987677097e+00
1.009831175862400876e+01
1.047131110713187674e+01
8.734610386332676057e+00
1.078244261865832421e+01
1.020339276530091510e+01
1.022596308820418898e+01
1.083525190287472739e+01
9.915617570422867288e+00
1.137121705080190637e+01
1.051933152623471024e+01
1.087065017362989217e+01
1.111974592050427724e+01
8.638985657390731987e+00
1.059230659529843344e+01
8.823601349976375019e+00
7.781898059123171230e+00
1.441406479309867628e+01
1.142998349402256686e+01
9.344824364445587506e+00
1.023924860471653631e+01
7.310478875096491080e+00
8.613357688106322740e+00
9.021440067531331763e+00
9.968648989066284827e+00
8.113428861570341155e+00
1.017763144656634644e+01
1.037132334591434990e+01
9.399501394083269901e+00
9.421048131841388340e+00
9.443261353967121963e+00
8.647919420092344822e+00
1.149292038427840446e+01
7.717169148618404861e+00
1.105267913666092383e+01
9.179537207054918824e+00
1.060090934685107555e+01
7.757676246379621610e+00
1.140743120999439952e+01
7.643266708985642310e+00
1.220500951574441117e+01
7.838860975624561078e+00
9.465571943683226408e+00
8.855730244354925063e+00
8.743369394241454984e+00
1.070139379777921107e+01
1.134874065449733394e+01
1.214109584767127359e+01
9.741756129833401445e+00
7.375127605303898548e+00
1.103922369039354301e+01
8.567546103655418577e+00
1.077493740071142092e+01
9.425569851355682260e+00
7.978742962789743487e+00
9.204716687852362966e+00
7.969860248341697151e+00
1.011481817392639293e+01
9.314122435351903206e+00
9.408112881994268761e+00
8.340758701731155966e+00
8.224973388790527196e+00
8.620696071520546511e+00
1.024509094080792337e+01
1.083600268189451477e+01
9.771234106937821906e+00
7.188777965565950723e+00
7.561706523721228201e+00
7.176570987542392643e+00
1.331355120533774716e+01
1.149915427345989727e+01
8.354807686470969941e+00
1.144985685248856022e+01
1.135653844357958064e+01
9.635338675698163158e+00
1.036823531141278565e+01
8.119532172995411301e+00
1.146137630780198258e+01
1.282240000162907556e+01
9.860388141254135874e+00
8.207766627135301363e+00
1.101963433852244734e+01
8.998408703321059576e+00
7.097578561380768036e+00
8.743362435611290451e+00
1.225098835529432506e+01
9.646468655883227328e+00
5.628441904032042586e+00
8.013086848193566425e+00
8.589886490232316874e+00
9.789421567125330625e+00
1.327644889456753141e+01
8.102443927402742219e+00
9.691946048726904905e+00
9.571013167797675081e+00
7.539677649202117138e+00
7.795956019902090972e+00
5.721295605758087710e+00
1.132517125072991604e+01
8.823312551865145181e+00
1.055400542746235537e+01
1.058791797000480983e+01
1.119939588896178861e+01
1.046917547953093575e+01
9.831926401696634343e+00
8.704081276935061950e+00
8.941736992596574396e+00
9.739262126996910851e+00
9.799319869169615060e+00
8.409449469142771250e+00
9.365525382153579770e+00
1.120004227304339572e+01
9.939653363461154356e+00
1.000808390648614399e+01
9.227463883160552882e+00
9.406008732120289650e+00
6.048048318694982051e+00
8.027524028308755888e+00
9.222026363441786501e+00
1.027607283318929099e+01
8.934415528291783204e+00
5.361558316793916923e+00
1.051040645010260732e+01
1.126853763924934881e+01
1.023225450676147830e+01
1.095318066379888045e+01
7.991161242160462308e+00
9.624293289989941158e+00
7.820819137972746304e+00
1.102150158196944751e+01
9.994905631320555983e+00
4.901730833796263731e+00
1.076283745775934619e+01
8.461810089364563581e+00
1.403568585935891200e+01
1.357268310145619594e+01
8.356080166660531106e+00
1.062359840762549901e+01
8.195883506178455846e+00
8.128058574806415137e+00
8.524101280346018328e+00
1.192593959782063706e+01
1.248866984161691107e+01
1.123581222392372680e+01
1.100701673610777043e+01
8.336030452670014412e+00
1.075275282277189781e+01
8.503385926396079597e+00
7.992048351839326159e+00
1.162388966931651701e+01
1.045547618625119846e+01
1.021404663230575949e+01
8.010610327311340484e+00
6.464655156233265032e+00
7.344022799703207482e+00
7.304580917425348652e+00
1.067065800534232700e+01
8.990227460389279557e+00
9.879809143371083735e+00
1.040424009682614859e+01
7.649254121454189814e+00
1.031380394049841343e+01
8.780528817082391413e+00
1.071021240327986312e+01
9.698249131339629514e+00
7.540589634438580546e+00
7.198750452468689609e+00
1.014432034356232393e+01
9.763013670872956240e+00
1.118296715775996475e+01
8.148822457801717434e+00
1.171175614516098662e+01
1.152230837438095712e+01
1.033813320452824058e+01
9.956580945510818736e+00
7.328187205626945477e+00
1.075735571023705361e+01
9.905285339511316067e+00
1.078222798139232808e+01
1.153161842351888922e+01
1.157437412445888114e+01
8.983398989831725245e+00
7.678050241632932149e+00
1.259215290546839050e+01
1.127032390751537250e+01
1.105638713977230481e+01
8.228906900223254439e+00
1.024038759384456831e+01
1.021804418121397617e+01
7.090402098175852430e+00
8.720715139496062918e+00
1.150378924246298595e+01
1.195720360396296478e+01
1.399969151214503071e+01
7.527533741892408869e+00
9.783529086794782614e+00
1.272801029119602845e+01
8.263512339231755988e+00
9.738317002878375206e+00
9.523519864299068161e+00
8.275306717938414991e+00
1.300418274265377505e+01
1.000121777860972827e+01
6.959012102783741938e+00
9.433771776059106884e+00
9.955930488362577435e+00
1.243668218633488287e+01
7.570227941084081813e+00
1.098288614675208841e+01
9.343350301799548063e+00
8.396953880492066702e+00
8.232548710383349899e+00
9.433377154662167641e+00
8.781044240337370965e+00
9.106937374761223225e+00
6.161601206955416465e+00
1.010788182542327007e+01
8.602809789301700150e+00
1.145878214298616271e+01
1.369172383166176843e+01
7.486620001871771457e+00
1.044695595663336007e+01
1.166393939947743874e+01
8.466561301798297023e+00
9.643232494191277482e+00
1.057084912357471040e+01
8.523642323085599770e+00
1.032936092154907648e+01
7.963240243234705140e+00
8.137667916809082413e+00
1.404127791486428833e+01
9.917528101970276566e+00
1.036614174403007915e+01
9.291639668477325031e+00
8.777885815526110136e+00
8.795453046628455951e+00
7.606264170769642341e+00
8.872515476268370449e+00
9.060420891910311525e+00
1.064437858464564179e+01
6.899821589587514126e+00
1.050605229186842493e+01
1.036489263980401176e+01
8.967653927914490453e+00
1.016721783998515960e+01
1.379829385392821806e+01
1.202112178333168835e+01
9.062457494812234060e+00
9.674159120971816961e+00
8.573842857703386500e+00
8.274362153223039584e+00
1.228796901131695840e+01
9.612426404578405581e+00
1.122827118836300819e+01
9.295351996692913232e+00
1.013854171639831137e+01
8.618296311384119335e+00
9.134038977581722563e+00
9.833925599077856461e+00
1.182005675164521641e+01
5.473002615097312784e+00
8.484376531902091401e+00
6.560491923525472835e+00
1.039159518651948488e+01
8.697566811636347595e+00
8.346967595833119091e+00
8.995696895453360042e+00
1.061418234955659301e+01
9.613511887996722294e+00
1.024529504086324216e+01
8.100442969020106077e+00
9.351436423938478626e+00
1.168295741529432163e+01
8.795154923826878246e+00
1.198331769443125872e+01
1.012379822142979080e+01
8.356383925889243613e+00
1.232895858336352646e+01
1.044776539216830713e+01
8.739094926157811472e+00
9.263656224462627264e+00
1.057960716588574535e+01
8.339146767495783763e+00
1.067697002453863497e+01
8.606333187609427782e+00
9.147251887653808922e+00
9.915443751047046561e+00
1.091758897009567697e+01
8.873679342931115599e+00
1.434563756101574228e+01
8.325878097440087444e+00
1.085110227408306827e+01
6.478865593308597681e+00
9.637745934397866421e+00
8.918969931325927192e+00
1.060281300740343191e+01
1.097381429898329053e+01
1.109148383832377505e+01
9.264633330252351584e+00
7.831634748075329000e+00
1.064505492951021814e+01
1.025652714626231976e+01
8.617691470132731624e+00
9.734445646319914047e+00
1.000294144041349753e+01
1.131851691914474500e+01
1.102466274846544891e+01
8.313952160334746821e+00
7.628589414233670318e+00
7.728341945826185722e+00
1.006607101473312404e+01
8.842475427169796731e+00
1.106938334781307454e+01
7.560597016414333460e+00
1.071285566266771738e+01
1.091903101326787073e+01
1.139392303605787404e+01
8.399112418185557871e+00
1.030431210409432197e+01
8.907570369588231785e+00
7.173321476739320524e+00
1.122989595710440014e+01
1.017792423106530819e+01
1.227073249503983909e+01
9.074971206736382356e+00
7.266223937514609155e+00
7.761167290624253923e+00
1.461205158145008909e+01
1.061234680161864752e+01
8.638833249633231404e+00
1.195179956081194916e+01
9.829489403993109775e+00
1.074047522092312335e+01
9.937533735820398562e+00
5.180966759898939067e+00
9.872025873420074760e+00
9.295698809918659933e+00
1.173967175755789860e+01
9.718385589299149530e+00
1.187928148244336590e+01
7.097166680191763888e+00
9.355328948773530939e+00
1.057986411697649132e+01
9.002784093341620775e+00
9.633915586971667722e+00
1.237775802662835822e+01
9.940362970918622310e+00
8.016386944386789892e+00
8.057229764954906059e+00
6.639238197432137945e+00
9.136291289981734565e+00
9.772064182033224355e+00
1.008812315536959225e+01
7.033171621977097665e+00
1.155207099867902976e+01
7.766798691007366529e+00
1.127043891852274982e+01
6.829745761801341075e+00
1.136183114402804506e+01
1.054847074576489874e+01
6.621925773817838312e+00
1.020821570910604237e+01
1.062028954976735662e+01
9.012213030191098539e+00
9.847226453236878285e+00
9.459427628732335336e+00
1.074154732213442287e+01
8.118835271292995870e+00
1.132000540277389433e+01
8.628016322857460452e+00
1.269150327006017420e+01
8.530002481473655251e+00
9.432569075513550061e+00
8.322933967222333251e+00
1.235368048767591809e+01
8.504011499120371909e+00
8.335582498470042623e+00
1.358662493664475512e+01
1.029202691787337898e+01
9.179331703774485263e+00
8.141694559447417490e+00
1.000262751844681830e+01
1.055969566285155814e+01
1.208818752043690736e+01
1.045771606249376262e+01
1.077267382709868393e+01
9.872859205873540489e+00
9.483026425982307828e+00
7.759301087095673566e+00
5.766427639291992868e+00
1.046048246811369609e+01
8.640200009856826568e+00
1.118983258870738062e+01
1.015836980109109788e+01
9.531535658555451818e+00
7.418516143424413123e+00
1.060181384203291088e+01
1.198493080461514815e+01
1.047527503799456916e+01
1.193051128802144589e+01
1.014800841241366669e+01
9.354044300837477621e+00
9.403817755733221873e+00
8.946377968679600556e+00
7.147549333821478612e+00
7.752402053456167508e+00
6.783276956358192500e+00
9.667606380133252131e+00
1.143713088862097038e+01
1.117582996462517997e+01
9.550979476167288595e+00
1.120114732117263578e+01
1.168127205802887403e+01
1.001098943799638974e+01
7.864067228892331229e+00
1.058682029377881761e+01
7.016719462674029018e+00
1.096377681339814991e+01
8.967033858546566094e+00
9.144140398093384192e+00
1.114046759080858351e+01
8.716427501383730458e+00
8.933136193964241301e+00
6.947612392291506289e+00
1.152848667603454302e+01
8.005471728815020782e+00
9.210340246216292215e+00
1.211000635933517167e+01
1.116816498479663089e+01
1.042091916566852206e+01
1.053524426287280669e+01
1.043840362244519326e+01
1.072819868138376442e+01
8.084852532778525003e+00
9.332349957168665000e+00
9.799416755972210069e+00
6.169895385993873660e+00
1.077448456548946965e+01
7.668677792539635441e+00
1.074571624631001399e+01
1.276340102835534118e+01
8.565848741247478415e+00
9.177379339753565901e+00
9.447303410625380593e+00
8.595534921071156020e+00
1.148705774483214448e+01
9.202321490860221331e+00
7.792674644306267773e+00
1.049301431889086444e+01
8.959592750286699214e+00
1.224449024147481069e+01
1.040826744308886731e+01
1.045693124289545928e+01
7.426815752170792706e+00
8.974359983038585398e+00
9.829611404670952624e+00
6.976361887054770783e+00
1.056119298217809543e+01
9.755323988369083210e+00
1.164166151334305965e+01
1.543190245999168475e+01
1.212157343687703559e+01
1.112327915572633685e+01
8.215450382632260684e+00
1.031735221362476551e+01
1.179453821031884075e+01
1.037420239689737222e+01
9.657656824730336709e+00
9.104333123483248968e+00
9.870516106518742561e+00
1.235716405384048322e+01
1.038786849604869644e+01
9.604832936142365440e+00
1.152962070117173532e+01
