2.404163056034261459e+01
1.303840481040529831e+01
5.968249324550709645e+01
3.623534186398687496e+01
3.832753579347360073e+01
6.140032573203500732e+01
4.572547441860401563e+01
3.830117974660915081e+01
4.876522237974997864e+01
5.162363799656122865e+01
5.508175741555812266e+01
3.667424164178449786e+01
4.909175083453430943e+01
5.813776741499453493e+01
4.114779408363548185e+01
3.773592452822641263e+01
1.272792206135785520e+01
1.931320791582796659e+01
4.801041553663121420e+01
4.215475675934251143e+01
3.584689665786984136e+01
2.960246693886214331e+01
3.065074118118829816e+01
3.531272508330140880e+01
3.190617101618894225e+01
6.579513659838391959e+01
2.220360331117451835e+01
5.656854249492380582e+00
2.084984920315982748e+01
2.828427124746190202e+01
6.444377394287209881e+01
5.431189663226352593e+01
1.523154621172781731e+01
4.438468204234429493e+01
5.481788029466298440e+01
3.059411708155671050e+01
6.268173577685927711e+01
5.536244214266563546e+01
6.529931086925803640e+01
6.382005954243540202e+01
3.169517786893799638e+01
4.085339643163099055e+01
5.727128425310541360e+01
2.109502310972898798e+01
5.824946351684279477e+01
5.002432354301394923e+01
2.126029162546929996e+01
5.553313469229730970e+01
6.868041933477110206e+01
5.108815909777920439e+01
3.891015291668743714e+01
3.712142238654116966e+01
4.081666326391709987e+01
3.712142238654116966e+01
6.648308055437864539e+01
4.509737536047274631e+01
4.601086828130936368e+01
1.860107523773827509e+01
4.004996878900157498e+01
1.392838827718411920e+01
3.926921469382495644e+01
2.699572346271079226e+01
3.220248437620923454e+01
6.794115100585212019e+01
2.252908213155005512e+01
4.280186911806539030e+01
6.560487786742690730e+01
3.534739163836388798e+01
4.909175083453430943e+01
2.765381092793984052e+01
4.661544808322666000e+01
4.327817001676480402e+01
5.986293898674612279e+01
5.008991914547277702e+01
3.811458261479268828e+01
1.264911064067351809e+01
3.448187929913333249e+01
4.606517122512408235e+01
3.894868418830089496e+01
5.091691260047547019e+01
2.376972864800942631e+01
4.628484225165456678e+01
3.132091952673165025e+01
4.294182110716777601e+01
2.751363298439520833e+01
5.028043504956584542e+01
4.949747468305832854e+01
3.559770884226829679e+01
5.246903848937962067e+01
3.111296882379557260e+01
4.875662333529384540e+01
2.842534080710379030e+01
1.431782106327635340e+01
4.909175083453430943e+01
4.687216658103186262e+01
5.188448708429138634e+01
1.941648783894759944e+01
1.869249542494734229e+01
3.101612483854164637e+01
4.215447781671598193e+01
4.093493913725772160e+01
3.989359863228362713e+01
4.758856479561109865e+01
1.000000000000000000e+01
2.088061301782110135e+01
5.780138406647370175e+01
2.900000000000000000e+01
4.770744176750625343e+01
2.175481162179433525e+01
5.745432968889289782e+01
1.000000000000000000e+01
6.161980201201558316e+01
2.523885892824792521e+01
4.593719638274831141e+01
4.570228857025000480e+01
2.493746870920424641e+01
8.544003745317530374e+00
4.946669701648922768e+01
5.440588203494177577e+01
4.554119014694280310e+01
6.506919393998975920e+01
3.688292969711394420e+01
3.959797974644666141e+01
3.140063693621516450e+01
3.206941324020719719e+01
3.918439680801751734e+01
2.474428758994904953e+01
2.961418578992169515e+01
4.077208947622851554e+01
5.487698229548551154e+01
4.143669871020131978e+01
8.246211251235321171e+00
3.721558813185679071e+01
2.513969775068334656e+01
5.178802950489620827e+01
3.891015291668743714e+01
5.544366510251644797e+01
6.212889826803626647e+01
4.554119014694280310e+01
3.863935817272331263e+01
2.563092053270112913e+01
4.441846462902562109e+01
3.036445290137795183e+01
4.003966602452009482e+01
5.052428447149660684e+01
3.309854420966406963e+01
4.609772228646443892e+01
1.431782106327635340e+01
3.083451956644204728e+01
3.195309061734091571e+01
4.594179184224010726e+01
5.015974481593781320e+01
3.455838778903935804e+01
5.889821729050888877e+01
4.964876634922563881e+01
2.505992817228333536e+01
3.559633377531183385e+01
6.448453382488757768e+01
4.441886216762420503e+01
5.403702434442518410e+01
5.682429058070148642e+01
5.738466694161429160e+01
6.339899627383628200e+01
5.798275605729689630e+01
4.248163317253507643e+01
6.095900261651268437e+01
5.608029957123981291e+01
3.312099032335839155e+01
4.318564576337836769e+01
3.659774810664404754e+01
5.398642934316332997e+01
4.074333572483936905e+01
3.463547570004547538e+01
4.464033183643379488e+01
5.841232746604093506e+01
4.806059596840754011e+01
2.886173937932362321e+01
3.448187929913333249e+01
4.044749683231336945e+01
7.213875518748572802e+01
4.096469159241820535e+01
5.028038781328262274e+01
5.456189146281496249e+01
6.403124237432848531e+01
2.213594362117865444e+01
3.150655891480878523e+01
3.748332962798262713e+01
3.894868418830089496e+01
5.080503062128767056e+01
3.440930106817050671e+01
4.159326868617084472e+01
2.729468812791236232e+01
5.385164807134503917e+01
5.741873320968607430e+01
6.242595614005443139e+01
5.755963623653126149e+01
4.617358552246078318e+01
4.111787845316157330e+01
4.912810406370140726e+01
5.333854141237834767e+01
3.625636511520298910e+01
1.529705854077835525e+01
3.847076812334268681e+01
4.527692569068708650e+01
1.077032961426900748e+01
4.951767361255978983e+01
4.071854614300466579e+01
8.602325267042626677e+00
3.580502757993631491e+01
4.110960958218893069e+01
2.844292530665578411e+01
4.416205610616489707e+01
4.248144758043288505e+01
5.954829972383762282e+01
3.546829570193639825e+01
5.448853090330111115e+01
6.069345709865939398e+01
3.001666203960726875e+01
4.260234589544230488e+01
5.968249324550709645e+01
2.761511387518522298e+01
4.738143096192853676e+01
3.661966684720110976e+01
6.660330322138685233e+01
3.047950130825634218e+01
3.754529045614842886e+01
4.830113870293328659e+01
4.848963274864192385e+01
4.308131845707602992e+01
4.802082881417187821e+01
6.801470429252781003e+01
3.232861782387787741e+01
4.659977461484200489e+01
5.173973328110611902e+01
6.155485358604957469e+01
4.517742799230607176e+01
5.093132631298737323e+01
3.136219866642131393e+01
3.478505426185217431e+01
4.609772228646443892e+01
3.096426217108574974e+01
5.825639519310355752e+01
3.956008088970496317e+01
3.748332962798262713e+01
4.110960958218893069e+01
6.466065264130884316e+01
6.010823570859487575e+01
5.500000000000000000e+01
3.511409973215887703e+01
2.102379604162863913e+01
4.455333881989092504e+01
5.077400909914441485e+01
1.565247584249852864e+01
3.888476757119146043e+01
4.837354648979129479e+01
4.518849411078001310e+01
3.224903099319419653e+01
6.155485358604957469e+01
4.404543109109047805e+01
4.788527957525151635e+01
4.418610329334398301e+01
4.517742799230607176e+01
5.960399373932315825e+01
4.527692569068708650e+01
7.212489168102784731e+01
4.049641010049344914e+01
4.143669871020131978e+01
4.963108314571827151e+01
4.729693436154187225e+01
4.608966840041125579e+01
4.964876634922563881e+01
5.028916384272063311e+01
4.022437072223753063e+01
3.175318432534185220e+01
5.940538696111658368e+01
3.044152619106101554e+01
1.708800749063506075e+01
4.924428900898052319e+01
3.255764119219941222e+01
4.382921400162225467e+01
5.060632371551997721e+01
4.186884283091664116e+01
4.660786835127098016e+01
5.096076922496362727e+01
1.746424919657297892e+01
4.738143096192853676e+01
5.375262323459057967e+01
5.881957834689234232e+01
2.284731931759172596e+01
4.134005321718877468e+01
4.646359673808323976e+01
3.535533905932737753e+01
4.364434660807105359e+01
3.974296022349435731e+01
3.157530680769388809e+01
2.668332812825266842e+01
1.562049935181330795e+01
3.466987164671942878e+01
4.301162633521313694e+01
4.622831567583160961e+01
4.545101474221868898e+01
5.412023651093923604e+01
4.936598018878993344e+01
7.144928271158499911e+01
4.967235472858625656e+01
4.883646178829911833e+01
2.437970123781284570e+01
4.356604182158393002e+01
6.529931086925803640e+01
4.244997055358224713e+01
5.211193788062214338e+01
3.004219670120653518e+01
2.500000000000000000e+01
4.981967482832460092e+01
4.148493702538308270e+01
2.334282245757282936e+01
3.088360342762883448e+01
5.126402247190518580e+01
4.823326971441684918e+01
4.085339643163099055e+01
4.967896939349688523e+01
3.500065202317171753e+01
3.832078717661916301e+01
3.348868059750458315e+01
3.780211634287159939e+01
4.609772228646443892e+01
4.346262762420145975e+01
5.068317947414895741e+01
6.128905020312552665e+01
5.077400909914441485e+01
5.859180830116100935e+01
4.441846462902562109e+01
4.742362280551750331e+01
1.360147050873544394e+01
2.468474113131940939e+01
2.696807198320128407e+01
5.547071299343465256e+01
4.312848888731780050e+01
3.978423786948613383e+01
4.118252056394800320e+01
1.802775637731994607e+01
3.538805305477380614e+01
3.883297567789519888e+01
4.428317965096906050e+01
4.527023605331309142e+01
5.048830610673800123e+01
4.111601666034529501e+01
5.145757209364207796e+01
2.517935662402834396e+01
3.167069959882341479e+01
2.831960451701259274e+01
5.054840146056074701e+01
2.213594362117865444e+01
3.629484440584522531e+01
4.533482911435704210e+01
1.442220510185595650e+01
5.586543808323260407e+01
3.907120802965397388e+01
5.621697107514355451e+01
5.333854141237834767e+01
4.071854614300466579e+01
5.964059020499377795e+01
6.095900261651268437e+01
2.794883170546737716e+01
4.125462320047790854e+01
5.124451190127582834e+01
4.785394445602159408e+01
5.238821033733135124e+01
4.673708119079905998e+01
3.315354528437332249e+01
5.594640292279746063e+01
4.144544187015380743e+01
2.570827367413992093e+01
4.294182110716777601e+01
3.231098884280702066e+01
4.785394445602159408e+01
5.437830449729009530e+01
2.284731931759172596e+01
3.492505684275232625e+01
5.770615218501403376e+01
1.280624847486569706e+01
4.609960720670530776e+01
3.612808559278856535e+01
5.780138406647370175e+01
4.707491823895735905e+01
3.314453849572972644e+01
3.005742585451446658e+01
3.061045573002793319e+01
5.883026432033091169e+01
5.044799302251775686e+01
5.024009687902039190e+01
4.301162633521313694e+01
5.678047213290933115e+01
5.813776741499453493e+01
6.341135544995076145e+01
4.969304207676910323e+01
2.920024285114296703e+01
5.096076922496362727e+01
3.314472646674138900e+01
5.091168824543142080e+01
4.344336714954048517e+01
3.611384283505925197e+01
4.960510297858299111e+01
3.624913792078371699e+01
4.295346318982905842e+01
3.412725202384299905e+01
4.833218389437828932e+01
4.935303820365042071e+01
5.399999993584862779e+01
1.581138830084189628e+01
3.111269837220809009e+01
2.984388641605180936e+01
5.575840743780259601e+01
6.543699259593154238e+01
5.720139858430036384e+01
4.244997055358224713e+01
3.144390585964944407e+01
1.264911064067351809e+01
3.577064276251272901e+01
4.054532635360213533e+01
2.126634101914954300e+01
4.006089890326287417e+01
3.898839032522375447e+01
2.400277740114166392e+01
3.149398285250222074e+01
3.668787265568828104e+01
2.308679276123039159e+01
7.009279563550022374e+01
4.632632026214432841e+01
5.255473337388364996e+01
4.337029522026064399e+01
4.964876634922563881e+01
4.341658669218482203e+01
5.727128425310541360e+01
6.095900261651268437e+01
3.138470965295043058e+01
8.602325267042626677e+00
5.348831648126532912e+01
4.359334395208094293e+01
4.482186966202993972e+01
5.685947590331799972e+01
3.932431228873109319e+01
3.847076812334268681e+01
4.518849411078001310e+01
4.244997055358224713e+01
2.416609194718914466e+01
2.783017725375620799e+01
2.692582403567251959e+01
3.981205847478876336e+01
3.354005759086241056e+01
5.197114584074513033e+01
2.563184228709830492e+01
3.987661466083385875e+01
4.609772228646443892e+01
7.500666633190670041e+01
6.801470429252781003e+01
3.661106005382539763e+01
5.263078946776306566e+01
5.021951811795887721e+01
1.334003387862537693e+01
5.590169943749474157e+01
2.736816538110436881e+01
3.590264614203248072e+01
4.738143096192853676e+01
3.080584360149872580e+01
3.769615364994152884e+01
4.936598018878993344e+01
4.114608122288196768e+01
2.742324775158231276e+01
4.902545212968126265e+01
4.375897228382832793e+01
1.280624847486569706e+01
3.859888338337913893e+01
6.041304347226648019e+01
4.304648650006176780e+01
2.572446393629023476e+01
5.590169943749474157e+01
3.420526275297414287e+01
1.236931687685298087e+01
3.623534186398687496e+01
5.000999900019994726e+01
3.653225924919426149e+01
4.410215414239988974e+01
8.602325267042626677e+00
4.019950248448355978e+01
4.665633224570287751e+01
4.518310623164014572e+01
2.014028303516612084e+01
4.664761515876240594e+01
3.612478373637688378e+01
3.556156604557506995e+01
5.024937810560444973e+01
3.111269837220809009e+01
4.508270615964099193e+01
3.921734310225515685e+01
4.423831046412624346e+01
2.710788643490957739e+01
4.742362280551750331e+01
5.063595560468865386e+01
4.609772228646443892e+01
4.418210823557883060e+01
5.940538696111658368e+01
4.317406628984580408e+01
4.606517122512408235e+01
3.577960090291430362e+01
3.453983207834108526e+01
4.244997055358224713e+01
2.549509756796392423e+01
1.780449381476485726e+01
3.401876297588505338e+01
5.124451190127582834e+01
5.060632371551997721e+01
4.477722635447621968e+01
6.511528238439882443e+01
6.935416353759880792e+01
4.770744176750625343e+01
6.293647591023825072e+01
3.041381265149109936e+01
5.547977938327754543e+01
3.550677461674341373e+01
4.702029180186512747e+01
5.379746011801093886e+01
5.445181356024792763e+01
5.044799302251775686e+01
4.390899680020029905e+01
2.000000000000000000e+01
4.477722635447621968e+01
4.527692569068708650e+01
3.275041250617658761e+01
3.668787265568828104e+01
5.322593352868505434e+01
2.510321938338523751e+01
3.080584360149872580e+01
5.445181356024792763e+01
3.828837943815329226e+01
2.801785145224380003e+01
3.611540257612307414e+01
5.770615218501403376e+01
4.947726750741192348e+01
4.909992939066462725e+01
3.312099032335839155e+01
4.252058325093859992e+01
3.275667870831839679e+01
5.522680508593630577e+01
3.314473014365643877e+01
2.555386467836127551e+01
5.232114968417371870e+01
4.964556669394312394e+01
2.184032966784155505e+01
4.997358132159403254e+01
2.580697580112788003e+01
6.293647591023825072e+01
2.701851217221259205e+01
4.846648326421053810e+01
2.051828452868319275e+01
2.996664812754339380e+01
2.797339330283528369e+01
3.807886552931954327e+01
5.186520991955976001e+01
3.459980614496490148e+01
4.234568699928222202e+01
1.655294535724684835e+01
6.158733636065128536e+01
4.756633256801349319e+01
5.323532661682465772e+01
5.981638571495272316e+01
4.141328812904098555e+01
2.041475497096838865e+01
4.014160551341731775e+01
4.517742799230607176e+01
3.132091952673165025e+01
4.981967482832460092e+01
4.563258801848643031e+01
5.939696961966998856e+01
4.837354648979129479e+01
3.509096191095997597e+01
4.809365862564419558e+01
3.231607178228885147e+01
5.953990258641678679e+01
3.848376280978771291e+01
4.188705472900456073e+01
2.088061301782110135e+01
3.774301848311617391e+01
3.337663853655727308e+01
5.724598907628812583e+01
5.337953633919406116e+01
2.555386467836127551e+01
5.261178575186362139e+01
5.424909454948109300e+01
4.025242292667291366e+01
6.585590330410782656e+01
3.801315561749642313e+01
4.132110564756561644e+01
5.162363799656122865e+01
2.399999999999996092e+01
3.920459156782531807e+01
2.683281572999747766e+01
5.220153254455274805e+01
3.847076812334268681e+01
4.326661530556787483e+01
6.224146527838173881e+01
4.614829492235080011e+01
1.795872372065915812e+01
5.724508712544684386e+01
