2.670037282419952529e+00
9.153148893864733182e-01
5.454500269657581413e+01
9.085937100863663574e+00
1.632662182298134423e+00
5.107007027693395429e+01
7.911035002626087831e+00
1.088374986126810207e+01
6.842411608176162119e+00
1.582239862843774603e+01
2.876119242164470347e+00
1.333461063179317918e+01
8.230300948348956425e+00
3.851208590894016126e+00
2.028016000359192272e+00
1.276810284628442993e+01
8.560671944973925473e-01
2.127134999850538222e+00
3.246228904384003755e+01
9.339761183976120762e+00
1.907516729431488756e-01
2.160193876130581891e+00
3.448882234466704944e+00
1.037006028132373459e+01
1.438767543666379822e+00
4.860358433248056720e+00
1.821583294018811250e+00
1.544116148543088540e+00
9.654464074242028460e+00
2.731506906501151022e+01
6.093283599254395000e+00
1.508728354681915285e+01
1.227671698212344564e+00
4.217946201613080426e+00
2.049433221995904830e+00
1.514716439041268892e+01
9.524581833497734351e+00
1.293059483361667006e+01
8.456164347753366783e+00
3.876611540363594344e+00
6.002570419333212115e+00
5.812485143705343305e+00
3.663791862456489667e+01
2.364685269547971203e+00
4.681963106671651609e+00
2.117275950194989065e+01
6.452376638880507720e+00
1.283242898954716082e+01
1.278979315485301704e+01
1.423431298718637095e+01
1.068768766798742220e+01
3.131671960620789452e+00
2.504015203288923797e+00
8.971607156449179499e+00
2.056526284277432381e+01
1.519574828844001679e+01
6.930835437589087711e+00
1.234064253004439227e+00
1.118292366458897513e+00
2.623554033749685654e+00
7.629436381550864787e+00
1.161679745890413340e+00
1.055163496444693294e+01
2.334347504760568626e+00
4.981577286182932163e+00
1.917023556346438085e+01
5.373005563619360991e+00
3.019832579264758454e+00
6.728222457679599700e+00
2.977154613850807596e+00
2.648493869772172715e-01
1.936124469611182874e+01
1.359355931124581396e+01
5.492114125177336881e+00
5.967839188880187606e+00
7.419921067824203353e-01
3.286364359758536580e+00
1.217012929101659502e+01
3.404375568671889507e+00
6.200842889615607589e+00
1.280281847860076594e+00
5.765092773283731375e+00
5.187429233346272373e-01
1.144278222902878639e+01
5.364014058770436577e+00
4.700149284960409624e+00
6.688562760520494699e+00
7.181348607610088308e+00
4.937300630761615738e-01
1.766970392339725393e+01
1.080602244733326778e+01
6.176298636086334781e+00
2.753728306286901129e-01
4.669063871816161004e+00
5.694449665953915662e+00
2.114281120100487499e+01
2.943511789061155959e+00
1.788668413179195449e+00
4.897939374445871685e+00
9.334550215684517482e+00
1.919567441187477996e+01
8.932200961183720977e+00
4.947069512735582819e+00
1.055386811938075153e+00
4.557371432105973064e+00
4.611112421940898543e+00
6.715781559760117148e+00
9.190709849558100775e-01
1.332818890609790197e+00
2.062052525983190776e+01
2.593306771927542886e+00
5.826780362370369559e+00
6.382988694114816397e+00
1.240216205856008003e+00
6.296217746736977539e+00
1.398918740790690052e+01
2.947011154259389087e-01
1.095960525945955411e+01
4.006122564199487535e+00
4.204646875833641495e+00
4.846653757774605609e+00
1.058520370919138465e+01
3.198324234895430251e+01
1.698151904377953514e+01
8.063482583326834430e+00
6.158262157020861771e+00
1.455423648740024278e+00
3.598222418759609020e+00
3.834193930450853216e+00
8.679064502153702065e+00
2.391891673915532479e+00
4.323890367713035254e-01
3.741840966604667695e+00
2.528206462635376628e+00
5.427498834094713231e+00
4.695134000917213335e+00
1.181132546121543214e+01
1.565694790122811497e+01
5.274690375918034135e+00
5.993883658254232749e+00
1.197841061076157132e+01
3.956690515980661460e-01
1.586535895851078948e+01
1.359177317774648586e+01
5.854662405433839645e+00
8.086920433374398698e+00
3.318685071054213154e+01
2.546215506416339203e+00
3.529459105449155309e+00
7.914693153645315782e+00
1.262121484282292982e+01
3.132598882309152177e+00
1.007981644362330265e+01
1.972895373856602852e+00
9.933142982675269295e-01
1.528810111513780212e+00
1.261761075432101897e+01
2.076049024264825604e+01
3.016916324654729920e+00
3.701145246347580020e+00
6.236738197831938280e+00
1.625282345455621336e+00
5.063312633873398028e-01
7.416469353985352342e+00
1.106688378464395228e+01
3.033101703998860366e+00
3.042859463766081962e+00
6.275181283647002672e+00
9.414915533494698785e-01
5.374510419289610930e+00
3.828443272109608664e+00
8.621407668373837652e+00
3.988765246489889282e+00
2.249920119650580475e+00
1.161878954551259824e+01
1.358388396177069879e+01
6.430374794938982674e+00
4.118088992466685916e+00
3.122874861363455157e+00
5.390554450743656467e+00
8.612850083669316703e+00
2.524294164388748207e+00
4.114224734558922236e+00
4.732635810521973241e+00
2.909356267593542267e+00
4.117081308805195405e+00
1.825568995677650408e+00
2.371125529817754085e+01
4.500091021590147733e+00
1.710547586221064975e+01
4.495854943807310100e+00
5.711918575838881296e+00
1.433807191273301029e+01
9.231455239291028292e+00
1.252631805315250624e+01
4.509678105317205699e+00
8.753489896540548543e+00
1.798208338964447961e+01
1.649327851034659176e+01
5.976579383783145794e+00
2.038695844095489207e+00
4.773517859976383337e-01
3.346895283934803178e-01
1.011040597902796279e+01
9.766010760475228869e-01
3.162917924275363557e+00
1.947080028802796292e+00
4.973265012628440562e-01
2.307427926811533325e+01
3.985063112600243329e+01
9.445110684100436416e+00
9.440204146564608934e+00
2.274291640613459364e+01
3.068171521030381044e+00
4.019188971060749238e-01
8.827525804134168652e-01
3.892433435488515059e+00
2.828676741905174552e+01
9.666123853216179285e+00
3.373931282052699032e+01
1.632077045292881445e+00
1.111330519782882043e+01
2.627641362426255256e+01
9.909072369952433235e+00
3.960503497199464373e+00
1.627325188213855967e+01
1.140715073217809028e+01
5.727021342719980979e+00
9.377096184000286438e-01
3.875882203198275366e+00
7.071734226088426389e-01
7.114423291139005734e+00
1.434071638347262034e+00
6.527889657936498669e-01
2.159131930645415753e+00
5.471708740009521676e+00
4.408346708505348488e+00
9.617082741805578650e+00
6.284423338801390813e+00
1.678752345612871455e+00
5.495753736777905241e-01
1.907526547374391157e+01
1.461238849192650902e+00
2.941870287397613737e+01
2.312470096151401311e+00
1.796018037010326651e+01
6.082606921778532794e+00
8.728612772769555050e+00
1.511173074958439777e+00
4.402101336292503220e+00
2.638220944460450212e+01
2.235187235960124497e+01
2.877644676622518105e+00
1.294208037684520463e+01
1.453827587835664481e+01
1.018891024030465786e+01
1.187889059670464142e+01
7.058859684632972531e+00
1.925270076487360882e+01
1.067328432133710514e+01
1.615263714310545140e+01
8.682821059966397970e-01
1.531200527555598079e+01
2.679371967688229006e+01
4.936437601006465670e+00
1.410965417308898928e+01
5.575952521812694407e+00
9.335553475964834647e+00
4.891485185912002542e+00
1.053324149496648232e+01
9.328770138068637863e+00
4.149758472976700752e+00
2.959908439215196196e+01
2.833999134348750282e+00
5.325877111403313435e+00
1.913693271867348500e+00
2.101136233480198179e+00
2.512108822608642456e+01
1.100936360145889203e+01
1.317236207147295168e+01
3.255488236915563505e+01
5.742211648201845264e+00
8.978980894047147387e+00
5.513090017255987796e+00
2.117059571012143149e+00
2.791716899996280477e-01
1.472910478429394043e+00
3.933652397155653180e+00
1.126030608395777843e+00
5.593327420219782908e+00
1.218214550401110863e+01
1.097815075599606338e+01
2.066939201336042942e+01
7.311733890289234594e+00
2.126787206658666562e+01
8.448928699708940115e+00
1.647312442452534054e+00
3.057661416134466137e+01
5.190557859539494778e+00
2.567035317766608316e+00
1.013372187531747315e+01
9.199250875971110020e+00
1.563792929328149128e+01
6.258262897359071708e+00
1.104775428282717442e+01
7.544954747776994708e+00
7.086839292794580913e+00
5.318754216929191259e+00
1.158538988548629334e+01
3.849027388783972992e+00
2.277725391632341889e+00
1.250391653433322325e+01
1.726616446155433238e+01
1.107612554973521846e+01
1.141381242687967035e+00
9.869026641245634002e-01
1.267820884609887777e+01
7.370724190490927086e+00
3.993298358745594356e+00
1.683182447642064483e+00
1.585579208542382545e+01
5.183567483265910880e+00
9.451396228684846079e+00
1.372392621820921921e+00
1.055425703555654060e+01
4.825784207318950081e+00
1.777020144159716208e+00
2.852055235051835780e+01
2.458917462401394260e+01
4.764207717374216600e+01
3.517031764504348956e+01
4.002730908118656394e+00
2.168532255244648432e-01
1.960854914455984810e+00
1.292707264094694075e+01
9.654534745800986695e-01
5.229047927503803095e+01
9.085591381664846367e+00
3.507880515261244891e+00
7.737885017313966607e+00
1.202129087343066560e+00
1.465951135847886810e+01
1.008955721986965592e+01
7.358332391326428912e+00
2.200340601548087349e+01
7.537447430389082825e+00
1.309880611372982617e+00
2.666404638448696574e+00
1.034712983675622588e+01
2.139098137637737906e+01
3.968508406989651682e+00
1.111221180955838683e+01
2.058749670259116371e+00
6.778289673125225789e+00
4.252813040278020651e+00
1.744937972911083657e+00
1.713144315616519719e+01
2.191160766196277621e+01
7.173647821909360012e+00
1.793256732402570108e+01
1.012649027547345426e+01
2.972577137499430311e+00
7.796991369611416367e+00
1.053465105588899275e+00
1.425608945701704222e+01
1.715412962333255908e-01
7.129744415217758480e+00
8.913788590139473111e-01
3.204470211076781982e+00
1.477532188398728863e+01
1.276811305404555696e+01
2.835548097140598411e+00
1.876381194832478894e+00
2.668601179104022947e+00
1.051131785900922644e+01
4.914822618062805737e-01
3.206322137060785593e+01
1.235564530849683074e+01
3.024466492389289662e+00
1.195188396365581518e+01
1.728069350260069470e+00
1.375438229837986448e+01
2.128852327708244729e+00
2.726744903768428330e+01
1.070789946864483078e+01
8.634779968671700834e-01
5.891529038716685207e+00
2.597287009369537270e+00
4.527393577293257465e+01
2.094900646835517577e+01
8.911629907619637692e+00
4.398210302689233409e+00
1.777495928344418985e+01
2.749224980288485387e+00
4.833703964084718585e+00
6.468172577595325379e+00
8.736800091680999580e-01
7.228130388623185354e+00
2.774543574981490845e+00
4.872119446495124961e+00
2.254655627675239060e+01
3.056270233266049074e-01
7.546169633215932926e+00
2.477171396896580280e+00
1.011975208601869269e+01
5.612966799986593536e+00
7.627811765562007018e-01
4.628983179678898274e+00
1.351833163114704206e+01
2.992628674360659158e+00
5.221028710931200578e+00
1.061109373646567988e+01
1.643611254646497244e+01
1.250779516350438492e+01
9.940584528197124570e+00
4.871759372286552647e+00
1.720510586249522333e+01
4.129352023645243563e-01
6.687881163496677495e+00
1.259537678634483626e+00
4.784993807861220638e+00
1.003580848962002214e+01
7.456641968558347600e+00
4.203037758464891915e+00
3.997812156459566779e+00
3.349043729637144917e+00
5.637916024379842739e+00
4.736723475902860692e+00
6.942816652043167558e+00
1.209225885497460462e+00
8.506551807636382634e+00
1.590988859424586899e+00
9.278391029142461832e+00
2.512306687928921889e+01
1.357729893547241318e+01
8.480403837714634463e+00
4.441728060264722999e-01
6.344296318937502122e+00
1.676015056632557076e+01
5.541514184447067670e+00
1.032915537573324016e+01
1.195861096269132773e+01
1.383930790773458952e+01
6.393922259178826728e+00
1.166465603514292404e+00
6.513593814821608818e-01
1.263989001113786337e+01
1.360649501862778976e+01
3.582095607458662290e+00
4.241609543979627972e+00
1.050240402261072781e+01
9.724550750947942301e-01
3.009341138897035695e+00
3.408662048147682100e+01
2.098385237433128658e+00
1.326844997184179142e+01
7.728478016643869353e+00
8.016664926198678875e-01
1.110859832511997602e+01
9.673191526289082187e-01
1.712516874087143748e+01
4.011905808125153960e+00
5.425646172880323803e+00
1.744871422716148501e+01
9.999264082007631060e+00
6.042544108592253771e-01
8.551893814222132351e-01
1.523614799792335361e+01
9.700004952848464868e+00
3.012482745198286072e+00
3.763724662162459378e+00
1.577832705306803363e-01
3.680007971722283333e+00
1.519872566581607032e+01
4.089869132143229891e+00
3.677645803555803283e+00
6.102121297372672615e+00
8.614087777302930959e+00
2.884653997498106026e+00
4.009172538539353070e+00
1.575512857797423649e+01
4.306851859784359249e+00
1.878828773515767026e+01
2.717142299581855047e-01
9.224000857841753387e+00
6.374042943202701039e+00
4.499183486629697803e+00
6.222585455978985047e-01
3.752321496356567110e+01
1.612047202658730427e+01
3.670852241127794624e+00
4.473017799712176057e+00
4.405789730058016218e+00
1.611310298696776444e+00
4.826614054158566702e+00
4.722749910387425309e+00
5.013990385894554258e+00
1.922992465387712846e+00
6.217645923211234660e+00
8.984739820440047486e-01
1.158878567190608244e+01
3.618789465139124140e+00
7.340250646337788787e+00
6.028063165089811548e+00
6.007192004618397085e+00
1.760612813800756626e+00
1.565481798099246369e+00
4.123410283250604214e-01
2.012116132469263796e+00
7.955248045822459479e-01
7.226437160432792162e+00
1.738510225524185060e+01
2.735286240901825039e+00
2.354788573685135500e+00
4.209028463341851989e+00
2.346865050321484247e+01
6.000282421542575406e+00
5.498735264996928329e+00
2.381767113306455297e+00
1.603817115415814953e+01
1.405501574598368331e+00
2.149336070033758261e+01
1.276840558803671044e+01
1.164821881916308044e+01
1.478132966193847153e+01
3.327680783269083342e+00
1.280275561695152930e+01
1.453863438217507209e+01
5.343400033929913029e+00
8.358435883236351671e+00
3.977330967576447662e+00
1.804904703110756570e+00
1.760855756401619843e+01
5.103320112476094295e+00
3.253033714583192904e+01
8.870324660351696977e+00
9.730004331222670277e-01
3.629147226365593948e+00
7.336840400642782534e+00
1.137611910927132897e+01
2.894279400052865370e+01
3.626251571541907026e+01
9.367943124949752454e-01
8.023684791923848536e+00
5.233821844033577086e+00
1.647790635730745379e+01
4.708715338634283043e+00
1.382425607653793964e+00
3.487495846458503301e+00
2.024368739133940664e+00
3.108488115472815227e+00
1.060542173731323956e+01
4.067543009645903318e+00
3.796844039010070393e+00
1.314989934246978853e+00
2.726501397653007785e+01
4.112818632848720846e+00
4.412725399264878057e+00
1.547212709929603491e+01
1.075144590369177600e+01
6.483921156344732317e+00
2.555524658189228138e+00
3.410252819422344039e+00
5.389896386830038688e-01
1.131631522165749182e+01
6.696520091400066654e+00
4.435573548762144824e+00
2.657008372352194225e+00
5.765865866896143999e+00
9.023774161314975117e+00
4.258549896212157293e+00
3.661911576529004897e+00
2.541882810096764089e+00
1.539107966081103918e+01
3.533758600807883710e+01
1.532870924181378847e+01
2.549737759204795395e+00
2.383041886080023986e+00
1.885261820823937740e+01
4.872014459692914357e-01
9.182327322364740141e+00
8.707759696144337300e-03
2.258575739833077911e+00
2.486106247552442738e+01
3.514902135805730854e+00
6.034611174158523106e+00
2.450183380682875001e+00
2.710338162382127880e+00
6.529525061848608480e+00
5.567403045104732939e+00
1.933392823635420310e+00
1.696661614422373532e+01
9.250376548658454823e+00
2.285579173219743510e+01
7.558302879319299450e+00
1.071031353402198238e+00
5.705236138302403504e+00
2.592695353350403131e+00
5.736521384545341995e+00
1.099762839691245375e+01
1.396682830972320266e+00
5.283616272298916172e+00
3.044902268952045965e+00
1.524853557255622860e+01
