4.337149262428283691e-01
2.829064242541790009e-02
6.310571730136871338e-02
2.378105819225311279e-01
3.500545918941497803e-01
5.100522637367248535e-01
1.839932948350906372e-01
2.594177424907684326e-01
-3.748212009668350220e-02
2.501578032970428467e-01
4.286557734012603760e-01
-4.203837737441062927e-02
2.362824529409408569e-01
2.162732034921646118e-01
5.027045011520385742e-01
-2.442332953214645386e-01
2.011272013187408447e-01
2.772856950759887695e-01
4.228510856628417969e-01
-2.922830581665039062e-01
3.949463665485382080e-01
3.897857666015625000e-02
-1.116259247064590454e-01
2.195447683334350586e-02
3.560548648238182068e-02
3.805006444454193115e-01
1.080016866326332092e-01
2.634713649749755859e-01
4.083768129348754883e-01
1.861018836498260498e-01
1.425893455743789673e-01
2.489475160837173462e-01
1.593750715255737305e-01
4.595921933650970459e-02
5.452287793159484863e-01
3.596868813037872314e-01
-7.667098939418792725e-02
1.115453541278839111e-01
-1.717003993690013885e-02
2.081993073225021362e-01
2.165169566869735718e-01
2.032704800367355347e-01
5.356236174702644348e-02
4.023787379264831543e-01
4.344744980335235596e-01
1.352949589490890503e-01
1.826927512884140015e-01
2.586898505687713623e-01
4.962150156497955322e-01
1.967051178216934204e-01
2.160556018352508545e-01
1.048252582550048828e-01
3.378913104534149170e-01
3.420921266078948975e-01
2.576071321964263916e-01
2.859666943550109863e-01
-1.091400757431983948e-01
2.456233203411102295e-01
-1.059480290859937668e-02
1.792648062109947205e-02
5.215679481625556946e-02
7.621572166681289673e-02
1.977630108594894409e-01
-7.321681827306747437e-02
3.584200143814086914e-01
2.083617895841598511e-01
3.803218901157379150e-02
7.008809596300125122e-02
3.727199435234069824e-01
-1.553328633308410645e-01
1.614529937505722046e-01
3.864204585552215576e-01
1.964294016361236572e-01
5.889223814010620117e-01
2.931978106498718262e-01
3.252201080322265625e-01
-1.159165874123573303e-01
5.335363149642944336e-01
3.269696831703186035e-01
4.579157531261444092e-01
5.104259252548217773e-01
2.474600635468959808e-02
9.448134154081344604e-02
4.528270065784454346e-01
3.209675848484039307e-02
1.957426816225051880e-01
-2.066615596413612366e-02
4.086275398731231689e-01
4.589336514472961426e-01
2.300767414271831512e-02
3.555874526500701904e-01
2.950942814350128174e-01
-2.055240236222743988e-02
1.445198357105255127e-01
2.335390150547027588e-01
4.322302937507629395e-01
3.017432391643524170e-01
2.566625177860260010e-01
3.965228199958801270e-01
3.165586292743682861e-01
1.803566962480545044e-01
2.069522440433502197e-01
3.229120373725891113e-01
4.686802998185157776e-02
1.320702582597732544e-01
3.785012364387512207e-01
6.198379560373723507e-04
1.528789103031158447e-01
-4.695421084761619568e-02
2.937282919883728027e-01
-5.082622542977333069e-02
3.592887520790100098e-01
1.395706385374069214e-01
2.172948420047760010e-02
-1.110519915819168091e-01
1.464459896087646484e-01
3.212342038750648499e-02
2.747738361358642578e-01
3.803221508860588074e-02
2.688061259686946869e-02
3.270071744918823242e-01
1.219412777572870255e-02
3.549504876136779785e-01
2.351484894752502441e-01
2.889422178268432617e-01
4.445890188217163086e-01
9.430202096700668335e-02
1.094296127557754517e-01
-5.609884858131408691e-03
4.370042383670806885e-01
3.675041198730468750e-01
2.541215717792510986e-01
4.524884521961212158e-01
1.431470215320587158e-01
1.367280632257461548e-01
1.898844242095947266e-01
6.480457633733749390e-02
1.820724904537200928e-01
-3.157506883144378662e-02
-2.201456110924482346e-03
2.346494495868682861e-01
2.017232030630111694e-01
4.107758998870849609e-01
6.411277502775192261e-02
2.288217097520828247e-01
4.034387171268463135e-01
1.936593800783157349e-01
3.903447389602661133e-01
3.099660389125347137e-02
3.304155170917510986e-02
2.722268998622894287e-01
4.543562233448028564e-01
3.728455677628517151e-02
3.190210461616516113e-01
2.375337183475494385e-01
2.197620458900928497e-02
1.802324801683425903e-01
2.297371476888656616e-01
1.418159604072570801e-01
-1.458770334720611572e-01
-3.618502616882324219e-02
3.869565129280090332e-01
3.280430138111114502e-01
3.917421400547027588e-01
3.155117034912109375e-01
3.738797968253493309e-04
2.789038419723510742e-01
2.678549587726593018e-01
-6.574575603008270264e-02
3.733552098274230957e-01
1.804305464029312134e-01
1.918665617704391479e-01
5.970775485038757324e-01
-5.785771086812019348e-02
1.150919240899384022e-03
3.795271217823028564e-01
2.023642212152481079e-01
3.222711086273193359e-01
2.788486778736114502e-01
2.473635971546173096e-01
4.480596482753753662e-01
3.317535519599914551e-01
3.453779816627502441e-01
5.296621471643447876e-02
2.129511982202529907e-01
-1.613130234181880951e-02
-3.741050511598587036e-02
2.447172403335571289e-01
2.433304041624069214e-01
4.239201843738555908e-01
3.691922128200531006e-01
2.580544650554656982e-01
-1.640898734331130981e-02
1.778043061494827271e-01
1.082868129014968872e-01
3.398145139217376709e-01
3.221629858016967773e-01
3.103103935718536377e-01
6.411502510309219360e-02
3.240066170692443848e-01
5.646882206201553345e-02
1.112668961286544800e-01
2.127157449722290039e-01
1.847592294216156006e-01
1.610583364963531494e-01
-2.084061205387115479e-01
3.883532881736755371e-01
2.080379277467727661e-01
2.520525157451629639e-01
6.234560534358024597e-02
5.326558649539947510e-02
2.503224313259124756e-01
1.286444067955017090e-01
9.933736920356750488e-02
6.186129897832870483e-02
-2.734337747097015381e-02
1.643070876598358154e-01
1.899202018976211548e-01
2.022040635347366333e-01
8.120688796043395996e-02
1.607343256473541260e-01
9.636644273996353149e-02
2.250017821788787842e-01
3.678837120532989502e-01
3.934254497289657593e-02
1.480931341648101807e-01
5.054651945829391479e-02
2.300264090299606323e-01
2.637732326984405518e-01
1.297924071550369263e-01
1.224990412592887878e-01
2.100310474634170532e-01
3.067797720432281494e-01
1.656939834356307983e-01
5.587230920791625977e-01
-9.156027436256408691e-02
3.629560470581054688e-01
8.864573389291763306e-02
1.244867742061614990e-01
-8.819585293531417847e-02
9.177433699369430542e-02
3.367057740688323975e-01
-4.885189607739448547e-02
2.088589780032634735e-02
2.473473995923995972e-01
3.286700844764709473e-01
2.069550156593322754e-01
4.339499771595001221e-01
-3.816878050565719604e-02
9.046974033117294312e-02
-4.133541136980056763e-03
3.877393901348114014e-01
3.182541206479072571e-02
1.464537233114242554e-01
1.023616269230842590e-01
-2.373231574892997742e-02
7.121779769659042358e-02
-2.533508092164993286e-02
5.713333934545516968e-02
6.890615820884704590e-01
1.377833932638168335e-01
1.208935678005218506e-01
9.297669678926467896e-02
2.286235839128494263e-01
-1.066834181547164917e-01
4.162032157182693481e-02
2.823188006877899170e-01
2.390914782881736755e-02
3.025089502334594727e-01
1.536226272583007812e-01
1.860437542200088501e-01
4.490157365798950195e-01
-4.347028210759162903e-02
2.290492206811904907e-01
1.699043512344360352e-01
1.324961036443710327e-01
2.535839378833770752e-01
2.698878943920135498e-01
1.255338042974472046e-01
5.018090009689331055e-01
3.866399824619293213e-01
1.732907816767692566e-02
-2.323005497455596924e-01
1.510277688503265381e-01
9.048046916723251343e-02
9.950181841850280762e-02
5.003838613629341125e-02
3.090610802173614502e-01
5.593820214271545410e-01
2.195113003253936768e-01
3.973650336265563965e-01
2.244608551263809204e-01
3.803649544715881348e-01
5.386469364166259766e-01
3.652859330177307129e-01
-8.134153485298156738e-02
2.873689532279968262e-01
3.071023225784301758e-01
1.651779711246490479e-01
4.060811102390289307e-01
3.852249979972839355e-01
2.300521433353424072e-01
2.236703485250473022e-01
3.726744949817657471e-01
2.460007518529891968e-01
2.641455829143524170e-01
2.602571249008178711e-01
6.676497310400009155e-02
4.463729560375213623e-01
7.938247174024581909e-02
1.574323773384094238e-01
4.465131163597106934e-01
1.706164479255676270e-01
1.338596940040588379e-01
2.991829067468643188e-02
6.954970955848693848e-02
3.022636473178863525e-01
3.531310260295867920e-01
2.223804593086242676e-01
4.650562703609466553e-01
4.422140121459960938e-01
3.194610476493835449e-01
2.985945045948028564e-01
-1.031586155295372009e-01
-1.072886362671852112e-01
3.586314320564270020e-01
6.490414589643478394e-02
4.099493622779846191e-01
2.382682859897613525e-01
2.600154280662536621e-01
3.398396074771881104e-02
-5.586177855730056763e-02
9.787590801715850830e-02
2.685253918170928955e-01
2.202124595642089844e-01
5.474734306335449219e-01
2.440252155065536499e-01
1.657084971666336060e-01
2.791376709938049316e-01
2.314421534538269043e-01
-3.154572844505310059e-02
1.250315606594085693e-01
4.143438637256622314e-01
4.525996446609497070e-01
1.548594683408737183e-01
5.539210978895425797e-03
3.086757957935333252e-01
3.337352275848388672e-01
-1.132366806268692017e-02
4.133784472942352295e-01
3.430497348308563232e-01
3.567834943532943726e-02
1.648331582546234131e-01
2.038290053606033325e-01
3.674195408821105957e-01
5.779624450951814651e-03
1.319380998611450195e-01
4.527938067913055420e-01
-1.160654705017805099e-02
9.290692210197448730e-02
1.756853163242340088e-01
1.105418503284454346e-01
3.136140108108520508e-01
1.749800145626068115e-01
3.729159832000732422e-01
1.688988804817199707e-01
3.918112516403198242e-01
2.834906578063964844e-01
4.325240105390548706e-02
3.335467278957366943e-01
7.859010696411132812e-01
2.285879254341125488e-01
1.090827137231826782e-01
2.778702080249786377e-01
-8.520191162824630737e-02
-4.037746042013168335e-02
4.142393469810485840e-01
2.833561003208160400e-01
1.996771842241287231e-01
5.611867457628250122e-02
4.779928922653198242e-01
1.490763872861862183e-01
1.473065465688705444e-01
2.423683255910873413e-01
7.338839024305343628e-02
2.350156605243682861e-01
-1.104828715324401855e-01
4.518353939056396484e-01
3.691926300525665283e-01
2.961224019527435303e-01
1.614476740360260010e-01
1.908400207757949829e-01
2.132320255041122437e-01
1.550719588994979858e-01
1.839684396982192993e-01
-6.737098842859268188e-02
2.599535584449768066e-01
2.014372497797012329e-01
6.394958496093750000e-01
5.905838683247566223e-02
-1.534207016229629517e-01
5.768851190805435181e-02
8.603969961404800415e-02
1.828225404024124146e-01
-4.270099475979804993e-02
2.894145846366882324e-01
5.166523456573486328e-01
2.838174700736999512e-01
2.316763401031494141e-01
2.444476038217544556e-01
3.383759260177612305e-01
4.077834784984588623e-01
5.535230636596679688e-01
2.650738954544067383e-01
1.641397476196289062e-01
-6.993865221738815308e-02
-7.761301472783088684e-03
4.896516352891921997e-02
1.492045223712921143e-01
3.771851658821105957e-01
4.503174424171447754e-01
2.680472433567047119e-01
-3.186898678541183472e-02
4.381678402423858643e-01
5.192129015922546387e-01
5.190345644950866699e-01
1.061308309435844421e-01
5.694323405623435974e-02
7.455077767372131348e-02
2.689633369445800781e-01
2.107120007276535034e-01
1.851254850625991821e-01
1.003074869513511658e-01
1.052138656377792358e-01
4.384506940841674805e-01
2.248338460922241211e-01
-2.913211286067962646e-01
5.109687447547912598e-01
4.138328433036804199e-01
9.985326230525970459e-02
2.811382412910461426e-01
-2.413249574601650238e-02
2.984872460365295410e-01
-3.227218240499496460e-02
2.404771298170089722e-01
1.066807508468627930e-01
3.763998672366142273e-02
4.309635460376739502e-01
2.446535825729370117e-01
2.398099601268768311e-01
2.093116790056228638e-01
-9.275273233652114868e-02
1.296080201864242554e-01
2.100379019975662231e-01
3.459661602973937988e-01
-7.488458603620529175e-02
2.924153804779052734e-01
1.858794093132019043e-01
9.785575419664382935e-02
9.117069840431213379e-02
-1.673875600099563599e-01
2.209545969963073730e-01
7.980257272720336914e-02
2.153872698545455933e-01
3.695603907108306885e-01
2.665991187095642090e-01
6.737174093723297119e-02
-1.327627450227737427e-01
6.380872428417205811e-02
9.664022177457809448e-02
2.919434905052185059e-01
5.412759780883789062e-01
2.623760104179382324e-01
3.299182951450347900e-01
2.127064913511276245e-01
2.182300239801406860e-01
3.363903462886810303e-01
2.851877547800540924e-02
3.522138595581054688e-01
-1.789457350969314575e-01
6.111803278326988220e-02
3.784516453742980957e-01
1.050472259521484375e-01
2.891288101673126221e-01
5.605278015136718750e-01
5.457463115453720093e-02
3.476161062717437744e-01
1.621296256780624390e-01
9.660184383392333984e-02
3.360967338085174561e-01
1.973566710948944092e-01
3.584967255592346191e-01
2.962360680103302002e-01
2.173021733760833740e-01
-1.522568315267562866e-01
2.926504313945770264e-01
2.227150276303291321e-02
2.332982569932937622e-01
6.167182698845863342e-03
2.403895556926727295e-01
2.989712655544281006e-01
1.275756955146789551e-01
4.013179540634155273e-01
-2.364501729607582092e-02
-6.716216355562210083e-02
1.482362598180770874e-01
3.702484071254730225e-01
2.690177261829376221e-01
1.403435766696929932e-01
-7.436293363571166992e-02
4.762080907821655273e-01
4.345780313014984131e-01
4.165762066841125488e-01
5.591695308685302734e-01
4.419357478618621826e-01
-1.368081122636795044e-01
2.999537289142608643e-01
1.331246197223663330e-01
-8.110141009092330933e-02
3.969713449478149414e-01
2.660313546657562256e-01
3.521285057067871094e-01
1.777522712945938110e-01
1.684470921754837036e-01
1.499450653791427612e-01
7.374489307403564453e-02
2.681290209293365479e-01
2.762631475925445557e-01
1.173188015818595886e-01
3.295372128486633301e-01
1.102552376687526703e-02
1.551924794912338257e-01
5.710417628288269043e-01
-3.604596480727195740e-02
2.159174084663391113e-01
1.115659922361373901e-01
2.295470237731933594e-01
1.562617272138595581e-01
9.848820418119430542e-02
9.103950113058090210e-02
3.326012194156646729e-01
2.334462404251098633e-01
2.150670858100056648e-03
2.095710635185241699e-01
1.547887176275253296e-01
2.441535294055938721e-01
2.596938908100128174e-01
1.246903538703918457e-01
1.633904129266738892e-01
8.749311417341232300e-02
2.580122053623199463e-01
1.053984165191650391e-01
3.345689773559570312e-01
9.344228357076644897e-02
-6.296315044164657593e-02
5.542750358581542969e-01
1.273529976606369019e-01
3.295089006423950195e-01
2.152425199747085571e-01
1.863508522510528564e-01
5.849975347518920898e-01
6.341578066349029541e-02
-1.169730052351951599e-01
-4.511656612157821655e-02
-9.318480268120765686e-03
1.885533034801483154e-01
1.038505360484123230e-01
3.641459047794342041e-01
2.148974686861038208e-01
1.291514933109283447e-01
1.786010861396789551e-01
1.907906085252761841e-01
5.531540513038635254e-01
8.032124489545822144e-02
2.553837001323699951e-02
3.887809216976165771e-01
3.681086003780364990e-01
-1.995421014726161957e-02
2.243323773145675659e-01
4.375031888484954834e-01
1.388984024524688721e-01
1.199074313044548035e-01
1.280015558004379272e-01
1.851297169923782349e-01
1.109364330768585205e-01
2.101517617702484131e-01
3.191051185131072998e-01
3.949368000030517578e-01
-1.662539541721343994e-01
3.694840669631958008e-01
1.775009781122207642e-01
1.754831671714782715e-01
2.003665119409561157e-01
3.654636815190315247e-02
4.120496511459350586e-01
2.204646766185760498e-01
6.828323006629943848e-02
3.466563671827316284e-02
1.803724914789199829e-01
1.691584140062332153e-01
1.651960164308547974e-01
1.772681325674057007e-01
2.736361026763916016e-01
-4.389270395040512085e-02
3.526862710714340210e-02
1.592755317687988281e-01
4.501207172870635986e-01
4.898273199796676636e-02
1.007748097181320190e-01
3.663226068019866943e-01
2.197568267583847046e-01
3.227779269218444824e-01
3.508117496967315674e-01
1.280390322208404541e-01
2.458528429269790649e-01
2.458819746971130371e-01
1.485650334507226944e-02
5.721809267997741699e-01
4.831621646881103516e-01
4.294663965702056885e-01
2.496980875730514526e-01
8.323752880096435547e-02
2.273312360048294067e-01
4.762186855077743530e-02
1.008878350257873535e-01
2.457251995801925659e-01
3.038267791271209717e-01
1.358968764543533325e-01
1.420026719570159912e-01
-3.325722354929894209e-04
4.654935002326965332e-01
2.060537412762641907e-02
2.056541144847869873e-01
1.673318594694137573e-01
-5.282707139849662781e-02
3.673790991306304932e-01
3.655230402946472168e-01
4.288288205862045288e-02
-1.998187750577926636e-01
2.125367224216461182e-01
1.624167263507843018e-01
9.768972545862197876e-02
2.864841520786285400e-01
2.027008235454559326e-01
-6.756065413355827332e-03
3.382539749145507812e-01
5.610997676849365234e-01
4.410085380077362061e-01
-3.844348341226577759e-02
-6.353668123483657837e-02
2.199622243642807007e-01
2.642719149589538574e-01
-1.115781813859939575e-01
-3.699123486876487732e-02
-2.516931295394897461e-01
-7.216727733612060547e-02
7.318510115146636963e-02
3.905757069587707520e-01
1.573443561792373657e-01
4.061040282249450684e-01
2.809345126152038574e-01
2.616176307201385498e-01
1.867952346801757812e-01
2.875056862831115723e-01
-1.024175211787223816e-01
-2.803390286862850189e-02
5.947320908308029175e-02
1.152529194951057434e-01
3.146495819091796875e-01
4.316407144069671631e-01
6.664659082889556885e-02
2.580504119396209717e-01
-2.600623853504657745e-02
-5.703273043036460876e-02
4.070437252521514893e-01
1.122254654765129089e-01
4.126312732696533203e-01
-9.535557031631469727e-02
2.837683260440826416e-01
2.390348911285400391e-01
2.038523554801940918e-01
4.137428700923919678e-01
4.686896502971649170e-01
1.029879003763198853e-01
2.319822274148464203e-02
2.855247557163238525e-01
2.592094838619232178e-01
9.377083927392959595e-02
-2.046623267233371735e-02
1.413951218128204346e-01
2.806269526481628418e-01
7.197987437248229980e-01
1.563890725374221802e-01
3.510283678770065308e-02
3.964859545230865479e-01
4.074107110500335693e-01
1.138165071606636047e-01
6.603520829230546951e-03
-3.908507525920867920e-02
3.626033961772918701e-01
1.930883824825286865e-01
5.868003368377685547e-01
-2.616333067417144775e-01
2.708285450935363770e-01
1.736042201519012451e-01
3.915776014328002930e-01
1.896807849407196045e-01
4.111369326710700989e-02
1.600868105888366699e-01
2.598441839218139648e-01
5.742755532264709473e-02
6.929693371057510376e-02
1.827746480703353882e-01
2.421277463436126709e-01
1.592146605253219604e-01
3.889400139451026917e-02
7.217823714017868042e-02
6.785839796066284180e-02
3.614096343517303467e-01
3.761065304279327393e-01
-4.206278175115585327e-02
-5.763455480337142944e-02
1.422990411520004272e-01
3.343663215637207031e-01
1.320504844188690186e-01
5.724382400512695312e-02
4.071043133735656738e-01
4.896569848060607910e-01
2.132876366376876831e-01
-2.179181762039661407e-02
4.140751957893371582e-01
3.695931136608123779e-01
2.231945395469665527e-01
2.437543869018554688e-01
8.761929720640182495e-02
4.045179486274719238e-01
4.173265695571899414e-01
3.394843339920043945e-01
3.307440876960754395e-01
3.796488940715789795e-01
1.476804167032241821e-01
-1.833668351173400879e-01
2.455643564462661743e-01
4.960857704281806946e-02
-1.653188914060592651e-01
2.986723780632019043e-01
6.452517956495285034e-02
-1.473534703254699707e-01
1.697785705327987671e-01
2.155336141586303711e-01
3.335784077644348145e-01
1.005434468388557434e-01
7.873986661434173584e-02
3.918955028057098389e-01
1.130342334508895874e-01
5.557911843061447144e-02
4.693882465362548828e-01
4.322477281093597412e-01
4.016186892986297607e-01
3.275920152664184570e-01
1.739280074834823608e-01
8.373954892158508301e-02
1.021143421530723572e-02
3.809026181697845459e-01
-3.850612044334411621e-02
1.649581342935562134e-01
2.373040765523910522e-01
2.080627083778381348e-01
2.946879565715789795e-01
1.786261945962905884e-01
5.420754849910736084e-02
1.709495931863784790e-01
4.501612782478332520e-01
2.516703605651855469e-01
1.212351992726325989e-01
6.429988890886306763e-02
3.777550160884857178e-01
3.222476243972778320e-01
1.272200047969818115e-01
3.292034566402435303e-01
1.978153884410858154e-01
1.488546878099441528e-01
-1.343804895877838135e-01
-3.326663672924041748e-01
-7.375232130289077759e-02
6.239783018827438354e-02
1.185653731226921082e-01
4.637123644351959229e-01
1.713112741708755493e-02
1.618489027023315430e-01
5.374841094017028809e-01
6.715223789215087891e-01
3.667256534099578857e-01
2.412850260734558105e-01
2.451387792825698853e-02
1.528273243457078934e-02
1.806047111749649048e-01
-1.290711164474487305e-01
2.723654210567474365e-01
2.767235338687896729e-01
1.663153767585754395e-01
3.622603118419647217e-01
6.933369487524032593e-02
2.756455838680267334e-01
-3.703387081623077393e-02
3.283715620636940002e-02
7.398185878992080688e-02
1.821586638689041138e-01
7.774870097637176514e-02
-1.285415701568126678e-02
8.234401792287826538e-02
2.388263940811157227e-01
2.890735566616058350e-01
4.167738556861877441e-01
1.554199159145355225e-01
3.429875373840332031e-01
2.049160152673721313e-01
2.964612543582916260e-01
1.161729320883750916e-01
1.259110569953918457e-01
-1.022003591060638428e-02
7.975600659847259521e-02
3.765634074807167053e-02
-6.970806047320365906e-03
4.105012714862823486e-01
2.065083086490631104e-01
2.448476105928421021e-02
3.545023202896118164e-01
1.479959487915039062e-01
1.517644971609115601e-01
2.598793208599090576e-01
3.441727757453918457e-01
2.197883725166320801e-01
3.306913375854492188e-01
2.264223545789718628e-01
1.926321089267730713e-01
1.417201827280223370e-03
1.836956143379211426e-01
3.870905339717864990e-01
1.357962489128112793e-01
3.409712910652160645e-01
1.809216290712356567e-01
2.480651587247848511e-01
2.632440626621246338e-01
2.510403692722320557e-01
1.904955208301544189e-01
2.556190788745880127e-01
3.259662091732025146e-01
3.037790954113006592e-01
3.692924231290817261e-02
1.617890894412994385e-01
1.415052711963653564e-01
3.537671640515327454e-02
3.080946505069732666e-01
5.375270918011665344e-02
1.109030842781066895e-01
5.107148289680480957e-01
8.662899583578109741e-02
5.000033974647521973e-01
-7.972846180200576782e-02
2.388150542974472046e-01
2.536047697067260742e-01
3.184551745653152466e-02
2.340699434280395508e-01
1.879930347204208374e-01
2.307115197181701660e-01
2.813581749796867371e-02
-1.382725238800048828e-01
3.888325393199920654e-01
-1.027732491493225098e-01
1.667860150337219238e-01
4.135549962520599365e-01
2.413452863693237305e-01
1.338875442743301392e-01
3.357560038566589355e-01
9.141279011964797974e-02
1.915004551410675049e-01
-5.529846623539924622e-02
-9.007154405117034912e-02
2.068334817886352539e-01
-1.149037182331085205e-01
3.709251582622528076e-01
3.086916506290435791e-01
1.534763872623443604e-01
1.860323846340179443e-01
1.620144397020339966e-01
2.330470979213714600e-01
3.663831204175949097e-02
6.025624275207519531e-01
5.019844695925712585e-02
2.324745059013366699e-01
-3.223675861954689026e-02
4.678557217121124268e-01
4.763540625572204590e-01
1.720388382673263550e-01
7.443529963493347168e-01
3.375962376594543457e-01
-5.580027401447296143e-02
3.958594426512718201e-02
7.393364608287811279e-02
1.812241524457931519e-01
