1.677790546316783349e+01
1.792910201271190829e+01
1.576312354252251602e+01
1.598697723269768112e+01
1.709683126958763921e+01
1.640239843528491903e+01
1.759029391099344153e+01
1.689176721267986281e+01
1.673718161304969243e+01
1.671483580232002097e+01
1.720352435754396936e+01
1.570160084724537874e+01
1.722550173957524677e+01
1.775528973408482969e+01
1.745107325644962870e+01
1.694388077058832920e+01
1.808251360080831915e+01
1.736957205927570769e+01
1.742413544663785174e+01
1.784703950564032837e+01
1.660565631463970249e+01
1.595420277625897043e+01
1.705931120218214758e+01
1.740767996135239315e+01
1.665566864495291455e+01
1.758601448205724793e+01
1.699805106478829231e+01
1.753629182114070417e+01
1.646574283383414539e+01
1.828078937252176317e+01
1.730475615174959358e+01
1.602386588461983408e+01
1.673226618363223750e+01
1.607779112823330792e+01
1.705781400403011716e+01
1.593725197251892567e+01
1.699826136316052683e+01
1.684924435944017418e+01
1.648038409337742749e+01
1.676633082306785738e+01
1.626599378685009256e+01
1.694077093947714729e+01
1.777754931536075489e+01
1.792314019968392458e+01
1.700844309985681591e+01
1.777258135088023394e+01
1.781692913328418726e+01
1.662007929615806745e+01
1.727120876302823405e+01
1.701842588705834558e+01
1.708440277300082855e+01
1.810926584345934742e+01
1.731335887388765826e+01
1.586631528134868674e+01
1.654694695091980705e+01
1.699426757270656552e+01
1.629508216571275980e+01
1.677130107176209961e+01
1.753816904746150840e+01
1.542850239199846563e+01
1.722591599121897943e+01
1.586616185826474101e+01
1.748927599490796325e+01
1.742157138044804299e+01
1.671745486457993835e+01
1.662726112777813015e+01
1.812694689947934634e+01
1.804161444007190340e+01
1.765868845775494478e+01
1.780212246457903902e+01
1.683449348261736134e+01
1.729308464605193407e+01
1.587386840927799092e+01
1.620727600542197777e+01
1.775063302383938790e+01
1.673471488488910452e+01
1.706922387682843834e+01
1.695299459088264982e+01
1.654237288891900093e+01
1.603377918877648867e+01
1.581940986242372915e+01
1.694344684879885321e+01
1.738398966605742402e+01
1.577256970997685137e+01
1.735010770377933298e+01
1.714206987760894307e+01
1.752939375015280987e+01
1.602883985350577944e+01
1.709652650714646427e+01
1.726901893695484347e+01
1.632346753481211366e+01
1.664703618874849056e+01
1.735104248022408768e+01
1.799233237568390820e+01
1.747665549327741985e+01
1.679173726146250090e+01
1.616025441327401069e+01
1.804550633470579868e+01
1.711693762728858914e+01
1.677057107619437559e+01
1.685262337081982764e+01
1.777719451468018619e+01
1.670586725458575472e+01
1.656909409564819313e+01
1.635490563439367406e+01
1.689951908022819893e+01
1.750328184152922617e+01
1.659612914369673575e+01
1.613044515867081330e+01
1.586499470913839893e+01
1.683051534525803206e+01
1.563236625773215493e+01
1.745733907470942725e+01
1.897212990446402259e+01
1.751637114637852832e+01
1.551782436623604688e+01
1.730039980401591748e+01
1.744804510232238215e+01
1.621865349504705378e+01
1.742558185796771753e+01
1.741723012600742848e+01
1.673191192965765950e+01
1.709431452921703354e+01
1.621130692532000950e+01
1.493795321708824986e+01
1.685405918269579573e+01
1.738637000023602397e+01
1.768739581214306966e+01
1.665629048194826822e+01
1.562395785252210167e+01
1.614571564657497760e+01
1.674663948659925694e+01
1.757694266272122263e+01
1.860152288483403282e+01
1.628021397336822673e+01
1.619730250990572173e+01
1.763112672123834201e+01
1.735826682113010122e+01
1.715696264988669029e+01
1.685234109771934641e+01
1.592312287585175312e+01
1.662798106219820937e+01
1.832945434928393169e+01
1.814814262301189984e+01
1.804794246902768151e+01
1.679320451692407090e+01
1.708703130922923563e+01
1.715320581877490724e+01
1.790408724635350524e+01
1.681161877127284043e+01
1.621673460568460001e+01
1.714568087301859478e+01
1.746590866356899596e+01
1.652158540687944210e+01
1.803151371284710081e+01
1.681229660249099922e+01
1.578040213700453265e+01
1.724677288907524897e+01
1.733004461244679462e+01
1.724018393640830027e+01
1.618994245464899961e+01
1.720722277067276096e+01
1.822698685217133985e+01
1.843228754151591886e+01
1.706810114822835800e+01
1.705874709248405807e+01
1.712653687277325787e+01
1.680394438769085141e+01
1.661143069242264403e+01
1.786916536672629618e+01
1.631618632982669581e+01
1.701004084825664719e+01
1.825215230083379936e+01
1.621989151856831057e+01
1.732103516313854286e+01
1.685364243166121767e+01
1.640177501359389112e+01
1.932076423894953265e+01
1.571688269919745728e+01
1.662173464738868489e+01
1.731136707080654347e+01
1.611065046785082444e+01
1.724629870217432881e+01
1.754065215164423464e+01
1.707266741337392801e+01
1.729279201398809107e+01
1.746161623949595310e+01
1.668939673206770635e+01
1.718803664730733516e+01
1.634075951136311389e+01
1.508101648292312191e+01
1.912083224595333775e+01
1.748934289836267553e+01
1.639465184445137069e+01
1.695307178401980508e+01
1.623209785132380034e+01
1.768150347667826949e+01
1.824699722465432927e+01
1.622409283206425101e+01
1.696091686649436170e+01
1.720554743309614310e+01
1.650260714396377537e+01
1.791636516593406725e+01
1.798606756298758214e+01
1.482686813943913151e+01
1.693490641308852318e+01
1.725302895689418747e+01
1.704664433556876801e+01
1.672043483447918533e+01
1.689686333038472910e+01
1.690116219653044283e+01
1.591345792205982690e+01
1.585871666003138358e+01
1.651813682136648254e+01
1.559824926048367288e+01
1.755915469647553095e+01
1.690751627900967335e+01
1.808167732129457761e+01
1.646435447775577643e+01
1.490372839989511000e+01
1.795772158251018524e+01
1.691176343527903470e+01
1.660603218112770207e+01
1.816126663063329616e+01
1.769520280203430218e+01
1.603013941512494256e+01
1.838186386745988798e+01
1.837030455363889914e+01
1.636151866562539681e+01
1.809990860028645798e+01
1.690477027162630108e+01
1.805998905243643904e+01
1.648957799858779438e+01
1.768099068372342586e+01
1.680561083008207390e+01
1.708939764792141958e+01
1.619061164609542303e+01
1.591087633402968571e+01
1.947529539780646601e+01
1.661756593908134505e+01
1.703650499523821082e+01
1.727388658264014865e+01
1.684257628114723104e+01
1.845243959634647624e+01
1.724631758616947508e+01
1.663714394637445082e+01
1.653101353297459397e+01
1.584055673811177023e+01
1.692186948343884012e+01
1.728516889356347974e+01
1.737953566482100598e+01
1.880704481221482283e+01
1.828103599537076107e+01
1.686688665520119912e+01
1.743602831691106658e+01
1.776316863522972511e+01
1.754048622156042470e+01
1.755216093763942808e+01
1.735666607586954768e+01
1.859128398861555809e+01
1.681752237501873637e+01
1.791851022920829450e+01
1.779565288660409905e+01
1.618627353427204341e+01
1.689352635528023683e+01
1.700251764233715335e+01
1.692536833379838868e+01
1.726201177991471170e+01
1.829520239741183829e+01
1.613941911461376577e+01
1.818820194766489351e+01
1.682400300699293894e+01
1.633749515326549684e+01
1.756997337375647561e+01
1.645681891106853456e+01
1.786841352309812336e+01
1.582487633333409249e+01
1.667876635775746053e+01
1.783377060258654012e+01
1.699682132484173280e+01
1.663268086879716989e+01
1.684328756094965485e+01
1.755346303402361130e+01
1.808135119941976399e+01
1.629891284139826979e+01
1.760768818021595550e+01
1.745855929014520669e+01
1.797171242481848452e+01
1.721646298520848006e+01
1.697836298727389348e+01
1.662229335362277638e+01
1.728568363695066168e+01
1.713447973393077106e+01
1.750259758165245927e+01
1.743081601553593174e+01
1.750502146257069569e+01
1.722886005473109350e+01
1.837941165734031301e+01
1.696050137069665453e+01
1.673199330428295895e+01
1.594759493603964451e+01
1.766957219053993100e+01
1.864992019055159034e+01
1.841742074039380839e+01
1.824941235043300836e+01
1.693986932912957499e+01
1.672188029314154178e+01
1.688534594667709499e+01
1.791799316432361167e+01
1.638682009696860220e+01
1.839798448713028378e+01
1.627514186522907025e+01
1.875532316699722557e+01
1.780082284334558196e+01
1.611665379328792724e+01
1.676127627387849373e+01
1.660846386275061448e+01
1.724389314564255571e+01
1.677832142237189927e+01
1.668197823368179300e+01
1.890938266292520709e+01
1.738403302686245055e+01
1.799831895754413935e+01
1.669644192633360902e+01
1.655103552350432139e+01
1.700432033544914034e+01
1.706519189028236383e+01
1.751367857132733619e+01
1.578995979804338390e+01
1.688245380450499056e+01
1.546800944388544430e+01
1.772600856372237743e+01
1.702956830378179021e+01
1.605076787702493846e+01
1.754449285449652862e+01
1.702842762496171858e+01
1.814408924318066951e+01
1.539956379283516696e+01
1.837276570192976877e+01
1.717744208700907649e+01
1.617859997522750604e+01
1.683103760689238371e+01
1.730478492508919075e+01
1.670069806764522014e+01
1.768572765866909791e+01
1.764878996017839796e+01
1.842101413268208177e+01
1.701879349054938473e+01
1.703354318056624805e+01
1.825240825999838279e+01
1.752424635856496238e+01
1.639455090978353624e+01
1.712648570509211154e+01
1.719143483410029205e+01
1.831926915705480852e+01
1.739301301923279652e+01
1.672025346159253800e+01
1.760344208743116567e+01
1.770542270097257287e+01
1.681899093521050403e+01
1.757960665457207128e+01
1.800087799353161344e+01
1.778403911257707293e+01
1.690264871106478850e+01
1.670483041664366297e+01
1.748873400460646366e+01
1.704978413541826399e+01
1.711361780906463537e+01
1.860832768325515119e+01
1.681601650565744421e+01
1.747078920986681538e+01
1.726953418823095632e+01
1.757546981303475064e+01
1.536421627404337720e+01
1.701677424505517777e+01
1.681218647297105662e+01
1.658576470602512387e+01
1.702835417960835329e+01
1.862346441443990486e+01
1.763845835519441607e+01
1.642002471418047449e+01
1.789744577637899070e+01
1.681778558115625799e+01
1.603240361513789125e+01
1.843526258346097890e+01
1.650507265175978588e+01
1.621568503346935941e+01
1.774963729846184890e+01
1.719877469438135620e+01
1.661519547870183899e+01
1.696407394083664499e+01
1.670716072952465225e+01
1.678858951429916146e+01
1.779184876384660541e+01
1.628698858868606081e+01
1.681765131209074937e+01
1.719373017706334750e+01
1.696244835720887778e+01
1.783239262521367863e+01
1.716790320705708339e+01
1.589002334450130505e+01
1.745370134252162231e+01
1.784923187461033933e+01
1.722423036963758136e+01
1.835860959885172505e+01
1.707766763063696658e+01
1.694016661169264637e+01
1.753991632677534085e+01
1.821514742320105285e+01
1.648005598621856649e+01
1.505843052930004689e+01
1.638531549173556456e+01
1.664215449166441019e+01
1.572236839718706314e+01
1.611807242215832048e+01
1.695633184808446359e+01
1.734367182725134526e+01
1.630633022521211473e+01
1.801028543383677416e+01
1.788725086481508342e+01
1.682299810252971284e+01
1.698332457037882648e+01
1.756239792893681795e+01
1.664627877670738698e+01
1.819104529701581541e+01
1.713599670829755084e+01
1.702711639910007690e+01
1.663124147481552484e+01
1.647214286221614898e+01
1.531466469777372907e+01
1.556336466397648444e+01
1.693314894806932003e+01
1.730576328482513304e+01
1.671756517882370829e+01
1.650729111833476637e+01
1.801271178975883558e+01
1.788862642105631551e+01
1.816512282370777598e+01
1.719755309581320191e+01
1.739203521015962650e+01
1.653275156171178040e+01
1.512701950646174787e+01
1.663538775870454245e+01
1.732231647597298618e+01
1.774338046329280516e+01
1.762499698748127130e+01
1.738090227574213742e+01
1.817912597310052902e+01
1.666964251213329007e+01
1.748456281014540536e+01
1.724437892337895306e+01
1.860100275159414451e+01
1.705372619310869453e+01
1.641852247516375840e+01
1.637793047557321913e+01
1.630340724841508404e+01
1.750461901033304457e+01
1.743045170053643034e+01
1.689826516921138477e+01
1.838516795685149319e+01
1.716836311641244350e+01
1.744965924157824588e+01
1.793119115600553926e+01
1.755756432144211487e+01
1.713550738459400691e+01
1.636932127168798345e+01
1.708444264830870196e+01
1.861573464661382360e+01
1.698274742205867582e+01
1.694836307723588220e+01
1.673741213146255191e+01
1.864070527152496481e+01
1.749710954759448711e+01
1.770768218898503576e+01
1.673814182979546672e+01
1.740339024164308412e+01
1.714382943162440753e+01
1.733634488242332239e+01
1.834122623811854069e+01
1.764196980444623719e+01
1.688253878396985641e+01
1.692842341326785771e+01
1.698659819453802555e+01
1.547876162823885871e+01
1.663458901433342874e+01
1.728364372829939555e+01
1.572956963047751699e+01
1.820319987560844055e+01
1.739067741202204687e+01
1.740231304506061960e+01
1.724431812865672597e+01
1.720554797122259316e+01
1.659873215709027150e+01
1.664391246412795766e+01
1.786169454587930971e+01
1.728608369591162486e+01
1.737798557146581757e+01
1.846111419298316036e+01
1.712482020001744587e+01
1.878510663675590564e+01
1.810782387288993434e+01
1.752583240505947515e+01
1.556951046913550840e+01
1.696992438875184561e+01
1.722890040830722214e+01
1.533436713515090943e+01
1.584505584545509116e+01
1.666169515525779943e+01
1.778531444405636819e+01
1.773250617583380873e+01
1.758625081868163775e+01
1.667863877740824563e+01
1.696607083801097460e+01
1.533736584648942980e+01
1.648351852514442584e+01
1.644179328086195468e+01
1.743020876297858379e+01
1.672009864905508891e+01
1.648501185963951698e+01
1.814456568802910397e+01
1.539958557774657422e+01
1.702033375490185207e+01
1.828554717932911799e+01
1.781536479537532713e+01
1.630167093777889420e+01
1.662655725676235008e+01
1.607848318310418279e+01
1.710260329424794890e+01
1.552608158603328903e+01
1.727172297560434444e+01
1.708688783836599256e+01
1.638932010076509371e+01
1.774645198780126876e+01
1.834426591474206703e+01
1.712496478081816420e+01
1.720957083254742415e+01
1.927952954058582691e+01
1.663189852029698557e+01
1.639547244544320748e+01
1.632252947540028032e+01
1.661508046620147638e+01
1.665810474063055580e+01
1.575040746736770281e+01
1.607871182301953894e+01
1.746508125165718184e+01
1.712048611878869053e+01
1.772592151470446353e+01
1.721514570166423397e+01
1.692663257091583873e+01
1.750320574262968876e+01
1.692013110116273467e+01
1.838695208860026753e+01
1.809220208081592673e+01
1.667283668759167981e+01
1.724341924122164471e+01
1.632852829853286636e+01
1.732011211434996412e+01
1.659945515213318856e+01
1.765417880031453279e+01
1.748214512889805050e+01
1.831307246707749314e+01
1.668879227528526599e+01
1.824319347713074890e+01
1.626811761480578511e+01
1.661503386520785241e+01
1.891138272922171737e+01
1.648957840939883113e+01
1.636890767065368024e+01
1.819356260234897960e+01
1.614464406739401880e+01
1.682464067094439741e+01
1.751267067775993880e+01
1.745679587750371553e+01
1.787382871048271227e+01
1.613589699275913958e+01
1.629169296287743407e+01
1.796602506169156044e+01
1.811218230789170747e+01
1.807431096276463833e+01
1.688088974330899461e+01
1.800041027230138724e+01
1.772197318200715088e+01
1.654904330683947222e+01
1.640028233311231887e+01
1.731634198411222059e+01
1.683712948810387289e+01
1.721996983078880916e+01
1.737058003976926557e+01
1.630288431569091401e+01
1.625180457598341377e+01
1.739711793479923685e+01
1.702055368984478889e+01
1.790131601029675679e+01
1.769498882234339021e+01
1.692903092642363916e+01
1.683459670163277266e+01
1.609171920534154054e+01
1.788587122673164487e+01
1.586765196871373362e+01
1.645601565485798190e+01
1.768956599027814391e+01
1.733403635049245750e+01
1.656823931142954720e+01
1.708877315862429214e+01
1.676413668371723276e+01
1.687152226652199261e+01
1.792868479850521624e+01
1.702909158422483671e+01
1.768103931106734450e+01
1.814773310718955912e+01
1.686759179719263457e+01
1.867920702556839530e+01
1.808645436447930166e+01
1.715459949955830865e+01
1.552195104034974982e+01
1.629779899912564645e+01
1.647465301524455583e+01
1.789486523491662595e+01
1.826788452067738433e+01
1.664232514747926217e+01
1.805167059624095316e+01
1.707458669550660701e+01
1.909268201693048539e+01
1.682059245558141214e+01
1.573629305916815468e+01
1.722884342571990501e+01
1.718462024460209747e+01
1.738585056985207089e+01
1.745270730967520834e+01
1.841577489450950367e+01
1.747594346034658841e+01
1.659743905866829650e+01
1.622921755601808513e+01
1.606046759193294449e+01
1.664600743474771249e+01
1.744589269209681603e+01
1.756380026541349437e+01
1.630050149414601890e+01
1.612217619199035568e+01
1.680720430602357851e+01
1.581918356985625174e+01
1.759589477034956673e+01
1.790874382793814945e+01
1.710607842339015860e+01
1.773355597395375938e+01
1.697459501622750011e+01
1.846493225767479274e+01
1.648536183016206280e+01
1.657607888403981633e+01
1.556606416903293244e+01
1.636978367443303028e+01
1.627928588402700782e+01
1.660279155185443045e+01
1.755533588833660374e+01
1.728553084355653624e+01
1.698848080280348682e+01
1.690581960347221369e+01
1.672522791226596439e+01
1.656211777390875639e+01
1.658179278845913984e+01
1.581379842706918026e+01
1.761838021826009282e+01
1.702598415095021167e+01
1.655619654740500835e+01
1.781207380995755685e+01
1.829786709329604122e+01
1.654361823001093512e+01
1.800199732934540364e+01
1.797969816091141837e+01
1.773141178416213037e+01
1.782829697149301751e+01
1.704477950177782120e+01
1.820276827680476472e+01
1.684312990085933848e+01
1.718923773179123060e+01
1.702115067618335686e+01
1.717340682653709294e+01
1.759287419538807384e+01
1.620091257343156599e+01
1.715798236568843649e+01
1.785683135450457115e+01
1.749321256413548653e+01
1.707709054894390732e+01
1.774290428724714275e+01
1.674492830844222979e+01
1.569544310330942771e+01
1.699331772014200936e+01
1.841439296706100848e+01
1.653877007761140305e+01
1.717154947337867554e+01
1.624135567578942840e+01
1.747064434695458957e+01
1.693970269932814787e+01
1.704625944710863905e+01
1.648789412603186477e+01
1.692547680345870731e+01
1.614773349347731468e+01
1.746753169049886978e+01
1.786693239929524424e+01
1.637767529744137462e+01
1.580867457967710088e+01
1.792183749684465255e+01
1.824531833116146728e+01
1.611072857053400753e+01
1.649249321475613073e+01
1.759550336119126257e+01
1.801710164448878970e+01
1.659792943923367758e+01
1.623284408038378146e+01
1.647554126855655099e+01
1.653700102399992033e+01
1.841243822109565542e+01
1.728385680401093083e+01
1.701575471074334089e+01
1.669702870971482511e+01
1.679528883269222916e+01
1.657088006053464113e+01
1.724049638801399098e+01
1.764637523856427137e+01
1.578364020010412894e+01
1.692848655282526238e+01
1.610950738869259524e+01
1.711250564438949695e+01
1.690725015962740940e+01
1.756752831619550292e+01
1.688829858158036146e+01
1.722226810102339201e+01
1.661835220926417023e+01
1.815692333705817774e+01
1.760822659481548769e+01
1.779173467986363733e+01
1.763573321503974256e+01
1.722984815461303043e+01
1.697896743909046791e+01
1.666065251654284651e+01
1.670800095600480262e+01
1.511220243631901639e+01
1.660080174595283964e+01
1.713334634503766907e+01
1.758928210533452230e+01
1.706528963377362373e+01
1.682858725031731595e+01
1.615915008710221201e+01
1.718423644532621353e+01
1.647783062621039107e+01
1.589378036640898983e+01
1.700016604811969145e+01
1.747657570663702131e+01
1.748215214318638644e+01
1.663279422947882580e+01
1.543979283170650874e+01
1.606785383565017611e+01
1.659504893616370680e+01
1.749592670350116563e+01
1.637742691479578028e+01
1.734954597580616209e+01
1.813162937358587001e+01
1.696560599692680427e+01
1.776442454978853647e+01
1.794854285919508641e+01
1.847847759779207877e+01
1.678526917656068917e+01
1.617980719505802867e+01
1.631706010527491557e+01
1.502682737281375047e+01
1.729672404582180079e+01
1.758773190628494731e+01
1.721802056907641898e+01
1.709818862216711466e+01
1.637834408791606577e+01
1.840406948061673020e+01
1.610539818393264966e+01
1.692014595484497974e+01
1.752223454236896316e+01
1.661588989665120408e+01
1.607071798515875471e+01
1.782594582567572417e+01
1.634645485446879221e+01
1.693880531661670474e+01
1.530691195833301421e+01
1.777346413354984378e+01
1.774303455090665693e+01
1.701016957919316042e+01
1.568408401227946669e+01
1.709658275912332215e+01
1.805376479534981726e+01
1.740373938305323875e+01
1.829953689923867444e+01
1.751883940296888653e+01
1.725702742782321053e+01
1.731706208523606705e+01
1.737961703595187046e+01
1.768165170819796828e+01
1.661205892490919922e+01
1.613974090776439141e+01
1.673373590309496706e+01
1.874576572258575169e+01
1.697281121832062922e+01
1.563520218647968463e+01
1.598186171395670208e+01
1.771654644204701512e+01
1.727076458023279315e+01
1.634727438662101306e+01
1.731926096028003315e+01
1.723471063542768178e+01
1.873851248480702836e+01
1.827111580342594976e+01
1.665555193420528468e+01
1.569250175498029343e+01
1.751621876283050838e+01
1.697689084482287214e+01
1.615533354346874972e+01
1.580590652742062296e+01
1.731580526551095645e+01
1.555966435192716446e+01
1.682150673234910343e+01
1.663487057132457636e+01
1.718610117887367039e+01
1.708328132014070988e+01
1.480463793431527009e+01
1.807772985856355774e+01
1.815114975436532063e+01
1.653066224399318429e+01
1.706238437702088007e+01
1.652322340332117179e+01
1.583380610648769782e+01
1.664968983934074842e+01
1.774384736869359358e+01
1.699271104678394906e+01
1.782301915081504617e+01
1.810072039199173588e+01
1.794106211953693730e+01
1.563000050326551005e+01
1.703170699116555653e+01
1.590772707657892937e+01
1.676252309424904041e+01
1.708102108749992354e+01
1.698385609417205444e+01
1.789444224634234004e+01
1.566601801853854603e+01
1.761447080066555770e+01
1.699371711348977954e+01
1.785636400976944316e+01
1.489250329639034121e+01
1.672066925434527818e+01
1.756436948039548440e+01
1.703755793872055335e+01
1.659609128334902195e+01
1.665597271866299067e+01
1.748990076387152826e+01
1.848025558245305433e+01
1.814057904017854383e+01
1.788879576588898601e+01
1.675447685142770027e+01
1.631227062534212635e+01
1.747172991491646243e+01
1.642562831304974935e+01
1.710245359298795975e+01
1.731733058885636822e+01
1.703696899032693324e+01
1.870316278005632782e+01
1.671827396444848901e+01
1.812610552927197105e+01
1.661384269671765779e+01
1.690995253063221782e+01
1.754608160851314480e+01
1.768585230836871602e+01
1.620416225485954698e+01
1.891318343847493111e+01
1.762484036518826258e+01
1.602326625649400782e+01
1.597473841790645288e+01
1.777348073360063196e+01
1.811234063504683434e+01
1.705272109132415892e+01
1.762295584070148635e+01
1.658642298906307033e+01
1.717523615540429205e+01
1.737678194275745014e+01
1.548408752384394127e+01
1.678170336915404803e+01
1.619627225135978676e+01
1.627189284351259246e+01
1.597274249467940699e+01
1.709798809253076612e+01
1.779914884816949794e+01
1.865977180559647408e+01
1.738490407559494955e+01
1.693029696723710842e+01
1.760134583508204287e+01
1.709442691855797136e+01
1.658663387683789381e+01
1.735559982946031710e+01
1.700505974413406562e+01
1.814206173624365803e+01
1.788829184069344436e+01
1.761473664852352172e+01
1.677530798475752150e+01
1.759679620665736977e+01
1.583595219716517910e+01
1.672489930650581869e+01
1.786968125868125057e+01
1.720328911552916296e+01
1.689892601337517064e+01
1.688396029790266795e+01
1.827089075018013986e+01
1.734842030879264385e+01
1.633016208335807917e+01
1.713819275446864765e+01
1.666850690888938047e+01
1.798393136871827735e+01
1.748415655248719958e+01
1.588272932253945413e+01
1.844281840355460389e+01
1.729831990464153790e+01
1.756612682522117552e+01
1.658383140102751341e+01
1.600186283870437975e+01
1.684831245318018134e+01
1.915867809051096771e+01
1.941913643426991598e+01
1.741367627947436958e+01
1.683992445195010035e+01
1.747601705668258631e+01
1.734290455493263394e+01
1.831358190861130097e+01
1.681224318614260937e+01
1.715477358244295658e+01
1.728556216323720562e+01
1.650178735089025750e+01
1.775559341123391377e+01
1.668654981202037746e+01
1.796786409956138186e+01
1.726132733186476997e+01
1.672886681047989299e+01
1.766842416266176130e+01
1.870514266594940267e+01
1.721490079287245578e+01
1.711274496571980563e+01
1.826338864614497837e+01
1.733260089383450264e+01
1.608722517473260893e+01
1.639154218009044683e+01
1.755182786511967663e+01
1.717380609814495784e+01
1.799568646592796384e+01
1.725830336814249577e+01
1.778945831757445717e+01
1.746763544339067664e+01
1.774042886160253829e+01
1.723507318913327424e+01
1.702349184351464118e+01
1.770382449722904994e+01
1.850975850101355036e+01
1.629315286775280214e+01
1.699142956361523105e+01
1.665578296377394452e+01
1.757367042548176173e+01
1.569685734484224326e+01
1.667670144529162357e+01
1.704399563302474974e+01
1.709634428952894325e+01
1.652204425714883129e+01
1.799193971369915701e+01
1.723619052522709794e+01
1.746070305389324062e+01
1.787718995129770860e+01
1.720611902129270732e+01
1.719553526903343510e+01
1.652439536282415489e+01
1.781617711479911037e+01
1.838342098887041587e+01
1.800270915511830694e+01
1.661402451354236476e+01
1.758621476412442419e+01
1.750575561026821347e+01
1.716895536799821542e+01
1.675094640628081422e+01
1.574088226595397622e+01
1.820369663207484123e+01
1.669570643134861854e+01
1.726408382608221004e+01
1.753721650539329957e+01
1.812179796763579986e+01
1.777516264781192845e+01
1.663916812623911312e+01
1.819572255733366362e+01
1.743146115176481104e+01
1.733172464699977766e+01
1.586699080396952866e+01
1.589923656201986013e+01
1.764411410608603248e+01
1.616951150794495362e+01
1.808805666470929552e+01
1.749290873315040784e+01
1.846802586529995338e+01
1.743365834087075328e+01
1.840582645585687160e+01
1.866990288771639328e+01
1.765899973830692105e+01
