3.630289680787461837e+00
1.791181209619756576e+00
3.074575399723425306e+00
6.676878231158152488e+00
4.192877529888913712e-01
1.235025651963689697e+01
1.258082007860674700e+00
6.288026601676228733e-01
7.378181507221382773e+00
2.795491316257441294e+00
1.068422470929517587e+00
2.491204001134192936e+00
9.263655397992133222e-01
1.052580064401154702e+00
1.034716577479337873e+00
8.752825634428276658e+00
2.891097554391444668e-01
1.009754704390792845e+00
9.662065557316283915e-01
8.424322501819521136e+00
1.908374777354172158e+00
1.605175240526471203e+00
2.021977409807731441e+00
1.355665267330630641e+00
1.830436849792148601e+00
1.455834234742388134e+01
3.062012798399079028e+00
6.853451714830038899e-01
1.997065807916976299e+00
6.657842193728433777e-01
3.095187496329732557e+00
4.698384279836377075e+00
1.787755844955695173e+00
3.101747005314891670e+00
7.662856363249216651e-02
5.940288551601464739e+00
2.733686959400153604e+00
1.824431311318043814e-01
5.459962948768929181e+00
1.358179087200644375e+01
3.456105510402278203e+00
6.268441593796085343e+00
3.785074846974467722e+00
2.314060292958001419e+00
7.457352572794505363e+00
4.552088203394310639e+00
1.546662006881265317e+00
2.025180959856123231e+00
1.498740397118631584e+01
9.580985654966687193e+00
7.817532399073179761e+00
1.693879077799304911e+00
9.364782023296687186e-01
7.839025011489573203e+00
1.052298931385228009e+01
1.139473431209296805e+01
1.592367012361572298e+00
1.626749853326524331e+00
1.558434197756305706e-01
5.721844736039065869e-03
6.087001607334719289e+00
3.034862354808475882e+00
2.826577546627438320e+00
9.478862527225919266e+00
1.509048932639768248e+00
6.785456831315172188e+00
4.829522838311518740e+00
1.829077506395743402e+00
9.748614717470228896e+00
2.647226201095309595e-01
5.496669546285728458e+00
5.689440479874573242e+00
5.822929876688825779e+00
8.699311995425706101e+00
2.178254949441430721e+00
2.582590818488778583e-01
3.772299147173362233e+00
1.405965646729167684e+00
4.720318052333010717e-01
1.892277785284514735e+00
5.127265172498147727e-01
2.957558010102252055e+00
2.521734322664212158e+00
2.219700319796377386e+00
4.362703214717257971e+00
2.953508603541468158e-01
5.507748806428570454e+00
2.762670540003644426e+00
4.308698550941592043e-02
5.389396955542295586e+00
5.392737737050969926e+00
1.780019042506917559e+00
2.962220087707861382e-01
3.182373991530649260e+00
4.429487545666593640e+00
2.636020281149330291e+00
3.102101403375984390e+00
1.427287490892733102e+00
3.514281825645449775e+00
8.533000555553906352e+00
4.905912031890042435e+00
3.092877570249155550e+00
2.929493208502369495e-01
1.624876676237396511e+00
1.923231725913186807e+00
1.842086358464957829e+00
4.176073412715277655e-01
4.172751500500365474e+00
8.822316835141297275e-01
3.908921148977689608e+00
1.981392744253123395e+00
8.851955407459124459e+00
1.670645575498812763e+00
2.942870153296284652e+00
1.538837338242013741e+00
4.163313771917610318e+00
6.767769619627699296e-01
3.587798860071990115e-01
3.800885487973911236e-01
5.773088192936624452e+00
2.203493268359874691e+00
4.164212946610796884e+00
7.475418089378909947e+00
1.720615213438027036e+00
4.467363309277486039e+00
2.518964144307901165e+00
1.584290911984428174e+00
6.773075766509273343e-01
2.756496810024766209e+00
6.247248099712774838e+00
1.009119698454445313e+01
3.886103209304256345e-01
1.550961170625758889e+00
6.531899113800925250e-01
6.087666673951789953e+00
2.013532986047122664e-01
2.975005279863491836e+00
8.128014641713583899e+00
5.509565787584547181e+00
2.182894678390987941e+00
4.344491566530827242e+00
1.828255047500742636e+00
9.052148563207802923e+00
3.760893939254438489e+00
1.051027050655393680e+01
3.135666387106004205e+00
3.204392686966882842e+00
7.233290482538821120e-01
4.390900779391320619e+00
4.189235019184371467e+00
4.211360632130265458e+00
3.762547918809238112e+00
1.836721223138929160e+00
4.934000427170484926e+00
3.195010922670796560e+00
1.202571777046056445e+00
6.478541216242198253e+00
5.995434890937811012e+00
2.830468150644025016e+00
1.320551782771540061e+00
4.289702887319007257e-02
5.381416346645596427e+00
2.507559637065175817e+00
5.197128474690415167e+00
3.709262519231518507e+00
3.726218279040887982e+00
2.301539826482629891e+00
3.110491568672223650e+00
1.098450441206968664e+00
1.275243391493252387e+00
6.948405622984028085e+00
7.418307052714651739e+00
4.489493286901953262e+00
3.181778099205850641e+00
1.212124529327359035e+01
1.465235738009378064e-01
2.640016960940199109e+00
3.570143209497923742e+00
3.236121909746770164e+00
9.134295380137880116e+00
6.714532551686447803e+00
5.396140444524228919e+00
1.383402690856874528e+01
6.347451528603503590e+00
1.001798601965201874e+00
4.204040024227103878e+00
4.305860850860803168e+00
2.904229290693035370e+00
6.836705654297166035e+00
1.983997252075267337e+00
6.542331504776464079e+00
8.384523304328299176e+00
1.733055813691438729e+01
1.245127348044592130e+00
3.915492521144796623e-01
6.467622795125163471e+00
7.313821133681887687e+00
3.635290662942951112e+00
4.440797211533383582e+00
2.585391231080269581e+00
1.078844076477981195e+00
1.819621168191225324e+00
2.647757167665370837e+00
3.872375532647291951e+00
5.721282502142037707e-01
8.305345182784751312e-01
3.659886972620428613e-01
4.027000413471843593e-02
6.241730662801608709e+00
4.236815971944762893e+00
3.103482227025348705e-01
4.587064211609265918e+00
4.726815111674737224e+00
1.956449905753045782e+00
2.005105165935438638e+00
4.288501077835551456e+00
2.087620319879585740e+00
3.846240317774377360e+00
3.965212458355019898e+00
3.099139847218524757e+00
9.441908502631342071e-01
1.398459820581316748e+01
3.943133524637187026e+00
3.611906392560527035e+00
3.161209881456138682e+00
1.302894882933367082e+00
1.102697072608299855e+01
4.573508132015949634e+00
1.618089395351609783e+00
2.487391648794802457e+00
1.942657141313902214e+00
2.179219866344817014e+00
6.769859057857921414e+00
1.018274653953681608e-01
1.385607673411761498e+00
8.742068286110681319e-01
3.119638083227462833e+00
9.450768678741111595e-01
7.252666525543471465e+00
3.036839825271006710e+00
5.714288683293115012e-01
6.554135650047058448e+00
2.910913572097257429e+00
2.820770828232026073e+00
2.311422162169413097e-01
1.449599595510577643e+01
2.775428831184536982e+00
3.217052576844494638e+00
1.182661256432285590e+00
6.285374205640455791e+00
3.914378903826045697e+00
1.195789025468186439e+00
7.552330513892507868e-01
2.104781502606285937e+00
1.062521593412966325e+01
1.386078188497363151e+01
3.031522136449667393e+00
1.477207678743043706e+00
6.314447434444353746e+00
2.269473060914080076e+00
4.864645385453550297e+00
3.201606703235489348e+00
5.628673796908554294e+00
1.516591095621482310e+00
1.880951247785647240e+01
6.534277875083074782e+00
1.614776688254632164e+00
7.872290531438679018e-02
3.470084710949980167e+00
7.734742135267275387e+00
3.819065017242921467e+00
5.319651571666564216e+00
3.745601201434196170e+00
1.380509384763292768e+00
1.099168598711811828e+00
1.072466447949524504e+00
2.806361071451709321e+00
1.534409438075722854e+01
6.451732139447587500e+00
7.200161677329057486e-02
1.537303501954071550e+01
1.595778732867835892e+00
5.177975572949383931e+00
9.150433052673047740e+00
3.617099273822356409e+00
9.054972403171400730e-01
2.627275514067797246e+00
7.470411964799320792e+00
1.447587339275921148e-01
1.420803171931958486e+00
9.549756702363513483e+00
5.760416470787487420e+00
5.338755881031606032e-01
4.702147209916422987e+00
7.117578841081632079e-01
1.504423179292926072e-01
6.588503921077919490e-01
4.613148993059792424e+00
2.732691701609774704e+00
8.482460371040339009e-01
2.011047885767043297e+00
2.992208463179621081e+00
1.442034515555918261e+01
6.496094750445557509e+00
2.684206968603426890e+00
2.418669385973612473e-01
1.336083146057406301e+00
2.213129875516176293e-01
2.836816156509189391e+00
4.235368973205069221e-01
2.127055225893731638e+00
1.869411885945131857e+00
7.547051077900288618e-01
3.247194382302466042e+00
3.129514155903656114e+00
5.063495243633225895e-01
6.384360353252497511e+00
2.284369677873511861e+00
5.569680755112493387e+00
5.510814548480291286e+00
1.028566276783231953e-01
1.367001297356194245e+00
2.195238384095727024e+00
2.600132952146741783e+00
8.087934438671425141e+00
4.673158514402365071e+00
3.180207475270395268e+00
8.538435908691633713e+00
8.667717143103518040e+00
2.435559562202608053e+00
4.250651990667403624e+00
5.914677760958779729e+00
4.163049212177248881e-01
2.041877762495648285e-01
3.111542446371686310e+00
5.674664234322701617e-01
3.296097410558402885e+00
4.446461207424504458e+00
1.402615218923199070e+00
6.729867246152720917e-01
7.138541529525466167e-02
1.691181918447782095e+00
2.513326189480428408e+00
3.864045968657978225e+00
9.085315264553885939e+00
2.328234149487734328e+00
1.800561718329304561e+00
3.827134456511892768e+00
2.329075911166774038e+00
1.702854765234336876e+00
2.661887251186090819e-01
4.980562712979712536e+00
2.374235939967577480e-01
3.968852531277291984e+00
5.978869367826299408e-01
3.186287743961699337e-01
9.143710197840952958e-01
1.932689782556640257e+00
6.341589417233035597e+00
1.569154868740612052e+00
8.975195777813903319e+00
1.518633481203333524e+01
1.215528191898188659e+01
1.741080828139038195e+00
1.107945272024517092e+00
3.750137566281213086e+00
3.760193219073338255e+00
5.122925023500060959e+00
1.452764779773019876e+00
2.233283956477082555e+00
5.210851231676134176e+00
4.083927958069795139e+00
1.218601834724091892e+00
1.429211642409875527e-01
3.673252700810129223e+00
5.556076679227083481e+00
1.068671423084368932e+01
2.596850246969037546e+00
7.389695416938764083e-01
3.610323992246823321e-01
9.992741415183501452e-01
7.907181591870551252e+00
2.625866398488372333e+00
1.571757631682751288e+00
1.893501671204428582e+00
4.946934301114981891e-01
2.305437993030860166e+00
1.768166469495383586e+00
4.454596410440380683e-01
8.081095962204356553e+00
7.978634244826483091e+00
6.572800199147829092e-01
6.716369057630808825e+00
5.602975527869814565e-01
5.358550905827226707e+00
3.285402340285868972e-01
1.068821831930637289e+00
5.652530766488979452e+00
8.283870094347833835e-01
1.926418681537910016e-01
3.512568162607371480e+00
2.197955476954653431e+00
3.725532706135787464e+00
3.553359341785906622e+00
6.639531837516403634e+00
4.103823855334370663e+00
1.688235923564862961e+00
1.333091847141851582e+00
1.209440460828952268e+01
3.454596914535857266e+00
7.440436555376921390e-01
2.125409507813776688e+00
1.125220447187533601e+01
1.730054085432502475e+01
3.381720551487323867e+00
3.711538473045462361e+00
9.976563063701995304e-01
2.813085209859005342e-01
7.977988141391818555e-01
4.125937203665635877e+00
3.618728597895033872e+00
4.140152106699467316e-01
3.976592837208018150e+00
5.809072774508313719e-01
2.310044484433328993e+00
1.519546085811398495e+00
1.829881073718323259e-01
4.581746838429966218e+00
5.756599744556795129e-01
5.534295607526232286e-02
1.655850783767832235e+00
3.764513504244640263e+00
5.202370573694958367e+00
8.194820831077420209e+00
1.876304038591487711e+01
7.953600428726417704e+00
1.597671055485078151e+00
8.691630096957934981e+00
3.270369945299084757e-01
2.601745478858057403e+00
7.531641411703513533e-01
3.612036848880582518e+00
7.103264433156764923e+00
6.988407379113608542e+00
1.015866987494467111e+01
2.220757220377668872e+00
4.187949683283451741e+00
2.845689107143711816e+00
2.272235691830593318e-01
1.894913511578127929e-01
6.524434856597855159e+00
8.476999994840416219e-01
4.656791406585359283e+00
6.517402223736286970e+00
1.384457836027923250e+01
6.959851659312195515e+00
3.530816238950789998e+00
4.056922187275602276e+00
7.939560941997090282e+00
4.056938362815975530e-01
3.692650301402873314e+00
1.536107545486689929e+00
1.954559795352692975e+00
3.275038786571089489e+00
9.453400502271932515e-01
2.070600695523311607e+00
5.052972478409390789e+00
8.693753664751074695e+00
1.268924273174218298e+00
1.940741946518525829e+00
4.459560790065896896e+00
1.511356677589192066e-01
1.734299808510476826e+00
2.819771474375123432e+00
1.493868951548486257e-01
7.168538375938980911e-01
8.566972392917243440e+00
2.405164419649106211e+00
2.219991347237902701e+00
1.470017104454476087e+00
1.136179991416052459e+01
1.663398704870341138e+00
2.011683737184819520e-01
3.248735624952771017e-01
4.620656202142402691e+00
2.665114439778528688e+00
9.745259493262786732e-01
4.967783429173774912e-01
4.503113854702609942e+00
4.692746137950359220e+00
1.798970676701007410e+00
5.677110193090745049e+00
3.451615655349796197e-01
4.520022359182114258e-01
6.386324832609243884e+00
6.609972208776683900e+00
4.801714555289274600e+00
1.123497662871416836e+01
3.766383258440968884e+00
8.673412651832823617e-01
2.969915733393628798e+00
3.858739253421576976e+00
9.674846210326162321e-01
5.117545953363763500e-01
1.307839971287524827e+00
2.687675616158896830e+00
1.367939249278695923e+00
1.405906503104052296e+00
1.187402651354029892e+00
1.655387786580596321e-01
1.736596728327962191e+00
2.648200290219738795e-01
7.151753241859022836e+00
1.914243944191394542e+00
3.514394159537892470e+00
9.447040638889441233e-01
9.655373400477677004e-01
2.040710916486533133e+00
2.519191985234967568e+00
4.322399410561656552e+00
3.396903314788490835e+00
1.565111216469925903e+00
5.383535639738795453e+00
1.730405074083602779e+00
3.535264771303639808e+00
3.935021085811216679e+00
1.093977714068717910e+00
5.763753477899253852e+00
2.175819872824989343e+00
6.060533345478966716e+00
4.135534069580489636e+00
1.605442333281767553e+00
3.258281552804449532e+00
3.288545720947413376e+00
2.660419215047414188e+00
3.638434900241879766e-01
1.941505018925652859e+00
6.592755153577387617e-01
5.248789166713396348e+00
4.171120903865956908e-01
1.800965466888614919e-01
6.256127129775729934e+00
2.525257482470133485e+00
1.182927126259972006e+01
4.913162648810601496e+00
2.772323172222081578e+00
2.492146460415438192e+00
4.115447410009672069e+00
4.036069162687267564e+00
2.007320393662936908e+00
4.979924926391411377e-01
1.236006157728059307e+01
1.332593447619095706e+00
3.939696815594047496e+00
8.623327680655964445e-01
2.535963136800287288e+00
4.144470012626660704e+00
1.216817726464095806e+00
1.044328313815756992e+01
1.580719061981991524e+00
3.199644325378401710e+00
3.156429533329712989e+00
9.442760271633924063e+00
6.251529459035153558e+00
7.286474782746403811e+00
3.588311665420422791e+00
1.873924531207300515e+00
1.989060549494572783e+00
1.070164535855274046e+00
1.321756477556973008e+00
4.021102486916633190e+00
6.670422314061106306e+00
5.049683185990029521e+00
7.285659406395363913e-01
2.723025285412202789e-01
4.054726825895436093e+00
1.680211869110468104e-01
5.231691704570684553e-01
1.098877847673087160e+01
3.418933492961205189e+00
1.477623341085392727e+00
7.604959394926892602e-02
9.340476953210075095e-01
9.870825310391213137e+00
7.343815825742829873e-01
4.012476838183690830e+00
9.618793562018813637e-01
4.614037168938701083e-01
7.759464324421925241e-01
8.000989763567670110e+00
3.387925006383214921e+00
7.211598041776480450e+00
2.819747408191426441e+00
1.299620783997548767e-01
3.769657627436668434e+00
2.696724885108923608e+00
6.275058414344208302e+00
3.822665631957907539e+00
4.520843382189763948e-02
1.067759750428611598e+00
1.074498266152833104e+01
1.581186674416910964e+00
1.530688557994717147e+00
9.088828798088049998e-01
