3.058073504756857464e+00
1.573966121092812642e+00
1.780038733238803683e+00
3.273012738123024068e+00
2.602376629912652728e+00
2.475477972150526895e+00
2.120658136847902941e+00
1.994287914381716931e+00
2.239556992530014057e+00
6.571112887799760438e-01
2.568122749441168473e+00
1.925114717833719569e+00
2.336102460812283788e+00
3.272128591725623092e+00
2.642757520633526980e+00
3.325582075942710603e+00
2.550061101911861083e+00
3.328585752191201674e+00
2.988383358399909095e+00
2.964439966567005591e+00
1.771020147988186411e+00
2.000164665826864585e+00
2.438770548662314575e+00
3.395166181073299594e+00
3.234359969509292831e+00
3.314131752172599032e+00
2.242945656696733459e-01
9.321245644425363297e-01
2.251200559124201472e+00
2.168114738848256451e+00
3.133708245278167048e+00
1.350130180383141587e+00
2.336247205297798057e+00
3.866017915287069506e+00
1.039800902896235613e+00
3.453220581583204662e+00
1.745971905486088493e+00
2.930741637967512414e+00
2.556150327973162995e+00
3.150665017336563789e+00
4.201707793904434496e+00
3.133745128362373400e+00
2.634239113615473915e+00
2.973197484510615052e+00
5.626766864929065859e-01
2.882568659392942045e+00
1.409760837652766163e+00
1.594018963999980221e+00
2.417190876931551546e+00
2.701444849194680309e+00
2.995612534068925914e+00
1.554999480611116480e+00
3.467267101544450725e+00
2.191628407622641106e+00
1.666415791237389810e+00
2.270460200101409143e+00
3.371083413864408129e+00
2.101884523700833896e+00
3.275899275163455915e+00
3.195037155840536602e+00
4.277679412964990213e+00
3.543530270943720417e+00
2.678226218271905879e+00
3.231957062049879870e+00
3.377939835708114735e+00
2.712235072483519360e+00
2.870932382704547869e+00
2.065022218161028711e+00
2.495305675895877595e+00
3.086880490113339981e+00
1.341497007838579725e+00
1.808570207690989307e+00
2.512608033275907982e+00
3.072064850376555967e+00
2.629767987773273141e+00
3.120779560249013596e+00
3.861117818297748361e+00
3.276533065265992306e+00
2.169018317127949569e+00
2.228676950181172955e+00
5.000958528498107292e+00
1.066100067883154257e+00
4.228605143325284033e+00
3.472851701064863406e+00
1.490961027343035816e+00
1.992253334992398317e+00
3.108264950991402653e+00
2.633756396449891568e+00
4.022015950811810292e+00
2.982957212361776023e+00
2.888736081699634362e+00
2.945037442035275621e+00
1.405586287287947433e+00
2.987931419304384661e+00
3.381974754624673007e+00
2.904392572139172124e+00
4.130956742257320791e+00
2.304991483480330672e+00
3.619291835358050324e+00
1.921713432760082885e+00
3.848433946641202308e+00
2.982969582583503865e+00
2.638821556931108425e+00
1.287139873897081399e+00
3.846360007759206390e+00
1.300672919980761177e+00
3.323040881098712429e+00
8.989397354258715778e-01
2.555720375105232200e+00
2.444075506128043251e+00
2.982083773148364703e+00
1.924468735291158916e+00
1.514284910235327741e+00
2.731198230397201776e+00
2.140078603150711078e+00
1.234417420408530086e+00
4.199266563289074661e+00
2.261363355364235161e+00
2.922399631157547084e+00
3.658645802399013380e+00
3.170636060916286247e+00
8.961180387586343832e-01
2.363357030443425266e+00
2.904376573840751874e+00
5.331490852606510344e+00
1.161117137992266235e+00
2.630297441364838118e+00
2.078862419474472478e+00
3.234362443252362773e+00
2.826735595314421978e+00
2.489991526864115734e+00
2.332951005665557354e+00
3.045591373068317509e+00
2.917622700788974566e+00
2.809310750170128212e+00
3.726303978844672127e+00
1.961785197321749274e+00
3.920627901471263499e+00
3.371070551889563838e+00
2.754662687168253132e+00
3.304392846190250310e+00
3.576230582742327968e+00
3.494100967074819764e+00
2.213694939299467368e+00
4.203939280595180072e+00
3.885954628822192447e+00
3.327440331215143932e+00
2.662651452468573154e+00
2.918821291775182125e+00
4.358928806877639950e+00
4.610648425222138691e+00
1.295882794306181474e+00
2.962031667986994243e+00
2.292092056090062613e+00
2.784371565280284955e+00
3.001620277429463357e+00
2.997826997753434419e+00
2.237790445900338376e+00
2.131007710211803019e+00
1.787177606828399989e+00
2.798360931993807199e+00
1.597472134449759329e+00
2.635434873131378364e+00
1.459664282649643763e+00
3.515753949459484051e+00
3.213776382518440666e+00
1.911150907514144848e+00
1.879140623983638569e+00
7.418769055262555145e-01
1.948026270096969270e+00
1.386632710564004389e+00
1.401748265302598107e+00
2.463098610565569668e+00
3.444151107877422735e+00
4.232354866053575471e+00
1.292134616973828143e+00
2.186007665127683186e+00
2.119465087047488261e+00
2.899251001233668301e+00
2.141190685574720920e+00
9.620515249287184822e-01
3.495553940132066106e+00
1.327033112080973742e+00
3.606447839400118482e+00
3.836878810949508889e+00
2.612032520699002713e+00
3.554478105981394354e+00
2.105990563042209995e+00
1.969439461611623976e+00
2.459697725457948625e+00
1.983481317300478164e+00
2.482420421491616125e+00
4.422029590059893600e+00
6.501658301836568121e-01
2.522577653931756814e+00
2.007124261432130741e+00
3.562669989733726617e+00
2.940657601651461395e+00
1.543385475804566198e+00
9.577215226115561864e-01
3.106592064684532861e+00
2.260700942283905501e+00
3.903734504315672371e+00
3.503612779610497441e+00
4.819049053350536127e+00
2.358146801837193607e+00
3.556143267298325306e+00
1.398500589140151629e+00
2.703421048891879508e+00
2.598492113703830153e+00
3.884905869158368663e+00
4.049525539136472396e+00
3.791100500291909370e+00
1.542796261180010342e+00
3.534609538107692739e+00
3.256565798648855203e+00
1.310122610942819676e+00
3.648591023603907413e+00
1.248861524543855683e+00
3.821655291430584356e+00
3.959119786094693616e+00
2.455311964882687992e+00
2.633846004137415431e+00
2.469326966514847399e+00
3.659892657949288086e+00
2.532988749735698430e+00
3.530555810960703589e+00
1.093765345467872852e+00
3.684288414895028563e+00
3.619172253934712646e+00
2.482838500621884936e+00
2.288332009536887313e+00
2.195552865304057466e+00
9.614739573170962839e-01
3.895612397868506438e+00
2.280297365087445627e+00
5.069115452543028866e+00
3.126214258914166155e+00
2.184318961752018673e+00
1.627939405933330308e+00
1.441487805670077060e+00
2.836316236673692259e+00
2.120895163605684086e+00
3.021430080109116734e+00
4.971608340720520935e+00
3.609847152876170640e+00
1.692696647518112441e+00
1.319929276080646474e+00
2.717713890219454420e+00
3.871849521649161741e+00
3.440872263282757526e+00
2.906882109719387541e-01
2.479368586140578312e+00
2.458189395916317466e+00
3.792765869825508229e+00
5.209569564940808029e+00
1.656493918226230155e+00
3.356216451978184967e+00
2.303244537096339695e+00
2.724169804632127878e+00
4.113549591094170843e+00
2.346922693347358368e+00
2.242999762076641979e+00
2.752512278045736061e+00
4.471508680934546121e+00
1.848107881518251450e+00
2.614941497037257090e+00
1.889783723116292169e+00
1.884983664193523811e+00
3.803563293786377031e+00
1.803096370190986564e+00
3.224865929548923038e+00
2.415630253623435308e+00
4.841830464508368514e+00
4.109025428441467120e+00
2.209591711497473021e+00
3.280631210423251787e+00
2.717297393519859661e+00
2.206116432968419083e+00
2.459816435549876168e+00
2.788706053406158070e+00
3.997157212114007319e+00
2.307811136787552897e+00
3.089001734043548719e+00
2.253977401042774442e+00
1.973985992323814775e+00
2.613802366751317052e+00
4.176453710808306852e+00
2.319816772515570502e+00
4.692220583625737795e+00
2.571725356677102781e+00
3.181825517608408926e+00
3.344460514271026863e+00
5.377450795370094738e+00
4.400981325867429739e+00
2.729789426420710985e+00
2.878989704897146673e+00
2.390879338925117281e+00
3.119742582938627606e+00
1.644792591845029017e+00
3.470540858460616107e+00
3.160161023327741514e+00
1.812306841480936237e+00
1.695473785639552089e+00
2.825936255572478739e+00
1.943754561492205379e+00
4.168595928218204349e+00
1.378894450084180878e+00
2.359323969606100135e+00
3.302576766002014885e+00
2.514356922392882776e+00
2.734825820449471312e+00
3.458113691264450118e+00
3.494016180053242326e+00
1.380238613399891179e+00
2.142230396551857208e+00
3.104796312490146981e+00
2.864497585319873085e+00
2.525112161607806716e+00
2.945910957090204452e+00
1.571624682511938431e+00
3.975853110989393535e+00
6.874093041459038433e-01
1.726902770470688520e+00
7.551130543789015270e-01
3.219520185608567786e+00
2.976973291196185478e+00
5.506518637740060562e+00
3.965252206329660911e+00
4.144266240537398893e+00
3.650514228009156703e+00
2.445087920895899547e+00
1.659688561858079670e+00
2.730627312460940370e+00
3.715420072111180083e+00
3.545714069422058135e+00
3.214702982406644427e+00
2.949230862088846994e+00
3.320189223857227923e+00
3.731343506505808261e+00
4.712565499721982576e+00
3.866851891693229959e+00
1.764601580478282861e+00
4.577186217183979444e+00
3.286281935088466444e+00
3.983370720379345364e+00
2.898664119524391403e+00
2.878432863827098842e+00
2.606759800047430353e+00
2.494447318845062433e+00
4.149781112221508472e+00
2.251965676544265271e+00
3.604585867177610314e+00
3.216568860142865027e+00
2.198776594371527171e+00
2.361777963424954496e+00
4.039364319607962273e+00
2.050406703513181661e+00
2.742277138792172497e+00
3.713057200405249336e+00
2.638260428611057140e+00
3.333592998800850360e+00
2.537856236386100139e+00
2.773295872674380824e+00
3.712477006459360851e+00
1.808539085054356566e+00
4.832026647434216393e+00
3.910692902968252227e+00
1.885885012240290814e+00
3.140375006886135800e+00
8.287244557096467013e-01
3.491244053906561451e+00
2.417314685392128570e+00
9.889197640696936187e-01
4.758119236443113742e+00
2.992388637047816768e+00
1.510599231261243958e+00
2.266474241433553249e+00
3.038289387788009943e+00
4.833846804053830937e+00
2.536149966751399809e+00
1.517943443954196336e+00
3.632750960154266906e+00
3.513725535746711426e+00
2.985202642243808935e+00
3.921934318604978209e+00
1.772500711690601083e+00
3.643553420162950029e+00
4.027081745768514409e+00
2.186908453850055167e+00
2.575324804628049247e+00
1.472503113278584852e+00
3.123597411628630915e+00
1.239336909541849829e+00
3.521075650488447728e+00
2.930700727619797608e+00
1.066684687780131258e+00
1.772011160691370213e+00
1.807365517928264831e+00
2.966161844673612435e+00
2.370018181801086143e+00
2.716917554384152389e+00
2.866081045057125021e+00
3.606457781587800948e+00
2.168563684037359440e+00
3.785486419959863014e+00
2.573945892761171361e+00
3.119816828420861388e+00
3.390136116173884329e+00
1.379664907226640702e+00
2.917571624231908078e+00
2.449474245241772152e+00
4.114744448417979150e+00
2.161990902008617432e+00
2.498279248677444109e+00
3.101580685748058563e+00
1.673696660645733525e+00
1.675784877251855987e+00
1.824042026029364161e+00
3.442617316930211668e+00
4.080937352546857966e+00
2.833489332567754371e+00
3.240901494706001085e+00
2.951001838783297249e+00
3.330721106607310578e+00
3.183545047585179866e+00
2.625515471390837963e+00
3.818566983576937357e+00
4.112283297815766403e+00
1.251999241267944818e+00
2.960393653515678736e+00
1.991445889180030848e+00
2.634628601096593581e+00
3.064567857888379709e+00
4.223103623329762080e+00
5.171660744520760744e+00
5.724598744456770305e+00
2.448434633257640769e+00
2.774930221104454198e+00
3.926290218847480862e+00
5.009228019920126229e+00
2.728684543287783093e+00
2.382737660436256899e+00
2.817582065048076068e+00
4.938884958698328553e+00
3.883940111642526727e+00
3.669169421800376085e+00
2.489216934863152542e+00
3.524947271235430613e+00
2.687792563914087829e+00
2.399801548387012762e+00
2.328326689316962739e+00
1.761326838215540036e+00
2.990001548803077558e+00
2.479217651430017710e+00
2.465985515973015296e+00
7.377165762648754677e-02
3.433435175287801400e+00
3.400953095730719689e+00
3.969554620775140652e+00
2.181307263455733558e+00
3.675827895330725514e+00
2.474871829243694865e+00
3.126453570472736310e+00
1.474085452351282965e+00
3.867367415673103270e+00
1.334895281197506778e+00
3.372525802123847782e+00
3.656081769979862450e+00
4.041395350669883868e+00
3.310969803260190858e+00
2.327599470861549058e+00
3.198436323870460729e+00
3.233953464683242185e+00
4.034088809318467028e+00
1.598542506239488015e+00
3.082139705554435949e+00
2.489257974575239452e+00
2.274468844450618032e+00
2.533659105769451081e+00
1.989685173403542562e+00
4.020504407352079035e+00
1.438115425061704089e+00
3.937141198607689851e+00
4.904800754295169929e-01
1.987179022028349618e+00
3.407650508845337711e+00
1.244411112021589716e+00
3.021246730117027379e+00
3.484432065488228591e+00
5.734713919341963839e-01
4.253473143667730660e+00
1.297736642809310670e+00
3.225140812740595386e+00
1.614553583863220787e+00
3.256176981956720784e+00
3.983539687641241667e+00
4.052434357276037957e+00
1.561929280819287058e+00
2.658577032364985104e+00
2.137982409768822034e+00
3.309514959255894340e+00
2.796836396572844219e+00
5.121691707138801064e+00
3.439487484889543811e+00
3.955728207410461383e+00
2.524927448974808364e+00
2.250703864523720288e+00
3.401709169913959219e+00
3.696063194011822706e+00
8.454096945625892978e-01
1.655755298715613444e+00
3.221141461449533949e+00
3.364047548104029062e+00
9.873920261609571147e-01
1.828903561235952546e+00
2.848409903962798584e+00
3.878104203047144427e+00
3.186031289385208964e+00
1.493642792906642702e+00
3.653102146346588697e+00
4.278565709733299194e+00
3.160225025545755795e+00
2.636208512340839860e+00
2.630808309064707196e+00
2.487388226479714248e+00
2.004701062852688676e+00
2.098262527761471929e+00
2.098647221866811297e+00
3.099744336575485981e+00
8.458843353655192132e-01
3.843010332174253474e+00
1.590556068452973149e+00
4.148820088419072682e+00
4.302778216351157425e+00
3.967202654802661321e+00
2.581565197602744277e+00
1.897133961156461046e+00
1.850653123608582140e+00
5.265990149641071483e+00
3.112620882277752798e+00
3.128355745050560799e+00
1.084804301552813266e+00
4.427675173348028181e+00
3.560138691321557136e+00
4.467273208726202149e+00
4.212065049846539289e+00
3.470435618997655070e+00
2.010269073881287838e+00
3.153966277821439679e+00
2.855091104204064312e+00
4.044032283170098552e+00
2.861686912665573956e+00
3.223131917673427882e+00
2.257546364384989346e+00
3.018151535174701028e+00
1.497910292079407180e+00
4.013522841906532079e+00
4.040265685526523320e+00
1.254000802735113496e+00
1.858115259756493165e+00
3.909417201378727835e+00
2.538625980978035379e+00
1.459826337718474143e+00
1.353973799044512871e+00
2.854446070232982358e+00
4.121795152387683459e+00
5.674746561148876767e-01
3.576117571938604023e+00
3.176272057299039719e+00
1.614478024326523098e+00
3.244210340327381648e+00
3.770455542758813561e+00
4.367365758842292500e+00
2.431194505197871170e+00
1.756462194411502864e+00
4.717202465366118425e+00
2.819653378401995258e+00
1.903544232797973690e+00
3.404256373682733816e+00
3.132040837863330207e-01
2.020440302804086041e+00
1.981406868384536279e+00
3.568119665365133475e+00
3.559473522886996921e+00
4.163612581161094894e+00
2.372854626068082506e+00
3.512846321741478040e+00
2.572105768059829600e+00
2.314526029017671238e+00
2.226627631440852628e+00
4.026296803260685842e+00
3.371268518846210482e-01
2.176148140891349669e+00
2.981831406207678725e+00
4.103365907390718270e+00
3.407538240539464969e+00
2.859061599116633268e+00
2.644584424051431792e+00
1.625416757120470956e+00
2.824504474870295212e+00
2.870977686992862488e+00
2.354375358009440422e+00
3.445878243178968070e+00
3.197163959451198689e+00
3.638485398688472205e+00
2.944085678304541709e+00
3.932941898307623863e+00
3.795400740312831367e+00
3.004605173840497745e+00
2.354285038726585011e+00
3.230454259792626459e+00
4.020556511933749633e+00
1.511259003783259836e+00
3.539634594263795453e+00
1.621601978231776764e+00
3.110947175766672679e+00
4.925838015113023438e+00
1.265966871112502945e+00
3.313224512639485475e+00
3.277834376720391241e+00
3.003327802894678822e+00
4.186842070595891308e+00
1.546228208909370405e+00
2.099066225592837398e+00
2.142354968639148094e+00
1.965522675970909905e+00
4.139913565264786932e+00
2.640370989742591767e+00
3.002127912733585813e+00
3.644398578612280115e+00
3.353016550862725431e+00
5.103705946779420799e+00
3.810779518764492391e+00
1.905806631547358077e+00
2.420484088512176779e+00
2.974859944411376578e+00
3.261418109404343735e+00
3.130894956571919963e+00
4.566024911119012764e+00
3.094331917724485681e+00
2.892959405037885290e+00
3.039136773997200613e+00
3.409457663600626187e+00
2.019648140553184756e+00
2.828260336805070274e+00
3.265938310752686036e+00
2.516595700775001276e+00
3.593583404947372273e+00
3.662979743239821229e+00
1.894854908074411703e+00
3.594090796606292049e+00
2.857640945537757382e+00
3.452036568392532256e+00
8.193015438100423875e-01
3.032062439751859184e+00
3.121411200445549650e+00
3.663503270510590770e+00
3.519317932352864275e+00
5.129412551068384118e+00
5.853642980558576348e+00
5.078470673242065914e+00
2.068355391531538245e+00
1.699644316013126932e+00
3.647841588722402939e+00
2.435979221169481068e+00
3.007478445544496282e+00
3.265008693838713061e+00
3.973326546317056618e+00
2.067308880760656553e+00
2.692464126274875635e+00
1.078838714436682666e+00
4.965591546112154475e+00
2.538377940746224137e+00
2.018735665702314108e+00
4.591096783418747052e+00
5.009347095761108370e+00
3.535043189229913008e+00
2.989289539707502552e+00
3.066222868273180246e+00
2.876817942882183399e+00
1.945573951477666430e+00
2.077383462951109205e+00
3.186591305816838915e+00
2.387566742721393798e+00
2.766505761559844956e+00
1.876368857078944075e+00
2.664654991464297407e+00
2.781985066784112615e+00
2.268056283434285447e+00
2.390714232083659407e+00
3.166786445533106509e+00
2.316957977030331239e+00
1.851209794350305637e+00
2.748665546104887447e+00
3.975169797937736060e+00
1.715452665599986659e+00
2.980096129093087409e+00
3.594348234677358533e+00
3.130031725920312091e+00
4.312655941509681234e+00
1.162566052856107923e+00
4.244623864444032613e+00
2.710932750916754674e+00
2.830799366161103947e+00
2.341310267270528378e+00
3.270195169385027523e+00
1.622910945963266238e+00
3.188252664695867100e+00
4.249594343695772380e+00
2.618744056249302954e+00
4.260505481944777628e+00
2.919305767151772368e+00
2.664506680946422179e+00
2.349999735133261325e+00
2.343772072115657412e+00
3.410091253501593034e+00
2.190209922280245358e+00
3.396893569538719237e+00
3.345838762230676000e+00
3.355200402419071359e+00
3.126096836855480898e+00
4.231252512176596703e+00
1.887879885505532762e+00
1.030953698397825136e+00
2.339230649856932409e+00
3.827954764593187953e+00
4.936052926225888093e+00
2.207977471862900831e+00
2.281792410833772156e+00
1.807127968044260680e+00
2.543433133695651716e+00
2.504078240548737178e+00
2.693789769191116790e+00
2.604486610326805618e+00
2.400090671572034040e+00
3.627713578194909694e+00
5.242191824458148020e+00
3.575279900003301314e+00
2.951405620927511464e+00
2.254631971311304994e+00
2.480293547830605405e+00
4.699174223800182126e+00
1.899983163883212978e+00
4.556845170676879775e+00
4.042818193955693751e+00
2.864585345200171496e+00
4.219012191403654910e+00
3.825330208172682767e+00
1.937247444404051944e+00
2.974990815142615652e+00
3.433290474155593408e+00
3.702992397788227752e+00
2.899069520025780999e+00
9.444188309383424462e-01
3.019544869064915815e+00
4.225831946697751640e+00
3.990802266879636129e+00
3.058068032503594047e+00
3.381731785658362188e+00
1.552329648208674362e+00
4.087188213869715092e+00
3.708551164367082542e+00
1.023801213643479535e+00
2.868689311937361985e+00
2.782691637780848826e+00
1.988423385308853319e+00
3.175540144567517320e+00
5.253443969319425477e+00
2.341558823540434542e+00
2.369659009005819605e+00
2.543125444442497329e+00
2.728982113079308824e+00
2.288351673246233453e+00
3.148064620288509197e+00
1.815580707288607432e+00
2.161821603572179562e+00
4.016657632772592024e+00
2.716505854471461756e+00
3.332239699022663704e+00
2.131077666709818796e+00
3.927752422536644250e+00
2.326844139191690530e+00
4.123084940610301175e+00
2.993301386534662711e+00
4.074604331875442575e+00
2.069855477125687404e+00
1.057599713065899838e+00
3.237690542629740431e+00
2.587086101974597874e+00
2.599111932302439865e+00
2.462666468870555736e+00
9.929869985968212687e-01
2.547074819199255824e+00
3.342640121336275971e+00
3.494378432095377462e+00
3.777280324217691998e+00
2.851641260696047286e+00
3.327915146698373849e+00
2.886303243796180862e+00
4.918823353610744853e+00
3.493228740461165049e+00
3.326934789290638239e+00
4.559160819595926561e+00
2.658720297460058113e+00
1.412986752815949432e+00
3.800579188515795348e+00
3.504527060318619824e+00
3.789292010610641803e+00
1.993852085146665676e+00
1.701470154567873649e+00
2.416244272758435230e+00
4.460448861572767321e+00
6.313746044919149369e+00
6.480639420811140639e+00
3.150698642332320887e+00
3.173877628321779110e+00
2.636897732089498625e+00
2.228719327696154107e+00
5.251079675389908274e+00
2.157241692548846415e-02
5.322305964229381292e-01
3.786518434116296739e+00
4.151266804911608155e+00
4.004108882812309034e+00
2.487909916484778883e+00
4.771302696508660901e+00
2.170269742061668783e+00
2.197373285067914239e-01
2.223244759846680019e+00
1.673066741172705374e+00
2.802231756890593228e+00
4.190043828401629256e+00
1.643106389467527517e+00
3.097845877344144849e+00
2.541281496888418090e+00
4.243896066924353505e+00
2.449344155980738957e+00
3.910817490031103905e+00
1.709933285847272444e+00
4.042673922333403169e+00
2.976502036662475259e+00
1.631363234827900577e+00
3.200206421623042807e+00
3.254225752245170966e+00
2.653318358720304193e+00
1.174158618507707308e+00
3.617402555314644275e+00
5.601705329556251556e+00
2.593984670113333113e+00
3.500835357865340391e+00
2.078287135518038120e+00
2.733575862435679849e+00
3.707502282000864735e+00
3.358292708648671354e+00
2.229890308628962980e+00
2.091106813901111749e+00
1.967054459294523827e+00
1.911971228425930036e+00
3.561935215062215221e+00
1.631007892126369319e+00
2.568026993891590504e+00
2.414010065153332718e+00
2.007496165092830687e+00
1.964734420533050807e+00
3.697697700751179095e+00
3.282971987825149984e+00
2.464469734796542522e+00
2.927457174786626037e+00
4.067663820899090510e+00
2.664694371812101892e+00
3.452607441197604210e+00
2.979869363613112832e+00
2.070416866064107797e+00
3.330670265285777809e+00
2.103105865846387257e+00
4.943094184914335720e+00
2.065347621138323486e+00
4.213437899427381339e+00
3.040140110721880617e+00
3.854021852441507523e+00
1.215009630584342970e+00
4.556120425630913573e+00
3.110929739681233652e+00
2.372378401863296293e+00
2.683189156414187870e+00
1.377732056279217687e+00
6.966999442943716536e-01
1.799644327744741368e+00
3.263282444527522586e+00
1.893516325678800349e+00
1.402464037639675531e+00
2.737381792083420251e+00
2.263668991183379831e+00
2.602411586622599859e+00
9.554383253960336830e-01
3.190023860377046105e+00
4.317402123553118365e+00
4.243952573200497014e+00
2.321592261421626446e+00
2.707359964819589848e+00
3.960361952066585367e+00
2.409464923907287837e+00
3.697122656235938276e+00
8.852207219981678143e-01
2.981653831544475608e+00
2.728403186871492192e+00
3.181259167105649599e+00
3.425389040014864328e+00
3.054966827582476174e+00
3.525698217046681293e+00
2.626045755209923893e+00
2.050719844423534610e+00
3.091605779153514089e+00
2.794964320867156182e+00
2.286389985680928216e+00
2.852555796973867519e+00
3.034817024194270907e+00
2.880347185981079416e+00
4.519987661118842759e+00
3.342980434433539205e+00
4.083975576642402849e+00
2.160665889682121144e+00
3.892544559729691933e+00
2.113557772074705188e+00
3.734746707799630361e+00
2.598399384874875206e+00
3.431610358432463315e+00
2.878643552661189986e+00
3.635829710086525779e+00
2.289758940998063430e+00
2.123275942703685804e+00
4.657106866162492587e+00
1.366149527243200712e+00
2.923972363337024927e+00
3.411630031312756550e+00
2.242384363473434394e+00
2.076832495208119855e+00
4.192664309675088852e+00
2.344161511781848617e+00
1.406018622371788540e+00
3.549423224956667955e+00
3.603067332215723173e+00
4.273866115728045756e+00
1.696946879613751014e+00
3.396441519563643485e+00
3.908847668173354162e+00
2.908455457554348644e+00
2.418145147659675143e+00
3.207488105722862137e+00
5.973608926170843603e-01
1.917215565739612604e+00
2.166261210724014230e+00
3.958856009678841659e+00
3.100919156870791671e+00
2.239399428577261819e+00
2.374125383033121484e+00
3.984559515162338084e+00
3.228321185072799970e+00
3.884148314142586766e+00
3.878515064600942974e+00
1.804833062084953754e+00
3.659442480575224810e+00
3.689389172936836658e+00
3.028069661022406489e+00
2.004467462876232453e+00
2.672034978973830910e+00
3.033575764401583275e+00
2.704165147149000692e+00
8.776207534757441975e-01
2.961515829510775522e+00
2.458407509541974179e+00
2.247038099975785741e+00
2.596501482169847552e+00
2.704221080792660992e+00
2.990809007615443438e+00
3.984649455703839216e+00
3.282192729565019285e+00
3.013023474527589229e+00
2.394959298325927133e+00
3.212239874612333512e+00
3.500084949987976479e+00
1.428762126636407004e+00
3.288233697399205901e+00
1.611117815981763624e+00
2.553833537335346904e+00
2.791520381389700489e+00
4.000547321116109778e+00
1.485047961370185909e+00
3.439699981091961067e+00
3.073052182998770476e+00
3.787521623742206689e+00
5.481774049863722409e-01
3.097924355823531872e+00
3.068719042069258940e+00
3.671138233282118080e+00
2.294219332575778925e+00
2.801163001126409480e+00
2.889484120114075516e+00
2.017858431542069120e+00
