1.981331109004687363e+01
1.066117970693292172e+01
4.950126040666966531e+01
2.982436806130492002e+01
3.427432652695193127e+01
5.357635057181452964e+01
3.968055735277488338e+01
2.774314055162062331e+01
3.610323081631776887e+01
2.265810342414630085e+01
4.677813439584384980e+01
3.276142064039186863e+01
3.113175235879488056e+01
3.450958538204606896e+01
3.578227872201917847e+01
2.649672130113762236e+01
9.806877537630498409e+00
1.638046612504648536e+01
3.816260625753599101e+01
2.801748607781976474e+01
1.628349346969530131e+01
1.788674318493599102e+01
1.685217785002724256e+01
2.307650288085416079e+01
2.612652429918952990e+01
3.480112348081645735e+01
8.591886177061631713e+00
5.212409318530492719e+00
1.801851938177000179e+01
2.537929503829005995e+01
5.865286819401730156e+01
4.907024162549969759e+01
1.330200930698469719e+01
2.872975338148289026e+01
2.923627321289517766e+01
2.760456156634976210e+01
5.855393786365969078e+01
5.040700995097542148e+01
4.407002002791598727e+01
5.878383825017549213e+01
2.787186332305634551e+01
2.466673026574700955e+01
5.239899388062767827e+01
2.012717063490442371e+01
3.492706719768533929e+01
3.112620701419233527e+01
1.132993873404178764e+01
3.213178567426133014e+01
4.001915943205280968e+01
4.277921822460915990e+01
2.212277372075322646e+01
2.818270859784118798e+01
2.414995660269183730e+01
3.423821221075735366e+01
5.220091253999875391e+01
2.849819498533681639e+01
3.697456719493944632e+01
1.551053857490637355e+01
2.597234398424379620e+01
1.110257406326448226e+01
1.220839203963954667e+01
1.988585194870839246e+01
1.350186860664783417e+01
6.344987744586400424e+01
1.694337206565711895e+01
3.669216696688443591e+01
6.000355561702905050e+01
2.352287841620948683e+01
3.471273132859045774e+01
2.076802350136852127e+01
2.666588148620076382e+01
2.807351143853262698e+01
4.667877768088283830e+01
3.529018785386552537e+01
2.320973406649406456e+01
3.482737683830098074e+00
2.194038006670234253e+01
2.984259735795962953e+01
2.308779187359453999e+01
3.549850315135379475e+01
1.304479202811951311e+01
3.521771382762721458e+01
2.007299044475330163e+01
3.110213095968538610e+01
2.291941657724578363e+01
3.560299726624021588e+01
1.338749748587234834e+01
3.177853032321451821e+01
4.794954536489549923e+01
1.622508931672741284e+01
3.365872562714573490e+01
1.189666600436350841e+01
9.425734148984949101e+00
4.002716238638790003e+01
2.648832860351427243e+01
3.381229323055139702e+01
7.969919452426233342e+00
1.646227043771916954e+01
2.457645735929435560e+01
3.367426016516903076e+01
3.150012832560627274e+01
2.824420898052133566e+01
3.821677336162304073e+01
6.533882790344223146e+00
1.834791954250534829e+01
2.678513173477854536e+01
1.460825643800883888e+01
3.671895299951417257e+01
1.503021084143336594e+01
3.239477115948756136e+01
9.004688295953538812e+00
5.345790627509977355e+01
1.674058465393368422e+01
2.618575152120856231e+01
2.965026741674148525e+01
1.948998686221289489e+01
7.715966084117879653e+00
2.842214141529832006e+01
5.100605747397442258e+01
3.808104594776238372e+01
5.112879247815286021e+01
1.805251920865221749e+01
1.888835416060518568e+01
2.524730728775660182e+01
2.467400498238357187e+01
2.920086811622180178e+01
1.546333955312947239e+01
2.614948173703221812e+01
3.017997198912475199e+01
3.164672353622122714e+01
3.725021238411699898e+01
5.465078158303404265e+00
2.127883376556186690e+01
1.418955351172423640e+01
3.138531002868485942e+01
2.714283955512514268e+01
3.554194476776068257e+01
2.857002281084329098e+01
2.618007799253543055e+01
3.462357927044115513e+01
2.362894042574903253e+01
3.787204508247423007e+01
2.175291454361110866e+01
2.808342664309657266e+01
4.352959407487515620e+01
2.305327696755643530e+01
3.310053824088468843e+01
1.330135373232784701e+01
2.040048791504840153e+01
1.734140123233983743e+01
3.286002630908060951e+01
1.686259736911007678e+01
2.279633763837345128e+01
4.323827339210161824e+01
4.039783450974258727e+01
1.308487186033529426e+01
2.999383593287077687e+01
6.080107378391307549e+01
3.419757087642316407e+01
4.299115196814280182e+01
5.201003458198240281e+01
1.932607076041325200e+01
5.467057775767158745e+01
4.419693038938434171e+01
2.609535187705075288e+01
4.588210380619469220e+01
5.238215452677421524e+01
2.245822431612009140e+01
3.940032953698555218e+01
1.620047149499255923e+01
4.619292665004032017e+01
3.426770596113632195e+01
2.306339445457324899e+01
3.245748563419502375e+01
3.738951892727682491e+01
2.834987956864587488e+01
2.706129972113080839e+01
1.930481684428905353e+01
2.109041666778261614e+01
6.735866501570252751e+01
2.932135186200210342e+01
3.648966617441135440e+01
3.408112489499593067e+01
4.844020646398605834e+01
1.675813663334253079e+01
2.511860466531603109e+01
3.148158525101890959e+01
2.376573891835369778e+01
4.430706108033846391e+01
1.705149550887159293e+01
3.157738151605593302e+01
1.601374747390402220e+01
3.652770147986291249e+01
4.065811408006806715e+01
3.333758274262127941e+01
4.230639314757485181e+01
2.708965014275776895e+01
2.961483576241004201e+01
2.967212879753596511e+01
4.211864503096245471e+01
2.879928363247148582e+01
9.493307277758020746e+00
2.388954248254172086e+01
4.120376217270539598e+01
9.741815784830935243e+00
1.618297015907447545e+01
2.120721822932887335e+01
7.805992847607626572e+00
2.940571783545932760e+01
3.287294345628695424e+01
1.122948013038212700e+01
2.201234162609778267e+01
3.177484998835937091e+01
4.600989739275310342e+01
2.209887424089386698e+01
4.637350247553372640e+01
4.522123362955141346e+01
2.506329285114273020e+01
2.441495552359845078e+01
4.523825235194939864e+01
2.218933638681434317e+01
3.810007300668779351e+01
2.605574939301676451e+01
4.347989717513502228e+01
2.003905604921427752e+01
3.451725876328750076e+01
3.620586439932927192e+01
2.633499130179959735e+01
3.262292487001413832e+01
3.386727361874697806e+01
3.648743838804786321e+01
2.424647235478630947e+01
3.443040606477377708e+01
3.939087156153559022e+01
3.881411005162706118e+01
2.798293901201941125e+01
2.467938680590042821e+01
2.240350573834262704e+01
1.854000999122130011e+01
4.265875785763657291e+01
2.188917953207853273e+01
3.954421878529119994e+01
3.682687760226995266e+01
2.241671171293423015e+01
2.973670409727960617e+01
6.055705742054200869e+01
1.074327575025738035e+01
2.733415077258284143e+01
1.624466464037798730e+01
1.635759905974575901e+01
3.941269456399971460e+01
2.144413696752592813e+01
1.338002827815130047e+01
2.916159129375520465e+01
4.495509323815380043e+01
3.234135537630244528e+01
1.881734956534549141e+01
3.500986289121853900e+01
1.992055496816237437e+01
3.569949196917090717e+01
3.442060241556694677e+01
3.754951512719592444e+01
5.277177482438307266e+01
2.644288766997755857e+01
6.662440021665757683e+01
2.510619004006203880e+01
2.829127501020759183e+01
3.567052128751998907e+01
3.294777698240515917e+01
4.080890424848676901e+01
3.030263589871020713e+01
3.243131296113051576e+01
3.392403496570188537e+01
2.464246914073158123e+01
1.472464454984432081e+01
2.174166844879870553e+01
8.705955103549337437e+00
3.915786227731346969e+01
1.963147978909343294e+01
2.697990631688587726e+01
3.953144791027255422e+01
3.019267002235981678e+01
4.081907194919019588e+01
4.067807580919649979e+01
1.601454074627952906e+01
3.349342144766521301e+01
4.023276349523381867e+01
5.080514584348615870e+01
1.224900358711829540e+01
2.467578415136887315e+01
3.553261994461472284e+01
2.242681365592425990e+01
3.101294382876753986e+01
1.745089788534325947e+01
2.479793207698778090e+01
2.281539179248124327e+01
4.060592742125519905e+00
2.273827978669429584e+01
2.304146580870449057e+01
3.557695265228894499e+01
3.388367228806115605e+01
3.568515203657450030e+01
4.534075075785595743e+01
6.603513538066640365e+01
3.657844803519979848e+01
4.447592259331054976e+01
1.987982463852106463e+01
3.325631878214175430e+01
2.441951279570443845e+01
2.674884963927654624e+01
4.229260429811159128e+01
1.886671847101399635e+01
2.290819762059154030e+01
4.557206585563092460e+01
5.597965731444497217e-02
7.719900900000548738e+00
2.637656019533436691e+01
4.651199731264095050e+01
3.449647525300771633e+01
3.088898556675040297e+01
2.127196258662729988e+01
2.776831507263893428e+01
3.281794501691921795e+01
2.018102874433951754e+01
2.857832427295565481e+01
2.529549120174385379e+01
3.616594504061872328e+01
4.228419673615849206e+01
4.607179996563039026e+01
2.745017836978184533e+01
5.419315871218739744e+01
3.203318255700219908e+01
3.514774533749347540e+01
1.014996790876923249e+01
2.242058274634835513e+01
1.912457149807304901e+01
5.073290974943624576e+01
2.446059260689538917e+01
1.237618404393264981e+01
3.515984029532337019e+01
1.430952937941659897e+01
2.834519402789385367e+01
2.728789945010918316e+01
2.830448785775745790e+01
3.690235932913213190e+01
3.665001206308988912e+01
3.132153620403143535e+01
4.677114033270473925e+01
1.785938271146361700e+01
2.019321566417158920e+01
1.523500701015712266e+01
3.718411901210634340e+01
1.688573018848353868e+01
2.875557277756105279e+01
3.577460576127099756e+01
9.643915158578595381e+00
4.659471323159679912e+01
2.432696370064948965e+01
4.403550587199263333e+01
4.384303896368383846e+01
2.531762766792948582e+01
5.429750968215157059e+01
5.235966298180205314e+01
2.004997841083162058e+01
3.073451818886795195e+01
4.634753041148027108e+01
4.030702091581886037e+01
3.715897796979615464e+01
2.677220707224498497e+01
2.445951477649850148e+01
5.158613226541712748e+01
3.564542627345122838e+01
1.095320778835971964e+01
4.032529386660918647e+01
1.739983758823755622e+01
3.806616905092356262e+01
3.521130382718069285e+01
1.871122472084389088e+01
3.222864199104014205e+01
5.379988655146070897e+01
7.796189874232372752e+00
2.709088237171470936e+01
3.212493385613802843e+01
5.312375416139391859e+01
3.534294023497805881e+01
2.805149316156584405e+01
1.811327062106647645e+01
1.255626004908078563e+01
4.995906888402247858e+01
3.659030857095952882e+01
2.696716202607122526e+01
3.069419393834082044e+01
3.995719271562802533e+01
5.336592152295042979e+01
5.822849627796407646e+01
4.294565512307987376e+01
1.221350704541445431e+01
3.276972147628344345e+01
6.378943966739251792e+00
1.904106760406902410e+01
3.600751319489057778e+01
2.148935930697488317e+01
3.534432435284950458e+01
3.013561659341912602e+01
2.991602231282651658e+01
2.353697284242667465e+01
9.058266706835517823e+00
3.564179701411594436e+01
4.879644018555281804e+01
1.123940056179981539e+01
2.722640690747758185e+01
1.463299635965298862e+01
4.657180255780236422e+01
4.036468032661533556e+01
3.227296291762777258e+01
3.186526448486107199e+01
2.064867801939559300e+01
1.130174182352366330e+01
3.113186395116180805e+01
2.975226160174496925e+01
1.112091112694843531e+01
2.761270615946096285e+01
3.528241691044866712e+01
2.107061814438562308e+01
2.384960637877551548e+01
1.590469277895214262e+01
2.001549689789409214e+01
6.408621689086793083e+01
3.437331262047592162e+01
4.867711728387558878e+01
2.701798387945273561e+01
4.644760298096339568e+01
3.961084101918243050e+01
5.267877299409900616e+01
4.857218633936390262e+01
2.434732689360136959e+01
7.875702840130284876e+00
2.589257077813934060e+01
3.903772098368414589e+01
1.924574564722538739e+01
4.100231279682908081e+01
3.193726487970588579e+01
3.316774726635064496e+01
2.871350705598500497e+01
3.177505880523236570e+01
1.886617460921947043e+01
1.878832165082438621e+01
2.467730909303312004e+01
3.203678779981092362e+01
2.470991578891406704e+01
4.757040635297600772e+01
1.706864165673957956e+01
1.839910644434288400e+01
3.707849628958394561e+01
7.180622741971605194e+01
3.168772186823686354e+01
2.694089641131854407e+01
4.889216093934493301e+01
4.549744379623183477e+01
8.374361011965966384e+00
5.147820887901221454e+01
2.257910030476361030e+01
1.923316289828073522e+01
3.451762106627514726e+01
2.574319095497141419e+01
2.405610174100156939e+01
4.575026833713373975e+01
2.730651979008850461e+01
2.107186840451070964e+01
3.449871796108285338e+01
3.347064445463182381e+01
1.193934440876740588e+01
2.669401613157234365e+01
4.803108621602171979e+01
2.983520986614790260e+01
1.654444646486131276e+01
2.413451462109954093e+01
2.494271493293564390e+01
1.132438847226218215e+01
3.232684955557387241e+01
4.678989683636307717e+01
2.424637200385975078e+01
3.461356415511920659e+01
8.051561266545336437e+00
3.006707166963884958e+01
3.644360263281367907e+01
3.827590571192417457e+01
1.618084184342343690e+01
3.519110815341910836e+01
3.001691915693475821e+01
2.484507088858016033e+01
2.914953899359214518e+01
2.069506641335943087e+01
3.350201581754964764e+01
3.357508330736952473e+01
3.743873995392694809e+01
1.879700049485738589e+01
3.966499111468365868e+01
4.665195712338589118e+01
1.948925574709159747e+01
3.600116441400309952e+01
5.176101454611099228e+01
3.132823280066691396e+01
3.170097962548286219e+01
3.178092410092231646e+01
2.952543968019501008e+01
3.921401877380099421e+01
1.468366107873862347e+01
1.032758496395704917e+01
1.937839386688212429e+01
4.697656212378466023e+01
3.767526321399585498e+01
2.645177839753296922e+01
5.485864964549558920e+01
6.387054639098613507e+01
3.653368510046567508e+01
3.005912596266607295e+01
1.726124370542539310e+01
4.434730121628196287e+01
2.892355704134266503e+01
3.939811818114647224e+01
4.195624490373755577e+01
4.170528622104929184e+01
4.087598095997809367e+01
2.595703775495739052e+01
1.322988339928481771e+01
3.445229221576164491e+01
3.342646185818467330e+01
2.608013808810607514e+01
1.752379728504205758e+01
3.426299535713714306e+01
1.944239741909846586e+01
2.727072720888638102e+01
4.472734516195698973e+01
3.067557776090230348e+01
1.791845673395430794e+01
2.594902350197751417e+01
2.038752887231516908e+01
4.822215600698765314e+01
3.243883881546710057e+01
3.005530399967519628e+01
2.516627964112160853e+01
2.953248524059937452e+01
3.674640815337687627e+01
2.685077280303985248e+01
2.217121084610999660e+01
3.658718795104286414e+01
4.163591722501212189e+01
2.027376566534939784e+01
3.086511821647624032e+01
1.925719206778118675e+01
2.996948103467470048e+01
1.546653816016737792e+01
1.609169021506323460e+01
1.778219297743349259e+01
1.797656847011238668e+01
1.688478406422514411e+01
2.780990607442156204e+01
2.912474160455963101e+01
2.113860825878203542e+01
3.335390693015390440e+01
1.528039720216794350e+01
5.694460911390976321e+01
3.819922463278894043e+01
3.741433819983323872e+01
4.607984461094874007e+01
3.514614108038310292e+01
1.837600009528730283e+01
2.918907093193074331e+01
3.229466864118609948e+01
1.971477116514705230e+01
3.642681720262671519e+01
3.557929788038235586e+01
4.715658695554305524e+01
3.156520500984273880e+01
2.631848680678751506e+01
1.249129005739701981e+00
2.586215856141173219e+01
5.538285819290642564e+01
2.519668370577728211e+01
3.115661970372372735e+01
1.893986655145990028e+01
2.789142102734456330e+01
2.854973913318253764e+01
4.059772413014476911e+01
3.110982898497893245e+01
1.511578521836786670e+01
4.107787560988245446e+01
4.353245652973292579e+01
2.443780217452895087e+01
5.084456521380452898e+01
3.296330326412268619e+01
3.135465948850551143e+01
3.126180363964918740e+01
2.315450181314617950e+01
3.560684326338358829e+01
2.426057076403037627e+01
4.819568453324376378e+01
2.475314273783136798e+01
3.528462947173354536e+01
3.573039096716279772e+01
3.068535361030066611e+01
1.289336454023757916e+01
5.326376042607095940e+01
