2.617515027523040771e-01
1.606763303279876709e-01
2.001693099737167358e-01
2.630677819252014160e-01
2.138376533985137939e-01
2.051877975463867188e-01
9.963008761405944824e-02
3.705461323261260986e-02
9.134563803672790527e-02
1.855368614196777344e-01
2.062584459781646729e-01
1.518935263156890869e-01
2.175126969814300537e-01
8.194702863693237305e-02
2.469967156648635864e-01
6.248698383569717407e-02
1.589148491621017456e-01
2.150917351245880127e-01
1.538149118423461914e-01
4.584641382098197937e-02
2.211210131645202637e-01
2.627411782741546631e-01
2.406035214662551880e-01
1.800516396760940552e-01
2.592116296291351318e-01
2.742340266704559326e-01
8.610824495553970337e-02
4.346538335084915161e-02
1.737745702266693115e-01
2.470746487379074097e-01
1.844571977853775024e-01
2.251217514276504517e-01
2.534664571285247803e-01
1.032790541648864746e-01
2.809422612190246582e-01
1.065911203622817993e-01
1.140533909201622009e-01
1.383935213088989258e-01
8.120209723711013794e-02
1.360011100769042969e-01
2.621238529682159424e-01
2.330890148878097534e-01
1.715047210454940796e-01
2.983215153217315674e-01
1.618946194648742676e-01
2.130605131387710571e-01
2.802157104015350342e-01
1.007058843970298767e-01
2.051108926534652710e-01
1.279429793357849121e-01
2.184387892484664917e-01
1.568428725004196167e-01
9.543798863887786865e-02
1.924706846475601196e-01
1.663855910301208496e-01
9.852320700883865356e-02
2.946563661098480225e-01
2.033675909042358398e-01
1.005445197224617004e-01
2.850721403956413269e-02
2.158069759607315063e-01
1.433664858341217041e-01
2.737799882888793945e-01
2.152280062437057495e-01
1.229825541377067566e-01
2.253440767526626587e-01
2.225786000490188599e-01
1.426335871219635010e-01
1.867143660783767700e-01
1.112784072756767273e-01
2.207763046026229858e-01
2.032846957445144653e-01
2.412374317646026611e-01
2.618455588817596436e-01
2.050263434648513794e-01
1.734054833650588989e-01
2.734269499778747559e-01
3.264078497886657715e-01
2.409104555845260620e-01
3.981971144676208496e-01
2.806953191757202148e-01
1.134919300675392151e-01
8.148206770420074463e-02
4.131831973791122437e-02
1.394319832324981689e-01
2.365588694810867310e-01
2.608250677585601807e-01
1.955565065145492554e-01
2.372546941041946411e-01
1.860428601503372192e-01
8.469974249601364136e-02
2.379183471202850342e-01
1.986597329378128052e-01
1.685257405042648315e-01
1.975447237491607666e-01
6.378341466188430786e-03
1.228088885545730591e-01
2.382115274667739868e-01
3.208634853363037109e-01
2.018893808126449585e-01
1.971216499805450439e-01
1.628600656986236572e-01
2.643920183181762695e-01
1.546511948108673096e-01
2.556946575641632080e-01
2.075910270214080811e-01
1.038280054926872253e-01
1.847460716962814331e-01
2.473938465118408203e-01
1.231474801898002625e-01
3.257373720407485962e-02
1.603099852800369263e-01
2.050177603960037231e-01
1.748647838830947876e-01
2.534227669239044189e-01
1.144661754369735718e-01
6.100808084011077881e-02
2.592360377311706543e-01
2.362632900476455688e-01
9.081507474184036255e-02
2.459816932678222656e-01
1.164175942540168762e-01
2.559961080551147461e-01
9.195124357938766479e-02
2.240745574235916138e-01
3.095967471599578857e-01
2.048348784446716309e-01
3.333531320095062256e-01
6.730891019105911255e-02
2.464451491832733154e-01
2.115247845649719238e-01
2.312089651823043823e-01
2.693170011043548584e-01
2.924112677574157715e-01
1.204124465584754944e-01
1.667686700820922852e-01
1.632900387048721313e-01
9.076998382806777954e-02
1.564677357673645020e-01
2.835483253002166748e-01
2.534820437431335449e-01
1.739212721586227417e-01
1.868328899145126343e-01
-3.631189232692122459e-03
2.729260325431823730e-01
2.583449184894561768e-01
6.360791623592376709e-02
3.507791161537170410e-01
2.137760072946548462e-01
1.381680369377136230e-01
7.555087655782699585e-02
1.974197179079055786e-01
1.471685767173767090e-01
2.513497471809387207e-01
1.219321638345718384e-01
1.583649814128875732e-01
1.687441617250442505e-01
1.243212819099426270e-01
2.695880234241485596e-01
9.573105722665786743e-02
9.832962602376937866e-02
2.357770353555679321e-01
1.826658695936203003e-01
2.111787647008895874e-01
1.471028923988342285e-01
1.315579712390899658e-01
1.968453079462051392e-01
2.572713494300842285e-01
1.035250574350357056e-01
2.083606570959091187e-01
1.738575547933578491e-01
2.349709272384643555e-01
3.830651044845581055e-01
1.065747663378715515e-01
6.015004217624664307e-02
2.299966961145401001e-01
1.096036583185195923e-01
1.515500843524932861e-01
2.301869839429855347e-01
1.568813621997833252e-01
2.601256072521209717e-01
1.086617335677146912e-01
1.883561462163925171e-01
2.012924402952194214e-01
9.929800033569335938e-02
2.595009505748748779e-01
1.400697231292724609e-01
2.821719944477081299e-01
2.017344236373901367e-01
2.432393282651901245e-02
4.026941955089569092e-01
7.748053967952728271e-02
9.776639938354492188e-02
1.540212780237197876e-01
1.515173614025115967e-01
2.706283628940582275e-01
1.166509613394737244e-01
2.083146274089813232e-01
2.554906010627746582e-01
3.186626732349395752e-01
1.656801700592041016e-01
9.957508742809295654e-02
2.243510335683822632e-01
1.787575632333755493e-01
9.442730993032455444e-02
1.454679220914840698e-01
6.280166655778884888e-02
1.469756364822387695e-01
1.221510767936706543e-01
2.034164816141128540e-01
1.901514232158660889e-01
2.669329643249511719e-01
2.231426239013671875e-01
6.223835796117782593e-02
3.591172695159912109e-01
2.450015693902969360e-01
3.212748169898986816e-01
7.589181512594223022e-02
2.136601507663726807e-01
2.493024617433547974e-01
1.899554282426834106e-01
1.829111427068710327e-01
2.752145230770111084e-01
4.421334713697433472e-02
1.816559582948684692e-01
1.449963450431823730e-01
1.992211937904357910e-01
1.453383564949035645e-01
2.744424343109130859e-01
2.760711610317230225e-01
2.140933126211166382e-01
1.466902792453765869e-01
1.323378235101699829e-01
1.935301274061203003e-01
2.327678054571151733e-01
3.174335882067680359e-02
2.864819169044494629e-01
9.012125432491302490e-02
2.033772766590118408e-01
1.644414067268371582e-01
1.465097516775131226e-01
2.770245671272277832e-01
1.825023740530014038e-01
1.033396869897842407e-01
1.084936335682868958e-01
1.192024797201156616e-01
1.825024932622909546e-01
9.937913715839385986e-02
1.620333343744277954e-01
6.291016936302185059e-02
2.181647270917892456e-01
2.452032268047332764e-01
1.465448290109634399e-01
9.282974153757095337e-02
1.247488632798194885e-01
1.817156076431274414e-01
1.194306686520576477e-01
7.769981026649475098e-02
2.959934473037719727e-01
1.869019716978073120e-01
1.505700200796127319e-01
2.775145173072814941e-01
2.200686782598495483e-01
2.602887749671936035e-01
1.757037788629531860e-01
8.383750915527343750e-02
6.952895969152450562e-02
2.310606837272644043e-01
3.309637904167175293e-01
5.336455628275871277e-02
2.031280249357223511e-01
2.151491343975067139e-01
1.248315051198005676e-01
2.282716333866119385e-01
2.018294632434844971e-01
2.353519052267074585e-01
1.876163482666015625e-01
1.978414803743362427e-01
4.500065371394157410e-02
2.965442240238189697e-01
2.822119593620300293e-01
1.102026402950286865e-01
1.840114295482635498e-01
1.715890616178512573e-01
2.758954465389251709e-01
1.565055400133132935e-01
9.958259761333465576e-02
2.216484695672988892e-01
2.167789936065673828e-01
1.540855020284652710e-01
8.134991675615310669e-02
1.568123400211334229e-01
3.473210334777832031e-01
3.176709413528442383e-01
2.334810644388198853e-01
1.460108458995819092e-01
1.591944843530654907e-01
1.399703770875930786e-01
2.439508587121963501e-01
2.422960698604583740e-01
1.908928006887435913e-01
2.455966919660568237e-01
8.864402770996093750e-02
7.732617855072021484e-02
1.217233091592788696e-01
1.839328110218048096e-01
2.747834026813507080e-01
-1.042531058192253113e-02
2.657779753208160400e-01
1.374242901802062988e-01
2.084974050521850586e-01
2.506165802478790283e-01
1.989086121320724487e-01
2.168570756912231445e-01
9.853295981884002686e-02
2.739913761615753174e-01
1.746719032526016235e-01
1.304352432489395142e-01
1.310975700616836548e-01
1.936640441417694092e-01
2.609353065490722656e-01
1.999962478876113892e-01
1.296966224908828735e-01
9.390564262866973877e-02
1.040608957409858704e-01
7.219379395246505737e-02
2.261228859424591064e-01
1.801137030124664307e-01
2.171144634485244751e-01
2.192804813385009766e-01
1.214117109775543213e-01
2.340979576110839844e-01
1.112018674612045288e-01
1.969770640134811401e-01
2.276116162538528442e-01
3.186445236206054688e-01
2.820805907249450684e-01
1.406125575304031372e-01
9.972351044416427612e-02
1.744211614131927490e-01
1.947147399187088013e-01
2.458647638559341431e-01
2.519407272338867188e-01
2.124330103397369385e-01
-1.006325334310531616e-02
2.305401712656021118e-01
1.547993421554565430e-01
2.803025245666503906e-01
4.445819556713104248e-02
2.987144291400909424e-01
6.249107047915458679e-02
5.260526761412620544e-02
1.837927252054214478e-01
1.947452276945114136e-01
1.286406368017196655e-01
9.372448176145553589e-02
7.228307425975799561e-02
3.125862479209899902e-01
1.140110865235328674e-01
1.069874837994575500e-01
1.108373999595642090e-01
1.802656799554824829e-01
2.557530105113983154e-01
1.148997917771339417e-01
2.328994423151016235e-01
1.888819597661495209e-02
3.599297106266021729e-01
1.781822293996810913e-01
1.640635281801223755e-01
1.414690166711807251e-01
3.343880176544189453e-01
1.307985335588455200e-01
3.125507757067680359e-02
2.489871084690093994e-01
1.570504307746887207e-01
1.560224592685699463e-01
2.390063107013702393e-01
2.340718656778335571e-01
2.073556333780288696e-01
1.275732815265655518e-01
2.340567559003829956e-01
1.682852655649185181e-01
2.756639420986175537e-01
2.023183107376098633e-01
1.407510489225387573e-01
1.803607642650604248e-01
1.212094426155090332e-01
1.410795599222183228e-01
2.999280989170074463e-01
3.443786501884460449e-01
1.220049858093261719e-01
1.178066805005073547e-01
1.098388582468032837e-01
2.746353149414062500e-01
1.608177572488784790e-01
1.156642436981201172e-01
2.487250566482543945e-01
2.078399509191513062e-01
1.336988210678100586e-01
2.307655364274978638e-01
1.177652180194854736e-01
1.146327331662178040e-01
7.936044782400131226e-02
1.767209023237228394e-01
1.402660161256790161e-01
2.274101078510284424e-01
2.661566734313964844e-01
2.450041174888610840e-01
1.279651671648025513e-01
2.235826402902603149e-01
1.916433125734329224e-01
2.521838247776031494e-01
2.584871649742126465e-01
2.974362969398498535e-01
2.492795437574386597e-01
6.716404855251312256e-02
1.959138661623001099e-01
1.628084480762481689e-01
1.326070874929428101e-01
2.269302755594253540e-01
2.341655194759368896e-01
1.800704300403594971e-01
2.355939149856567383e-01
2.613182961940765381e-01
2.317583709955215454e-01
1.550902277231216431e-01
2.714851498603820801e-01
1.173776164650917053e-01
2.329907119274139404e-01
3.279890716075897217e-01
2.083997726440429688e-01
2.279135584831237793e-01
1.686915159225463867e-01
2.463858127593994141e-01
7.309240102767944336e-02
1.549128443002700806e-01
1.616668514907360077e-02
1.528869420289993286e-01
2.272112071514129639e-01
8.990857005119323730e-02
1.214152425527572632e-01
1.513396054506301880e-01
4.213564991950988770e-01
2.011994123458862305e-01
2.780941128730773926e-01
2.158895134925842285e-01
7.795898616313934326e-02
3.192765414714813232e-01
1.203732937574386597e-01
1.411217898130416870e-01
6.850247830152511597e-02
1.862468421459197998e-01
1.522227972745895386e-01
6.368747353553771973e-02
1.429055929183959961e-01
1.188331395387649536e-01
1.633233875036239624e-01
2.753447890281677246e-01
2.332746237516403198e-01
1.282893270254135132e-01
1.625491082668304443e-01
1.430818885564804077e-01
1.162877678871154785e-01
1.020054146647453308e-01
3.140831589698791504e-01
2.491907626390457153e-01
2.196894884109497070e-01
3.537100180983543396e-02
2.409044504165649414e-01
1.835865229368209839e-01
1.936423778533935547e-01
1.241422295570373535e-01
1.015046909451484680e-01
1.513950228691101074e-01
2.187920361757278442e-01
3.075334429740905762e-01
7.010943442583084106e-02
1.634123325347900391e-01
1.567379683256149292e-01
4.297192022204399109e-02
2.369075417518615723e-01
2.352603375911712646e-01
1.897189915180206299e-01
2.850451171398162842e-01
1.588400006294250488e-01
2.805824577808380127e-01
1.289880275726318359e-01
1.091713234782218933e-01
1.478938311338424683e-01
2.531678080558776855e-01
8.906866610050201416e-02
1.334913820028305054e-01
3.116239607334136963e-01
1.639672070741653442e-01
2.240004837512969971e-01
1.686854064464569092e-01
1.980713307857513428e-01
1.839183717966079712e-01
1.050973013043403625e-01
7.458826899528503418e-02
2.099002301692962646e-01
1.150740310549736023e-01
6.874237954616546631e-02
1.398121565580368042e-01
8.505793660879135132e-02
2.485564053058624268e-01
1.799736618995666504e-01
1.190530136227607727e-01
1.377110481262207031e-01
2.360123693943023682e-01
2.516884803771972656e-01
3.151731193065643311e-01
2.245952785015106201e-01
2.433900833129882812e-01
2.777238786220550537e-01
1.910787224769592285e-01
2.036422491073608398e-01
1.977318525314331055e-02
1.695741713047027588e-01
2.516017556190490723e-01
1.255152970552444458e-01
2.392004877328872681e-01
1.643606871366500854e-01
2.026338726282119751e-01
1.486216634511947632e-01
6.200933828949928284e-02
2.657843530178070068e-01
3.074239790439605713e-01
1.769079566001892090e-01
5.748019739985466003e-02
1.278285384178161621e-01
2.287875264883041382e-01
1.142868697643280029e-01
1.730790585279464722e-01
1.093586385250091553e-01
2.353356331586837769e-01
1.166970729827880859e-01
2.065479904413223267e-01
1.500065177679061890e-01
2.535131275653839111e-01
2.000813931226730347e-01
2.294224053621292114e-01
4.906535148620605469e-02
2.033848315477371216e-01
4.306743294000625610e-02
5.535296723246574402e-02
2.873431742191314697e-01
1.512763202190399170e-01
1.038925722241401672e-01
7.876000367105007172e-03
1.255504935979843140e-01
7.447274029254913330e-02
1.969897598028182983e-01
8.996123820543289185e-02
2.596975564956665039e-01
2.226101607084274292e-01
8.817332237958908081e-02
2.571882307529449463e-01
-2.820493653416633606e-03
1.582457423210144043e-01
2.559678852558135986e-01
9.390647709369659424e-02
2.064177542924880981e-01
2.408851385116577148e-01
2.157448977231979370e-01
2.372963130474090576e-01
1.563626229763031006e-01
1.743653267621994019e-01
1.296259462833404541e-01
1.805373281240463257e-01
1.611633002758026123e-01
1.850119233131408691e-01
3.134881854057312012e-01
1.368763148784637451e-01
1.135397180914878845e-01
9.764670580625534058e-02
2.087713032960891724e-01
1.056377366185188293e-01
1.757645308971405029e-01
1.814372986555099487e-01
1.526996046304702759e-01
8.118322491645812988e-02
6.766229867935180664e-02
3.047174811363220215e-01
3.365251794457435608e-02
1.437390148639678955e-01
1.889043301343917847e-01
1.549667119979858398e-01
2.026128619909286499e-01
1.394114047288894653e-01
2.312756478786468506e-01
1.967364400625228882e-01
7.516015321016311646e-03
1.248344406485557556e-01
3.235495984554290771e-01
1.299387663602828979e-01
8.880827575922012329e-02
9.364405274391174316e-02
1.028393208980560303e-01
2.848122715950012207e-01
-1.185330282896757126e-02
1.104902029037475586e-01
2.881574928760528564e-01
1.206918209791183472e-01
1.225250810384750366e-01
9.486150741577148438e-02
2.997790277004241943e-01
1.582454442977905273e-01
6.718701869249343872e-02
3.309311270713806152e-01
2.596188485622406006e-01
3.230236470699310303e-01
1.874974966049194336e-01
2.049251198768615723e-01
5.973354354500770569e-02
1.324570626020431519e-01
1.930447071790695190e-01
3.802659511566162109e-01
3.291989862918853760e-01
2.371069192886352539e-01
5.238988995552062988e-02
1.851586252450942993e-01
1.691264212131500244e-01
2.452580779790878296e-01
2.850217223167419434e-01
1.074888780713081360e-01
7.485086470842361450e-02
1.597338169813156128e-01
5.205118656158447266e-02
9.897156804800033569e-02
3.423374295234680176e-01
1.413070410490036011e-01
8.640987426042556763e-02
2.841280996799468994e-01
1.278685629367828369e-01
1.883461922407150269e-01
3.451113402843475342e-01
1.854004561901092529e-01
6.361790001392364502e-02
1.327148526906967163e-01
2.931516468524932861e-01
2.612492740154266357e-01
1.704496145248413086e-01
1.663556545972824097e-01
7.330520451068878174e-02
7.909907400608062744e-02
2.217462062835693359e-01
1.529724150896072388e-01
2.128833830356597900e-01
1.548568811267614365e-02
2.974653244018554688e-01
1.183507815003395081e-01
1.270951032638549805e-01
1.995731294155120850e-01
4.839035496115684509e-02
8.715504407882690430e-02
1.323737353086471558e-01
2.350741475820541382e-01
1.789118051528930664e-01
3.722895979881286621e-01
1.898982226848602295e-01
2.358792275190353394e-01
2.754928469657897949e-01
1.265558600425720215e-01
1.929190307855606079e-01
1.435694694519042969e-01
1.919616609811782837e-01
2.554512917995452881e-01
2.315292209386825562e-01
1.684200167655944824e-01
2.656623423099517822e-01
2.775162458419799805e-01
1.514644622802734375e-01
1.556177735328674316e-01
3.239613771438598633e-01
2.961274385452270508e-01
1.900672763586044312e-01
1.490049511194229126e-01
2.452572137117385864e-01
2.217184752225875854e-01
1.278276145458221436e-01
1.146063953638076782e-01
2.595612108707427979e-01
1.155381426215171814e-01
3.012876808643341064e-01
1.739804297685623169e-01
2.073340713977813721e-01
1.952358782291412354e-01
2.493538111448287964e-01
2.670736014842987061e-01
1.106074377894401550e-01
1.981618404388427734e-01
9.069555997848510742e-02
1.388712376356124878e-01
1.574030667543411255e-01
2.429706901311874390e-01
8.744284510612487793e-02
1.191650331020355225e-01
1.572095006704330444e-01
2.225483953952789307e-01
1.795547455549240112e-01
9.558670967817306519e-02
9.626951068639755249e-02
3.355083763599395752e-01
1.231104061007499695e-01
2.303094863891601562e-01
1.547660231590270996e-01
5.415021628141403198e-02
2.096757739782333374e-01
2.815338075160980225e-01
1.860701292753219604e-01
8.227542787790298462e-02
2.333752959966659546e-01
2.080680578947067261e-01
9.729675203561782837e-02
2.305237203836441040e-01
1.662686169147491455e-01
1.504375785589218140e-01
1.445194482803344727e-01
2.128472626209259033e-01
1.526556909084320068e-01
1.734021455049514771e-01
3.000624477863311768e-01
2.505296170711517334e-01
8.209142088890075684e-02
2.347787916660308838e-01
2.465662211179733276e-01
2.669079601764678955e-01
1.112400516867637634e-01
1.686335653066635132e-01
1.574915647506713867e-01
1.868152469396591187e-01
2.093664705753326416e-01
1.019424498081207275e-01
6.016702204942703247e-02
2.851023972034454346e-01
1.094277054071426392e-01
1.888795942068099976e-01
1.846754401922225952e-01
1.601311862468719482e-01
2.122609913349151611e-01
1.591428071260452271e-01
8.330117911100387573e-02
1.939727365970611572e-01
1.180926263332366943e-01
2.625841498374938965e-01
1.130414456129074097e-01
5.864924192428588867e-02
2.607918679714202881e-01
3.262014389038085938e-01
2.412286400794982910e-01
3.336732983589172363e-01
2.666195929050445557e-01
1.932714432477951050e-01
2.048777490854263306e-01
4.561354964971542358e-02
1.322705596685409546e-01
1.611927449703216553e-01
1.953969001770019531e-01
2.042457312345504761e-01
6.802672147750854492e-02
1.359471976757049561e-01
3.243049979209899902e-02
9.407629072666168213e-02
6.992532312870025635e-02
1.292304694652557373e-01
2.843937575817108154e-01
1.420535147190093994e-01
1.053254753351211548e-01
1.093758195638656616e-01
6.190278381109237671e-02
2.734428942203521729e-01
2.582019865512847900e-01
9.610753506422042847e-02
2.881855964660644531e-01
2.287844717502593994e-01
1.018990203738212585e-01
1.471488475799560547e-01
7.843235135078430176e-02
2.281220555305480957e-01
2.746753096580505371e-01
2.628707885742187500e-01
7.783291488885879517e-02
1.808748692274093628e-01
6.744422018527984619e-03
1.482778340578079224e-01
2.536262571811676025e-01
1.500062793493270874e-01
2.155050337314605713e-01
-2.737845294177532196e-02
2.715926468372344971e-01
3.092680275440216064e-01
1.938270032405853271e-01
9.059866517782211304e-02
2.661057114601135254e-01
1.325996369123458862e-01
5.411252006888389587e-02
1.325938552618026733e-01
9.636033326387405396e-02
2.444052696228027344e-01
1.896812766790390015e-01
2.074929475784301758e-01
9.518621116876602173e-02
2.049230337142944336e-01
2.189574986696243286e-01
1.794705241918563843e-01
2.153669744729995728e-01
2.507360875606536865e-01
2.181534618139266968e-01
1.881793737411499023e-01
2.707213461399078369e-01
9.625660628080368042e-02
2.684543132781982422e-01
2.530900239944458008e-01
9.271432459354400635e-02
2.625769376754760742e-01
1.896321922540664673e-01
1.020056232810020447e-01
1.313753128051757812e-01
1.701263785362243652e-01
1.375328749418258667e-01
2.338032424449920654e-01
9.553660452365875244e-02
1.670438945293426514e-01
2.714866101741790771e-01
1.996694505214691162e-01
5.823196098208427429e-02
1.457426548004150391e-01
1.231919154524803162e-01
1.280039101839065552e-01
1.758870035409927368e-01
1.809502989053726196e-01
1.104280799627304077e-01
2.643801569938659668e-01
2.998927831649780273e-01
2.284042350947856903e-02
1.632020324468612671e-01
2.247291803359985352e-01
2.842284739017486572e-01
1.308195441961288452e-01
1.914596408605575562e-01
1.249111518263816833e-01
1.670557260513305664e-01
2.109002321958541870e-01
1.280562430620193481e-01
1.106490045785903931e-01
2.054435759782791138e-01
2.628922462463378906e-01
9.462678432464599609e-02
2.568433880805969238e-01
1.096968427300453186e-01
1.504899710416793823e-01
2.455342859029769897e-01
1.960722506046295166e-01
1.085563525557518005e-01
2.342857122421264648e-01
1.962570101022720337e-01
2.164910882711410522e-01
2.108621895313262939e-01
1.528669446706771851e-01
1.874506175518035889e-01
2.203166186809539795e-01
1.057394146919250488e-01
9.991731494665145874e-02
2.345021218061447144e-01
8.905293047428131104e-02
1.691513657569885254e-01
1.163333430886268616e-01
1.631961315870285034e-01
4.179573431611061096e-02
9.216605126857757568e-02
2.350841462612152100e-01
9.053629636764526367e-02
7.533475011587142944e-02
9.860501438379287720e-02
2.036002278327941895e-01
1.778695881366729736e-01
7.773874700069427490e-02
1.345764249563217163e-01
7.501701265573501587e-02
5.735746771097183228e-02
2.804285883903503418e-01
2.238796651363372803e-01
2.689704000949859619e-01
2.840882837772369385e-01
2.049996703863143921e-01
1.870204210281372070e-01
1.235005185008049011e-01
2.802681028842926025e-01
7.432580739259719849e-02
2.597815990447998047e-01
1.370185762643814087e-01
2.045631557703018188e-01
9.946750104427337646e-02
2.675823569297790527e-01
2.977598905563354492e-01
2.286737561225891113e-01
2.616125345230102539e-01
2.794953882694244385e-01
1.880700886249542236e-01
2.215643376111984253e-01
