1.867888833487911127e+00
1.976569957447786186e+00
1.912326869637691162e+00
1.742927942554915122e+00
3.195001168394888680e+00
4.110184159131017978e+00
1.413801491285660239e+00
3.361432949772289902e+00
2.324067687288108974e+00
1.990365450546729864e+00
3.157477378417401948e+00
3.171165102139786640e+00
3.204964201185411365e+00
3.028232290028798790e+00
2.345811072368494177e+00
2.737207609958947518e+00
2.966401646079427135e+00
2.866893506404296854e+00
3.324315727659864272e+00
3.869247946999537113e+00
2.729018659428411819e+00
3.022781429757099403e+00
1.841770178268780311e+00
2.066804489823852897e+00
2.476120621568077773e+00
2.982063811415647248e+00
1.037321526620640366e+00
1.693309067197843243e+00
2.359095628323403915e+00
2.359890586398059931e+00
1.654910058431647402e+00
9.262408567287631067e-01
2.941625949250568528e+00
2.594805502732437041e+00
3.018460221674092114e+00
2.181653906601744186e+00
1.170385026452870347e+00
2.601511517086120051e+00
2.557271845459081039e+00
2.108135091901246483e+00
3.229057259869068108e+00
1.917503611541903075e+00
2.697508210958516894e+00
2.349578421030076747e+00
2.349880924090332002e+00
3.202030414762910393e+00
1.453854436387298055e+00
3.097343500431315455e+00
1.974664093495418271e+00
3.728206141879714330e+00
1.763356964288831152e+00
2.160402574240619877e+00
3.219273776028867662e+00
2.504462592904321827e+00
2.408963888246363982e+00
2.176579217083065121e+00
2.491308095614690021e+00
2.913622288543724181e+00
2.659850793643243616e+00
2.069127739766677632e+00
3.135572399149794354e+00
2.971760437381846032e+00
1.512700258268725451e+00
3.190361657528528294e+00
2.719450985189715730e+00
3.259149029105512518e+00
3.602140035884095148e+00
2.547168276067381054e+00
3.237310535884041052e+00
2.942998911635982928e+00
2.130587325680454391e+00
3.815993857658651844e+00
2.157133638818863997e+00
2.673025045354582740e+00
2.436564232229372795e+00
3.135648019761871907e+00
3.285260411991742124e+00
2.805666237122291129e+00
2.251533172212357936e+00
1.917633040952538392e+00
3.354642046937566402e+00
2.859286888790868453e+00
2.051725866617345240e+00
2.930620245443182004e+00
2.237391446997935684e+00
2.076628532628042922e+00
3.579657981690576918e+00
2.507078864106861982e+00
2.766931830074801368e+00
2.505848350209337383e+00
1.936962143826803873e+00
2.950088393463062619e+00
2.611819900240155867e+00
2.451533597627378214e+00
3.203724870147457437e+00
2.691591634280390721e+00
4.582817080310699787e+00
2.094810632742470258e+00
3.591384012106732193e+00
3.293336583921543159e+00
3.390576074300746257e+00
3.227455976891137279e+00
2.751006588713919232e+00
3.870144854170673998e+00
2.723278995002045733e+00
1.501307010066437186e+00
2.554795608392380846e+00
2.250951794083272173e+00
2.273824485712068633e+00
2.667786880768276525e+00
1.893738015718826162e+00
1.214838473017947784e+00
2.087643755978855431e+00
2.808652399305300751e+00
1.597965083183260138e+00
2.306889658364559725e+00
3.187928410876915475e+00
2.637782395993948370e+00
4.118566412672857169e+00
2.511513128704271569e+00
2.527859495395049727e+00
2.880590329521768744e+00
2.730008257526753024e+00
2.044172341534502113e+00
3.144925737660368981e+00
1.914300785427380580e+00
2.092811385797419543e+00
2.424519653212898973e+00
1.753811519578077016e+00
2.525191320790622473e+00
2.883212062040128032e+00
2.667504221983000967e+00
3.843805440320270606e+00
2.803795284585747005e+00
3.595429591250669077e+00
3.543978271983846184e+00
2.433634747074495230e+00
2.890775223407543226e+00
2.708516276192911576e+00
2.607923620330220071e+00
2.333031583967148492e+00
3.301668599546917271e+00
1.788526400151035256e+00
3.173091996856991504e+00
2.326734306512718398e+00
1.790144204180244669e+00
2.107222167870927532e+00
2.178463147239823261e+00
1.866657543586824675e+00
2.786581684797270864e+00
2.614511441637387357e+00
2.582901370711867539e+00
3.180291281965827110e+00
2.201191386675930062e+00
2.001907951001497654e+00
3.347726349440781402e+00
2.848700278634800576e+00
2.054602060797350305e+00
2.562708410659527924e+00
4.283628051895935762e+00
3.201761572592292104e+00
1.799139545470917811e+00
2.364861903155734968e+00
1.885526355420451328e+00
2.278911570215403248e+00
2.458042073396769389e+00
2.676702030864750004e+00
2.567312249203792529e+00
2.192061515691735352e+00
2.609541841947392360e+00
1.872380136012900875e+00
1.588024328850647482e+00
2.843325762363342779e+00
3.605834263035057496e+00
3.218280702267950044e+00
2.810106175917962190e+00
2.076213505269942861e+00
2.204014946844630618e+00
2.161108924746459437e+00
2.448741113637119327e+00
2.144095135929318108e+00
3.415559524502763011e+00
2.310050060666337668e+00
3.345881652105632931e+00
3.740650873615056327e+00
2.735980164333573939e+00
3.556239175942263575e+00
2.129755713848915377e+00
2.788572952755309142e+00
2.648714640526014463e+00
2.533512005384922272e+00
2.999113039768288580e+00
3.340183748939199226e+00
1.948556699618060772e+00
2.677677266583603277e+00
1.686244261211419460e+00
3.117948692778771402e+00
2.455698169067288994e+00
1.802578336044689866e+00
2.422277119979291626e+00
2.583992807676063652e+00
2.947321049622988465e+00
2.496335264743247961e+00
2.156841872188084874e+00
3.430529662333764218e+00
2.713884072429510574e+00
2.474020574795433802e+00
1.810579163865282615e+00
3.140712051139089578e+00
3.140613301339980179e+00
3.091859999788951541e+00
3.820881835509470026e+00
4.274655629332856144e+00
1.861676612623747173e+00
3.308579177521454362e+00
2.484135308612237747e+00
1.814895725886682909e+00
2.869325725482387401e+00
1.456628394637375923e+00
2.851970219133700191e+00
3.522315328462132022e+00
2.914410913964943450e+00
2.241408420943730828e+00
1.809642085508944342e+00
2.317306953846473672e+00
2.295880548991911851e+00
2.229309794998286520e+00
2.256114634724476264e+00
4.116656396651645622e+00
2.981120174782995846e+00
3.018769043728016577e+00
2.194150868435085222e+00
2.956572997707608064e+00
1.868415696236349177e+00
3.381831524266415645e+00
2.491590288839217848e+00
3.084041361056788499e+00
3.385322119598094481e+00
2.775854369471216554e+00
3.161394899452803386e+00
2.026001492681242411e+00
2.592086183689830126e+00
2.789060388116233469e+00
1.974480120307531950e+00
4.292765719595911911e+00
2.952124546552640894e+00
2.557824557773820562e+00
1.816781602918334126e+00
2.906614774021624381e+00
3.421132077461334742e+00
2.247884960522627651e+00
1.510928028074645768e+00
2.081065695489485723e+00
3.190859572033727609e+00
2.086254239994509874e+00
2.820257247371618092e+00
1.467382791740802217e+00
3.070139837851487030e+00
1.770915762038647978e+00
3.168283755659808243e+00
3.221476136579560112e+00
2.114380683561698948e+00
2.429046497140221472e+00
2.559606078763180914e+00
3.135344800577339885e+00
1.989648886487619395e+00
2.594719713702725805e+00
2.602231816773576512e+00
2.414794056464462546e+00
2.579097016409769516e+00
1.504652215465458687e+00
3.138400667103006914e+00
3.142746206513750362e+00
1.413579345178086699e+00
3.214731097184877928e+00
2.245861568963992028e+00
2.759458979242931598e+00
2.539862937090084927e+00
3.665063720615650222e+00
1.622400370314577289e+00
1.577171595494353706e+00
3.516182105536683089e+00
3.047511848774739907e+00
3.101764113140017098e+00
2.192999238915289695e+00
1.633714326121691096e+00
1.984511978818806588e+00
3.318726755682249951e+00
2.662623197275769904e+00
2.577457418197126149e+00
2.067399931017793957e+00
2.032923707907944966e+00
2.396896209268833733e+00
3.949922649297816335e+00
2.832607224431213044e+00
1.413804498544093846e+00
3.291813750330764510e+00
1.494010127844084712e+00
3.613370102552274421e+00
2.366220885292049214e+00
3.097517639207986839e+00
1.824015162752433472e+00
2.656186074105203687e+00
2.273448173364562841e+00
2.345778114055592223e+00
1.631742099199250395e+00
3.046413953092455884e+00
1.645062395589661497e+00
2.910590485160904795e+00
1.181036395492611746e+00
1.951660295157478409e+00
2.296162702889749774e+00
1.746761372100234411e+00
2.354649460091680524e+00
2.475834219401769065e+00
3.545246597261688670e+00
3.569105200380339848e+00
3.091502391701976382e+00
3.208495239725598136e+00
1.369175972314396583e+00
1.369810097581838582e+00
2.728656838413937358e+00
1.417426285093195570e+00
2.190893705003928105e+00
1.638011346283075431e+00
2.741857531147581017e+00
2.128060784135130223e+00
3.550505606088926402e+00
2.733164456211035542e+00
1.886181937969211520e+00
2.947253151733983501e+00
1.886710737071332744e+00
2.742389883372372328e+00
1.768707135486870641e+00
3.081291260854211789e+00
3.569284141861807758e+00
3.616302283443699750e+00
2.662010837242164474e+00
2.404027782167205807e+00
2.586698960682400905e+00
3.566978315956801371e+00
2.931441618841426955e+00
2.017482376471923189e+00
2.921333206461766530e+00
2.220215322679691461e+00
3.913684044368350268e+00
2.748533880498933879e+00
3.906736983785251915e+00
2.113710152374441709e+00
2.528462552610362124e+00
2.278432698790938904e+00
2.188799938216115404e+00
2.923732828639148185e+00
2.534504255169003795e+00
3.255867513851254280e+00
1.661089540456166525e+00
3.263461377311983824e+00
2.075042186668082600e+00
2.228335175095206733e+00
2.541675008276063519e+00
2.555676005125331329e+00
2.395600142327961812e+00
2.582163148458068935e+00
2.506894580141381557e+00
2.771799526244293155e+00
3.121162858467078749e+00
3.065724833145164308e+00
3.723440272399839657e+00
2.858481194742905185e+00
2.845171458862711944e+00
1.943045717306473463e+00
1.668317415164002782e+00
2.699946741646470194e+00
2.145214897504461593e+00
1.503773355316131877e+00
1.456645849588757979e+00
1.637281609492077905e+00
3.082743424748656036e+00
2.750575975942822993e+00
3.367479868934418086e+00
2.112873181071234452e+00
2.782345584207003952e+00
3.258556388345534849e+00
3.086545440398912987e+00
2.500965027518514461e+00
3.134634684825735818e+00
2.081193767323731070e+00
1.981193975520243900e+00
3.313153972017752746e+00
1.944955827685675542e+00
1.974249622801252935e+00
2.126023037661459281e+00
1.966165881148905115e+00
1.614322944677801130e+00
3.283703696585697607e+00
2.929476276659071399e+00
2.660333148090655353e+00
1.911096843662601907e+00
3.198473564914920075e+00
2.390506884713431202e+00
3.214495220023890987e+00
3.399973710947566286e+00
3.089835632747091498e+00
2.695350677646052073e+00
2.719117053747175827e+00
3.121513625769778422e+00
3.179978574931215718e+00
4.030458881610537780e+00
2.153431664968600501e+00
1.742563704655144763e+00
2.250357372232251851e+00
2.220403072507919351e+00
3.229820828705964875e+00
3.369706757418201803e+00
2.531083454579594605e+00
3.351889358409829711e+00
1.205365559061198022e+00
1.991386145515327222e+00
1.552380917512282688e+00
2.448391800509916560e+00
3.479557031522708677e+00
2.303925719877239597e+00
2.732915099548001603e+00
2.528380048695694438e+00
2.331172722864207625e+00
2.853443751730121214e+00
2.958268898177234707e+00
3.405595625552232164e+00
2.043624438643124819e+00
3.555945800004187696e+00
3.080501971829364027e+00
2.621799541314894011e+00
3.609791627633545108e+00
2.946497003276837390e+00
2.839060326529348810e+00
3.221714376768953780e+00
3.601853995965800692e+00
2.096976473910036720e+00
2.681368359110008370e+00
2.323093930403486773e+00
2.349244046507851458e+00
2.494743857242956775e+00
2.604017724072419604e+00
2.142373116529372901e+00
2.277149315777514449e+00
3.340146214773108913e+00
2.200164610006280608e+00
2.834376264605953821e+00
2.593296897787717104e+00
3.145184098501681458e+00
2.450959601296336388e+00
3.089821424537864125e+00
1.596796826266418501e+00
2.910874721261159870e+00
2.587056222470486500e+00
1.960046667402887133e+00
2.306245941011845435e+00
2.313990389982506279e+00
3.024680222128491636e+00
2.202821895190252288e+00
1.756990764229656943e+00
3.191262046316293066e+00
3.124021599825282269e+00
1.812848201911534618e+00
1.401727372805861460e+00
2.434416886712020389e+00
2.598007894571058518e+00
2.059714110530934672e+00
2.960147812294440239e+00
2.579763109953677969e+00
2.921250828878558803e+00
2.687351144785476098e+00
3.016407216678900216e+00
2.665329141756762610e+00
2.876003707315363034e+00
2.399615626998331308e+00
1.937545755414214588e+00
2.460967678574135231e+00
1.479553243726895673e+00
3.027703763206845089e+00
2.507195534588805508e+00
2.614683925928216190e+00
2.444687163368076455e+00
2.967631658031242292e+00
2.511581376526337728e+00
2.234820398898319294e+00
3.639067300618331391e+00
2.189148153746037551e+00
2.057852802383698165e+00
2.574209607502342845e+00
2.122625228545780285e+00
3.341308798619802456e+00
2.465624344173143800e+00
2.223494765480381385e+00
1.231889129664019755e+00
2.635669264933716338e+00
3.046112461232991730e+00
2.020307121223033242e+00
2.341571664002351838e+00
3.247769184069864146e+00
3.088580662255155929e+00
2.922683124605246707e+00
2.326252427264240197e+00
3.171955049294753248e+00
2.990502638109350908e+00
1.627584660321031107e+00
2.940444128754632125e+00
1.926292384658200296e+00
2.373045858924815565e+00
2.723454406137260086e+00
2.022864697562104297e+00
1.591800684091382978e+00
3.239487868477147536e+00
3.082499684069980539e+00
2.236341266255001958e+00
3.039268589573866031e+00
2.285598084459818047e+00
4.325732291375403271e+00
2.302606433188949087e+00
7.343544166842503884e-01
2.855450784108100937e+00
2.813252825172147364e+00
2.799998793143029019e+00
3.329559101913876606e+00
2.386131003491917202e+00
2.844712197281658916e+00
2.214523690946557100e+00
2.896935715177551884e+00
1.941153551848002756e+00
1.669138240941834495e+00
2.117942768288293198e+00
1.949828244693994961e+00
2.096277497552115232e+00
2.505092316090383520e+00
3.394582873648110066e+00
2.347869533755078564e+00
3.179015854980384415e+00
2.722450326795511799e+00
2.810684175939471174e+00
3.750913947152880734e+00
2.287275657069299140e+00
1.377442281661208856e+00
1.601347575089671516e+00
2.545807385725685990e+00
2.162293431134984623e+00
2.152952955776306077e+00
1.965585087227931238e+00
2.424199399818715683e+00
1.837949971351381162e+00
2.909677736190197983e+00
2.890726563423431816e+00
2.710320718448923749e+00
2.656169332044159948e+00
2.307964127769131846e+00
2.680750655490512724e+00
3.053693302920704511e+00
2.221066015829052276e+00
2.661225768715072437e+00
3.536631052876614500e+00
1.942939073721563048e+00
2.440536501020538207e+00
2.894515249410000379e+00
2.469830256459552231e+00
2.046364999321625522e+00
2.494269347664805903e+00
1.619665849637682342e+00
2.910475406095087703e+00
1.330110688768198157e+00
3.505205085574413904e+00
2.343381089615456769e+00
3.174003149521709588e+00
2.194382916457631616e+00
2.700126991604058890e+00
3.210198270050658387e+00
2.970544287430781694e+00
1.007324944526254207e+00
2.517553423159342163e+00
1.812801469091778861e+00
2.489850504035687528e+00
3.058943324974476852e+00
2.264944432242415484e+00
2.999925925812397143e+00
1.499951803207231871e+00
3.393161095206560951e+00
2.815722254595235619e+00
2.855470694508395635e+00
2.448621623831402694e+00
2.849126746249776687e+00
2.613803918034940832e+00
2.902699270997735059e+00
3.104126845773420129e+00
3.216029975219104831e+00
2.062443925194075156e+00
2.188401131390795396e+00
3.462127573125554303e+00
4.189298458060776831e+00
2.403128109685699343e+00
1.881934633726514816e+00
2.398689369063617072e+00
2.463134277975224329e+00
2.922410873187827107e+00
2.358218612810245585e+00
2.895693096532734323e+00
2.906764854481605376e+00
2.648372522404569995e+00
2.438754590708291481e+00
2.418183918160667467e+00
2.835696571714563241e+00
2.599241851790205615e+00
2.583418547762988293e+00
2.226215816316551077e+00
3.052760091527030539e+00
3.392664087108458570e+00
1.200650028648604151e+00
3.668489867480007938e+00
2.810800281733050188e+00
3.397821128735015961e+00
3.172712956922787431e+00
1.356577163765171790e+00
1.071970650315633211e+00
2.400674348905244226e+00
1.696183742603143640e+00
1.633793952744861722e+00
2.401070388223465191e+00
2.196312565746401546e+00
1.932122732734250503e+00
2.565792048172891526e+00
3.140773426629897891e+00
2.670655206424116912e+00
2.367451016992447421e+00
1.953827246641646864e+00
2.999313407703674716e+00
4.040633790261876968e+00
3.052021804166607399e+00
2.608218851687766460e+00
2.626098182326802810e+00
3.410309996441741376e+00
2.951146076404492113e+00
3.250688507049074971e+00
2.845782543269213427e+00
2.376643722728222663e+00
2.522570424507803999e+00
2.496621158603965274e+00
2.753328843916369451e+00
2.162197203906865539e+00
3.361637287766853444e+00
3.374965816956978504e+00
1.249156129505865298e+00
3.617172358864443549e+00
3.629569740260492949e+00
1.427284478375835386e+00
2.950139285454354443e+00
2.202160901176496210e+00
2.093869682688506373e+00
2.309326439494994609e+00
3.170529890842415544e+00
2.742326709463331902e+00
1.588132260681478058e+00
2.936814780535270231e+00
2.937895105478114388e+00
3.718956661821458898e+00
3.628074638766451532e+00
2.159616477383589750e+00
2.009349068495026369e+00
2.480199408318603194e+00
3.269601175659452075e+00
1.827039311898078111e+00
3.014633573945618483e+00
3.463432179343687523e+00
1.660625799806747294e+00
3.617440386446825862e+00
2.464131200661550558e+00
2.211437578025382766e+00
2.447252251552545665e+00
1.859265883506129535e+00
3.853095255443245382e+00
3.755171752459715684e+00
2.638462563410496564e+00
1.940700189627821981e+00
2.731842669575151206e+00
2.989138811354010716e+00
2.385726460947530825e+00
2.077778723326814792e+00
3.028586960838167030e+00
2.978793418121128855e+00
2.333481217809728392e+00
2.615159197721854234e+00
3.682065582467223486e+00
1.838019141827484937e+00
2.439025484176056136e+00
2.033653442256059041e+00
2.668051771200112388e+00
1.777743774392822385e+00
3.088512527588195056e+00
3.396619836533291359e+00
3.400747479532392425e+00
2.348092149537441831e+00
2.258150885483366732e+00
2.339604548746431867e+00
2.009178502739180416e+00
3.165413627309028755e+00
3.062936763933786999e+00
2.702941010353889784e+00
2.256595093162971910e+00
2.827035183685236763e+00
2.126620401083737288e+00
3.465116731004972195e+00
2.491404048167424001e+00
1.921670698398762367e+00
3.790035394082733156e+00
2.767958328573197679e+00
2.328642780657543376e+00
2.101160833432340613e+00
3.489236006681907476e+00
2.455994334435145365e+00
2.043621078635356358e+00
1.439584419400393500e+00
3.442892665141676023e+00
2.490607726144865364e+00
3.418074232861677331e+00
2.396947637654633478e+00
3.342643627265885264e+00
3.019791526152366234e+00
1.731387747374986352e+00
2.359356349808248599e+00
2.431050795626112038e+00
3.387554326899059554e+00
2.216150510990827271e+00
1.912619480721177379e+00
1.930513663371988597e+00
2.219885461619574230e+00
2.798300696270940247e+00
3.062695631725460998e+00
1.436411195592548706e+00
2.557233464654952826e+00
3.460458197968666383e+00
2.881568954640866043e+00
2.040533481912740310e+00
2.684437973092967056e+00
1.868962310907345437e+00
1.915964189287507446e+00
2.006448168751501449e+00
2.496552941775108003e+00
2.155220686413596987e+00
3.156037841804050004e+00
3.280201499526117281e+00
2.283598973787107855e+00
2.558137689332829368e+00
4.023895701364306632e+00
2.089400520554646423e+00
2.618369448987438730e+00
3.782837749481744005e+00
2.734562334027248021e+00
2.810253192496781072e+00
2.083757053240364865e+00
2.309703927493923281e+00
3.373321673399933385e+00
3.002291290671334156e+00
2.905357432900666392e+00
3.547955428919905341e+00
3.423922697793822856e+00
2.649986940388723511e+00
3.299154173310947513e+00
2.814057001804743496e+00
2.307948762916834706e+00
3.358029870346228130e+00
2.397588437443340492e+00
2.332259145251208921e+00
3.195874854000523513e+00
3.074884843368320908e+00
3.000619882165908248e+00
3.696897007412053071e+00
3.786061768371757896e+00
2.579176415426920332e+00
3.098844755384172700e+00
1.771191907626695761e+00
2.612851390290157561e+00
3.207761177246625017e+00
2.561520527686830917e+00
2.263316251292343040e+00
2.417067792681220517e+00
2.834242442811802487e+00
2.608753686751690726e+00
4.246911315565140121e+00
3.094048207852253540e+00
2.709523497392273050e+00
2.006909464036755963e+00
1.002516410450286166e+00
2.082239339745517448e+00
2.105474043589190547e+00
2.026929053823476323e+00
2.397105117964558829e+00
1.426394299553693790e+00
2.645109829006671909e+00
2.220737170080453904e+00
2.717931025435667003e+00
2.606176497143446902e+00
1.592972531988861684e+00
2.116018914830454456e+00
2.358898538524678123e+00
3.191395600862035664e+00
2.192719345594038138e+00
2.169638122941976999e+00
3.909976910566225428e+00
9.859302191193038967e-01
2.614766061667350705e+00
2.972844825165222638e+00
3.495007367059353776e+00
1.989010747413012981e+00
2.285338193304898624e+00
2.428909683370973127e+00
1.684352613778146823e+00
2.719211330193554765e+00
3.568524959856269163e+00
3.119488792796703436e+00
3.150590179587012152e+00
3.555029767240862171e+00
2.694181657160252374e+00
1.700331955631089409e+00
3.151120735479365553e+00
2.035563771397530086e+00
1.584677025508176351e+00
2.961908551025511649e+00
2.889366052166223220e+00
3.043759103566497259e+00
2.589031598485380226e+00
3.170088768187509398e+00
2.699867495275636298e+00
1.075866476881538025e+00
2.735632968969391676e+00
1.899817870748585324e+00
2.060147977567792221e+00
3.242331616918813886e+00
1.560337847478297846e+00
2.955213902575744900e+00
1.846413430931774791e+00
2.477391041593125287e+00
2.619926833548182010e+00
3.164134645372836729e+00
1.514377832502952659e+00
3.413394806628328393e+00
2.839338629239413159e+00
2.784787443142107133e+00
2.165244052771106986e+00
3.452057992860736224e+00
2.182653647385932594e+00
1.227541798889963509e+00
3.667427772804002117e+00
3.586001367571022946e+00
2.878165808091871725e+00
2.100064749801676456e+00
2.673759947508262513e+00
1.489721095501981507e+00
4.201725499798483199e+00
2.570909691651697582e+00
2.497428451967284690e+00
2.124050897022553119e+00
2.625546275714045752e+00
2.677568071456300824e+00
2.022819349651039822e+00
1.772949632663004760e+00
2.710786560961798486e+00
1.707076515756830615e+00
2.166613738116106802e+00
1.367785509761683782e+00
2.724154545349505963e+00
2.453966669243953014e+00
2.924246749903105069e+00
2.728347579447266913e+00
2.325694411160704078e+00
3.262589478393917553e+00
2.415989241601431470e+00
1.715181862512808797e+00
2.474988070100310633e+00
2.491532226947662743e+00
1.999874259221797290e+00
3.977128986685376510e+00
2.855090354365329208e+00
2.673528754451595546e+00
2.934785338165701418e+00
4.054345337129568350e+00
3.029607446517237790e+00
3.639205762231735974e+00
3.106274880604888988e+00
1.601856331218319385e+00
2.883848612987577109e+00
2.923004735906122864e+00
1.996242997860489643e+00
2.401617942175279907e+00
2.630934483672342061e+00
1.898946425368900126e+00
2.737306288267054022e+00
4.098857904210661651e+00
1.514940644097917177e+00
2.484723242558688483e+00
1.573031107689284003e+00
3.456400046001736559e+00
3.473906170908436675e+00
2.793203060309774610e+00
2.480463031481215719e+00
2.806327424538120230e+00
3.468333446456124403e+00
2.845288233146982648e+00
3.883650841519929120e+00
1.976328681303589185e+00
1.726345668791237742e+00
1.969031978956091944e+00
2.283394442739587582e+00
2.425120231725045983e+00
2.752415436492225087e+00
3.105758076123769307e+00
2.251885521855132577e+00
2.317272650614926377e+00
1.831160223608122806e+00
2.378541845548475031e+00
2.694953676872808845e+00
2.542843321517267885e+00
3.017361311772513766e+00
3.153949596593080162e+00
2.297896245277386562e+00
1.872016318875828755e+00
2.923035640973793203e+00
2.420432076156907364e+00
3.226368174008145573e+00
2.056316335325731437e+00
3.278674156030342957e+00
2.486317612882035455e+00
2.970046551422240277e+00
3.343603405310010768e+00
1.994772009377661526e+00
2.886805512870091128e+00
2.194876988897816794e+00
2.923739762650748197e+00
2.590612265748670318e+00
3.162475402948138559e+00
2.277548660310891204e+00
3.297302526554200419e+00
1.791978297469541292e+00
2.927402678532495361e+00
1.666766872382160702e+00
2.767462983375212016e+00
2.659819449577698336e+00
2.778672996079075030e+00
3.541016954281084761e+00
1.435046005784270218e+00
2.872639169861143316e+00
3.403390868317417439e+00
2.517935035060950177e+00
2.986760972309522089e+00
2.099553988042610619e+00
1.236332459355123703e+00
2.200049754275472225e+00
1.692866276764905864e+00
2.733299818600439579e+00
3.582539928815581032e+00
2.366268518238032303e+00
2.230286291250121788e+00
3.100337025471919805e+00
2.614375064655653169e+00
2.689881675652314286e+00
2.864317699050777932e+00
2.617092008974799100e+00
3.402472867003613288e+00
2.816775418049816793e+00
2.152120081666876850e+00
2.398664269246670422e+00
2.335782285663395630e+00
2.754037817026435242e+00
2.970882445658503457e+00
2.248145187777994103e+00
1.742797091011461630e+00
3.691016124808186305e+00
2.412902842206268605e+00
2.600216447521297436e+00
1.895242551510460727e+00
1.352970166128930840e+00
3.724040862964647314e+00
2.595299383246388647e+00
2.741795532002034186e+00
2.216043768523652258e+00
2.807145265960050207e+00
2.502257565305075371e+00
1.940959467043517517e+00
2.477616339771147480e+00
2.760278935981064663e+00
3.011438792683811982e+00
4.513319018781636771e+00
2.261183656605688430e+00
1.566852704450306666e+00
2.401293369013397072e+00
3.194331155840779424e+00
2.784526131670340909e+00
3.569603870358927011e+00
2.598030460183947898e+00
2.687498846433693966e+00
2.908294321489678147e+00
2.409199557776064982e+00
3.612806634993183330e+00
2.824831892130704514e+00
1.765353759653423005e+00
