6.368769443121478524e+00
2.359433332389968996e+00
1.151740037394942107e+01
8.815340261197516014e+00
6.317098404248004506e+00
1.623302854017478580e+01
6.782286173681828956e+00
7.415528509744485852e+00
1.117806637222046717e+01
4.965872590611278170e+00
9.068890639267859655e+00
3.612179158069038110e+00
9.924956192560420831e+00
1.069138716314656001e+01
5.822321389799545166e+00
1.147782906874606823e+01
2.676791106536655640e+00
3.963138904435417498e+00
8.096277408831914713e+00
1.014047777454819155e+01
4.278332956143320764e+00
6.249603815974557719e+00
5.609195893721230952e+00
6.685217943533844576e+00
4.391982355842963592e+00
1.587697427151111462e+01
5.712705179406659006e+00
9.805431701338819250e-01
4.740846514830561631e+00
5.338846823299409294e+00
1.380896488303663894e+01
1.193131128268492525e+01
2.516322113714435371e+00
7.800083754048481310e+00
7.212914312987614984e+00
6.714652274863180281e+00
1.184958080471659336e+01
6.825174206600189919e+00
1.503728582589297069e+01
1.658905992592163869e+01
3.657862908814385250e+00
9.628040525127966376e+00
1.227186623254498343e+01
4.931943151848610540e+00
1.222934323109400090e+01
8.587434956285466825e+00
4.848972656663508296e+00
9.696197964584580831e+00
1.289221766077677067e+01
1.176542319054581043e+01
1.154187570549534669e+01
7.745150434887862367e+00
4.216614697912469900e+00
9.744851864281848464e+00
2.139493738551909985e+01
1.397587968225154675e+01
4.884108852306496829e+00
1.838966423316570564e+00
6.771410629198839182e+00
2.063566787250587620e+00
1.033106112266191801e+01
5.675078254473175043e+00
4.669115419253935251e+00
1.819614331333355040e+01
4.804529661571851129e+00
9.374135570200655465e+00
6.397202534166647858e+00
6.792510297518707496e+00
1.341841223923558601e+01
5.086211390437878066e+00
7.875717056443384934e+00
1.277550699837671644e+01
1.373752270274465737e+01
1.135813707382416737e+01
8.165423736842742031e+00
1.515171528920490118e+00
4.257484415960304247e+00
8.715997906130450446e+00
7.279517063566546042e+00
1.070045787391299363e+01
2.092205028140650569e+00
1.029105478317143252e+01
7.897487427475106792e+00
5.630130320337901395e+00
7.659724833851577763e+00
8.183836123228552140e+00
1.192601829306636674e+01
8.542866990575811670e+00
6.954659329937706858e+00
7.631623937942705993e+00
1.149389716572651921e+01
5.157473884926861096e+00
1.183510766228796696e+00
4.881875539624218163e+00
7.981645782395096589e+00
1.271690710496046073e+01
5.980508811600588004e+00
4.225342486830852451e+00
1.176334428692336287e+00
1.224586249308746844e+01
9.894601353420597434e+00
6.047074254156273199e+00
9.906746043925160450e+00
2.715106364926148874e+00
3.848669167467155372e+00
9.875797907135261511e+00
5.314579693632419222e+00
6.032758948876151273e+00
4.133297474876161282e+00
9.164354187418773279e+00
2.383004446613742111e+00
1.461926361467511448e+01
4.634288377209791143e+00
6.229240782028805157e+00
1.005170037465616595e+01
7.777717487620867232e+00
1.048973512359247851e+00
7.284502852123501349e+00
1.163567242596185913e+01
1.163789792603586548e+01
1.331429311455675801e+01
9.472452190963887020e+00
9.129581006520609776e+00
5.901444030595805579e+00
7.920037657510014206e+00
8.852824250065866707e+00
2.705179566603459929e+00
5.482188236148605398e+00
8.680568650563083466e+00
1.282293345228612402e+01
1.329705800249139003e+01
1.817811764527538010e+00
5.883181913933669627e+00
4.250723617769113893e+00
6.824409566701502783e+00
5.210737945310046193e+00
8.802846098795567897e+00
8.793046234686281437e+00
1.058051726031104067e+01
6.416263509342152282e+00
5.820478379063089847e+00
5.442379592134983568e+00
1.039302382203899455e+01
8.852905680200967353e+00
1.092467338959400003e+01
8.116193056899749791e+00
1.024400335172216181e+01
2.568039080521853812e+00
8.079500514487229168e+00
9.600922366353922044e+00
9.372560908258527945e+00
9.325160371719279695e+00
7.265702901588416474e+00
6.627702065581810409e+00
1.111327321101775034e+01
3.209405954166768549e+00
6.656847638303335479e+00
1.355165464414930021e+01
7.161728778404989448e+00
9.264319046653739065e+00
8.474493704023359442e+00
1.094517243270981943e+01
1.142955435487520610e+01
8.320145003212152446e+00
9.830226394178865235e+00
1.280520253364730188e+01
9.333945976688966084e+00
5.547543302228187478e+00
1.029957837560015221e+01
3.778700866993018881e+00
1.419170712836011106e+01
9.339544669710265978e+00
7.978608602539740247e+00
7.204101078551863324e+00
1.834888733252329374e+01
7.038158296164652050e+00
6.468820179861658914e+00
7.584848137145101532e+00
1.068831275209917209e+01
1.610870233818869224e+01
8.763930733037646803e+00
1.028458441007530766e+01
1.432893547335401152e+01
1.082939838466512583e+01
5.355712524704573596e+00
6.461534867446927954e+00
3.733387613113154924e+00
8.483142837369749500e+00
9.668004536472405874e+00
5.555345293409777341e+00
8.834495529143339354e+00
9.979448901713961817e+00
1.642763794117960430e+01
1.303779950931107656e+01
1.671690984218244935e+01
1.259996191460585813e+01
1.231289760013985557e+01
9.056437603615451692e+00
7.161265280447622672e+00
8.489514266066670700e+00
6.434075965486779403e+00
1.875219963251580468e+00
9.107376876184234860e+00
1.098154246657382060e+01
1.915297438725976020e+00
9.257862697873514790e+00
5.075873737431731314e+00
2.794964381358220784e+00
7.158774195588707201e+00
7.351429596470145711e+00
3.768110017327706007e+00
1.046468601649320362e+01
9.103407029317038379e+00
6.718235800525117263e+00
4.492982361089389975e+00
6.754729537706512410e+00
1.333788118916602983e+01
8.307036178125887460e+00
7.439905758001590819e+00
7.582888928385984606e+00
5.016636720053885057e+00
1.695108646238595185e+01
9.559964107649351561e+00
1.145266846702971719e+01
4.213802771063108743e+00
6.966818729136875277e+00
1.220296736680041150e+01
1.091155944556190782e+01
2.718422406080558407e+00
1.169004427557028691e+01
1.279406002571597334e+01
3.739422655616910340e+00
9.065639611427538824e+00
6.690369495243372988e+00
1.599552144263048525e+01
9.282950111659493686e+00
8.497955622613629245e+00
3.876808273043199193e+00
1.151680968320685317e+01
5.849725425907577936e+00
3.283365522452342589e+00
1.405780635487234953e+01
6.056196894103583972e+00
8.696838130055047245e+00
4.295754291557712712e+00
2.222246643552410816e+01
1.313900783247611415e+01
1.014449129075247313e+01
6.766158511557754274e+00
7.323639485343066191e+00
6.209776667594619326e+00
3.607736706223616086e+00
4.636264847450218163e+00
6.370331010760922119e+00
1.146658052968565222e+01
1.161049136481325128e+01
9.194584278415883105e+00
9.297268663283723811e+00
1.228269271682269626e+01
9.970451792820984593e+00
1.073849996681986951e+01
9.882541296700219746e+00
1.083862077858798756e+01
7.717078078989251466e+00
1.969791141990410210e+01
9.966595096636400086e+00
7.101128114065253349e+00
7.578766858030122400e+00
5.642538795867541701e+00
1.102948351157707307e+01
1.072452949001036870e+01
7.297073606449516525e+00
9.308624036213588582e+00
3.981948047878097974e+00
7.107838163364117001e+00
4.479769848128124288e+00
3.789206165613764110e+00
1.418280220358355059e+01
9.687932307524137698e+00
8.061440532641238832e+00
1.280093972631084931e+01
8.457173412870652385e+00
1.203453130068323773e+01
1.248706938142919931e+01
3.511189792409772803e+00
8.756308625768268072e+00
1.036625674251341778e+01
1.385388991823714022e+01
4.656359787568012720e+00
8.242957667270593092e+00
1.055767311604647674e+01
8.313984511978757652e+00
7.699115335108499991e+00
9.720739595374567443e+00
4.834194801026562516e+00
5.821436208654664490e+00
1.843168561379225689e+00
5.278293537908106181e+00
4.110716373818743108e+00
9.491182689346185697e+00
6.474048098841298504e+00
1.001073414126747174e+01
1.674771723386531974e+01
1.270716506758872555e+01
1.149947814076880803e+01
7.725632676102657470e+00
3.420597150660283692e+00
5.274177373190321205e+00
7.316546838906061723e+00
7.619684116181373312e+00
8.593968499436490660e+00
7.038482489819581467e+00
3.416960993162743154e+00
9.292718250227389731e+00
7.405420353419088109e+00
3.508197062030901758e+00
9.127017517568491556e+00
1.143092194399713968e+01
1.074048203668965762e+01
6.346000364307344377e+00
1.008877570746592767e+01
6.646315607275428583e+00
7.455328758173012993e+00
4.484593853101812577e+00
9.909987315655532925e+00
1.042659884857801877e+01
8.987225810354381395e+00
1.110847305193458823e+01
1.515800019993997338e+01
6.555911270710008232e+00
9.787260596806488522e+00
1.103868180480015226e+01
6.651706113520908126e+00
2.789231881435056515e+00
4.998678004975241507e+00
5.566057217506244825e+00
9.467458284804443736e+00
6.665739797230340713e+00
7.608648538098033320e+00
6.769130228332961963e+00
2.249120620960992856e+00
6.160377539816722425e+00
6.617346742906823565e+00
1.139609642617195640e+01
1.207419876882911680e+01
1.334020018996381651e+01
8.981775886230213501e+00
5.886784309778276381e+00
4.993707291366538570e+00
7.494221327802905286e+00
6.044460022817982114e+00
1.211726619289184192e+01
3.422855614333826235e+00
8.438409843580981118e+00
6.757123293937740804e+00
3.485534951683140648e+00
8.800082524339547518e+00
7.909730494707667425e+00
1.017812041504474685e+01
1.028158296194365739e+01
1.349918113635913564e+01
1.165072698656041972e+01
1.685765204260614070e+01
3.376270540188974323e+00
8.866757420930792222e+00
5.104510138143313114e+00
6.625796533244242781e+00
6.815106380342631276e+00
8.566706697663436287e+00
7.769703532673156943e+00
6.626520179304018932e+00
7.740331016236761563e+00
5.276706354526365494e+00
5.966224937382166083e+00
7.740816734990525028e+00
1.007118583654198041e+01
1.299134717722095544e+01
4.169264099397709700e+00
5.673907513189146989e+00
1.241075861771830802e+01
2.644347453893308497e+00
1.284172805223818159e+01
4.915321118211916307e+00
8.329578477853463170e+00
7.484677806726494964e+00
5.040954414674605921e+00
5.329950271048944366e+00
2.985802658893303541e+00
9.648163392083498380e+00
1.095700873329917613e+01
1.159187008541132435e+01
5.950003717711665807e+00
1.302796801046819652e+01
6.868929563370961944e+00
1.060239206234793130e+01
1.111953428883129824e+01
4.322742861886481158e+00
4.937348767792019366e+00
5.117700949813287714e+00
6.187622278806158782e+00
8.424150239897706172e+00
5.212569152810828221e+00
1.131414505807996385e+01
5.505724368795161361e+00
1.472433755164027502e+01
8.323196958639824672e+00
4.594588873933676432e+00
1.056223840193150387e+01
1.689443222475896533e+01
4.284280294561490621e+00
6.134936661798561452e+00
5.595184176795509501e+00
1.359538054335232538e+01
2.237312427946079652e+01
9.445963283865935978e+00
3.093874447038096331e+00
4.478989268631371701e+00
1.881731281010107670e+00
6.154499437120838579e+00
8.128423663505198959e+00
5.534377560711477351e+00
5.510478024825325782e+00
8.150323853330530000e+00
4.447467701802052531e+00
5.348399395487853702e+00
7.444775761745595410e+00
7.383595553792039468e+00
9.118501281368047273e+00
7.412836900475851643e+00
1.101728910710554743e+01
6.266765531587222604e+00
6.312581996372247595e+00
1.023233838703963450e+01
1.100849258614316106e+01
2.242250266094719890e+01
7.365575707957066953e+00
1.570014373707170119e+00
1.589061374661394765e+01
8.698696491620387050e+00
7.313549063610699896e+00
1.346872684645865981e+01
8.812471735742320789e+00
9.197712591668842919e+00
1.121639216912606685e+01
1.114436100563758281e+01
4.381920136912833996e+00
8.122487494729382362e+00
6.670448933017793181e+00
6.520320118755288163e+00
6.410915146435319123e+00
1.350531676235742573e+01
4.462755214147235527e+00
8.380424310529088316e+00
9.139362246010716007e+00
1.693667936927766249e+01
1.599332630654920706e+01
7.803610518317325884e+00
1.023499305321933761e+01
1.236115384433469444e+01
2.184208326976335712e+00
1.157154008969862957e+01
4.946591740997910769e+00
8.548731765552666673e+00
1.115376136878261271e+01
4.993837479116686850e+00
5.776564930644572549e+00
6.015519552117372548e+00
1.282050350539289596e+01
4.790234754438058573e+00
7.891576827783959303e+00
9.058736801339561495e+00
1.372802110315876734e+00
6.965125577489617470e+00
1.141118182053991603e+01
7.435398318190743261e+00
4.414635415903679139e+00
1.079960004630564008e+01
1.130244762014420523e+01
3.744398010116042563e+00
4.376504870956567039e+00
1.079634771577176799e+01
8.339411995990818838e+00
6.531308074256509499e+00
1.870487903396806484e+00
6.342257213299551388e+00
8.940134206053240717e+00
6.925816095290323382e+00
4.173748093771093792e+00
8.058722560976335103e+00
6.753750270799067756e+00
7.004534421270963485e+00
8.104805088114613199e+00
5.916161203849060080e+00
7.457757659849247212e+00
9.747362941528077585e+00
1.319862170012609859e+01
7.018050774067979170e+00
8.910350515845491870e+00
4.442110458973857590e+00
7.592274572612468297e+00
9.072446564856374351e+00
1.422705649221096280e+01
5.716654947104487405e+00
8.204439828249805444e+00
3.894328991129161199e+00
4.501593235005078242e+00
6.174264898718091032e+00
6.641059050369413796e+00
3.823524992634468322e+00
4.283132282975903316e+00
1.515421846080037049e+00
1.429028294784088615e+01
1.135214842129520108e+01
7.475858836276008113e+00
1.683372759342424629e+01
1.051573257280839790e+01
7.472436444661785693e+00
5.747503713835604877e+00
1.018505727756825152e+01
8.282146037067624533e+00
9.890208717144128414e+00
7.081895345398137920e+00
1.233349086588403409e+01
9.651258000775497337e+00
8.851536581852574415e+00
3.092591724601057024e-01
1.238119997348670509e+01
1.258080031483370931e+01
5.902559929357106050e+00
1.286313521437378782e+01
1.002139645755778652e+01
3.628617879389838041e+00
5.598962019051564099e+00
1.297110533359188089e+01
9.284340255239518669e+00
4.207849263662765793e+00
6.473508845282310631e+00
1.261644611563002449e+01
1.025006446952041195e+01
1.043387065891721655e+01
5.197401421784681119e+00
1.328861154347221607e+01
4.317159581947290548e+00
1.305495207564909066e+01
7.969805094071365836e+00
7.288243068215071396e+00
9.546565736339861274e+00
8.712885872393282938e+00
3.863854628549308501e+00
8.863387730429588274e+00
6.914474347167832491e+00
1.354970166170353174e+01
3.491478486592560326e+00
7.062993217510369348e+00
3.544263197174191582e+00
4.394429888398121875e+00
6.387404133858453292e+00
7.357221077005128507e+00
1.436614238094347051e+01
3.504400043620818916e+00
8.319571995912829365e+00
4.846007101509386850e+00
9.471610864353943171e+00
8.242541727536883300e+00
1.070394192056584259e+01
1.090778967254509624e+01
8.878199860304828661e+00
3.963261494275944763e+00
8.608483325088378990e+00
6.592881278712892090e+00
8.041101076386246049e+00
1.075826099534062941e+01
9.002357478663759238e+00
1.353170900920827258e+01
9.451642159486944195e+00
6.685449046828151332e+00
9.495786364285798697e+00
5.550045099382564295e+00
1.474047994577073517e+01
5.093417018538740848e+00
6.633659958664433809e+00
3.118123344493780369e+00
3.792451479221000010e+00
9.842131870103953517e+00
7.525602443464796565e+00
1.147220443518197541e+01
4.312793126666628396e+00
6.341427596598292915e+00
5.314397369388880854e+00
9.747870860041290442e+00
1.422665704336034942e+01
1.176647994958824839e+01
9.178862518157728800e+00
7.372110971583192729e+00
5.017912642163388171e+00
4.579848099203147171e+00
7.652462347532671849e+00
9.301511593999014949e+00
8.563009419475230644e+00
6.929657045491039113e+00
1.651880307800449899e+01
1.181602155238903507e+01
3.813113972472456314e+00
1.100457223235243198e+01
