7.787843811766569146e+00
2.717337299208422152e+00
1.401055495066620082e+01
1.238784645504071769e+01
1.201199386397968993e+01
1.462049454950020611e+01
1.002284879042517929e+01
1.022821983730416839e+01
1.478686458243007529e+01
6.955248661862536430e+00
1.228721384565318786e+01
6.818275676684071307e+00
1.144279301863854670e+01
1.308380902674278445e+01
7.071188039602869679e+00
9.271946095852170444e+00
4.470728703766597256e+00
5.993745318108611997e+00
1.249380117519082312e+01
1.076991618971904963e+01
7.265466122038623631e+00
8.685095953033638239e+00
8.337309443662483943e+00
9.732236867048328577e+00
5.544121967656338690e+00
1.544594870684627352e+01
6.827274918209465859e+00
1.349235444200765022e+00
4.773963250800319358e+00
5.627669004632757321e+00
1.667946516921309197e+01
1.474773929103067616e+01
5.906391578243949780e+00
1.052095773755597286e+01
1.305842531762506376e+01
8.375768140703979014e+00
2.328414707600310507e+01
7.047356978642077330e+00
2.383742575582569856e+01
1.517510283774196544e+01
6.266600467187966927e+00
1.167548045204337726e+01
1.118992064140911324e+01
9.482491833169754969e+00
1.097557490927897916e+01
1.237049300100638227e+01
5.950793445984397856e+00
1.026839702109421815e+01
1.821284790863091274e+01
1.413392356338966316e+01
1.354437342661097432e+01
9.698909247776862586e+00
4.147228991459892988e+00
5.666562595595157070e+00
1.627784343361127739e+01
2.033361878131882605e+01
9.911818251586394624e+00
4.451615602902567304e+00
7.326093864044391779e+00
3.098808759412134961e+00
1.405863983334681855e+01
7.091768839153072435e+00
5.646929303012835355e+00
2.553999030707809936e+01
4.829428047763362208e+00
9.379516712426417158e+00
9.678697810652586497e+00
7.453346198722932137e+00
1.699637132115873328e+01
7.481589682077731673e+00
9.123323366920169875e+00
1.460874579184755184e+01
2.108055839319905189e+01
1.046828243614026022e+01
1.083502215774719701e+01
2.498881353726190024e+00
5.258959976591227381e+00
6.146437629279533077e+00
1.063215678816125553e+01
1.638049630871092788e+01
3.544016079945625730e+00
9.197416967014712341e+00
9.304393809505521418e+00
8.464988239265480274e+00
8.450903173453333750e+00
1.762452651811996418e+01
1.711408331114138193e+01
1.077231492150684034e+01
1.020580273793925485e+01
7.199160523189350513e+00
1.425698270099917409e+01
1.145387650515577960e+01
2.985527022676786935e+00
1.075876158727322363e+01
5.534044332972233526e+00
1.515069153423694281e+01
5.432977203138267264e+00
5.576609365689217057e+00
5.804469424453553295e+00
1.760811762525822388e+01
1.245539219409903708e+01
7.106850040920119405e+00
1.172232019981847273e+01
2.145250476228611536e+00
3.110564882573262135e+00
1.520488184260199382e+01
6.307157412969362831e+00
1.246334299958846259e+01
5.342644963392512381e+00
1.198103726968201954e+01
4.063970904298215281e+00
1.534449909656962951e+01
4.508412554417713380e+00
1.104112903471374452e+01
1.409509129198203503e+01
7.060100708198485897e+00
2.293999155396684309e+00
1.013255420562516207e+01
1.830792287501708770e+01
1.106029235181720516e+01
6.636717385646988987e+00
1.189537938480844481e+01
1.025552650903448182e+01
8.350122186570692051e+00
1.122966168076878368e+01
1.111250177465366029e+01
5.067597772821203606e+00
6.772838803752267545e+00
9.968524778792664520e+00
1.797066521310162912e+01
1.312042454700052296e+01
2.246504151397006765e+00
6.560054950859983691e+00
6.895223360427531922e+00
1.267305221442500063e+01
1.073203993512916199e+01
8.502345899079983838e+00
8.724432184309780069e+00
9.498210567318508879e+00
1.125574299935609268e+01
8.122047618427014726e+00
7.760338614341755203e+00
1.265991378543540335e+01
7.601000551062956134e+00
1.209434549903599354e+01
7.731622735859697393e+00
1.208776093639448845e+01
4.627653212724956333e+00
6.150424368126808261e+00
1.244769645056677199e+01
1.403525862251656520e+01
1.232190904800676989e+01
8.732284405987480014e+00
1.678381605854267633e+01
1.565782141321622412e+01
4.302276064833153946e+00
8.497529537796653543e+00
1.704802630311970191e+01
8.971007932242468286e+00
1.326791689685101794e+01
1.373393541072195490e+01
1.652291840130660106e+01
1.668698972169298500e+01
8.420292217498735354e+00
1.091329565441079907e+01
1.788841163554618063e+01
1.712634154466882563e+01
3.283949738295118159e+00
1.002350221180532053e+01
4.640680842110428195e+00
1.755978083565091552e+01
1.372464134432592608e+01
1.059240313746896334e+01
8.260641771943795675e+00
2.124862177977278677e+01
1.028473838743158453e+01
8.588503198393993898e+00
7.802485571957222810e+00
1.316726839996760035e+01
2.337743726138687705e+01
1.282532115791800997e+01
1.137104530292421956e+01
1.733782611961194675e+01
1.160182632615550702e+01
5.049889016058203062e+00
7.070758449354717534e+00
8.641670017227859546e+00
5.267737442770801692e+00
1.163888798762824095e+01
7.507964727484012890e+00
5.793029573094112372e+00
1.226329620591757141e+01
1.563424256206306850e+01
1.720890217612510398e+01
9.623053253474578739e+00
1.442208627835169743e+01
1.332179188167430439e+01
1.346650172341229812e+01
9.262565266777787798e+00
9.746317153267680666e+00
9.010808525692736382e+00
3.388408302421225038e+00
1.156541878052143879e+01
1.346622552355265157e+01
3.696994084820895310e+00
7.723792991969389732e+00
8.870609645264268650e+00
2.115089394465389017e+00
8.750876116548212735e+00
1.340059012043466424e+01
7.475592733174332594e+00
1.528026562800170751e+01
1.129826711416401253e+01
1.313514852990931381e+01
8.797356574937259310e+00
8.948627099091703840e+00
1.706255874361476899e+01
5.974084454170694336e+00
1.125503610314545533e+01
7.965947603597209881e-01
7.794352942236350223e+00
2.099991342932480975e+01
1.184117685828369204e+01
1.351535861236761704e+01
9.137816562957075561e+00
9.996566499577316023e+00
1.387774715837494810e+01
1.415798978588539647e+01
5.205365346164776419e+00
1.963748247336886976e+01
1.748760698956368387e+01
6.537673473396434787e+00
1.070998377336778518e+01
6.948864360309103816e+00
2.299802143564519241e+01
1.392387526340009174e+01
1.090485789566679209e+01
7.217095183661839997e+00
9.479622794089250348e+00
1.002257615951264924e+01
4.252260361530281862e+00
1.563140345370433515e+01
1.111612615851756836e+01
1.050670457595074581e+01
6.748651179952367407e+00
2.785711865952591637e+01
1.045648250402592616e+01
1.871091917886734635e+01
7.623579035345549038e+00
8.384895478670159719e+00
1.113431226202459889e+01
8.040576464998675732e+00
5.952793175892137967e+00
1.112437093684497924e+01
1.621018401594153602e+01
1.326937593714477259e+01
1.040203723469862851e+01
1.205005300848704763e+01
1.381751278202660593e+01
1.260612070447277411e+01
1.450713928255621710e+01
1.112751646063620647e+01
1.315528310407312595e+01
7.614389380710296251e+00
2.127070686856428594e+01
1.094456914719004104e+01
1.000587415344089592e+01
1.371877860813875216e+01
6.844162659308170582e+00
1.394132081662938205e+01
1.067954639204520184e+01
9.146928076167350596e+00
1.135384397341386986e+01
4.304386540388234650e+00
9.467420659452606913e+00
6.753323528693665700e+00
4.225625875654961838e+00
1.596808572278031235e+01
9.125468358679901471e+00
1.206530607101581865e+01
1.042707969975072579e+01
9.649636469407083084e+00
1.103617878994780810e+01
1.469406786881666704e+01
4.827509757451936778e+00
5.547396153825282283e+00
9.760227205015739926e+00
1.743862262060617496e+01
6.244507577146196198e+00
1.549080258473657423e+01
1.316625107168520259e+01
1.135068946810855550e+01
1.200383964862600195e+01
1.057932049395839869e+01
8.463392034446385992e+00
8.517815432481601334e+00
2.584806717319418468e+00
9.769451201523605022e+00
1.082546076010857661e+01
1.142706063905308689e+01
9.332812799659027547e+00
8.475120569461347841e+00
1.972738878016371800e+01
1.588685074283336007e+01
1.297402907622404733e+01
1.058633474296110677e+01
5.276105702199274106e+00
8.850737210022263213e+00
1.078479613085490563e+01
8.707126989232889969e+00
1.224339808014709874e+01
8.032334353096921120e+00
4.748166937570674762e+00
1.311083913800040257e+01
9.920818250772345692e+00
4.931946486649326999e+00
1.192992965207758616e+01
1.255253338737553648e+01
1.459549748061243690e+01
1.334049769851280232e+01
1.085741331731661496e+01
6.449895476124708260e+00
8.521444785872247962e+00
6.834350924885334244e+00
1.062705861563029686e+01
1.423952210672876539e+01
9.347704577713956908e+00
1.497326620196834313e+01
2.047208053250992776e+01
1.337514658125504496e+01
2.003341242421201329e+01
1.030279877200894667e+01
6.850624209338453063e+00
3.938424965095665087e+00
7.796029365429394176e+00
7.298924637277914407e+00
1.642332716365298850e+01
8.858130104351202405e+00
1.131551638608910260e+01
5.994016625455592440e+00
6.621685488043468126e+00
8.831552792961375076e+00
7.815479495354621164e+00
1.020415891782915452e+01
1.324222304011400375e+01
1.546181374786922724e+01
9.784977682073041194e+00
7.444211433136504574e+00
5.910111054102205053e+00
1.128185451447891907e+01
1.291107360830878470e+01
1.504154528899104193e+01
3.279481356457204733e+00
1.011496748967378423e+01
1.114150979132850772e+01
5.071843443291132125e+00
1.373289228160051501e+01
1.184841487374873381e+01
1.784590667809708009e+01
1.261253413285854741e+01
1.462540677137633871e+01
1.381998557229827185e+01
1.443282767220926210e+01
3.732743238849851153e+00
1.333026181250286157e+01
8.584980388126757234e+00
7.235743384612154827e+00
1.155992272795248432e+01
1.178316202484638353e+01
8.196109541801231302e+00
8.505206312873928809e+00
8.882767301292389561e+00
7.271733973271199858e+00
1.344928016301264151e+01
9.903282183276669315e+00
1.727239960773747995e+01
9.733082006936216501e+00
3.660187638103280960e+00
8.041424020664711847e+00
1.631950937454450923e+01
3.338491121986808086e+00
1.863852133235540975e+01
6.840278449779273018e+00
1.209551173150255998e+01
1.132622400153123721e+01
6.714732704067750468e+00
6.689890827990507383e+00
5.400725706434696960e+00
1.430322235683030030e+01
8.730725036011323326e+00
1.112466739127719961e+01
1.508678546970850398e+01
1.790218048662246275e+01
8.396121284662980244e+00
1.976330175949647838e+01
9.475778533718537844e+00
7.365385871039963561e+00
1.135269430187707584e+01
8.271337796765784844e+00
7.556914663385710718e+00
1.506565745208303930e+01
7.826576608807913615e+00
1.600428018621750681e+01
8.574787321895799508e+00
1.351614260497951925e+01
1.069062918841772536e+01
3.244840100406013228e+00
1.000004876598949899e+01
1.547438456946652963e+01
5.480589989301155818e+00
5.857108395650404198e+00
7.342883894230844533e+00
1.237931990469364685e+01
1.697418497135804571e+01
1.702021036193974979e+01
4.376258353014450542e+00
3.929486000522757649e+00
3.299824574189709647e+00
1.039605046057642568e+01
1.049651357123800466e+01
7.384441923702445010e+00
8.423749850148642082e+00
1.183616966672342663e+01
6.303092239199395763e+00
7.126098877948813914e+00
7.650182693016588154e+00
5.619320504884337986e+00
1.231843891793442580e+01
1.075680808811369182e+01
1.921998377151555815e+01
1.119210280166791271e+01
9.157598548636723734e+00
1.632929167781331614e+01
1.085132522625544738e+01
2.223021933759786606e+01
1.056369495967312488e+01
8.015602030574835446e-01
2.161967237588494939e+01
1.216966403721260725e+01
1.281989014733732901e+01
7.938506808683889915e+00
1.199283684767954661e+01
1.212595032654482985e+01
1.384545520278111219e+01
1.369207069172103530e+01
7.663735502658712839e+00
7.520764260075273988e+00
1.037273450480658532e+01
9.651457698740983915e+00
1.033393332058176739e+01
1.800028757680885150e+01
5.937241723194840226e+00
1.026144921222346618e+01
1.413308053610179194e+01
1.852558708071614291e+01
2.020763788352811474e+01
1.088365304107913367e+01
1.471786838501340888e+01
1.345020616123338364e+01
2.908294438022988260e+00
9.722892887538385764e+00
6.206740738862387197e+00
1.415819094770097131e+01
1.640689706008656756e+01
6.705231796930264387e+00
8.512573582881143963e+00
9.872154104389151641e+00
1.749939938848359944e+01
4.921650932257694677e+00
9.823387508405279078e+00
1.242471362214691055e+01
2.411306061327878947e+00
1.238057476290113890e+01
1.395955821370057137e+01
9.523319889960907503e+00
5.140544364432614088e+00
1.458843925420259602e+01
1.354040467984643570e+01
4.031537650728663102e+00
1.073042587730604502e+01
1.597467569208116522e+01
8.998045456467208325e+00
3.465996988499924658e+00
2.372494021530930475e+00
1.014018788744718336e+01
1.078020220475341873e+01
8.121218016683870999e+00
6.102515261323676832e+00
1.123803175748103023e+01
9.162684340993305199e+00
7.616609352921964948e+00
9.213563467647345462e+00
6.257805899538618100e+00
8.943515784944349178e+00
1.289262692850409131e+01
1.464557278788008965e+01
5.493391327746151021e+00
1.213768235305426657e+01
6.094888237784760854e+00
1.778426821294892690e+01
1.050076382667540820e+01
1.061057974917235391e+01
1.118776918667332687e+01
1.480157973656888437e+01
6.337214540866740187e+00
6.738706925368700418e+00
8.054695183200838215e+00
9.391034084818683070e+00
4.791301287038270296e+00
5.720623770645250517e+00
6.842829224137895849e+00
1.642786923350230666e+01
1.459414546943106039e+01
1.345696476046243539e+01
1.526562670002606659e+01
1.455407695214166175e+01
1.136788556162485264e+01
4.578972632367618978e+00
8.269717733664633030e+00
1.208368713349442203e+01
1.074949130047767554e+01
8.219384570363480691e+00
1.720051223075167002e+01
1.043735830750527249e+01
8.206312295607652629e+00
3.194890235782101851e+00
1.550319145354179895e+01
9.243271824631483113e+00
8.469335581081884001e+00
1.018745276026692537e+01
1.321114030032474496e+01
5.219820027993505640e+00
8.843981033574976891e+00
1.900724056133255857e+01
1.261329785266864789e+01
8.736383983789927754e+00
7.010342258455678710e+00
2.155667789892611452e+01
1.123724797286799415e+01
1.336117756570799564e+01
8.855425530837617742e+00
1.690217233760565207e+01
6.118620076237488270e+00
1.194450813711940107e+01
9.357698007824955866e+00
8.903555569862284358e+00
1.300031457487553332e+01
7.410197563741773408e+00
4.817675802275983798e+00
1.049318380485206958e+01
4.873264810516975132e+00
1.520943236958288125e+01
4.473276663453884971e+00
1.196798296253120419e+01
4.318392952308835575e+00
8.295957066073121666e+00
8.086752082889882232e+00
8.358899157309918948e+00
1.938058605252901856e+01
6.284567400874360388e+00
1.493555880888750664e+01
5.724423001719849857e+00
8.392976840990980847e+00
1.072752963533879367e+01
1.449876881495594283e+01
1.725911489298018964e+01
1.161663441698171262e+01
5.216127228434080720e+00
1.017408418716186347e+01
1.116296856458385811e+01
1.124781137290348454e+01
1.111855234820295912e+01
1.366479293875876166e+01
1.096843154641020845e+01
8.682899824369824771e+00
8.559776394059788629e+00
7.507966858175830538e+00
8.130595989443120786e+00
1.488865313924769396e+01
8.945667120444133147e+00
1.111254189562758654e+01
4.171912907470272103e+00
6.090597312296535115e+00
8.267946493518701701e+00
1.103276587752798577e+01
1.987476307233629313e+01
5.038234787694641170e+00
9.253922534949312606e+00
1.130043034337616881e+01
1.211795294068871165e+01
2.245200281536972042e+01
1.254060690349524343e+01
1.368085154057625807e+01
1.362690085013983499e+01
7.963469101637052461e+00
1.047035200594897120e+01
8.068800935572649990e+00
1.061455444780584223e+01
1.113144823008049933e+01
1.157158706128667802e+01
2.255131131415120294e+01
1.464154099083781446e+01
4.565783829624895596e+00
1.180861254488142364e+01
