2.994781434535980225e-01
8.490192890167236328e-02
1.864818483591079712e-01
2.560463845729827881e-01
1.438668519258499146e-01
2.439779341220855713e-01
1.136028468608856201e-01
1.214251518249511719e-01
1.248053535819053650e-01
1.702925711870193481e-01
1.389114409685134888e-01
2.228997498750686646e-01
2.080029547214508057e-01
1.540910452604293823e-01
1.546859145164489746e-01
5.633668601512908936e-02
1.652162373065948486e-01
2.372743338346481323e-01
1.660399138927459717e-01
4.714601114392280579e-02
2.763973772525787354e-01
1.656211018562316895e-01
2.221659570932388306e-01
1.315180659294128418e-01
2.228766679763793945e-01
2.776372730731964111e-01
1.225387826561927795e-01
3.601892292499542236e-02
2.232495099306106567e-01
2.805090546607971191e-01
1.856910288333892822e-01
1.921156346797943115e-01
2.585215866565704346e-01
1.039359718561172485e-01
3.005073368549346924e-01
1.655906289815902710e-01
9.796737134456634521e-02
8.618640154600143433e-02
5.272238329052925110e-02
1.929985731840133667e-01
2.219487130641937256e-01
2.420062124729156494e-01
1.713706105947494507e-01
2.472295761108398438e-01
1.109656393527984619e-01
1.547755748033523560e-01
2.085624039173126221e-01
1.393914222717285156e-01
3.149791955947875977e-01
1.229920014739036560e-01
1.902214884757995605e-01
1.344346553087234497e-01
1.851100288331508636e-02
1.540492326021194458e-01
1.546564400196075439e-01
5.017936602234840393e-02
1.855277419090270996e-01
1.933762580156326294e-01
8.808826655149459839e-02
4.053220897912979126e-02
1.881018877029418945e-01
2.709729969501495361e-01
1.456162035465240479e-01
1.758887618780136108e-01
1.231234520673751831e-01
2.250612676143646240e-01
2.119815796613693237e-01
1.831622868776321411e-01
2.049018591642379761e-01
7.991849631071090698e-02
2.159731984138488770e-01
1.708209663629531860e-01
2.152313590049743652e-01
2.238459140062332153e-01
2.311042547225952148e-01
8.600208163261413574e-02
2.047576606273651123e-01
2.938083112239837646e-01
2.715027034282684326e-01
3.995278477668762207e-01
2.788917124271392822e-01
6.088260933756828308e-02
6.673060357570648193e-02
6.075507402420043945e-02
7.084915786981582642e-02
2.832262814044952393e-01
2.557998597621917725e-01
1.828361749649047852e-01
2.566229104995727539e-01
1.813243925571441650e-01
6.681238859891891479e-02
2.260843366384506226e-01
1.455293297767639160e-01
2.242323011159896851e-01
1.449647396802902222e-01
6.337942183017730713e-02
1.180783808231353760e-01
2.352991253137588501e-01
3.087447881698608398e-01
2.083587795495986938e-01
1.578133702278137207e-01
2.268446981906890869e-01
2.649861574172973633e-01
1.659727692604064941e-01
2.715943753719329834e-01
1.787225604057312012e-01
1.594391167163848877e-01
1.724850833415985107e-01
1.957851946353912354e-01
1.073390543460845947e-01
-5.623891018331050873e-03
1.506749987602233887e-01
2.049301713705062866e-01
1.492278277873992920e-01
2.593280076980590820e-01
1.414325088262557983e-01
7.097680121660232544e-02
2.440560609102249146e-01
2.485310733318328857e-01
1.332338303327560425e-01
2.492612004280090332e-01
9.995803236961364746e-02
2.810729444026947021e-01
7.469107955694198608e-02
1.417763084173202515e-01
2.755029201507568359e-01
2.088710516691207886e-01
3.473720848560333252e-01
3.061663545668125153e-02
2.317214757204055786e-01
1.653895080089569092e-01
2.449872940778732300e-01
1.933499276638031006e-01
2.600048184394836426e-01
1.144301146268844604e-01
1.818477660417556763e-01
1.509468704462051392e-01
5.195038765668869019e-02
1.243097186088562012e-01
2.452850341796875000e-01
2.787610590457916260e-01
1.574817001819610596e-01
1.698583066463470459e-01
-4.056950099766254425e-03
2.268365621566772461e-01
2.448598593473434448e-01
1.154900416731834412e-01
3.379806578159332275e-01
2.669416069984436035e-01
1.655206680297851562e-01
9.015619754791259766e-02
2.146563082933425903e-01
1.940469890832901001e-01
2.392057627439498901e-01
9.552260488271713257e-02
1.169257834553718567e-01
1.635703444480895996e-01
8.851589262485504150e-02
2.867671251296997070e-01
5.585830658674240112e-02
1.130132079124450684e-01
2.783358395099639893e-01
1.748733073472976685e-01
2.288077771663665771e-01
1.587947458028793335e-01
1.080710664391517639e-01
1.892712265253067017e-01
2.599902749061584473e-01
1.261668503284454346e-01
2.535314857959747314e-01
1.485344916582107544e-01
1.857291609048843384e-01
2.937447130680084229e-01
6.944780796766281128e-02
4.358543828129768372e-02
2.785914540290832520e-01
4.700073599815368652e-02
1.456050425767898560e-01
2.189318388700485229e-01
1.192219406366348267e-01
3.138465285301208496e-01
1.818940043449401855e-01
1.938610523939132690e-01
2.648273408412933350e-01
1.432251036167144775e-01
2.805057466030120850e-01
1.006082594394683838e-01
2.626030445098876953e-01
2.106550931930541992e-01
7.361360639333724976e-02
2.235939651727676392e-01
4.624712839722633362e-02
7.040405273437500000e-02
9.428573399782180786e-02
1.421651095151901245e-01
2.604779005050659180e-01
8.930591493844985962e-02
1.641872823238372803e-01
2.730464041233062744e-01
2.925431728363037109e-01
1.529666930437088013e-01
1.474599242210388184e-01
1.908814758062362671e-01
1.280839145183563232e-01
8.763002604246139526e-02
1.210728585720062256e-01
1.011381894350051880e-01
1.009504944086074829e-01
2.261039763689041138e-01
2.515064477920532227e-01
1.694068014621734619e-01
2.529190182685852051e-01
2.335737794637680054e-01
1.126434579491615295e-01
3.847845494747161865e-01
2.286870479583740234e-01
2.011345475912094116e-01
1.151058822870254517e-01
1.724775731563568115e-01
1.989850699901580811e-01
2.251118421554565430e-01
2.426636517047882080e-01
3.092933297157287598e-01
4.217746481299400330e-02
1.642539650201797485e-01
2.186783403158187866e-01
1.666761785745620728e-01
1.078066229820251465e-01
2.926013469696044922e-01
2.718877792358398438e-01
2.613565921783447266e-01
1.412497460842132568e-01
9.605115652084350586e-02
2.209588736295700073e-01
1.819572895765304565e-01
2.083938941359519958e-02
2.093482017517089844e-01
1.020166352391242981e-01
2.031626701354980469e-01
1.434151977300643921e-01
1.635076701641082764e-01
2.208216935396194458e-01
1.363109201192855835e-01
1.061950251460075378e-01
1.414245665073394775e-01
1.582673341035842896e-01
1.282523423433303833e-01
9.352049231529235840e-02
2.437437623739242554e-01
7.532960176467895508e-02
2.351251989603042603e-01
2.178715616464614868e-01
1.842808127403259277e-01
1.202666461467742920e-01
1.089870557188987732e-01
1.590264290571212769e-01
1.603642702102661133e-01
7.964634150266647339e-02
2.689494192600250244e-01
1.085374802350997925e-01
1.208043918013572693e-01
3.119804859161376953e-01
2.327791899442672729e-01
2.635422945022583008e-01
1.306788623332977295e-01
1.040269806981086731e-01
4.843031615018844604e-02
2.567113041877746582e-01
3.421640098094940186e-01
1.834404282271862030e-02
1.505429297685623169e-01
2.275045961141586304e-01
1.352751702070236206e-01
2.479244619607925415e-01
1.944524645805358887e-01
3.297798931598663330e-01
2.161019146442413330e-01
2.248197793960571289e-01
1.233696267008781433e-01
2.953669130802154541e-01
2.561252117156982422e-01
7.704436033964157104e-02
1.858723610639572144e-01
1.974218189716339111e-01
2.505130767822265625e-01
1.553416550159454346e-01
1.749492995440959930e-02
1.308305561542510986e-01
1.998950839042663574e-01
1.339252293109893799e-01
8.286061137914657593e-02
1.444090455770492554e-01
3.672766983509063721e-01
2.665057480335235596e-01
2.100127786397933960e-01
2.121235430240631104e-01
2.065624445676803589e-01
1.688828170299530029e-01
2.275408953428268433e-01
2.648261487483978271e-01
2.490838617086410522e-01
2.291370928287506104e-01
9.828085452318191528e-02
5.099912732839584351e-02
1.200972348451614380e-01
1.251391768455505371e-01
2.331445664167404175e-01
3.940235823392868042e-02
2.229268699884414673e-01
1.526235044002532959e-01
1.734786331653594971e-01
2.631981074810028076e-01
1.660443693399429321e-01
2.028751373291015625e-01
1.034846827387809753e-01
2.625340223312377930e-01
2.230248749256134033e-01
1.620980501174926758e-01
1.547176688909530640e-01
2.127174735069274902e-01
2.316693365573883057e-01
2.020327597856521606e-01
1.572510898113250732e-01
3.745909407734870911e-02
1.095869615674018860e-01
5.403886362910270691e-02
2.102062553167343140e-01
1.506897658109664917e-01
1.754081398248672485e-01
1.983190923929214478e-01
1.540302634239196777e-01
1.754889488220214844e-01
1.428688615560531616e-01
8.593194931745529175e-02
2.273994833230972290e-01
2.856661081314086914e-01
3.001086115837097168e-01
1.309471130371093750e-01
1.179339811205863953e-01
1.119240894913673401e-01
2.584087550640106201e-01
2.550429999828338623e-01
2.393888831138610840e-01
1.931464076042175293e-01
-1.439280156046152115e-02
2.059609144926071167e-01
1.531462371349334717e-01
2.718950808048248291e-01
2.077332697808742523e-02
2.071632742881774902e-01
4.054939746856689453e-02
3.376064449548721313e-02
2.125484049320220947e-01
2.243118137121200562e-01
1.543207913637161255e-01
3.858681768178939819e-02
1.260331422090530396e-01
3.283669948577880859e-01
8.246812224388122559e-02
1.402143537998199463e-01
1.245303079485893250e-01
1.809793412685394287e-01
2.232665568590164185e-01
3.769871965050697327e-02
1.731630712747573853e-01
3.099324926733970642e-02
3.187631070613861084e-01
1.710032671689987183e-01
1.133546754717826843e-01
1.574863195419311523e-01
3.683095872402191162e-01
1.215196475386619568e-01
3.715688362717628479e-02
2.606155872344970703e-01
1.645701378583908081e-01
8.813291788101196289e-02
2.900448739528656006e-01
2.592568397521972656e-01
2.379872649908065796e-01
9.397267550230026245e-02
2.147460579872131348e-01
2.087011188268661499e-01
2.826924622058868408e-01
1.982793211936950684e-01
1.578026860952377319e-01
2.576245963573455811e-01
8.158201724290847778e-02
8.699133247137069702e-02
2.734732925891876221e-01
2.909612357616424561e-01
1.215689852833747864e-01
1.223226338624954224e-01
1.161851361393928528e-01
1.537756770849227905e-01
9.995545446872711182e-02
1.230863854289054871e-01
2.327658385038375854e-01
2.677848637104034424e-01
8.439509570598602295e-02
2.055982500314712524e-01
4.777447134256362915e-02
9.490430355072021484e-02
5.629925429821014404e-02
2.152892500162124634e-01
1.705157905817031860e-01
2.316432893276214600e-01
2.530186176300048828e-01
2.382032424211502075e-01
1.142415031790733337e-01
2.368597239255905151e-01
1.546946913003921509e-01
2.017105221748352051e-01
2.525898218154907227e-01
2.245158106088638306e-01
2.494853436946868896e-01
1.188638880848884583e-01
1.785625964403152466e-01
8.130826801061630249e-02
1.322403401136398315e-01
1.947811394929885864e-01
3.271777033805847168e-01
1.391298919916152954e-01
2.016219347715377808e-01
2.465935796499252319e-01
2.620356380939483643e-01
1.754176765680313110e-01
2.189720124006271362e-01
9.192116558551788330e-02
1.797148287296295166e-01
3.804081380367279053e-01
1.931684613227844238e-01
1.993267685174942017e-01
1.348816156387329102e-01
1.919161230325698853e-01
5.452145263552665710e-02
1.523481160402297974e-01
6.890088319778442383e-02
8.141203224658966064e-02
2.872681617736816406e-01
7.959458976984024048e-02
8.360794186592102051e-02
1.650899201631546021e-01
3.396396636962890625e-01
2.421494871377944946e-01
2.426472604274749756e-01
2.287683188915252686e-01
4.439269751310348511e-02
2.877656817436218262e-01
1.071529015898704529e-01
1.251781731843948364e-01
7.903561741113662720e-02
2.154980897903442383e-01
6.726879626512527466e-02
7.481479644775390625e-02
1.284566670656204224e-01
1.263963729143142700e-01
1.898638755083084106e-01
1.258770674467086792e-01
2.963050603866577148e-01
1.065693348646163940e-01
1.769803613424301147e-01
9.632095694541931152e-02
1.450342088937759399e-01
1.318244189023971558e-01
2.792473435401916504e-01
2.667367160320281982e-01
2.016863375902175903e-01
9.962615557014942169e-03
2.791739106178283691e-01
2.244118452072143555e-01
2.447364926338195801e-01
1.134511604905128479e-01
1.663730442523956299e-01
9.540387988090515137e-02
2.073892802000045776e-01
2.720132172107696533e-01
1.239281818270683289e-01
1.273527592420578003e-01
1.418468058109283447e-01
2.901814505457878113e-02
2.574716508388519287e-01
2.111773788928985596e-01
2.475131154060363770e-01
2.123648822307586670e-01
1.500810235738754272e-01
2.980818450450897217e-01
1.460206508636474609e-01
4.673973843455314636e-02
1.876621693372726440e-01
2.465652972459793091e-01
3.162352740764617920e-02
1.598352789878845215e-01
3.005067706108093262e-01
1.963728368282318115e-01
1.302996575832366943e-01
1.540603935718536377e-01
1.126915216445922852e-01
1.754234582185745239e-01
1.139670088887214661e-01
7.443768531084060669e-02
1.916716247797012329e-01
1.016570180654525757e-01
4.533078894019126892e-02
9.825941175222396851e-02
2.672750875353813171e-02
2.111190706491470337e-01
1.823872476816177368e-01
1.345946490764617920e-01
1.059982478618621826e-01
2.133574038743972778e-01
1.802133917808532715e-01
2.970084846019744873e-01
2.086626440286636353e-01
2.393409460783004761e-01
2.293831706047058105e-01
1.340029388666152954e-01
1.732252985239028931e-01
1.790417358279228210e-02
1.971927732229232788e-01
3.131927847862243652e-01
1.012472212314605713e-01
1.645636409521102905e-01
2.610738277435302734e-01
1.854622960090637207e-01
8.010415732860565186e-02
5.521966516971588135e-02
3.384578526020050049e-01
2.515879273414611816e-01
2.139362394809722900e-01
5.855774134397506714e-02
1.655094474554061890e-01
2.290159612894058228e-01
8.217087388038635254e-02
1.300873607397079468e-01
1.553566306829452515e-01
2.239517122507095337e-01
1.024832427501678467e-01
1.527222543954849243e-01
1.665775477886199951e-01
2.226752638816833496e-01
2.196100503206253052e-01
3.001047968864440918e-01
1.403563190251588821e-02
1.142714619636535645e-01
6.027697771787643433e-02
4.218287765979766846e-02
2.940309643745422363e-01
1.178457960486412048e-01
5.775382742285728455e-02
5.306454375386238098e-02
1.067271083593368530e-01
1.032375916838645935e-01
2.375871241092681885e-01
1.081010401248931885e-01
1.933433413505554199e-01
2.465296536684036255e-01
8.453144133090972900e-02
3.016616404056549072e-01
-2.047374658286571503e-02
1.873121559619903564e-01
2.690294981002807617e-01
7.462660223245620728e-02
1.525289714336395264e-01
2.337767332792282104e-01
2.009602636098861694e-01
1.932337284088134766e-01
1.899621784687042236e-01
1.701762676239013672e-01
1.385605186223983765e-01
1.705312728881835938e-01
1.575832962989807129e-01
2.478700429201126099e-01
3.261391222476959229e-01
1.636067181825637817e-01
1.379032731056213379e-01
1.076006218791007996e-01
1.826220005750656128e-01
7.975415885448455811e-02
1.726351976394653320e-01
1.198351681232452393e-01
7.281439751386642456e-02
8.619701862335205078e-02
5.522005632519721985e-02
2.635629475116729736e-01
4.319978877902030945e-02
1.096885278820991516e-01
2.165692150592803955e-01
1.357260942459106445e-01
3.055481016635894775e-01
1.675164848566055298e-01
2.140341103076934814e-01
1.566015481948852539e-01
9.228745102882385254e-02
1.043738722801208496e-01
2.758748829364776611e-01
1.317341923713684082e-01
9.039289504289627075e-02
8.198691159486770630e-02
5.816942080855369568e-02
2.315230965614318848e-01
4.000769183039665222e-02
1.057968586683273315e-01
1.737485080957412720e-01
5.986202135682106018e-02
1.077461019158363342e-01
5.861843004822731018e-02
2.715545594692230225e-01
1.464155316352844238e-01
4.581450670957565308e-02
2.995376586914062500e-01
2.332191765308380127e-01
2.908681333065032959e-01
1.888551115989685059e-01
2.196888476610183716e-01
4.488576576113700867e-02
2.296362668275833130e-01
1.795010864734649658e-01
2.165218293666839600e-01
2.651615142822265625e-01
2.274107038974761963e-01
8.427571505308151245e-02
1.699946373701095581e-01
1.208683252334594727e-01
2.144762575626373291e-01
2.612402737140655518e-01
1.478171646595001221e-01
2.310344390571117401e-02
1.684600412845611572e-01
1.414325535297393799e-01
1.114004030823707581e-01
3.050068616867065430e-01
1.293195486068725586e-01
1.062010526657104492e-01
2.286240607500076294e-01
1.342019140720367432e-01
1.447243243455886841e-01
3.227543234825134277e-01
1.655709147453308105e-01
-1.185930054634809494e-02
1.225247606635093689e-01
2.809559702873229980e-01
2.481479197740554810e-01
1.996922641992568970e-01
1.598958075046539307e-01
5.990954115986824036e-02
1.019053012132644653e-01
1.643633544445037842e-01
1.373782604932785034e-01
1.777607649564743042e-01
4.000237584114074707e-02
1.728784590959548950e-01
1.056229248642921448e-01
1.205021068453788757e-01
2.007562667131423950e-01
6.979010254144668579e-02
5.333270505070686340e-02
8.166657388210296631e-02
2.782271504402160645e-01
1.775725036859512329e-01
3.696363270282745361e-01
2.208247780799865723e-01
2.223398238420486450e-01
2.905172705650329590e-01
1.222324818372726440e-01
1.865996420383453369e-01
8.358418941497802734e-02
2.167149037122726440e-01
1.399117112159729004e-01
2.194749414920806885e-01
2.049907743930816650e-01
2.697153687477111816e-01
2.303583621978759766e-01
1.504749506711959839e-01
1.455777883529663086e-01
2.895644903182983398e-01
3.129692673683166504e-01
1.418239176273345947e-01
1.503391265869140625e-01
1.942723393440246582e-01
2.966234982013702393e-01
9.299265593290328979e-02
1.236204430460929871e-01
2.782121300697326660e-01
8.261545747518539429e-02
2.139625400304794312e-01
1.602154523134231567e-01
1.653597354888916016e-01
2.214394658803939819e-01
2.351513057947158813e-01
2.460930496454238892e-01
1.432461589574813843e-01
2.010696530342102051e-01
8.254203945398330688e-02
1.439352035522460938e-01
1.371400058269500732e-01
2.245247513055801392e-01
2.805653959512710571e-02
1.243626102805137634e-01
1.635004132986068726e-01
1.898414492607116699e-01
2.357223033905029297e-01
9.264291077852249146e-02
4.939198866486549377e-02
2.910266816616058350e-01
5.777592584490776062e-02
1.993513703346252441e-01
1.910024136304855347e-01
5.371507257223129272e-02
1.647742092609405518e-01
2.284653633832931519e-01
1.283666938543319702e-01
4.286629706621170044e-02
2.710475623607635498e-01
2.003124505281448364e-01
6.843528151512145996e-02
2.337657213211059570e-01
1.086316555738449097e-01
6.463315337896347046e-02
1.334354728460311890e-01
1.670501530170440674e-01
1.050872579216957092e-01
1.384405195713043213e-01
3.190538585186004639e-01
3.457035422325134277e-01
9.295821189880371094e-02
2.298695445060729980e-01
1.921164989471435547e-01
2.360392212867736816e-01
8.158899843692779541e-02
1.400440335273742676e-01
1.615473628044128418e-01
1.925486028194427490e-01
1.072514876723289490e-01
1.300754398107528687e-01
6.814011931419372559e-02
3.014345169067382812e-01
7.044491916894912720e-02
2.164204120635986328e-01
2.066593468189239502e-01
1.690526604652404785e-01
1.962370872497558594e-01
1.288601458072662354e-01
5.803823471069335938e-02
1.525165289640426636e-01
1.740547120571136475e-01
2.700029909610748291e-01
2.484890073537826538e-02
5.959584191441535950e-02
2.882614731788635254e-01
3.306732177734375000e-01
1.965699344873428345e-01
3.006852269172668457e-01
2.805680036544799805e-01
1.720936596393585205e-01
2.090089023113250732e-01
1.129040867090225220e-01
1.833645403385162354e-01
2.096062451601028442e-01
2.114738970994949341e-01
1.669459193944931030e-01
5.841184034943580627e-02
1.243476197123527527e-01
3.423624485731124878e-02
4.457233101129531860e-02
1.337236315011978149e-01
1.232583820819854736e-01
1.960610151290893555e-01
1.821916401386260986e-01
1.013195961713790894e-01
1.049265787005424500e-01
7.528440654277801514e-02
2.081965059041976929e-01
2.081949859857559204e-01
4.056006669998168945e-02
2.628972530364990234e-01
2.484300583600997925e-01
7.562112808227539062e-02
8.995097875595092773e-02
4.706281423568725586e-02
1.800157576799392700e-01
2.097957879304885864e-01
2.917919456958770752e-01
4.267918691039085388e-02
1.921673864126205444e-01
3.907420486211776733e-02
7.828581333160400391e-02
2.502334713935852051e-01
9.088882058858871460e-02
2.139918953180313110e-01
1.463012211024761200e-02
3.062414526939392090e-01
2.403828799724578857e-01
2.316499948501586914e-01
5.673336237668991089e-02
3.052452802658081055e-01
1.156674772500991821e-01
6.191337015479803085e-03
9.228578209877014160e-02
5.642992258071899414e-02
2.543348371982574463e-01
1.964013874530792236e-01
1.837146133184432983e-01
1.253936290740966797e-01
1.529040187597274780e-01
1.179447397589683533e-01
2.003906816244125366e-01
2.101237773895263672e-01
2.021693140268325806e-01
1.949938833713531494e-01
1.527853012084960938e-01
2.536335885524749756e-01
1.347470432519912720e-01
2.182988673448562622e-01
3.023127317428588867e-01
8.409568667411804199e-02
2.924930453300476074e-01
2.039532214403152466e-01
9.509066492319107056e-02
1.520603746175765991e-01
1.572117656469345093e-01
1.737834364175796509e-01
2.439490109682083130e-01
8.198583126068115234e-02
1.045472845435142517e-01
2.566817402839660645e-01
2.009323537349700928e-01
1.717367395758628845e-02
4.189620912075042725e-02
1.728330701589584351e-01
9.686081111431121826e-02
1.948653012514114380e-01
1.972409039735794067e-01
1.417822241783142090e-01
2.942954003810882568e-01
1.155864819884300232e-01
9.484460204839706421e-02
1.658193916082382202e-01
2.598872482776641846e-01
2.704539597034454346e-01
1.372426450252532959e-01
1.908912956714630127e-01
4.665447399020195007e-02
2.070877999067306519e-01
2.297387421131134033e-01
1.382587105035781860e-01
1.611350625753402710e-01
2.035915255546569824e-01
2.295433133840560913e-01
5.373007804155349731e-02
2.305038720369338989e-01
1.340861171483993530e-01
1.004456132650375366e-01
2.395181506872177124e-01
2.500741779804229736e-01
1.447234600782394409e-01
1.903563439846038818e-01
1.645602434873580933e-01
1.501104980707168579e-01
2.805022299289703369e-01
1.233067587018013000e-01
1.613205224275588989e-01
2.396647930145263672e-01
9.898137301206588745e-02
1.188829764723777771e-01
2.695421278476715088e-01
1.162469685077667236e-01
1.188800781965255737e-01
8.791696280241012573e-02
8.681038022041320801e-02
2.444153279066085815e-02
4.262878373265266418e-02
2.612594962120056152e-01
2.409003116190433502e-02
3.496181219816207886e-02
9.343419969081878662e-02
2.417121380567550659e-01
1.679806411266326904e-01
1.343114972114562988e-01
8.090519905090332031e-02
2.368581853806972504e-02
8.355980366468429565e-02
2.897626757621765137e-01
2.066458463668823242e-01
2.467123419046401978e-01
1.472827494144439697e-01
2.530430555343627930e-01
2.011802494525909424e-01
7.101051509380340576e-02
1.940701156854629517e-01
3.864996880292892456e-02
2.871422469615936279e-01
1.357900500297546387e-01
2.093840688467025757e-01
1.439703404903411865e-01
1.883134245872497559e-01
2.531702518463134766e-01
2.385435551404953003e-01
2.679664194583892822e-01
2.603853940963745117e-01
1.891333311796188354e-01
1.330249607563018799e-01
