3.036843133327626898e+00
2.738435998371486324e+00
2.954405395296942682e+00
2.746977639013890471e+00
4.274301415075512978e+00
5.280512403390501319e+00
2.850137732288454462e+00
3.856914976681402152e+00
3.571924610342198214e+00
3.280102548453249334e+00
4.199812840138339887e+00
3.838084577323173985e+00
3.668385028345511056e+00
4.418366334006415208e+00
3.512847026006750362e+00
3.999371330257459167e+00
3.976226706918731146e+00
4.009555497734874407e+00
4.504816123676960160e+00
4.808968579500570328e+00
4.205688901091137133e+00
4.293060049285076119e+00
3.608868326585545017e+00
4.091609280827664286e+00
3.523990495564839343e+00
3.627873257270377128e+00
2.754695727574930419e+00
3.328795123239224996e+00
3.582494683080591713e+00
3.337385436398553562e+00
2.926007550069333440e+00
2.463320954383761752e+00
3.859525596926831170e+00
3.894178034213140904e+00
3.791560012035742222e+00
3.549193954460717393e+00
2.955207828387733215e+00
4.185726254794992052e+00
3.657251959604364444e+00
3.742269165442944079e+00
4.270551280358306556e+00
3.489526345667979257e+00
4.296826581566207004e+00
3.234843845638051718e+00
3.662240578429407645e+00
4.307174298757227682e+00
3.184808833527553951e+00
4.768660771351763472e+00
3.367346350139058586e+00
4.695771803988598947e+00
2.915048251437879934e+00
3.672263429437466087e+00
4.244240792810595408e+00
3.329036716782612260e+00
3.494323417294610490e+00
3.622783394155165926e+00
3.953084539138103537e+00
4.501456361286110486e+00
3.531452554132531230e+00
3.238181115425503354e+00
4.523712519254993403e+00
3.637706332830259015e+00
3.406088327399478199e+00
4.556315437079636155e+00
3.802298207214088510e+00
3.850058690164102515e+00
4.054705413407670989e+00
4.011196764180256835e+00
3.953535764372260175e+00
3.900223237948846400e+00
3.658958007080970631e+00
4.644525174213359087e+00
3.533515986809615317e+00
4.412883981986696291e+00
3.978321811109199135e+00
4.021740727982407115e+00
4.283531624848290420e+00
4.315103709706344048e+00
3.448017500405637925e+00
3.407407004417858598e+00
4.485677957680417549e+00
4.340051635621552606e+00
2.927475706365359809e+00
4.053537117571890391e+00
3.188739560173125653e+00
3.415275145148159552e+00
4.676236318379997314e+00
3.262989948695126152e+00
3.745388984768752039e+00
3.731229102326995228e+00
3.204683531889763959e+00
3.956953137609346083e+00
4.010411474904674201e+00
4.098975019607170367e+00
3.853718354123665701e+00
3.722877787503175107e+00
5.233205541675355121e+00
3.412442849560065827e+00
5.110492110407626853e+00
4.312575222550785625e+00
4.785631611649799666e+00
3.962852101867044396e+00
3.810562285756018852e+00
4.860349038173578329e+00
3.897700686049201391e+00
2.717940443435221010e+00
3.957257040752608201e+00
3.794698229109914500e+00
3.853938729420455012e+00
4.233230437590422390e+00
3.103095698046009598e+00
2.895386178611309980e+00
3.199066182098223354e+00
4.145639378571696732e+00
2.887805135545204127e+00
3.539911916660412494e+00
4.387131891582505716e+00
3.574579474761141018e+00
5.257081427962091880e+00
4.069795189038007521e+00
3.742475971097336540e+00
3.756250649710190181e+00
4.302906311695163133e+00
3.309437766089510014e+00
3.791184547487580936e+00
3.599525393340785140e+00
3.175593401522899040e+00
3.961785494015407583e+00
3.549178711653999230e+00
3.847501068709277217e+00
4.092154486216980303e+00
3.703103433973385261e+00
4.850069475678758124e+00
4.031654845912116869e+00
4.129236000131011330e+00
4.294160937740217676e+00
4.096167177824025174e+00
4.216347982710357378e+00
4.629452455750056927e+00
3.712296896404587709e+00
3.548450083571145885e+00
4.110269969247325683e+00
3.230938231207729938e+00
4.519581382059159935e+00
3.587014939808884417e+00
3.316995436830349586e+00
4.092790435869353871e+00
3.070109144433525117e+00
3.540437985204420546e+00
4.010340645008658278e+00
4.076092927972424285e+00
3.727447608367124410e+00
4.511377395372488053e+00
3.174869289307392428e+00
3.377758565543448110e+00
4.693081076743904845e+00
3.501445221402240016e+00
3.441334479296727977e+00
3.736269118781590848e+00
5.122712852977956643e+00
4.615487134633735167e+00
2.977401982690875304e+00
3.388255387523261941e+00
3.559873859839104870e+00
3.121275539861560144e+00
3.579602409654170980e+00
3.813251393089864383e+00
4.063629875862873497e+00
3.103894829676989264e+00
3.706168186238673279e+00
3.311087578550021338e+00
2.897011722000506495e+00
4.561330941557765861e+00
4.252513718131143428e+00
4.415283295203499492e+00
3.597895355065280132e+00
3.465255169131987056e+00
3.155733849792484946e+00
3.058978720646079008e+00
3.459932601088286042e+00
3.396969853424191665e+00
4.436853067961402886e+00
2.952736892756458342e+00
4.415795875375680524e+00
4.721855424816148172e+00
3.485189035721032003e+00
4.463044912816624077e+00
4.002369908906593388e+00
3.755378802337252520e+00
3.410134460170334503e+00
4.101763136035292412e+00
3.812861448239870388e+00
4.354966555360372027e+00
3.159663267745744353e+00
3.969034687452257515e+00
3.141024347585656074e+00
3.986269360299432574e+00
3.714988762192418914e+00
2.768070451051953373e+00
3.420428860201117249e+00
3.817657682130097818e+00
4.077292039233337384e+00
3.769141189371669309e+00
3.817554852138477894e+00
4.834357289574785277e+00
4.425139131701819828e+00
3.994054080459073841e+00
2.864081588115191312e+00
4.105661558819905466e+00
4.796455699443993304e+00
4.347364356975995214e+00
4.360929757470405121e+00
5.155672601539079025e+00
3.150712257670260641e+00
3.768646225180108278e+00
3.509507662850316123e+00
3.099237718121190088e+00
3.852185338345439192e+00
2.324434534106655903e+00
4.226329049640868085e+00
4.523780917552027603e+00
3.918858779129634762e+00
3.588982558822868096e+00
2.506544013725245712e+00
3.375082588084579172e+00
4.050046857522506372e+00
3.448755553580673983e+00
3.070704882870757046e+00
4.627980093019774976e+00
4.338912880382888915e+00
3.782977337959543274e+00
3.354348536513887424e+00
3.857992066839271317e+00
2.733211060876370446e+00
4.382659027656950812e+00
3.669894368132001095e+00
3.769400507147039558e+00
4.580359824017471659e+00
3.815995561546216219e+00
3.971674432084109974e+00
2.950132985345402137e+00
3.915228646806229840e+00
3.618951148311595034e+00
3.884229820527991262e+00
4.859768100474612496e+00
4.323433585823523551e+00
3.076778786916349873e+00
2.746309041087932279e+00
4.214738332894290451e+00
4.653007267721244844e+00
3.594459575455049016e+00
2.655377684922623160e+00
3.133671020887498049e+00
4.540745876461874886e+00
3.822337968408612063e+00
4.545838357268570995e+00
2.794163039768322143e+00
3.425063746950583354e+00
2.807083223745823197e+00
4.336968641782588563e+00
4.136980685359070264e+00
3.325104678850475004e+00
3.421812401319159758e+00
3.163158929001825825e+00
4.121570477291645496e+00
3.169299182177718333e+00
3.774520656280674125e+00
3.619515830235560561e+00
3.718719271680249516e+00
4.028399528410806951e+00
3.305189707745225025e+00
4.619449330517288566e+00
3.832350310186680709e+00
2.435157391067720667e+00
3.721031151660733283e+00
3.404580740805810191e+00
3.986745211791011823e+00
4.021043018291014626e+00
5.007740614246610100e+00
3.379749558705512857e+00
3.329715768685947097e+00
4.425794639856776236e+00
4.232211810237624938e+00
4.324364291726318754e+00
3.977056997930148441e+00
2.883992928618151819e+00
3.000984823814008884e+00
4.106254510585908513e+00
4.039937055726118942e+00
3.631047512460084281e+00
3.421421973443210529e+00
3.536826453747877075e+00
3.244842201829902795e+00
4.847362837053827533e+00
4.320538914604395764e+00
3.456097709841225107e+00
3.925638567356886544e+00
2.663993089700364969e+00
4.501295539073650431e+00
3.425124665789091694e+00
3.837605918730683019e+00
2.744994791542460622e+00
4.344799632184252580e+00
3.692839586279993647e+00
4.022648543320501702e+00
3.517731037224350654e+00
4.130397982733382101e+00
3.376092236535477742e+00
4.061155687828084559e+00
2.651661868203055050e+00
3.260574055025052598e+00
3.477315657627742862e+00
3.657492059028172537e+00
3.538003393114961259e+00
3.224562115976269183e+00
5.029242922519734371e+00
4.094575296425251310e+00
4.408790087427380655e+00
4.253565253523355238e+00
2.763554116104005587e+00
2.652447882942654989e+00
4.245609926309074744e+00
2.937034235743575916e+00
3.239979673497757950e+00
2.944144748791302391e+00
4.339341080602373779e+00
3.854701499411550714e+00
4.737244676328565163e+00
3.936015660497146129e+00
3.186925469677290845e+00
4.246689880177560994e+00
3.357121300318234969e+00
3.807019813971118438e+00
2.883953242719804244e+00
3.682181570484375221e+00
4.445241400820241218e+00
4.811468375112089468e+00
3.735005819391418846e+00
3.854287702651681968e+00
3.716352561982352753e+00
4.213106705252253725e+00
4.126806373822477170e+00
4.107610834794042987e+00
3.370493565838967420e+00
3.141171924339690058e+00
4.501634763892109703e+00
3.277026102994853751e+00
4.626812194207944984e+00
3.835797163238694907e+00
3.736540459082481558e+00
3.642332413386732082e+00
3.278460263766889149e+00
3.957306712283975347e+00
3.764369424393820829e+00
4.196091121493788378e+00
3.323315719541153346e+00
4.275901853493380145e+00
4.123441361119977167e+00
3.824263630829476845e+00
3.453914112174655937e+00
2.932590086639673466e+00
3.509292246575998586e+00
4.163173014660688231e+00
3.479421696185492685e+00
3.734236578918596727e+00
4.339586035229896055e+00
3.966126756088694361e+00
4.414867764273400219e+00
4.544452780496479605e+00
4.095847843815810130e+00
3.946804452365571425e+00
2.708991340757652022e+00
3.174906128120763338e+00
3.656073795217438693e+00
3.561369573812154243e+00
3.644278698458966570e+00
2.970725892030621651e+00
3.522163080341577768e+00
4.430690618831568450e+00
4.811016902231291859e+00
3.488573256771926978e+00
3.831291625022058778e+00
4.034851559235165475e+00
4.339208229676660089e+00
3.329302977352179393e+00
3.642756053639846670e+00
3.544028023288039009e+00
3.263392910203211539e+00
4.408504792425021357e+00
3.384107541776213868e+00
2.985672045557209664e+00
3.100934602442086963e+00
3.339810430871738234e+00
2.452644193382391702e+00
4.257409348615924571e+00
4.375649828165160571e+00
3.678425919552047674e+00
2.951626023429946510e+00
4.519180735052535702e+00
3.560460563835936121e+00
3.868394403133104564e+00
4.096297985748797998e+00
4.103137833060897854e+00
4.124169382648426918e+00
3.694813847902922888e+00
3.834287782438838832e+00
4.003106468576612897e+00
4.710888088821950426e+00
3.365988692230255541e+00
3.003796699748499943e+00
3.593475940514720524e+00
3.512193179218212613e+00
4.372308643676765527e+00
4.833167178397676622e+00
3.970538627328894066e+00
4.153102144142954977e+00
2.550966321822102145e+00
3.561789217079780467e+00
2.927097253092743490e+00
3.913539341723831555e+00
4.064625315792214089e+00
3.425250296681819684e+00
3.529467669672942787e+00
3.646717459636771519e+00
3.612965749580066888e+00
4.345236005778453148e+00
3.662926389553160078e+00
4.729180218027332572e+00
2.704857535131572899e+00
3.890184034575500327e+00
4.571215647663564141e+00
3.715989537509766460e+00
4.559471906423905985e+00
4.239763601573769414e+00
4.138542713289065311e+00
4.400623533276124988e+00
4.519703250922454174e+00
3.365950091544987366e+00
3.975292728998744529e+00
3.588114903120720900e+00
3.819123456473529021e+00
3.382640713982388636e+00
3.612872383056071612e+00
3.463534171822087782e+00
4.094458671097157776e+00
5.279820878280282237e+00
3.620506609691213740e+00
3.690742125036146071e+00
3.941611335125970061e+00
4.188940150300655141e+00
3.764976551476847177e+00
3.529632498807678598e+00
3.043673204624312678e+00
4.038002480885639400e+00
3.257760191672091299e+00
3.272406969576676428e+00
2.980532609377089859e+00
3.846436249003604591e+00
4.533743647267642451e+00
3.832302235128318024e+00
3.375089174796114477e+00
4.401774403674588498e+00
3.790930626559187111e+00
3.737847680762911295e+00
2.854046178371537401e+00
3.305370667903598125e+00
3.847624845440874797e+00
3.013093653869792554e+00
4.047361431162197043e+00
3.591745396685913416e+00
3.978661843052490266e+00
4.200807751236626864e+00
4.027975062703642806e+00
3.954368293476668850e+00
4.684673015638420424e+00
3.179809256079128676e+00
3.395678842141426568e+00
3.583342043420366441e+00
2.986966335514312565e+00
4.522307762266271070e+00
4.106796906819514703e+00
4.575069461593690434e+00
4.076748771463313936e+00
4.764041654257908043e+00
3.727092600160528235e+00
3.522908702278800153e+00
4.888929003759054481e+00
2.812174660615143651e+00
2.828574969909596337e+00
3.633829826882733371e+00
2.813303992337816251e+00
4.279011167757927225e+00
3.543080559066728252e+00
3.115108935610379159e+00
2.972885538261279770e+00
3.563249451840516002e+00
4.497334990776315600e+00
3.202148730442090585e+00
3.367496135782716227e+00
3.757740861105271613e+00
4.369369979256148895e+00
4.494467992163508008e+00
3.653586656368155161e+00
4.107837095204516231e+00
4.465836920198734461e+00
2.944747950768970668e+00
3.971981782861498278e+00
3.555658554679856920e+00
3.992300490916730560e+00
3.958632102559211052e+00
2.728425210104860277e+00
2.926904047847779022e+00
4.961018092321892503e+00
4.022680920797651716e+00
3.869284382844770498e+00
3.753965552261667948e+00
3.527816464057161205e+00
5.087079889166770563e+00
3.651618628902793429e+00
2.471445546446904729e+00
4.128859084393040391e+00
3.804793174683966051e+00
3.447260233517856154e+00
4.254586936464899161e+00
3.761446501241676899e+00
3.649581234200127700e+00
3.764176220413137930e+00
4.180716345858838778e+00
3.147185703690933423e+00
3.023702724782269424e+00
3.632695540591297512e+00
3.377551882958005791e+00
3.707557272720201968e+00
4.298301436541485998e+00
4.342498506973750949e+00
4.039356823816960151e+00
4.016279103286364283e+00
4.263422317424237384e+00
3.722432883386840086e+00
4.696092885802719330e+00
3.819357058388150872e+00
3.076139974839497082e+00
2.768870760803774811e+00
4.206549660716386363e+00
3.758381366200913565e+00
3.175790113330731579e+00
3.488867610464490010e+00
3.771375894897181169e+00
3.086715436380271349e+00
4.432268548525839513e+00
3.683928478215546587e+00
4.157465016922523127e+00
3.320997786349271230e+00
3.673660036702253606e+00
3.849874729233810022e+00
4.085862690552988674e+00
3.258463429821253587e+00
3.487058007008731586e+00
4.758342222353394213e+00
2.730271778632969770e+00
3.461444578901190727e+00
3.926626699135082443e+00
4.309461591078904696e+00
3.114731686363570340e+00
3.826896522248584898e+00
3.574929541940325084e+00
4.426417049199804055e+00
2.418980638447985942e+00
3.970502977629508656e+00
3.874279654345267332e+00
3.594866059521922619e+00
3.672364273373413202e+00
3.684744941943860042e+00
4.469058458623410779e+00
4.015428589671151016e+00
3.071858686406809813e+00
3.765735255476277743e+00
3.666235784632839056e+00
3.430197339429394532e+00
3.654541237542586085e+00
3.251841645659135693e+00
4.127451283866657938e+00
2.612005727822530599e+00
4.775445531016186962e+00
3.885117930419071719e+00
3.609637671229862566e+00
3.627245475057046864e+00
4.100281482688218126e+00
4.705262090071598458e+00
3.497182033633586151e+00
3.809223978059094851e+00
4.010535931947800670e+00
3.068237614794224744e+00
3.582248421562457708e+00
4.161769584402517097e+00
4.521346201795530817e+00
3.414633880937204324e+00
3.371276128612670675e+00
4.058435476112041584e+00
3.559955021892339921e+00
3.966525269449335145e+00
3.911071203810350561e+00
3.899563750601585443e+00
4.120005157431754661e+00
3.977970122097270078e+00
3.609723611143726973e+00
3.674957050455083252e+00
4.196642305087356029e+00
4.221425140138856058e+00
3.531540308781643045e+00
3.036347671114348667e+00
4.414156241491822286e+00
4.204038622182078022e+00
2.943396763889365886e+00
4.871106093841826024e+00
4.451399479155241146e+00
4.039871768583227940e+00
4.321025640109509069e+00
2.955926405545339808e+00
2.439623550592284751e+00
3.454899680232560666e+00
3.222520705665492979e+00
3.238392768244279907e+00
3.165775643175873899e+00
3.453550199811987298e+00
3.368298520469693802e+00
3.631826610464837124e+00
4.833735068154272341e+00
3.662213622150050085e+00
3.283661781661312062e+00
3.535863535779033118e+00
4.043941511100833885e+00
4.592334389514009629e+00
4.170368068040535725e+00
3.606223087099978297e+00
3.744855059020881782e+00
4.097462232656694958e+00
3.878273110712090688e+00
4.232298231012732614e+00
4.136423714366405768e+00
3.578622491077419809e+00
3.893758499471839940e+00
3.605225709640518694e+00
3.960555356696048079e+00
3.901117854522969441e+00
4.351045533139053845e+00
4.046374545672560608e+00
2.488470532886226216e+00
3.967729673354981390e+00
4.405544212146487837e+00
2.910780716268445811e+00
3.752500674668990843e+00
3.332949991043475002e+00
3.404173423213435967e+00
3.775133566260497009e+00
3.708995817671860706e+00
3.403618753340723835e+00
3.099850930628162970e+00
3.803460078016728474e+00
3.861850035520839608e+00
5.389802564034600785e+00
5.357637698632720102e+00
3.180705024585494645e+00
3.528613886036107594e+00
3.553335098105574019e+00
4.120775776224428810e+00
3.601829391093801291e+00
3.773917236978804102e+00
4.748323120180057089e+00
3.131191091809311100e+00
4.615700635569900179e+00
3.527668609404882805e+00
3.552061751499649755e+00
3.423586213107403964e+00
2.733828070678721467e+00
5.118351729237920367e+00
5.416790373005257564e+00
3.599500939025679802e+00
2.851363389391519565e+00
3.967586426036093350e+00
3.821613702681481595e+00
3.463049411104729636e+00
3.530857185302485046e+00
3.869496004792678079e+00
4.089834469834743302e+00
3.668592673480112865e+00
3.821416991435118149e+00
4.390036163004891634e+00
2.609423189124989495e+00
3.750574707889286596e+00
3.642795518587476078e+00
4.215938750829107740e+00
3.253878692038543630e+00
4.244828000356678288e+00
4.711279393972884755e+00
3.984778674988553426e+00
3.656934240636283917e+00
4.028891042081629514e+00
3.678248804381758941e+00
3.133087854559628571e+00
4.352560352976900582e+00
4.022875087767681102e+00
3.761141835319169235e+00
3.308386062179274667e+00
3.781723671417570376e+00
3.523463829496944033e+00
4.604324383710176605e+00
3.278275084902350311e+00
3.212348532418788150e+00
4.545504055181595504e+00
4.054056749110865887e+00
3.987006031803159267e+00
3.337994746472323637e+00
4.533431959891116136e+00
3.334535316692439633e+00
3.603308967100900873e+00
3.174280560251514949e+00
4.180316686326160713e+00
3.900284941197894373e+00
4.775173341143864825e+00
3.648228401505299257e+00
4.175950887499992881e+00
4.371177750558733699e+00
3.481540622712824717e+00
3.480074562123413706e+00
3.671069262551781787e+00
4.806201058499656398e+00
3.580676155513932368e+00
3.515591059487612302e+00
2.659649075456576472e+00
3.138467001139912060e+00
3.567245228012977609e+00
4.247910772611796837e+00
3.408250174682388778e+00
3.655757690355712519e+00
4.245014174947259633e+00
3.776910485890304425e+00
3.487591154564851692e+00
3.723892442801024938e+00
3.472149720941683615e+00
2.922871180188208573e+00
2.518655301690872594e+00
4.252316961116063609e+00
3.104878218234388587e+00
4.198110948483502192e+00
4.103493811193613006e+00
3.290535897285375988e+00
4.485356663574954439e+00
5.111020740272365970e+00
3.353665591403653057e+00
4.064701735191535548e+00
5.305274471764175992e+00
3.449452923569311658e+00
3.898172614964740657e+00
2.994622948535433427e+00
3.028159510817237443e+00
4.387467710163602597e+00
4.489370528921010184e+00
4.402266737012952014e+00
4.459851351932675456e+00
4.461218583836484619e+00
3.820344762750273571e+00
4.965805817169158587e+00
3.793032439651025989e+00
3.369043847081114151e+00
4.680229904188873746e+00
3.047526250802461423e+00
3.449777425963976629e+00
4.691821788181386843e+00
4.399477844829688955e+00
3.734197574791212393e+00
5.146082613046967680e+00
4.366272280116457516e+00
3.911017815655662311e+00
4.130408498888980873e+00
3.097896384188718599e+00
3.519913458234807724e+00
4.213865913233767913e+00
4.042967682474571056e+00
3.328737754849909081e+00
3.645171385721149626e+00
3.148577497940244108e+00
3.443644867857481806e+00
5.325760332058804281e+00
4.443806843173558008e+00
3.694365809926547062e+00
3.066374614620294814e+00
2.588733149960781521e+00
3.661777016053175515e+00
3.248071980039288320e+00
3.295560459965192646e+00
4.134901889087277738e+00
3.043827598981387883e+00
3.763796907826372440e+00
3.347675901469017834e+00
3.984643558474247005e+00
4.173742517027166699e+00
3.210156164994714789e+00
3.542246219273305297e+00
3.448281552860340327e+00
4.503677320006444162e+00
3.411785447242158043e+00
3.511711852658619293e+00
4.815384577042475911e+00
2.290503473210427465e+00
4.195010224446468428e+00
3.952348384199587894e+00
4.492117235309443402e+00
3.506973669811969785e+00
3.901155684104262722e+00
3.405559852372114893e+00
3.398528400848582542e+00
3.671155021677097174e+00
4.474815615880329389e+00
4.493890837981419750e+00
4.225778973804877658e+00
4.607035746227412965e+00
3.813254670678886793e+00
2.734989752262580343e+00
4.674561057936507780e+00
3.443847356858593223e+00
2.967708046693526391e+00
4.774972567993144956e+00
4.646738913475275901e+00
4.867369818462353059e+00
3.771293391269108675e+00
4.548752255325173799e+00
3.790027608531273184e+00
2.528412230795099358e+00
3.157398922941725861e+00
3.153410606354265955e+00
3.501347371683276588e+00
4.660794995708229749e+00
2.637870592749453014e+00
4.088609336653716397e+00
3.352054438397007008e+00
4.137058134439858925e+00
3.694399319828556738e+00
4.347967011989759101e+00
3.333559022918407777e+00
4.714863474489026096e+00
3.819093165742506457e+00
3.673711498451379676e+00
3.424981470580449994e+00
4.467896800841954175e+00
3.437851321254550729e+00
2.739218564154134672e+00
4.784890587698970243e+00
4.409269223650531977e+00
3.915992560315947113e+00
3.678584105620295919e+00
4.237130775374251535e+00
2.907489667027837399e+00
5.103016440991995140e+00
4.435509879898011043e+00
3.517637929253878415e+00
3.416674012222577161e+00
3.117115578914071428e+00
3.918545731925938469e+00
2.829865843275434667e+00
2.892728200003152672e+00
3.919849673474772977e+00
2.575215135597534566e+00
2.928324661948218388e+00
2.239013103587771614e+00
3.712656653810384455e+00
3.859866761578908179e+00
4.412787419699631286e+00
3.481295176641363565e+00
3.634479306990308523e+00
4.170285183638683613e+00
3.271299198954007004e+00
3.266798248466447507e+00
3.630690381220652796e+00
3.182128674707167093e+00
2.807042286999210656e+00
5.578900888094906918e+00
4.269178099491844236e+00
4.206307107621324093e+00
3.720124134470643718e+00
5.442312477847534247e+00
4.108563335823458118e+00
4.536832572084370518e+00
4.194067507933520567e+00
3.327954706695573694e+00
4.347345824551714699e+00
3.703362948267298282e+00
3.140857579987666792e+00
3.741406476999519004e+00
3.568785700775021663e+00
2.888459805729483687e+00
3.789239983039985660e+00
4.562090921658229270e+00
3.718695053151219287e+00
3.593637999057812227e+00
3.002674449448818894e+00
3.864925006542184516e+00
4.560217868102234284e+00
3.666401877734338122e+00
3.458395764449052390e+00
3.880021654808815779e+00
4.211851987365606398e+00
3.741979582109929758e+00
4.677562238970095265e+00
3.238259197645024123e+00
3.044211915642041522e+00
3.342627331997103379e+00
3.738413674523898944e+00
3.868799867595740238e+00
3.193528007530787249e+00
4.326983013470926842e+00
3.434219900303475459e+00
3.436334859816806642e+00
2.767866075489283428e+00
3.794431412394144498e+00
3.612953443284786292e+00
4.056997736096280782e+00
3.829033037871775846e+00
4.273282496848973544e+00
3.527765197718449652e+00
3.526755331687251971e+00
4.645862985209085139e+00
3.895979390294971090e+00
4.723139977326090921e+00
2.993231934329843469e+00
4.757573043926599077e+00
3.290914212660987381e+00
4.051618458172507431e+00
4.272274160738540161e+00
3.167760460998428673e+00
3.750940818687498624e+00
3.125265642271823907e+00
3.734834541454256307e+00
3.643526931615260089e+00
4.755230391756110286e+00
3.671293829127465713e+00
4.332733554227618633e+00
3.186195082791511535e+00
4.169989993971153552e+00
3.151515663800489975e+00
3.785874538567072012e+00
3.586141576653267382e+00
4.089874265762612815e+00
4.279963916378508593e+00
2.726487765024423027e+00
3.960104393009282742e+00
4.134124630507396425e+00
3.809185460968242953e+00
3.933499407309823948e+00
3.189527568214526099e+00
2.671495044836107891e+00
2.609090855134201359e+00
3.337018544453780322e+00
4.283566232573225996e+00
4.100456779230148285e+00
2.934197848296485667e+00
3.284580238561166876e+00
3.836461693516386884e+00
3.803170532145613070e+00
3.821712072705718111e+00
4.494893993515145958e+00
3.489783702790072439e+00
3.923831761127985818e+00
4.111816289180971751e+00
3.481594274720438698e+00
3.336285599482862185e+00
3.723049949631927813e+00
3.931205607616803821e+00
4.725060942747467685e+00
3.221410707032011711e+00
3.587868006542888732e+00
4.889601133721681592e+00
3.470624091796850497e+00
3.776264848143084052e+00
3.273051570020152123e+00
2.991413399354075242e+00
4.687181934001356964e+00
3.825413819543363569e+00
3.091311681128173117e+00
3.262322268936542535e+00
4.075803927978224550e+00
3.640318165467373746e+00
3.338078581165652370e+00
3.676064059623682656e+00
3.543995375998375774e+00
3.753970521601776689e+00
5.681203058270450690e+00
3.492351116038247216e+00
3.047902726923725325e+00
3.956828303451047191e+00
4.484802343960797799e+00
4.436837092397795779e+00
4.774102867360706881e+00
3.851530548140655874e+00
3.723716279466154688e+00
3.946100124226061823e+00
3.592186953188692744e+00
4.681019723516659070e+00
4.153142291463745472e+00
3.131134304870651253e+00
