1.009184682055712434e+00
1.574544933743250219e+00
1.690588951434237819e+00
1.073122222260991743e+00
8.066934544917293559e-01
1.169534638553145989e+00
1.571306557142275517e+00
9.394710755321816764e-01
1.325035710915082543e+00
1.793184320528361075e+00
1.080188531833874199e+00
1.319994900691643602e+00
9.062429080192789810e-01
7.825429726642890715e-01
1.336011680374281640e+00
8.675602250017856454e-01
1.342600535656649052e+00
1.320559372545587751e+00
1.758618007995628840e+00
2.351602237248915372e+00
1.262861495868479178e+00
1.156995065679408130e+00
1.610602450631802629e+00
1.535642056109147946e+00
1.359142732802347542e+00
1.602612259786516669e+00
1.338036154395159993e+00
1.044527342972811468e+00
1.153886902965707950e+00
1.111866337646203906e+00
1.478606326905909762e+00
1.802701510193265744e+00
1.541726115262535446e+00
1.274983701174262407e+00
8.672929666087609846e-01
1.130913675216659309e+00
1.422809749688965786e+00
1.669419767099018737e+00
1.369342183153058334e+00
1.686777910284667614e+00
1.100848855220119660e+00
6.472768449221161235e-01
1.032913705339133514e+00
1.186139266477661991e+00
1.085691222616538720e+00
1.324824939769108534e+00
9.346287895718206062e-01
6.804627892255330490e-01
1.244467846606648553e+00
1.136470395037410208e+00
1.108283037552348915e+00
1.754263855651085002e+00
1.211873112140333664e+00
1.364270446461830710e+00
1.414640949771193812e+00
1.245644634432839126e+00
1.701259290920900780e+00
1.269150310537243254e+00
2.003422491690797003e+00
1.139533524307279944e+00
1.401578259722892961e+00
1.547387866057669203e+00
1.397618089342558934e+00
1.623369795893245149e+00
1.625111237025768762e+00
7.473583639749847851e-01
1.703093472995481417e+00
1.303421559194860135e+00
1.349600717938979288e+00
1.401650730102174336e+00
1.767007860557837651e+00
9.678887482960726318e-01
1.931101726110079353e+00
1.725762698513135351e+00
1.098810618058871924e+00
9.559302558581946885e-01
1.144308054161706778e+00
1.149760586620474090e+00
1.120866249454767427e+00
5.329595631055126237e-01
1.508442001213705197e+00
1.271992028170127131e+00
2.013014907185312730e+00
1.589039741797035443e+00
9.903885939176110265e-01
1.166014229172510408e+00
1.320065022870821947e+00
1.067103113253370150e+00
1.320619297326216302e+00
1.286381072901444211e+00
1.218860701524665080e+00
1.252617224431620713e+00
1.218382270381926036e+00
1.128144871386709269e+00
1.594972975626892664e+00
7.411480146268314417e-01
1.363849036107138479e+00
1.058327976855182984e+00
1.159904371035503479e+00
1.384767767878896327e+00
1.307766849194508474e+00
1.728514921887083888e+00
9.928518408522588601e-01
1.197110651403278769e+00
7.885943698150366110e-01
1.244303635118724882e+00
1.421314833783815512e+00
1.339991468947731468e+00
8.213621780121582727e-01
1.424727756724422756e+00
1.896861936232065560e+00
1.066449145855695502e+00
3.051079502770123186e-01
1.314783205902642971e+00
1.381843965496367899e+00
1.014538075908348436e+00
1.160672303216040424e+00
1.679956051600143718e+00
5.378694659903171527e-01
6.382751264297634730e-01
8.029744074805892362e-01
9.946539212425568044e-01
1.030561412068907945e+00
1.187540533006201660e+00
1.597289058428749131e+00
1.080845892643178097e+00
1.780579624350590917e+00
1.718141203530429983e+00
1.268761903906882926e+00
9.836275607756407302e-01
6.263327941969244472e-01
1.175641777985711567e+00
1.081944093244541216e+00
1.634365575536993243e+00
8.421953629618427195e-01
1.273246844806246614e+00
9.882359357184441473e-01
9.289598271067263102e-01
1.604038339582442685e+00
1.394047591500011452e+00
1.230885854827616921e+00
7.732208090478088769e-01
1.125457917158331878e+00
2.005418367035284088e+00
1.792498985814935164e+00
2.097521137414847026e+00
1.227135834195144826e+00
6.356514983739479652e-01
1.348111396972624831e+00
1.061548135282563088e+00
1.626085951346830871e+00
1.372538205807762646e+00
1.120493945487680776e+00
1.175907006681208289e+00
1.416585833964142394e+00
1.576184301186050352e+00
8.170234669226287272e-01
1.209509037359076888e+00
6.017727536115152764e-01
1.014326812907804243e+00
1.480995105805305467e+00
1.502193721659351056e+00
1.170188295165316195e+00
1.245515187188879658e+00
1.411725876398489454e+00
9.175469699519829270e-01
1.126659924509027189e+00
1.018331331497663639e+00
1.332755189597923717e+00
1.042803611032681044e+00
7.862171738609424754e-01
1.304980720544703265e+00
1.427517926993511654e+00
1.179275616697672557e+00
6.843344452869410954e-01
9.522993736013730670e-01
1.224178173060028740e+00
1.585680625493581131e+00
9.425003787168453329e-01
1.662267604090654771e+00
5.805221012861982999e-01
1.163009188861997112e+00
8.667543846485360470e-01
1.173303059797761394e+00
1.559380892069751390e+00
1.046770451956571923e+00
1.317507425070604477e+00
1.675559883087696100e+00
2.195242031672519190e+00
1.755579157121655021e+00
1.511801955444065815e+00
1.245213487633149985e+00
9.680089541113281459e-01
1.109078257864805739e+00
6.465949275392330886e-01
2.091910703609479949e+00
7.176240723846050162e-01
1.108223643584272500e+00
1.319844377783595091e+00
1.566761943311205885e+00
9.086383425134790803e-01
1.301021048651683332e+00
1.258510373932661741e+00
1.018421024375600004e+00
8.192617922677788433e-01
4.223302867724384457e-01
2.127184264695156646e+00
1.383641781350236855e+00
1.284314174488462523e+00
1.349832133392131706e+00
9.966325647131977217e-01
1.457922522303407853e-01
4.554656370214269501e-01
1.419796048787256737e+00
6.967769360932886125e-01
2.116317007711384868e+00
1.001955868187161647e+00
1.140340734684391011e+00
6.355029683027856313e-01
1.531602749676853170e+00
1.198891798856294377e+00
8.591928886541224664e-01
8.842573500706244483e-01
1.050074763978940062e+00
7.554986308474909151e-01
9.096020348046450765e-01
1.612747093454805158e+00
1.313120408198906297e+00
1.089009774918542117e+00
1.504447047123232739e+00
1.600548878021303079e+00
1.912804103656027488e+00
8.866317267422715309e-01
1.259502200532732985e+00
1.049758145758137751e+00
1.153992978879306852e+00
1.063418527421101656e+00
1.241906496367563006e+00
1.950605680423033839e+00
8.018730932682497370e-01
1.734734859643116689e+00
1.238809296334501209e+00
1.466418768217579993e+00
1.924322220682463280e+00
5.941898590595658947e-01
1.093432193461818747e+00
1.285622459325846512e+00
2.406373567341516806e-01
1.293539999492100412e+00
1.021866181264458717e+00
1.324201127032550662e+00
1.401299491579161227e+00
8.470444836388053567e-01
1.002091380089745076e+00
1.487491759570047423e+00
1.075631670876994628e+00
1.320376679143897558e+00
1.569377664478730505e+00
1.320536161604859871e+00
1.185079416543578956e+00
7.138363085947562192e-01
1.827590221412438876e+00
1.166988883924589437e+00
9.748139726844992081e-01
1.709964529578952730e+00
1.232147328592351876e+00
1.345115144935942864e+00
1.349795001570965658e+00
1.116842698231469422e+00
9.273282158453368673e-01
1.325438593528215137e+00
1.179507188074951918e+00
1.584926527227995319e+00
1.401606347445459866e+00
1.733299958723351297e+00
1.843080567244914203e+00
1.074988784122457908e+00
1.130671494278865152e+00
1.104072204694142245e+00
7.546582727249572242e-01
1.794410064013283179e+00
1.195228880981560993e+00
1.547111717901652916e+00
1.322073062811848221e+00
1.403771150756746522e+00
1.624085487797145122e+00
9.117188426947692159e-01
1.626203342224255444e+00
1.283165260127198781e+00
1.434756410057703047e+00
9.957630116322417901e-01
1.447807017531558715e+00
1.869964193703135047e+00
1.336919363322455867e+00
1.092217796442041200e+00
2.161435164881237547e+00
1.200276622187378406e+00
1.799984997422745758e+00
1.612371595427140036e+00
1.230895449561840271e+00
7.878952803341294775e-01
1.888077662212571894e+00
1.528056218544544542e+00
1.856415735993299343e+00
1.600192940505903882e+00
8.308895350971312599e-01
1.517027296637502243e+00
1.831423810035336830e+00
1.372178136026620976e+00
1.205815635408580055e+00
1.451824211604261228e+00
7.683285918777131851e-01
1.196622626937590361e+00
1.806278027793096985e+00
7.230964492835804114e-01
8.870231294326821336e-01
1.123899611545159827e+00
1.616401390304735619e+00
1.080065850082794432e+00
1.247055557463226050e+00
1.625893674486208251e+00
1.311304882702168939e+00
1.304038798599396198e+00
1.977321611148441960e+00
1.480096236594155457e+00
1.506550807799968084e+00
1.174483857972516754e+00
1.280296042123025613e+00
1.240970646063893845e+00
1.312342025745458329e+00
6.448938006781859134e-01
1.181786206009926010e+00
1.123567110340468744e+00
6.573490796685687032e-01
1.519781515989023779e+00
1.242177253611133514e+00
1.287838036378739170e+00
1.767127328310724055e+00
1.130641746746020138e+00
1.245574753674773660e+00
1.541147597042658468e+00
1.636011283255325743e+00
1.374851100744650223e+00
7.289907891639549886e-01
1.179234700718779116e+00
1.172354026389971882e+00
1.277930419856208921e+00
1.075734285450562933e+00
1.744218626965082342e+00
1.202963894049711824e+00
2.187200502885797704e+00
1.148723092754065478e+00
1.487869377060799359e+00
1.128978921585377604e+00
2.248508952053605459e+00
1.934467807004361051e+00
1.680024470474379417e+00
1.441153982476693463e+00
1.683370902276657866e+00
1.541419931935766208e+00
1.608683660575307650e+00
1.197290134864723354e+00
1.124795793738846861e+00
3.670800675405347935e-01
1.065695525990471237e+00
8.398637549882924658e-01
1.429418937624771013e+00
1.391566531046627864e+00
1.561864268065109362e+00
1.412773703627761668e+00
1.333869757397909916e+00
1.373070720213096951e+00
1.651070340858604713e+00
9.847716760275218029e-01
1.039439578159382371e+00
1.058096413064866681e+00
1.716844887397687813e+00
8.732042891154983000e-01
2.104632188401100112e+00
1.401056938944081898e+00
1.627019317904766504e+00
1.605633615615447818e+00
1.889201991713381545e+00
1.021991059346402775e+00
2.119575381012376525e+00
1.371494295737216484e+00
8.576064100944787993e-01
1.431858688324574302e+00
1.071531746259326567e+00
2.091119842425651409e+00
9.989609882829700860e-01
1.313567719573056847e+00
1.138761181177547543e+00
1.252845769619907568e+00
1.076255714643305605e+00
1.343455980762863877e+00
1.160988790474372756e+00
1.397363504866759421e+00
1.380934186064238345e+00
1.281670335719673481e+00
1.028933070893418344e+00
1.088606946326472702e+00
1.459753067662205028e+00
9.971283361946982060e-01
1.314246088185618833e+00
1.908901739492344207e+00
1.321602575726466444e+00
1.575358519599556306e+00
1.181376668174239253e+00
1.651449217411296910e+00
1.195163843725268293e+00
1.767707037116312607e+00
1.339791640649191429e+00
1.230586617825615514e+00
1.267906831717409810e+00
1.981282097607928172e+00
1.875184211695606784e+00
1.195131608150208580e+00
1.249172718683328576e+00
1.261882969950855360e+00
1.265324161520590351e+00
1.319936315310725083e+00
1.547200133319944770e+00
8.976803754167572702e-01
1.572859316419385811e+00
1.146648215067318288e+00
1.384891858282105259e+00
1.596811956292846224e+00
8.704812887025399348e-01
9.336079992234573854e-01
1.392018880039205930e+00
1.854600160491202132e+00
1.113672656822432216e+00
1.195861008599760522e+00
1.380294871117554223e+00
1.322800605532357787e+00
1.280834985593866104e+00
1.165944147393789487e+00
1.022199036843692843e+00
8.882394807414857318e-01
1.752077820509185146e+00
1.041722713072438466e+00
1.132463886087461846e+00
1.097474441726788541e+00
8.484540326076190908e-01
1.429537898351552316e+00
1.657173157628961668e+00
1.672571280815943195e+00
1.088414001318187996e+00
9.720706888712142835e-01
1.614195853559354576e+00
6.201558326607717886e-01
1.443363438064770632e+00
8.931917452077478004e-01
1.234975957669433022e+00
1.274371079359743808e+00
1.385208785461641057e+00
1.452592587038485261e+00
1.036069651768094957e+00
1.719810966535947561e+00
1.630596063959577346e+00
1.129787575379194164e+00
1.429505470444205173e+00
1.123163988328143237e+00
1.194526520689158433e+00
1.264850748913702194e+00
1.202902858278535936e+00
1.581639948634567139e+00
1.759714775108214058e+00
1.093949061481045648e+00
1.673674668422403089e+00
1.413141470001877398e+00
6.566618452810736306e-01
1.744040531732502730e+00
1.074414821029699540e+00
1.059843166263337411e+00
2.108237266845366609e+00
1.090839300968862613e+00
1.880189420067011952e+00
1.658019217311175852e+00
1.615306524590866211e+00
1.202534306823103583e+00
1.200047496021496185e+00
1.702239384680117151e+00
1.135129377684811258e+00
5.672976883077507360e-01
6.493485930373127379e-01
1.516274613432210483e+00
9.656250363569992556e-01
8.967269238014731192e-01
9.549661289850412960e-01
1.461154506411127540e+00
1.892492334445558422e+00
1.760767999977062681e+00
1.514536722860397200e+00
1.600005122278154168e+00
1.139339560788888539e+00
1.513965756590374356e+00
1.012432183856615264e+00
1.648408080261244191e+00
1.074930877032874044e+00
1.764681914555444653e+00
8.631178740489136025e-01
6.944518490650183340e-01
1.323876798318712744e+00
1.393561409639020754e+00
5.194399237924343105e-01
1.630845977934412883e+00
2.157394439089070914e+00
1.050540640525326141e+00
1.786932836228273258e+00
1.436158943297713320e+00
1.411691355448904117e+00
7.122109588248852763e-01
1.160715245334299039e+00
1.619025407421522011e+00
1.221139020894438598e+00
9.617023834697984164e-01
1.550487281638839088e+00
1.588917352706406660e+00
9.691171040550983218e-01
1.244262965066164739e+00
1.041581900116001380e+00
1.744593764950904013e+00
1.965085853333662591e+00
1.272527555057972881e+00
1.269192632368549623e+00
1.550248919751515464e+00
1.455694686699497531e+00
1.044458966199109717e+00
9.034852595918809737e-01
1.375038361086172722e+00
1.050159320242493255e+00
1.809089704831333467e+00
1.882666030573189264e+00
1.634488041822044657e+00
1.192352336459785223e+00
9.831631988093737506e-01
5.528242804416952927e-01
1.228925126794554679e+00
1.554722133332605560e+00
1.336685024193834614e+00
1.313850021189081119e+00
1.180043908523847218e+00
1.462794396586094781e+00
1.353625600253185679e+00
1.423652815510117131e+00
1.426043988546490393e+00
1.521541693527295624e+00
1.283412287423216336e+00
1.037420124161559487e+00
1.209036057950964693e+00
1.043703362053132855e+00
1.557535941407270697e+00
1.444952770916067442e+00
1.873450091953323460e+00
9.064512092141915334e-01
1.748118769438536502e+00
1.269114041701996154e+00
6.318091213232274184e-01
1.652944150533339540e+00
1.557848340513352081e+00
1.957132093393027850e+00
1.092173378400938644e+00
1.130631649627736435e+00
1.654154767085014299e+00
1.356006389179477800e+00
1.442480248307628221e+00
1.142528553438110883e+00
1.379597565916536928e+00
1.375911866443488840e+00
1.341621117422646670e+00
1.960429023095382917e+00
1.435035627298143934e+00
1.017669831696138782e+00
1.015566491955071093e+00
1.158065045527584047e+00
1.781150196434546640e+00
1.386823265059230481e+00
1.889457759565589479e+00
1.894763948411916532e+00
1.709624759616068523e+00
1.251550277132532418e+00
1.477773326157997946e+00
9.254482556791633341e-01
1.225941110275706514e+00
1.747163179148535805e+00
1.010240821513822551e+00
1.318775658100151071e+00
1.392890245748220401e+00
1.368207564583474145e+00
2.119978591080295516e+00
9.395076436481695215e-01
1.794346518446662264e+00
8.176459648570308936e-01
1.806238361565092321e+00
1.448901609856017680e+00
1.020513193312653000e+00
1.834786509462060122e+00
1.320049280779128864e+00
1.430034815720921504e+00
1.596858097613991889e+00
8.668757070082564464e-01
1.367510290845660226e+00
9.237625606305996939e-01
1.402039481636388807e+00
1.672398936694532878e+00
1.430046002894987955e+00
1.534163277893358490e+00
1.509669419677138302e+00
1.419089890123375941e+00
1.786037781280090497e+00
1.072354098814945145e+00
1.354070818970100731e+00
1.513355003051810810e+00
1.416574806093753081e+00
7.121946082278418633e-01
2.124336670245888570e+00
2.201200762395691957e+00
1.868124476017378743e+00
2.184559085692013181e+00
7.681158047748899431e-01
1.299830888662361961e+00
1.030589130253801722e+00
1.435833691500084885e+00
1.722550972777356471e+00
1.105331634784510797e+00
1.265161642129870589e+00
1.386169288096489760e+00
1.591896969970053366e+00
1.709352686595392079e+00
1.128608644580721077e+00
1.315682134422954785e+00
7.042676101688956081e-01
1.836549131866616058e+00
1.442732394476609503e+00
1.604031812875237328e+00
1.345701926066037002e+00
1.003986074772052151e+00
9.046657370083397431e-01
1.633996890778997013e+00
1.421256570832485799e+00
1.474030249975361695e+00
1.725448656821159110e+00
1.511965746104543928e+00
7.778284350312709705e-01
1.511551872366113658e+00
1.204059994999540306e+00
7.594014804884718917e-01
1.255806688191660303e+00
1.173291746737447072e+00
1.442442473727006513e+00
1.483053566097172427e+00
1.382123205011177358e+00
1.097681308025854507e+00
1.160689655007973942e+00
1.283805589769506650e+00
7.099795210139138169e-01
2.171195819909528257e+00
1.645544320668592908e+00
1.459527227870687005e+00
1.524968431111641598e+00
1.280730475457715123e+00
4.645782289722534819e-01
1.591718406955142662e+00
9.315681936224063930e-01
1.338000996573526891e+00
1.131031901941436546e+00
1.218610070786303456e+00
1.018047479853190662e+00
2.069448739942557847e+00
8.738551647723596938e-01
1.026528619532637077e+00
9.731652444072327324e-01
1.665282966625484029e+00
5.957539985899992230e-01
1.405407465410670076e+00
1.354020399878848702e+00
9.305148598472642307e-01
1.137668859501800966e+00
1.106654680047661321e+00
1.640510728833310727e+00
1.594685436662861111e+00
9.745668791842061474e-01
1.442060079740589140e+00
1.281278251905005217e+00
5.429421009291587330e-01
1.601361012806859163e+00
1.266987699577174054e+00
1.772111869304176412e+00
7.525443606825348297e-01
8.915003043190889986e-01
1.241927236008591118e+00
1.041860860086305740e+00
1.459416142939403693e+00
1.429643265256830942e+00
8.907358105608677024e-01
1.863777530691165696e+00
1.842204635625003917e+00
1.111689106543048533e+00
1.403674138755313550e+00
1.652506710881711083e+00
1.091779496164330787e+00
1.009410599982729861e+00
3.817728024371604967e-01
1.362685449945714389e+00
9.814310928571857717e-01
1.871246756607181760e+00
9.235349872887378408e-01
1.574682135479607004e+00
1.121735621102761593e+00
1.846453728153602647e+00
1.896241466860958180e+00
9.682942785227197646e-01
8.235462101315627059e-01
1.701202086040500605e+00
1.283582055839276537e+00
9.067318882305309691e-01
1.556796960732525825e+00
1.168954079356702369e+00
1.783434443224962918e+00
9.715951857395794811e-01
1.273863238261285780e+00
1.441344677912630656e+00
1.230658314165916423e+00
1.270591903500270847e+00
1.350211036932250419e+00
1.292003531639970504e+00
1.269654757726432770e+00
1.989852107807573489e+00
1.485155571683740794e+00
1.330145527002568828e+00
1.146047141000715586e+00
2.189639841279445776e+00
1.596854685889724568e+00
1.300504419270669176e+00
1.110872678986450257e+00
1.387630843675832670e+00
1.133772461041858026e+00
1.506138515389879862e+00
8.411248059716922576e-01
1.195012818632575247e+00
7.223425312146503074e-01
1.121022900646903242e+00
1.742190105343862871e+00
9.384257371955003757e-01
1.174709678654222156e+00
1.461643778055857767e+00
1.258239797932538595e+00
1.472578732467878959e+00
1.565445770981279683e+00
1.196515523350462740e+00
1.600146406569002089e+00
1.563773732476050338e+00
1.207631270985130012e+00
2.118935239380591806e+00
5.870307770615647014e-01
1.225031108197348839e+00
1.477088868224221141e+00
1.110167268630643855e+00
1.585263505022930897e+00
1.727464560546994266e+00
1.046583328469148366e+00
1.764119962634141503e+00
7.924276472325761933e-01
9.303889151636116628e-01
1.313429516205910863e+00
1.310414151770983970e+00
1.258253965259660712e+00
1.246352973910503703e+00
1.719041156796011549e+00
6.831835657623727132e-01
1.149138130081100773e+00
1.595285198642089508e+00
1.384519251288578445e+00
1.435273410171510555e+00
1.352288773879902317e+00
9.221164873315972066e-02
1.424744818593305817e+00
1.126044077982313096e+00
1.154191384356506589e+00
1.414312485116855811e+00
1.664318056516939537e+00
1.975863246370002380e-01
1.894715852355495223e+00
7.585413141622793232e-01
1.495099296753013007e+00
1.548960103364319663e+00
9.440567547265297232e-01
1.482685573617366082e+00
1.294939894231519117e+00
1.836586595124220178e+00
1.202725266746745181e+00
1.371258213709894092e+00
7.767291581995842131e-01
1.845309700781005313e+00
1.750372716144139806e+00
1.315729740262759462e+00
9.274929711451140868e-01
1.300131752562546650e+00
9.761987000848033613e-01
1.789297374484773551e+00
9.493326741985198547e-01
1.328220723372761203e+00
1.901240499341003032e+00
1.453051469955079389e+00
1.052552312340903518e+00
1.025251100007583682e+00
5.614980417174189053e-01
1.665095844319421481e+00
1.392095396923046513e+00
7.143651449839578671e-01
1.315349047625440804e+00
1.342488791895845468e+00
7.545754130733952625e-01
1.056504660212673752e+00
1.144276778092655267e+00
8.706130136079045512e-01
9.541930557334984409e-01
1.068078789098760861e+00
1.163556278729748872e+00
1.742246393082523603e+00
1.289377640721548257e+00
2.321521897351180641e+00
9.817212664968210101e-01
1.116481931248854087e+00
1.030413113843296591e+00
1.425914729373946921e+00
1.464417739460694090e+00
1.125478501419125088e+00
1.201382513301131993e+00
1.055350493867403205e+00
1.448537494826561467e+00
8.967565855417305443e-01
1.146029769701614853e+00
8.527483440478226262e-01
1.803994244421181392e+00
7.974364388183929897e-01
1.399948195026589737e+00
1.450070726816059752e+00
1.308387244239645808e+00
1.267285116698196878e+00
1.422744133121709886e+00
1.132767168297673210e+00
1.321688112018015060e+00
1.552305578234020045e+00
1.429635623073344908e+00
1.189118292429115042e+00
1.113970173455320234e+00
1.194437669295323357e+00
1.432856956928302061e+00
1.353923221850428238e+00
1.737905541632868811e+00
7.513563964690100905e-01
1.042500232582720177e+00
1.342613312747503063e+00
1.267313488759035822e+00
6.701315370207943101e-01
1.927494794377855536e+00
2.131046168933549367e+00
2.067358209621959375e+00
1.235015704349566423e+00
1.782022238617355647e+00
1.273365836724641431e+00
1.439233919692313846e+00
9.644580124181877379e-01
1.380749932148813697e+00
1.441369231374013182e+00
1.254255677830344640e+00
1.822375276399719635e+00
1.172907789091654163e+00
1.027693675471322177e+00
1.024658985151185364e+00
1.255901390536104500e+00
7.374272991122050591e-01
1.054222963278614200e+00
1.365738104156499988e+00
1.156089147394051331e+00
1.095905844890803227e+00
1.101014635092090410e+00
1.427458471371399806e+00
8.660660987162938085e-01
1.163815962101238721e+00
1.410141365250898282e+00
7.210103733368299350e-01
9.900547824306736855e-01
5.119850907168584930e-01
1.849145972241718061e+00
1.287882436790300567e+00
1.855946693698622196e+00
1.852818016996876427e+00
1.688348455244378821e+00
9.534173895115338748e-01
1.630288381344528803e+00
1.219755709679054112e+00
1.745955282404979547e+00
1.740462375660917216e+00
1.490750228410029132e+00
8.460238298859168449e-01
9.765259831644585997e-01
8.780034699332022186e-01
1.477404706496949993e+00
1.590948547400093505e+00
1.423430067170595059e+00
9.535539985827338194e-01
1.324606778711460375e+00
1.635588998230407709e+00
1.663963397404772060e+00
1.641630046943762800e+00
1.360692466376905330e+00
1.072709356223396249e+00
1.367376267404250889e+00
7.485776363771869946e-01
9.481525713086295104e-01
1.670741691355999370e+00
1.213597365461805966e+00
1.361332307379327311e+00
1.259947178945346691e+00
8.723549449222017804e-01
2.096900022443558775e+00
1.701973571573713206e+00
1.618768075524973149e+00
1.657909390032965780e+00
1.359948381366490766e+00
1.750089365550994813e+00
6.998345450689070768e-01
1.042567083931480676e+00
1.742785274447735455e+00
1.081814482684202217e+00
1.019438998001079622e+00
1.576909638138537462e+00
2.015238222325127282e+00
1.606801040121806023e+00
1.794407912806987859e+00
1.739183549351247526e+00
1.269666777929831181e+00
1.516303426117119546e+00
1.942381449893350043e+00
1.493779041694246912e+00
1.697001767153883955e+00
9.156948948766183705e-01
1.048810901789001271e+00
1.363591219571065105e+00
7.467220376167434948e-01
1.112503156975884755e+00
6.342490113737178081e-01
1.594264836373710859e+00
1.955460813077057436e+00
1.711177056499088467e+00
1.493640188412862502e+00
1.204199241466816561e+00
9.802529151366434768e-01
1.559910583511610938e+00
1.429786893380493806e+00
1.174978150719984793e+00
1.184257899642595202e+00
9.847706345238109726e-01
1.512714815023322279e+00
1.685152061693549363e+00
1.190423897957155752e+00
1.965769773919556540e+00
1.111150966233660276e+00
1.218209348179438489e+00
1.199117754420194748e+00
1.195757880872601264e+00
1.810996158937962175e+00
1.710663047019366667e+00
1.637007950842574777e+00
1.724619441928299857e+00
1.631473723604845771e+00
1.352122837573276337e+00
6.763946353953440571e-01
1.177680161551340809e+00
1.402376205502824380e+00
1.189092873310554355e+00
1.847513378877182921e+00
1.112010073627397899e+00
1.424324686278698016e+00
7.639678565655495524e-01
7.284924190327078941e-01
1.376531605854870222e+00
9.042981553543147921e-01
1.550902733460681526e+00
1.223354270181751913e+00
1.452493539909930353e+00
1.066437339889633851e+00
1.218096153434046869e+00
7.819299040552935010e-01
1.671702169220179668e+00
1.147038153839463837e+00
1.006805755835455729e+00
1.347767391317316266e+00
1.335786478950373946e+00
8.733600084117848494e-01
1.572921724290101464e+00
1.682286672648226622e+00
1.148798358981242940e+00
1.634039110928115601e+00
1.114516156796894197e+00
2.019354877111379842e+00
