2.880407403991228854e+00
2.568436276771034699e+00
2.971079159296147854e+00
3.164086802015082966e+00
4.242418970241262244e+00
5.159920907949789637e+00
2.548742674760478000e+00
3.742141283645880723e+00
3.848865130536229806e+00
3.290331352742867477e+00
4.121911032284589993e+00
4.007892989680897244e+00
3.672091849698947641e+00
3.748772792165885104e+00
3.424985213617487645e+00
3.675714351878127673e+00
3.872320344623891852e+00
4.066864945201594139e+00
4.721167529761702397e+00
4.892165313132497140e+00
3.865517255460239276e+00
4.057784444306850702e+00
3.264585172947497060e+00
3.606480745616367667e+00
3.087977450221563114e+00
3.664930421053161691e+00
2.771400222194686069e+00
3.159422062408240972e+00
3.246387057506671336e+00
3.445946214354973947e+00
2.571139523048310949e+00
2.187471800410938361e+00
3.849115106321844060e+00
4.005871426154119952e+00
3.605010428788500310e+00
3.491408778660377799e+00
2.609712350270361192e+00
4.048457832963554104e+00
3.316954177155706951e+00
3.935980194697064505e+00
4.514528622436015937e+00
3.450996906125886277e+00
4.038441172486414210e+00
3.064931488173395113e+00
3.608694082276363790e+00
4.603373956895125296e+00
3.191057569268942906e+00
4.414731250378809868e+00
3.003794343323600291e+00
4.732384532655323994e+00
3.053349991400226227e+00
3.255132090300976166e+00
4.081461513259650786e+00
2.941854280265387533e+00
3.517384816506479162e+00
3.838319678173348404e+00
4.055565836835259397e+00
4.168598221519152602e+00
3.960644860553729885e+00
3.273838609508186615e+00
4.295297494292767304e+00
3.536143731730779560e+00
3.083940113840114794e+00
4.507483761839716330e+00
3.613321178560388258e+00
4.024392563559141323e+00
3.921141101111997429e+00
3.678349436311099563e+00
3.674254189841654750e+00
4.084347407231261329e+00
3.574084555876180236e+00
4.531207983660921812e+00
3.512184952756133072e+00
3.903646954710222161e+00
4.219112494185369044e+00
4.012287119701493765e+00
3.988732867680039984e+00
4.184635351902495692e+00
3.588750134741148123e+00
3.349413325355798499e+00
4.534328473772998080e+00
4.191472632736682691e+00
3.065068331030429416e+00
3.887111994588097197e+00
3.586124720212851003e+00
3.335130811275191842e+00
4.555174187372347916e+00
3.476510130273126276e+00
3.686715583796222884e+00
3.298567021641112262e+00
2.913722420442548700e+00
3.898445273831816049e+00
3.757757421174034107e+00
4.040131490688566807e+00
4.293636954508254888e+00
3.780131298739679124e+00
5.017448056896558484e+00
3.424535008124943936e+00
5.026064400021202694e+00
4.511580814152374330e+00
4.716386687937149880e+00
4.386110416569573012e+00
3.965712594568104432e+00
5.473670015378419684e+00
3.903577236493232405e+00
2.926317444888389740e+00
3.848661650353349284e+00
3.574748951429219002e+00
3.354711944778022925e+00
4.435072158597201053e+00
2.958256532102740088e+00
2.997032594610360423e+00
2.884606024284015025e+00
3.728577231085114185e+00
2.761976915942931488e+00
3.470160807129369029e+00
4.574021055631328991e+00
3.717789287294680278e+00
5.286105161704288236e+00
3.912969870098850667e+00
3.809653752645508096e+00
3.344407590976056888e+00
4.225743662745253815e+00
3.385487520550161111e+00
4.081535759770310356e+00
3.282776534438532678e+00
3.143306889923823455e+00
3.649751353266566856e+00
3.190868464012385886e+00
3.455179186878130526e+00
3.800638379981305714e+00
3.673199844185619067e+00
4.754860951807602376e+00
4.258681419014381575e+00
4.404233294660216735e+00
4.168287578187178433e+00
3.739802293760699836e+00
4.089797217508019500e+00
4.139278702341410821e+00
3.615768041903036689e+00
3.982226322690672227e+00
4.713727837360813133e+00
3.361654394735572371e+00
4.578769052082284574e+00
3.503765711551826367e+00
3.615634271978786174e+00
3.823291928552817964e+00
3.230759949565990663e+00
3.939964101829912302e+00
3.787107437103780061e+00
3.998032176592786424e+00
3.826642867396408576e+00
4.036103212857585554e+00
3.086767244667103505e+00
3.344910947522396594e+00
4.556696388220901284e+00
3.589462232726718049e+00
3.056542500495501802e+00
3.660552883638484634e+00
4.896844695792236024e+00
4.366867477989423207e+00
3.103556210452873110e+00
3.825515100688822390e+00
3.316202755157605431e+00
2.923879256086872491e+00
3.933627604554049029e+00
3.715488347242933198e+00
3.882565232713451664e+00
3.004042053733260609e+00
3.920010435262286208e+00
3.734182720087924068e+00
3.369269620007288246e+00
4.126342695596082244e+00
4.066820682945424537e+00
4.307781839732529150e+00
3.762284151707418367e+00
3.316750672251889132e+00
3.032774515738762222e+00
2.818555315188547183e+00
3.739598325135261803e+00
3.351542243432647172e+00
4.423250352066402158e+00
3.359780261148383129e+00
4.379510883070446781e+00
4.583668582916587297e+00
3.508116319573645114e+00
4.727942256604987570e+00
4.202310629520459528e+00
3.327113770557615702e+00
3.718440231660762763e+00
3.749180148198568929e+00
3.801717325493265687e+00
4.636104431375443369e+00
3.079469489440422425e+00
3.937451222712714305e+00
3.309932116567643856e+00
3.893132777891495255e+00
3.791579589948486539e+00
2.593313160703720310e+00
3.122038934644346675e+00
3.718546630255087582e+00
4.100820546676578360e+00
3.557081535982411058e+00
3.584646157305597214e+00
4.974408597038467938e+00
4.239567863982995455e+00
4.094463195286205170e+00
2.837409272270864591e+00
4.090822614027890047e+00
4.663871639710260197e+00
4.323280515923940470e+00
4.389691351687844190e+00
4.867568726078437713e+00
3.537154106668454645e+00
4.040875755619663501e+00
3.861386939996152901e+00
3.257685098554496061e+00
3.465051826643106292e+00
2.590551107679753162e+00
3.665985633079119843e+00
4.594675127226103051e+00
4.045274244826454257e+00
3.766613487378252412e+00
2.611382222584768709e+00
3.210721111088234991e+00
3.518527869882095427e+00
3.170945572416837610e+00
3.040676094945305774e+00
4.801819490766336074e+00
4.201933381535224221e+00
3.696265694709524929e+00
3.317212054328031012e+00
4.019385420838304412e+00
2.685893440922964892e+00
4.358265435235247232e+00
3.717265588931229825e+00
3.636886716427158994e+00
4.434718313769494102e+00
3.834594892749182637e+00
3.894709211161042184e+00
3.116928951928815028e+00
4.135300532113608263e+00
3.790205374635164048e+00
3.630999115940359623e+00
4.928629459368646160e+00
4.395391321144398233e+00
3.300820650790631472e+00
2.887489199925130201e+00
3.802767980509733192e+00
4.335819497818989454e+00
3.217409575174895675e+00
2.549232156795162130e+00
3.009952141578976281e+00
4.872263008606481982e+00
3.504417627907546517e+00
4.360239503835307673e+00
3.010567594822811444e+00
3.649638863952120893e+00
2.717806101457546308e+00
4.547458643010752866e+00
4.374113804495662450e+00
3.541693346222453354e+00
3.187973528659775901e+00
3.266162178402360450e+00
4.176329371519047484e+00
3.340399765071639049e+00
3.408877403138111717e+00
3.389603397579938449e+00
3.814982377949517556e+00
4.118698823491506289e+00
3.011693538245771240e+00
4.445685788942290273e+00
3.592649068361228437e+00
2.839324518685297338e+00
3.575264081013476147e+00
3.192027172802538448e+00
4.167215219802923087e+00
3.791798962011207585e+00
4.107035592233749810e+00
3.657946446810740326e+00
3.042778515465432321e+00
4.536083958818911910e+00
3.840988613479582980e+00
4.188205982660205606e+00
3.623647776566264689e+00
3.133300052147570458e+00
3.232823859843361625e+00
4.304718971445198328e+00
3.795969081976969584e+00
3.690679009377074937e+00
3.209166644733967289e+00
3.192150797729553346e+00
2.929603163401882426e+00
4.763278063590309586e+00
4.019726668378093670e+00
3.635312972974536372e+00
4.043667199966536785e+00
2.525203989386137771e+00
3.969714832162767770e+00
3.598848164955601892e+00
3.694352345867649490e+00
2.566069761950558803e+00
4.080683377614024998e+00
3.265903457510379582e+00
3.652342895183442906e+00
3.271272917160929161e+00
4.386569532704855057e+00
3.141970999829088562e+00
4.105912668004218169e+00
2.902747850128803542e+00
3.431898347223039103e+00
3.703513073306119008e+00
3.286657611648718280e+00
3.815260172284590912e+00
3.182653729412519006e+00
4.809613239676443719e+00
4.163382814032929424e+00
4.315423275299848704e+00
3.768921545368205450e+00
2.672639939764662298e+00
3.120184985686417889e+00
4.261721294508692637e+00
3.357785306681304149e+00
2.943668328362499587e+00
2.647203837611987520e+00
4.306691037259099630e+00
3.743091199310482065e+00
4.625668726110665041e+00
3.815856171383185558e+00
2.884579460924823646e+00
4.360625210062267776e+00
3.014247601431122803e+00
3.520727655264729083e+00
2.580974004346485717e+00
3.996737710257752152e+00
4.326506001016045211e+00
4.661193396894097951e+00
3.913147015458380285e+00
3.960697921157247059e+00
3.969881066531702807e+00
4.371683972155801179e+00
4.264870465502981212e+00
3.842554168662351888e+00
3.788695048983520941e+00
3.162901782905220394e+00
4.701337333036975430e+00
3.518014027220980111e+00
4.808466796931578635e+00
3.427450416727146898e+00
3.588197617358278801e+00
3.437211964766251793e+00
3.055955393338911641e+00
4.026600981421236014e+00
3.929627036176864596e+00
3.908695299124341549e+00
3.026182261020827102e+00
3.973353209899344929e+00
4.011761441209154455e+00
3.808731558738046363e+00
3.451533471759629990e+00
3.052479034529059554e+00
3.672303263343112967e+00
3.929241542092420492e+00
3.282051663449160106e+00
3.726020222386974279e+00
3.717560449721058369e+00
4.237572764214815102e+00
4.563123164873971405e+00
4.548461003589559404e+00
4.340142063875512157e+00
3.348407225743828430e+00
2.732917783362699193e+00
3.209006635837149179e+00
3.546243954493538908e+00
3.255585396855847691e+00
3.276160289624151289e+00
3.023510554965284758e+00
3.426504993287013967e+00
3.990254937511792388e+00
4.654739825906117012e+00
3.922864340224828439e+00
3.900590190119800571e+00
4.007458259550690904e+00
4.562902896839680089e+00
3.415869875510193054e+00
3.916311372217342157e+00
2.956840927655588924e+00
3.645037304629126229e+00
4.462023909649250442e+00
3.005267449394646739e+00
2.852834458362954351e+00
3.233185637265291845e+00
2.794106369750399832e+00
2.178498694984129180e+00
4.346925285079948686e+00
4.176023731611569367e+00
3.739715534936183694e+00
2.731765118157139405e+00
4.211915223917785056e+00
3.499901314568271360e+00
4.169290361227733221e+00
4.077246542556127729e+00
3.874523586459664770e+00
4.045506731875357254e+00
3.594336197095855834e+00
3.540254137811437385e+00
3.918252343911554192e+00
4.446302257305074335e+00
3.030322719790613295e+00
3.191814344426898487e+00
3.731145277035343266e+00
3.239954681175649220e+00
4.685935970247729010e+00
4.513486241653342113e+00
3.560167417525122779e+00
3.830379833430481273e+00
2.679502100256932362e+00
3.460019187207588498e+00
2.839850921957487007e+00
3.795765258131357456e+00
3.903630505929423844e+00
3.310376060880025229e+00
3.202574463164781449e+00
3.678546339648074426e+00
3.744287603182362645e+00
3.849399859519721634e+00
3.883806476680238262e+00
4.364668820991952636e+00
2.981366669251168222e+00
3.831502908117653039e+00
4.161173185903614069e+00
3.816861275499825013e+00
4.391415470738350812e+00
4.487819162223688707e+00
4.297595161016006138e+00
4.403952239439350436e+00
4.509494270228947777e+00
2.976750382672933792e+00
3.841341587469676799e+00
3.705977606816655445e+00
3.772206122360561853e+00
3.315275503875754204e+00
3.973417449468247931e+00
3.501107906161404326e+00
4.093798444743134368e+00
4.741982049515628184e+00
3.657856533168708957e+00
3.941591431113661059e+00
3.652678513061188958e+00
3.993206606591186425e+00
3.650090393959774193e+00
3.470858347803685184e+00
2.854806171754209920e+00
3.857909406198614999e+00
3.589341983362846378e+00
3.068837162394314255e+00
3.196413999409273288e+00
3.581167124257878420e+00
4.185487398457817143e+00
3.994779565851899861e+00
3.826991096549744231e+00
4.054607792665130717e+00
3.746769709229269996e+00
3.474845284537745105e+00
2.627163946381156023e+00
3.330971412355534511e+00
4.272602340036952384e+00
2.927291571033672657e+00
3.824416124451890830e+00
3.593471620703218239e+00
3.899393660009775164e+00
4.002249876755496594e+00
4.125964723859446792e+00
3.826069441838455543e+00
4.363933645159609576e+00
3.325042787754963758e+00
3.391371292945793758e+00
3.691908711527504217e+00
2.826165808785648270e+00
4.255609493288243783e+00
3.876072206355651861e+00
4.252959388380078032e+00
4.132113782167042615e+00
4.557931647775428807e+00
3.475747288123685053e+00
3.356390897687227870e+00
4.818779386100340290e+00
3.335591427953793708e+00
2.998553300693496571e+00
4.129128088925800633e+00
2.841599681937844402e+00
4.278404122754114525e+00
3.906844158155573954e+00
3.033362876735525404e+00
3.151068975729359956e+00
3.369271526550565277e+00
4.450430075873526015e+00
3.045896123841282943e+00
3.493456362048565467e+00
3.536884741373627516e+00
4.310149023535851498e+00
4.285513423796768251e+00
3.331130577419560979e+00
4.338025608624259455e+00
3.904244547078481897e+00
2.975874136899825384e+00
4.347366429703494184e+00
3.179449417218265683e+00
3.759391095544116546e+00
3.370063596665097361e+00
2.821171193108925390e+00
2.461371492987368015e+00
4.665833380578606082e+00
4.125996777301364382e+00
3.515772921172264365e+00
3.521510981097327075e+00
3.461315125265220338e+00
5.018158021966267590e+00
3.784340479309323602e+00
2.375614068456185279e+00
3.970361251438459416e+00
3.801053102895516567e+00
3.364342510587901902e+00
4.048848472446184843e+00
3.482937366358087594e+00
3.290056988984175312e+00
3.677234325798985903e+00
3.893482356966921021e+00
3.304796475723216886e+00
3.264847332329269936e+00
3.228027432704859478e+00
3.317980932621099388e+00
3.747679290332178059e+00
3.574181942204135431e+00
4.465140442727610015e+00
3.596406022311089412e+00
3.917436658517765569e+00
4.332520901749257192e+00
3.380182001579872697e+00
4.759182652006685110e+00
3.445943969561128029e+00
3.013522654822916369e+00
2.476768268848886567e+00
3.715850066226432880e+00
3.677418713984341281e+00
3.050031119998266593e+00
3.322566745865271454e+00
3.776106762096070657e+00
2.768336382854745370e+00
4.026454050544717944e+00
3.785304441280104459e+00
3.972066278619096114e+00
3.236351193704201545e+00
3.787067312136718655e+00
3.957722993746094264e+00
3.816182068728819488e+00
3.056942524880850609e+00
3.461818880283647371e+00
4.511547078642717423e+00
2.627953931022938949e+00
3.471870486373299425e+00
4.200664056564868964e+00
3.700800374415440963e+00
2.977849003165434105e+00
3.611165417742358663e+00
2.833338674473047991e+00
4.038305581137280775e+00
2.204441924207641179e+00
4.037459729774739436e+00
3.580769519006744783e+00
3.898524835978690817e+00
3.534306481593886051e+00
3.495773399846031193e+00
4.512970122119789984e+00
4.140574143897977955e+00
2.833028002517060884e+00
3.720243146311752014e+00
3.268467956422618670e+00
3.318230959374912192e+00
3.653993584185628141e+00
3.245082301971290217e+00
3.969708875082606614e+00
2.462122908013667733e+00
4.554648006374297786e+00
3.582765726666656381e+00
3.688035980890383314e+00
3.748677663866640586e+00
4.071137481544869985e+00
4.314818029258144172e+00
3.473287787522301162e+00
3.794044000942262240e+00
3.751931795834731798e+00
3.253015682981520218e+00
3.365519657366965234e+00
4.200649167838206743e+00
4.692007242028137348e+00
3.331144365582538125e+00
3.353309348393033851e+00
3.450912633386850281e+00
3.922689586729418476e+00
4.253941540709906377e+00
4.039540659925220822e+00
4.449371428316013066e+00
4.074072250245921900e+00
3.830962280833416500e+00
4.221216519404791256e+00
3.617540461418321307e+00
4.224665437064373030e+00
3.879649826729392181e+00
3.933380708409578208e+00
3.080409110127897865e+00
4.539740789472276106e+00
4.316163198267953582e+00
2.405025740137074042e+00
4.736918652097452664e+00
4.221471902537105692e+00
4.113615046112466089e+00
4.260916962538394692e+00
3.315021165477805898e+00
2.633524512344999291e+00
3.932876720097982393e+00
3.049459902351166818e+00
3.214068234768986176e+00
3.067318683853375028e+00
2.958008710575034783e+00
3.506978607314893637e+00
3.190055530130610162e+00
4.590243379410127389e+00
3.675744671848935941e+00
3.081297556554556838e+00
3.321760625013741031e+00
4.057860638478690163e+00
4.553931123950608395e+00
4.126158621784455249e+00
3.346583794593721350e+00
3.821203848226754740e+00
4.031087572718154100e+00
3.798551921162652611e+00
4.266252500742218956e+00
4.333533964154376861e+00
3.618529162818082234e+00
3.864958509379580409e+00
3.528208558961815289e+00
4.103723814238630752e+00
3.934421759582464873e+00
4.154902351328292553e+00
4.459399892299656720e+00
2.495156992968957432e+00
4.283399024100082997e+00
4.613649293035567034e+00
2.940320264457060073e+00
3.887343955033662812e+00
3.237420115184586056e+00
3.219361835900381497e+00
3.734045503247453102e+00
3.615145036557374514e+00
3.478226447581278080e+00
2.372079108964512351e+00
3.566867939047250413e+00
3.705323103944189622e+00
5.415462018185600357e+00
4.933951673698004470e+00
3.250002039075669202e+00
3.316178855473828513e+00
3.670095065441911775e+00
3.803392433233229841e+00
2.737806218151325854e+00
3.797286203012824490e+00
4.491055033771017335e+00
2.849007762720229930e+00
4.462051859228487238e+00
3.360260124060683751e+00
3.623741631173702515e+00
3.459098497366304592e+00
2.414127189483820324e+00
5.272798655045134453e+00
5.466852905900856818e+00
4.060747402196475342e+00
2.474363371155534175e+00
3.734854062311047329e+00
3.799675822693320271e+00
3.603905856375078542e+00
3.480552515620101151e+00
3.889819612431434148e+00
4.238837911588790419e+00
3.835221529350667957e+00
4.044820917623979994e+00
4.669709728754931177e+00
2.838361828018388433e+00
3.809147439338290475e+00
3.411405722809161656e+00
4.008241967478278767e+00
2.905313609612641290e+00
4.011984462469696311e+00
4.321677584355196444e+00
4.252392961606331845e+00
3.412346093534945890e+00
3.504373511663613439e+00
3.862229923118254860e+00
3.582910170180999998e+00
4.614697310383369278e+00
3.806802657982548688e+00
3.532532336297763198e+00
3.650683283357162079e+00
3.816765357330248687e+00
3.603512035738879238e+00
4.514589821574815254e+00
3.395083111842666312e+00
2.914777750643244847e+00
4.493294505325105881e+00
3.856964964498133863e+00
3.813704604643395779e+00
2.956016434826328698e+00
4.443702677974078696e+00
3.427461277251313998e+00
3.592767132217432380e+00
2.976819478217769710e+00
4.647029984888866316e+00
3.866730066144415279e+00
4.463032169474539401e+00
3.528144688645263205e+00
3.958081509824565636e+00
4.312430750764570497e+00
3.448984696858656829e+00
3.574240617738366765e+00
3.554537980332588276e+00
4.709522901328453415e+00
3.569815517324491871e+00
3.104780883196308849e+00
2.599660047770611548e+00
3.395781836974035794e+00
3.779309151077844042e+00
4.251704760267492667e+00
3.673321551365378301e+00
3.754057465423047191e+00
4.111314437662238142e+00
3.686085137604958817e+00
3.119708934528114597e+00
3.478915839793089937e+00
3.557931622821060902e+00
3.100309008967045088e+00
3.137123971742693307e+00
3.838496709026702813e+00
2.811878860182098538e+00
4.670171196489254939e+00
3.859924560296953633e+00
3.430040430972281840e+00
4.532344299595737702e+00
5.020961083515059542e+00
3.173323600542206080e+00
3.905436291751008593e+00
4.977355641408503395e+00
3.752882649440217655e+00
3.931693975462593915e+00
3.402857026767382553e+00
3.154587805442459647e+00
4.585020600150115477e+00
4.540760480537814558e+00
4.231854273990779625e+00
4.450345389214648506e+00
4.219300419451242234e+00
3.655180182156908764e+00
4.296152708231430140e+00
3.590915573889594814e+00
3.318939418249000628e+00
4.603743935751079874e+00
2.859978458796460288e+00
3.516071067405026174e+00
4.725554983001303277e+00
4.297016917209578679e+00
3.895039470268277348e+00
5.075876141115318596e+00
4.500060228247191318e+00
3.767692535704852297e+00
4.147608252074702406e+00
3.198346523735391411e+00
3.208131065265656279e+00
4.005366739236013274e+00
3.939244736896345689e+00
3.258907696912286767e+00
3.709851589188219112e+00
3.157638112005216158e+00
3.319039072875054064e+00
5.405663551293682367e+00
4.537835672244316498e+00
3.707883346964223836e+00
3.008026285966513225e+00
2.496870263053866168e+00
3.674932123728835265e+00
3.093221502383989741e+00
3.694353818415974544e+00
3.879055344875209865e+00
3.216559305779845168e+00
3.661935959884755398e+00
3.334601710057210511e+00
3.779037721296371721e+00
4.046430020970036345e+00
3.121179660074145268e+00
3.192677760536531739e+00
3.680297223610405677e+00
4.560000519467657831e+00
3.346017159916876427e+00
3.531948074218375755e+00
5.064922290438470753e+00
2.633236345730919137e+00
4.203188307195308226e+00
3.901117941230931141e+00
4.719375501038208576e+00
3.545691383127003604e+00
3.481250170821186263e+00
3.293435980958927978e+00
3.510998901082724721e+00
3.671349420848300404e+00
4.807470680203161706e+00
4.658646994579039635e+00
4.420230410194212034e+00
4.535093417638883295e+00
3.879844384046196470e+00
2.639156843398817287e+00
5.019564784468436791e+00
3.220422217264156561e+00
3.136481114006219428e+00
4.743347487445904953e+00
3.959038606828661155e+00
5.076520498849907526e+00
3.801320497065135307e+00
4.164048299154871735e+00
3.579940188270410051e+00
2.409885820734050998e+00
3.250579846431050690e+00
3.025328887555800872e+00
3.966070479832909168e+00
4.462252453982774369e+00
3.011418553246352214e+00
4.095527411840531151e+00
3.015575742115738755e+00
3.909866054432022953e+00
3.532229077437268216e+00
4.461825935342435656e+00
3.136284651968602954e+00
4.713781301448801031e+00
3.601975114919387710e+00
3.868749929298052503e+00
3.345598059587703954e+00
4.204908846567745329e+00
3.677805565508525110e+00
2.511330571829125891e+00
4.681272719833861728e+00
4.218407200534087131e+00
4.003036202029319313e+00
3.770407213550984071e+00
4.170123714403399795e+00
2.966848582335194884e+00
5.389723943453517130e+00
4.336368805384449132e+00
3.623793614435959487e+00
3.311405198281805351e+00
3.452055308666696298e+00
4.047985199678521440e+00
3.138031244044833024e+00
2.938180079708221371e+00
3.838201339944679713e+00
2.616910580963594413e+00
2.978316831946763887e+00
1.912944481059597912e+00
3.625191484496013139e+00
3.303966329166916349e+00
4.065143735284129534e+00
3.292758137718875933e+00
3.735747865101931797e+00
4.161166464134679721e+00
3.306768187504690371e+00
2.679289950856081237e+00
3.392643845285268078e+00
3.291307219145901186e+00
3.064348793401363569e+00
5.141572834190235142e+00
4.057180343453238969e+00
3.694755734930178281e+00
3.386365920520438610e+00
5.275934593374115522e+00
3.900701858062102900e+00
4.743461319351137462e+00
3.825111270155406640e+00
3.436686003106693033e+00
4.438458696201221798e+00
3.741095627919640787e+00
3.075590633152336384e+00
3.629497294412028285e+00
3.417984509895048539e+00
2.984987602078349678e+00
3.969523459026566226e+00
4.647304860028841134e+00
3.764047689386658124e+00
3.414344410752433667e+00
2.852856236372763199e+00
3.676742393004402309e+00
4.403059805654428338e+00
3.886300915353479102e+00
3.118164872395541298e+00
4.384230661721516320e+00
4.333546558670664517e+00
4.136311102361760916e+00
4.680083396097959536e+00
3.034618606831460674e+00
3.455735979988973305e+00
3.277588880785917258e+00
3.674994554502976740e+00
3.645743859071371329e+00
3.537988373680452270e+00
4.303662166064079919e+00
3.474217554165285105e+00
3.661589195532739982e+00
3.256905338791461268e+00
4.221767121888233554e+00
3.693986327512895684e+00
3.981364800351645528e+00
3.904470581324303247e+00
3.803610067883595125e+00
3.922620799136356418e+00
3.107654937270805995e+00
4.302838987546795835e+00
3.819044830920226730e+00
4.551790224917248828e+00
2.890512880078083491e+00
4.738826207208696850e+00
3.149582876981923185e+00
4.311553343156693252e+00
4.519862765778899671e+00
3.322219888535063337e+00
3.616528201623935956e+00
3.205059372100520498e+00
3.827250514458904185e+00
3.707795527093428856e+00
4.935027154544110672e+00
3.628597700808847026e+00
4.632034094368158605e+00
2.744363441145993399e+00
4.373625491935538179e+00
3.119895296846564747e+00
3.868035929321764765e+00
3.973831240113269825e+00
4.192757944158588934e+00
4.035752257384817021e+00
2.699524074666725948e+00
3.833182648886695798e+00
4.579991558557014564e+00
4.067179476144659134e+00
3.956564089605230095e+00
3.093285677403713407e+00
2.418391474831376176e+00
2.730923261485878051e+00
3.480528533526236146e+00
3.916921695136140968e+00
3.850598154708378296e+00
3.032175566835957348e+00
3.307692666095325418e+00
4.281624556991718400e+00
3.870267053741204943e+00
3.980557641857821682e+00
4.011396931049425518e+00
3.476428933325566017e+00
3.893908337680925147e+00
3.952146146555173711e+00
3.585446584230698175e+00
3.425987599911279879e+00
3.708241548945244492e+00
3.914501359394156665e+00
4.122731639353244937e+00
3.348689487160188438e+00
3.512972247884666555e+00
4.648614700351147100e+00
3.704357001317518883e+00
3.659690438043798899e+00
2.927347491592987794e+00
3.085205567328378251e+00
4.796833952962935577e+00
3.847323897186708752e+00
3.056032024124018864e+00
3.299401446088152223e+00
4.247005365187018988e+00
4.076918817073756252e+00
3.106159023417803144e+00
3.974220004938026296e+00
3.783798611448580207e+00
3.831484466866348804e+00
5.785572589459125226e+00
3.302467109603768325e+00
2.847654734158039158e+00
3.888488185706023170e+00
4.334083156130496661e+00
4.035393807015147161e+00
4.308238238850012891e+00
3.578016950575262367e+00
3.662279429711086998e+00
3.761568280335870984e+00
3.434281904861270718e+00
4.608017508786667271e+00
4.019445921075531558e+00
3.031406848332617532e+00
