2.628611620711311048e+00
2.605517415660794978e+00
3.407184841821321974e+00
2.702538930432017761e+00
2.523867442719641474e+00
2.917166474895560579e+00
3.001585084740995946e+00
2.618789180327652399e+00
2.504192795160296026e+00
3.163789431185131562e+00
2.745987630183528871e+00
3.196629711928316020e+00
2.328628298739648272e+00
2.478745372307313399e+00
2.797394519693831683e+00
2.573628570760599477e+00
2.848402990585238381e+00
2.614267565545969063e+00
3.230922766615166530e+00
3.776810526442612392e+00
2.710867291761618780e+00
2.896612944231224951e+00
3.220224854845403772e+00
2.831754435496346201e+00
2.879362114549421925e+00
2.765151211704623080e+00
2.654001295076400702e+00
2.676164917790472941e+00
2.800161819413735209e+00
2.803612925680721624e+00
2.716714237162789480e+00
3.382275264754138089e+00
3.028099547999218544e+00
2.749456493823192904e+00
2.295023198212480686e+00
2.341190531778472916e+00
2.734106099153451819e+00
3.232297657419022308e+00
2.443497174145178530e+00
2.822496804998316566e+00
2.733912504160126211e+00
2.571256378636040729e+00
2.524629532600680903e+00
2.213717511105467661e+00
2.372335288057135116e+00
2.904389507893882616e+00
2.328973911749381287e+00
2.357282792446425912e+00
2.958009016310290118e+00
2.251323430292201611e+00
2.623848075278122138e+00
2.788721597789571849e+00
2.755176351655194367e+00
2.962618848346472600e+00
2.877154977975735051e+00
2.581938881479800330e+00
2.947466837629415526e+00
2.856282839677929175e+00
3.215889273793785197e+00
2.891906636954880927e+00
2.901871439676260600e+00
3.180215202387266515e+00
2.886255269472912222e+00
2.586814818792215753e+00
2.930666481245838284e+00
2.510876303226531991e+00
3.073570033050626371e+00
2.869690617355331153e+00
2.744981349574560081e+00
2.990112612555462235e+00
3.117325037419900191e+00
2.915979607219731040e+00
3.118069434173348586e+00
2.974494731414054183e+00
2.964472313610309051e+00
2.894295284872959062e+00
2.620066623660524563e+00
2.614997275902333218e+00
2.638302188097555678e+00
2.842004397373322444e+00
2.919891937595608944e+00
2.705685910810707639e+00
3.338953590370808744e+00
3.113066602862857302e+00
2.631242936622575801e+00
2.971426148195021710e+00
2.729806747792077104e+00
2.785208600101112708e+00
2.427657144749652662e+00
2.793859186801745054e+00
2.655243265973143973e+00
2.562713656949126673e+00
2.780680087813988344e+00
2.815161489092417035e+00
2.767035753696112099e+00
1.960037398409818277e+00
2.816458345083861392e+00
2.788803236588464518e+00
2.636463347403441126e+00
2.822480157310536253e+00
2.817539643561713714e+00
3.170063459184474297e+00
2.770611398027685635e+00
2.937055926923480609e+00
2.427990210425662099e+00
2.789233808398723813e+00
3.063150935357772831e+00
2.629615300954614820e+00
2.512871394498043642e+00
2.711121643056018993e+00
3.493208621380084367e+00
2.552516409552907373e+00
2.366266600681399712e+00
2.643976238599428541e+00
2.588012920377971593e+00
2.568927015154188087e+00
2.611678476087706091e+00
2.978598566234299305e+00
2.242885424833181318e+00
2.470468797173628772e+00
2.546928649486936092e+00
2.484965033052586314e+00
2.789154478850272234e+00
2.445800151486326346e+00
2.923647946629881922e+00
2.857466892839166661e+00
3.241151566078322332e+00
3.046799217696313899e+00
2.985485248153509463e+00
2.613621609823760572e+00
2.242550299813487857e+00
2.657873516031752370e+00
2.889923451696132517e+00
3.184650185459120042e+00
2.523188044894297377e+00
2.588374881541551265e+00
2.480716454064426646e+00
2.377184644530947466e+00
3.133971643657622597e+00
2.831016019935288508e+00
2.857691444905397837e+00
2.376292393144480375e+00
2.856417024788969083e+00
3.527052991735783571e+00
3.036828531374042850e+00
3.509662922750834024e+00
3.152808779761966385e+00
2.147873927065940158e+00
2.823862303365268112e+00
2.609646176717282717e+00
3.059440942919785300e+00
2.970267728037413679e+00
2.608973540452032225e+00
2.706928549175480203e+00
2.932295030915584633e+00
2.575875224678226161e+00
2.693352124455259844e+00
2.709801990526419235e+00
2.125604440913791304e+00
2.752174254911463613e+00
2.829859415045117288e+00
2.817139475759774747e+00
2.827305823841802734e+00
2.975062971633270603e+00
2.918023144652883261e+00
2.813172837346805011e+00
2.544161593669190147e+00
2.495232651021950243e+00
3.284213657495153260e+00
2.513518469490801710e+00
2.270617307606989765e+00
2.856160020434672653e+00
2.898080784116576325e+00
2.504223760431723012e+00
2.620473882334640958e+00
2.582328880809816152e+00
2.764458817513833822e+00
2.680755500025953975e+00
2.752656992908435907e+00
2.528529716904451163e+00
2.632563011451941382e+00
2.813078141857703329e+00
2.704795504045929722e+00
2.849672698238121082e+00
3.108255716501170607e+00
2.731997364489182178e+00
2.342955778955473800e+00
2.810497305498548037e+00
3.203111754096950037e+00
3.323060269143775169e+00
3.071533448614387929e+00
2.352303201210587336e+00
2.832896629093339058e+00
2.307866374818598576e+00
2.404514594713240694e+00
3.502864769470482642e+00
2.366285523390428303e+00
2.324526744190626104e+00
2.856299769762450591e+00
3.270312537502873429e+00
2.457943905301478438e+00
2.472954314337812320e+00
2.809359386940611270e+00
2.499991526521293306e+00
2.328253041536648915e+00
2.281497357603767373e+00
3.036370846778349897e+00
3.003530955702133465e+00
2.842793275454011503e+00
2.871829312418722857e+00
2.427297000266581684e+00
1.983797543408301944e+00
1.997111763120855477e+00
2.900654149608888677e+00
2.304768651752359787e+00
3.318960050742603141e+00
2.375842909296327132e+00
2.742743337571248663e+00
2.548511448421942216e+00
2.782466811297829690e+00
3.075548675454649050e+00
2.672561096843138806e+00
2.539628345366832018e+00
2.621612877579163836e+00
2.278148668598881432e+00
2.528063415530048985e+00
3.005459513162473062e+00
2.448873700518046093e+00
2.608407318389146745e+00
2.789863824280303994e+00
2.993742884880596922e+00
3.294019939464098545e+00
2.384446851996956163e+00
3.045184964741209921e+00
2.591096226721707474e+00
2.691234839426164704e+00
2.583281899634629841e+00
2.901753891546807296e+00
3.180376779727740022e+00
2.403957233956760753e+00
3.157815972412003180e+00
2.674503262434385409e+00
2.935462102955161967e+00
2.935246687957337564e+00
2.274172474036433300e+00
2.642230908237380049e+00
2.797414610806153945e+00
2.002533257144985424e+00
2.795144726226777454e+00
2.664324602480819149e+00
2.760876761227547327e+00
2.619574430299426826e+00
2.306688188860168687e+00
2.543208674893989496e+00
3.122252855901769930e+00
2.631129746037200956e+00
3.015657771967230172e+00
2.870052890086005615e+00
2.369109378990557513e+00
2.558661934091112755e+00
2.328784922196689422e+00
3.609079447962033615e+00
2.877194524980848378e+00
2.705677627163241450e+00
2.961460101240029008e+00
2.843081219388992054e+00
2.962330484822687904e+00
2.441174439752113123e+00
2.481955609571364629e+00
2.422711147033311807e+00
2.696578430375204505e+00
2.983271249441455275e+00
2.666726685155924592e+00
2.679543564212257145e+00
3.215419771848460062e+00
2.905644153767424243e+00
2.680223519226854201e+00
2.574576165932575211e+00
2.847218563998287877e+00
2.526103443583795460e+00
3.120790876360585830e+00
2.813884931926703192e+00
3.357922979873571911e+00
2.763677406075197851e+00
2.701475571220766536e+00
2.895772645293892111e+00
2.527507818186264021e+00
3.295234352718130921e+00
2.730944484547153106e+00
2.983290797177594822e+00
2.819520338462722542e+00
2.765227477733946060e+00
3.151631121555857007e+00
2.664632112825097821e+00
2.658994560266296769e+00
3.457075903770230330e+00
2.721688838972754709e+00
3.094099208453216399e+00
2.974526620802428134e+00
2.891879837467681291e+00
2.148352567830101201e+00
3.047059584477710636e+00
2.770904037413587151e+00
3.047671933628803842e+00
2.913134351422940860e+00
2.762952562184473493e+00
2.517517411227716995e+00
3.015846126727095733e+00
2.626986778507580222e+00
2.572796454291697898e+00
2.807337046229034350e+00
2.309735961657867875e+00
3.204894343955492442e+00
3.360000153287379998e+00
2.341626708633468557e+00
2.742173390729457871e+00
2.457074583580663329e+00
3.259156306124527447e+00
2.836044167480875622e+00
2.963558555082014490e+00
3.073011992343266385e+00
2.450058133300629049e+00
2.860086886965936603e+00
3.136692046525619837e+00
3.237179836619631157e+00
2.582610301857573898e+00
2.603355597451083803e+00
3.117231009830399024e+00
2.574849655259217052e+00
3.304890611877472573e+00
2.216136436702977441e+00
2.869520477431037886e+00
2.751226834215002803e+00
2.314336046103078637e+00
3.059633025044722565e+00
2.724907087985777743e+00
2.814204849272027076e+00
2.898721570699047678e+00
2.917753573723758098e+00
2.907316125554575859e+00
2.939163089008030028e+00
2.770991386601779460e+00
2.662149712572804638e+00
2.515951563776594568e+00
2.906641646190595285e+00
2.994389735861030744e+00
3.096948376203578324e+00
3.029007298714338603e+00
3.167829119403128502e+00
2.627932457883916495e+00
3.432302979715022406e+00
2.515492837278316962e+00
3.152340407475489492e+00
2.550479742616235779e+00
3.471121703022641114e+00
3.168472284875762934e+00
2.670744359063099260e+00
2.980040412845555764e+00
3.091983932976562155e+00
2.840467039471873179e+00
3.158336150527223829e+00
2.483353357526356664e+00
2.687023284555445368e+00
2.365923044387427954e+00
2.487580408373422536e+00
2.519642905103647745e+00
3.076937318188743387e+00
3.014560246738996696e+00
2.843795664205960971e+00
2.763907187809217181e+00
2.640611430995595477e+00
3.091069621272183987e+00
3.237873124331455799e+00
2.667988270349200164e+00
2.591275717706555515e+00
2.750505840964525106e+00
3.012315266293988270e+00
2.060232927544301429e+00
3.499888423645083790e+00
3.118268665119459548e+00
3.144639311870045084e+00
3.060780771612528373e+00
3.185172760654266799e+00
2.520391932163707605e+00
2.922966699598569029e+00
2.519481844170665674e+00
2.412741421671646513e+00
3.096075166625546160e+00
2.539040192704828058e+00
3.174699470080831532e+00
2.420491530159900595e+00
2.589297786408729429e+00
2.623352315469214435e+00
2.615448496614690921e+00
2.720873234125776641e+00
2.769780888840260413e+00
3.026517621491338073e+00
3.018285737501303689e+00
2.588295401621012903e+00
2.991724887291864032e+00
2.542316985388171080e+00
2.559074159339670196e+00
3.035424740234283547e+00
2.482578415290163765e+00
2.977786154691568044e+00
3.442923450597588086e+00
3.017688741636605165e+00
2.807495398002808340e+00
2.431679379577644795e+00
3.221822389540412335e+00
2.837870797505990250e+00
3.448285573042334740e+00
2.730989692182284490e+00
2.642348712116828313e+00
2.757953678685198362e+00
3.313582035764268241e+00
3.479393007271191163e+00
2.708608469949314923e+00
2.482135665534496383e+00
2.936835892822882155e+00
2.919110753117084123e+00
2.672150823851547674e+00
2.793347293824818056e+00
2.368092372611912744e+00
3.060506618306066517e+00
2.845218637932545036e+00
2.685592506615750441e+00
3.083630897419603833e+00
2.610018086349005006e+00
2.551682633461637817e+00
2.903369316649065279e+00
3.190849096180618627e+00
2.742269408259682351e+00
2.571875645465134141e+00
2.894708002737035546e+00
2.683940930305624750e+00
2.559838314155557626e+00
2.844444211010359602e+00
2.513943046311275076e+00
2.639267013115744742e+00
2.963336571444447287e+00
1.994713610921333702e+00
2.835869007601702574e+00
2.758559994228090062e+00
2.837577433379763203e+00
2.625997603392333346e+00
3.188961795090118123e+00
2.869094484529045364e+00
2.681456908681730145e+00
2.454033637625480324e+00
3.069730960976020828e+00
2.551576913227020960e+00
3.029660294580718283e+00
2.407178639035159495e+00
2.866692085889720687e+00
2.779907100659974262e+00
2.801577736319613265e+00
2.733758469283969816e+00
2.786230247069795496e+00
2.943177131003190006e+00
3.109520824203355627e+00
2.937816453672991379e+00
2.771498231687550717e+00
2.821323333839529379e+00
2.548211707319600450e+00
2.990751155990373000e+00
2.971836934177126910e+00
2.759083129300181181e+00
3.260320319765764641e+00
2.368244008836663639e+00
2.959169421051497384e+00
3.120471309916744040e+00
2.749923998910086986e+00
3.125825074939231119e+00
2.527105225276263578e+00
2.995299109436177609e+00
3.271431826032684675e+00
2.627044452074223546e+00
3.265045297093525090e+00
3.009449798853541580e+00
2.886037186703576563e+00
2.734723815829294580e+00
2.663709227724609274e+00
3.309234943255191297e+00
2.412738272909867643e+00
2.351546477708224003e+00
2.629824770562010805e+00
2.830373256717617636e+00
2.494809582038600482e+00
2.528441749553916207e+00
2.490648374782227670e+00
3.075089716672273710e+00
3.374129331294104084e+00
3.285348648282512496e+00
2.895043932017534960e+00
2.922524387214953112e+00
2.939665196914185152e+00
3.004059187346998616e+00
2.888453211279927046e+00
2.720087058519826240e+00
2.595311397626463013e+00
3.253102134311017135e+00
2.726901608241256714e+00
2.169134376161143685e+00
2.821618065267894604e+00
2.719291712191354904e+00
2.291314748269597690e+00
2.867454805960321984e+00
3.441955913997191363e+00
2.849080110284578193e+00
2.860857063626374153e+00
2.732769061511376663e+00
3.027544082708490958e+00
2.307586292943611284e+00
2.916913215708626161e+00
2.878697806377938928e+00
2.517018911419219851e+00
2.746795516694850559e+00
3.015967643806045650e+00
3.149871519666405550e+00
2.154931805368318631e+00
2.742783022057451170e+00
2.450740617294629775e+00
3.551975575652054129e+00
2.907773262329412134e+00
2.490307533498381964e+00
2.770388796277714061e+00
3.067574045119936255e+00
2.737256638800654507e+00
2.303531860044357060e+00
2.378211908053405210e+00
2.797932838402293232e+00
2.701975338613869404e+00
3.054193713858767811e+00
3.525539769539820067e+00
2.855231532342398459e+00
2.790470955010309950e+00
2.250624031802626934e+00
2.572548323130555481e+00
2.760754763669546641e+00
2.866992361451112803e+00
2.865365879880580557e+00
2.793839120796231867e+00
2.754691001576616394e+00
3.254916114823160012e+00
3.293869566045791952e+00
2.947102355486662439e+00
2.807243558666754790e+00
2.783560680228521989e+00
2.758112517452139478e+00
2.800873190185578121e+00
2.735253207006138609e+00
2.945699159627741537e+00
3.023133717548007748e+00
2.756596929856423905e+00
2.812856869215112798e+00
2.608732266916662379e+00
2.923281136972634808e+00
2.769079733813321287e+00
2.470647410423582713e+00
2.879025159897951269e+00
2.998678312327657469e+00
3.207688155736342139e+00
2.732526656706252499e+00
2.696343609690099452e+00
3.111561254839649848e+00
2.863953587569792791e+00
2.763878830676197218e+00
2.767787831038252211e+00
2.425836329603180630e+00
2.540638500398707311e+00
2.561705189415981465e+00
2.986981407961689428e+00
3.170725258619933040e+00
2.402333045540127721e+00
2.753279266866488495e+00
3.024063027213867549e+00
3.099788770433981711e+00
2.820591917664604598e+00
3.078443017863842446e+00
2.979874892542344611e+00
3.263930911823504477e+00
2.818396398353018917e+00
2.898294254320550767e+00
2.575175077846959759e+00
2.722592656082530205e+00
3.032187657699588534e+00
2.558460653713392929e+00
2.380438504494370555e+00
2.693833615045500451e+00
3.093784483109312422e+00
3.581017961853967257e+00
2.795974586794574002e+00
2.893545930342575900e+00
2.643892111665148814e+00
3.163075724414508016e+00
3.108797933039378680e+00
2.788375150472238495e+00
3.472385954871784808e+00
2.825255434220618422e+00
2.777609833038576781e+00
3.077326690438660695e+00
2.725829813829556247e+00
2.712723363820757516e+00
2.641611992813754028e+00
3.087579491034023071e+00
3.151920708301282570e+00
2.861049694406380794e+00
2.836760106432118622e+00
2.617134435857533692e+00
2.999268950764163666e+00
2.923704741003123164e+00
2.627572167454211183e+00
2.751297893804753425e+00
2.702808543561213916e+00
2.635554772342884267e+00
2.004742159725576123e+00
3.104615504347949972e+00
3.323516961942534209e+00
3.228832872451446789e+00
3.521782520013411411e+00
2.271642363429344336e+00
3.088922474906553362e+00
2.479494374730804473e+00
2.787264103166113394e+00
3.067542640070565430e+00
2.672737657947243939e+00
2.805129850496328459e+00
3.122836926041773875e+00
3.094912857012539043e+00
2.893080497270880791e+00
2.758801082565595753e+00
2.890835550692555156e+00
2.287297767023010131e+00
2.975526817607857311e+00
3.396856027363240216e+00
3.350321319626779371e+00
2.644890105029136684e+00
2.667433269037112087e+00
2.552334626799901862e+00
3.036137490872821587e+00
3.167698734465453914e+00
3.128269585153058419e+00
3.426319126076714738e+00
2.977345693338083521e+00
2.426355847604785065e+00
2.848868018279341552e+00
2.896818134421709434e+00
2.550683474670665252e+00
2.669117210785572070e+00
2.542608107736794132e+00
2.884583755110790459e+00
2.935462218738389861e+00
2.696037852194939077e+00
2.712167260273558256e+00
2.713145998852625418e+00
2.109159604982477010e+00
2.448339254443822721e+00
3.109300773305863963e+00
3.063920681278200497e+00
2.877450074418834269e+00
3.174448692646726133e+00
2.644420397573207016e+00
2.468733915482185903e+00
3.079886909342441026e+00
2.668202534959013050e+00
3.007866153122722430e+00
3.009770700738197302e+00
2.750118845059297268e+00
2.580875951079226738e+00
3.239682223256989957e+00
2.640063550768670719e+00
2.730702964807127930e+00
2.680557170221740115e+00
3.010593185720852105e+00
2.628652774096650546e+00
2.721220010592806826e+00
2.642406912163624888e+00
2.500935141899742309e+00
2.912310525515894088e+00
2.708783382262744954e+00
3.000008758875096770e+00
2.826661448964580714e+00
2.732972237813588556e+00
2.588298021691901596e+00
3.093190778298779087e+00
2.538583434803424854e+00
3.357657125385329788e+00
3.028099195646963615e+00
3.007715873686845232e+00
2.345316062132594137e+00
2.435973794353374355e+00
2.565141889110149176e+00
2.724459011177380763e+00
2.907625668497440419e+00
2.637301193227453044e+00
2.719293084121807258e+00
3.121259665521277427e+00
3.324328407764127746e+00
2.742543071873867699e+00
2.888913111048512228e+00
3.165144201823360426e+00
2.533187799282394348e+00
2.599300193332177322e+00
2.295205710960014134e+00
2.893751774256916320e+00
2.657771652941522511e+00
3.332607710578578519e+00
2.494950433958092351e+00
2.993475702400344662e+00
2.547128622201837889e+00
3.211243003882174651e+00
3.187828087918091136e+00
2.651612565193633753e+00
2.336425391031784926e+00
2.890222237519622261e+00
2.748749456158521287e+00
2.400400309111718311e+00
2.817145328120977510e+00
2.599284464335321232e+00
3.111460141215868003e+00
2.589042818171371163e+00
3.052989046469677170e+00
2.572493787633087337e+00
2.512009177763623757e+00
2.663845838465010996e+00
2.780943083810696770e+00
3.008199681007463155e+00
2.606716549481215672e+00
3.373236108484211293e+00
2.775307473248545431e+00
3.082421037401066766e+00
2.607698485222793572e+00
3.503636144708178968e+00
2.952151069054930410e+00
2.490372033131202478e+00
2.532929259734522986e+00
2.849644557723159721e+00
2.510275776090105992e+00
3.128778128143645976e+00
2.412454493269790223e+00
2.509544240902326528e+00
2.363555473754198832e+00
2.927770351023331052e+00
2.759311157782088575e+00
2.688138253050912585e+00
2.785629024476384163e+00
3.287108953960176994e+00
2.721847154677440539e+00
2.947077493520536162e+00
2.999052745397652320e+00
2.549249913862599026e+00
2.899162157140754204e+00
2.950449185504630201e+00
2.517204976387896309e+00
3.130068519619809475e+00
2.380326183481161095e+00
2.699976997063905593e+00
2.754308365352358567e+00
2.923497955781259261e+00
2.823884658496145672e+00
3.291973550699126783e+00
2.240111927907511014e+00
3.159725701418374388e+00
2.202600551428252729e+00
2.621132002070517331e+00
2.593325249843991820e+00
2.675022064877310424e+00
2.535128669746387065e+00
2.854835326635639436e+00
3.302134911256586758e+00
2.415928224636664012e+00
2.579801166260332401e+00
3.140702961348084354e+00
2.890075152778881051e+00
2.907147226336777912e+00
2.795454924270813546e+00
1.716611186567795100e+00
2.606650198094526250e+00
2.403289578257542747e+00
2.692590003047305114e+00
2.730418266809483629e+00
3.018010469723397815e+00
2.158999009765440125e+00
3.100148621156414208e+00
2.314778402450254458e+00
2.964500638062316007e+00
3.113357533336407634e+00
2.495810123545059156e+00
3.004514256317670107e+00
2.754820123607315985e+00
3.168348997442751003e+00
2.794132442808646477e+00
3.086696869276464916e+00
2.565883737483229510e+00
3.052350730996033157e+00
3.254946680540947046e+00
2.899799523251179068e+00
2.641466222075032011e+00
2.978408034557090023e+00
2.684850796629233205e+00
2.932496271630831597e+00
2.466090815538179548e+00
2.491797217330493641e+00
2.965111057381550452e+00
2.822591877777614222e+00
2.527095264946562114e+00
2.801059548879575534e+00
2.321754829573044798e+00
2.805375817956525797e+00
3.147699146832415806e+00
2.651798069828644966e+00
2.957948924415992220e+00
3.014338127933202216e+00
2.214343156914435173e+00
2.380452903556669497e+00
2.523842723039442237e+00
2.680533337905277591e+00
2.558564157286410179e+00
2.942961610296769503e+00
3.091226755208883681e+00
3.034727457449573951e+00
3.086918576201333142e+00
3.319157822105468725e+00
2.740296859435624732e+00
2.415958878877296989e+00
2.903183034946480667e+00
2.788044629044163614e+00
3.118110321884931757e+00
2.842069524249216439e+00
2.500031306565993816e+00
2.830309419118147929e+00
2.797497180332496836e+00
2.527657646367347244e+00
2.741545576225639991e+00
2.158496216346856844e+00
3.351479558490998212e+00
2.407583337632940523e+00
2.729808122766244072e+00
3.035984894870222384e+00
2.757647455718954088e+00
3.069660937972304104e+00
3.066172563744671731e+00
2.861094272016237561e+00
3.115366878321024657e+00
2.764665388423140691e+00
2.812177315123180144e+00
2.753946592087029632e+00
2.422762005248215278e+00
2.574202097475993156e+00
2.746411295362487959e+00
2.743670921212516323e+00
3.270953131588886453e+00
2.303630754658282598e+00
2.421997690775088863e+00
3.030439169737167759e+00
2.520172624327603916e+00
2.371402349804562881e+00
3.316452531665995185e+00
3.384650275657013818e+00
3.022858787618992071e+00
2.866752471874605579e+00
3.212755507013222100e+00
2.786250010875396921e+00
3.085386459158605099e+00
2.487870187860965032e+00
2.847517270812698342e+00
2.966626606161732127e+00
2.899361078206303954e+00
3.178200868291412018e+00
2.882983835608612377e+00
2.369670402218126082e+00
2.505117589669897171e+00
2.860958928910860344e+00
2.375934579133363478e+00
2.712964320512336602e+00
3.136274526609135638e+00
2.707601338832603233e+00
2.663477450479137421e+00
2.712508450439206964e+00
2.616525412435906528e+00
2.635174815390803449e+00
2.629913212093624164e+00
2.587134284546969809e+00
2.480641005417682177e+00
2.787088003951306181e+00
2.164905073786249190e+00
3.570679435339360719e+00
2.514167239644613083e+00
3.235304401020447251e+00
3.496860084415938541e+00
2.999371265164571643e+00
2.707698752057627001e+00
3.057677035364052109e+00
2.668398996733691853e+00
3.158132627087500754e+00
2.865788378250501367e+00
2.767405347187558373e+00
2.544735931514937377e+00
2.430282757357097090e+00
2.520363323885055351e+00
2.898948854186135460e+00
2.771553062251441268e+00
2.892567376542906299e+00
2.614377049625093097e+00
2.660767202413541366e+00
2.958755295723220602e+00
3.178866507301009836e+00
3.191204760782007099e+00
2.727735319179703133e+00
2.477812090673915613e+00
2.642031793983822929e+00
2.452972797867480903e+00
2.311105349814674081e+00
2.903771745146849437e+00
2.406038356846007087e+00
2.778616211212829867e+00
2.693855386853054590e+00
2.548510730686348591e+00
3.284317666022059878e+00
3.601554098254023284e+00
3.066478071933800287e+00
3.254989212136794485e+00
2.837829049536055415e+00
2.968865823522198077e+00
2.352994894537366211e+00
2.404126048147769978e+00
2.689988245871313577e+00
2.895190589063328712e+00
2.607598000230703317e+00
2.855225837263442479e+00
3.575384976173718865e+00
2.620216456628708279e+00
3.062398773127849694e+00
2.950698087441696593e+00
2.423071030393611380e+00
2.766914982545238821e+00
3.025894344974521477e+00
3.241383277213353509e+00
3.081298818534272232e+00
2.711155455142107762e+00
2.510792149045476762e+00
2.741160911634555664e+00
2.424947062527951225e+00
2.718350382757905859e+00
2.050279859349235068e+00
2.903879740314772029e+00
3.314375494306809777e+00
2.950478034490451318e+00
2.779525281223157673e+00
2.652451040662237691e+00
3.084116058488971301e+00
2.841703246935779248e+00
2.836476989648178737e+00
2.837922926679794511e+00
2.996813086287050343e+00
2.583865523688266386e+00
2.941925272921303680e+00
2.738383554396678576e+00
2.933323370077834280e+00
3.035357871134635399e+00
2.627391661645541276e+00
2.592128773175928824e+00
2.688634618697893330e+00
3.149775037245853060e+00
3.139124762158685744e+00
3.267744971850135904e+00
2.868008644970844401e+00
2.850867592167261488e+00
3.182885379094750888e+00
3.145020015454425444e+00
2.404620731658449806e+00
2.804780984859023274e+00
2.814398238048677836e+00
2.698762799170435489e+00
3.339677325257052853e+00
2.941583714508759773e+00
2.941616286187561879e+00
2.557593111412024278e+00
2.268645448457707214e+00
2.681838354603656160e+00
2.835238025426470632e+00
2.658166345431735689e+00
2.740354929967545594e+00
2.633529832188056918e+00
2.843571133412562624e+00
2.870219476261567593e+00
2.480133481396574080e+00
3.068201034579685516e+00
2.810086626059002946e+00
2.417814085304502925e+00
3.130371749254188263e+00
2.800470798536097039e+00
2.315727166954955063e+00
2.724361292131696199e+00
3.176121696740348277e+00
3.038384333342036392e+00
2.881769685108575452e+00
2.661866542919809397e+00
2.940483757854661206e+00
