2.247545719146728516e-01
1.612398624420166016e-01
1.602851599454879761e-01
2.238958179950714111e-01
1.830367445945739746e-01
2.188409119844436646e-01
9.105286002159118652e-02
1.040689945220947266e-01
1.161389425396919250e-01
1.565879583358764648e-01
1.827253848314285278e-01
1.719776242971420288e-01
2.316552102565765381e-01
5.750857293605804443e-02
2.074399590492248535e-01
3.623285517096519470e-02
1.721460372209548950e-01
2.151543796062469482e-01
1.484702229499816895e-01
4.366632550954818726e-02
2.079328447580337524e-01
2.159490585327148438e-01
2.447335571050643921e-01
9.137506783008575439e-02
2.305694818496704102e-01
2.437379211187362671e-01
2.890024520456790924e-02
5.637887492775917053e-02
1.653202921152114868e-01
2.146307229995727539e-01
2.276535183191299438e-01
2.631480097770690918e-01
2.256607115268707275e-01
1.004390567541122437e-01
2.958030700683593750e-01
1.262411177158355713e-01
9.107176959514617920e-02
7.752750813961029053e-02
9.223017096519470215e-02
1.556517481803894043e-01
2.259853482246398926e-01
2.615600228309631348e-01
1.588935554027557373e-01
2.571689188480377197e-01
1.266646832227706909e-01
1.874648630619049072e-01
1.956827491521835327e-01
9.991393238306045532e-02
2.727166116237640381e-01
1.341385543346405029e-01
2.041416168212890625e-01
1.424417644739151001e-01
7.364879548549652100e-02
1.822475492954254150e-01
1.788893491029739380e-01
5.851232632994651794e-02
2.565429508686065674e-01
2.593289315700531006e-01
4.354131221771240234e-02
7.065743207931518555e-02
1.735594868659973145e-01
2.663203179836273193e-01
2.507210671901702881e-01
1.817350983619689941e-01
7.315348088741302490e-02
2.315946221351623535e-01
1.569226533174514771e-01
1.245809867978096008e-01
1.745193153619766235e-01
8.094158768653869629e-02
2.164339572191238403e-01
1.650283038616180420e-01
2.139218896627426147e-01
2.401801496744155884e-01
1.928804516792297363e-01
4.530021920800209045e-02
2.452336251735687256e-01
2.780851125717163086e-01
2.041678577661514282e-01
4.197732508182525635e-01
2.826776206493377686e-01
5.062660947442054749e-02
5.506525561213493347e-02
1.258073151111602783e-01
9.167160093784332275e-02
2.076261490583419800e-01
2.803208231925964355e-01
1.643363088369369507e-01
2.635526359081268311e-01
1.761827021837234497e-01
8.267949521541595459e-02
2.594788968563079834e-01
1.431269198656082153e-01
1.369720548391342163e-01
1.735745966434478760e-01
5.895496159791946411e-02
7.745684683322906494e-02
2.189624756574630737e-01
2.804834246635437012e-01
1.918918937444686890e-01
1.521556377410888672e-01
1.606279611587524414e-01
2.725410163402557373e-01
1.838834136724472046e-01
2.612734735012054443e-01
2.334434688091278076e-01
1.022520363330841064e-01
1.427187770605087280e-01
2.084242850542068481e-01
1.063057929277420044e-01
4.223021864891052246e-02
1.604131907224655151e-01
1.809425801038742065e-01
1.763324290513992310e-01
2.917750179767608643e-01
1.353139877319335938e-01
4.639422520995140076e-02
2.648353278636932373e-01
2.518774569034576416e-01
8.755665272474288940e-02
2.171682566404342651e-01
8.508136123418807983e-02
2.589108645915985107e-01
1.041949689388275146e-01
2.074221968650817871e-01
2.453097105026245117e-01
2.166031599044799805e-01
2.415716201066970825e-01
7.007434964179992676e-02
2.310917079448699951e-01
2.145428657531738281e-01
2.131230384111404419e-01
1.939216703176498413e-01
2.399863600730895996e-01
9.470128268003463745e-02
1.658892184495925903e-01
1.018799319863319397e-01
5.556538701057434082e-02
1.525895446538925171e-01
2.304216921329498291e-01
2.939795553684234619e-01
1.639128923416137695e-01
1.701386570930480957e-01
-1.830932125449180603e-02
2.864312827587127686e-01
2.601103782653808594e-01
9.934683889150619507e-02
3.461356163024902344e-01
2.047171443700790405e-01
1.061952039599418640e-01
6.325245648622512817e-02
1.549273580312728882e-01
1.661921590566635132e-01
2.425264418125152588e-01
1.092103496193885803e-01
8.715342730283737183e-02
1.784064918756484985e-01
1.366226524114608765e-01
2.325286716222763062e-01
7.785653322935104370e-02
1.200295463204383850e-01
2.125297784805297852e-01
1.942342817783355713e-01
1.888296753168106079e-01
1.385038644075393677e-01
9.557721018791198730e-02
2.296662479639053345e-01
2.554522454738616943e-01
8.458901196718215942e-02
2.537429332733154297e-01
1.737089008092880249e-01
1.852751970291137695e-01
2.999681234359741211e-01
8.926378190517425537e-02
2.591428905725479126e-02
2.516970634460449219e-01
5.178207531571388245e-02
2.090674787759780884e-01
2.214709967374801636e-01
1.132681444287300110e-01
2.696301043033599854e-01
1.222669780254364014e-01
1.920078098773956299e-01
2.175545394420623779e-01
1.009918972849845886e-01
2.177641391754150391e-01
1.219580620527267456e-01
2.485851496458053589e-01
1.742707490921020508e-01
5.014660581946372986e-02
3.114078044891357422e-01
9.224921464920043945e-02
1.020953878760337830e-01
9.604315459728240967e-02
1.370712369680404663e-01
2.283419221639633179e-01
9.014977514743804932e-02
2.070603668689727783e-01
2.921324968338012695e-01
2.968735992908477783e-01
1.526016145944595337e-01
7.962055504322052002e-02
2.369343787431716919e-01
1.438827365636825562e-01
8.117005974054336548e-02
9.706807881593704224e-02
7.862070202827453613e-02
1.419121623039245605e-01
1.468252986669540405e-01
1.855013519525527954e-01
1.438304483890533447e-01
2.303414344787597656e-01
2.066123038530349731e-01
8.414326608180999756e-02
3.169009685516357422e-01
2.772780656814575195e-01
3.036159574985504150e-01
9.427175670862197876e-02
2.014009207487106323e-01
1.993461102247238159e-01
1.698197126388549805e-01
1.897163838148117065e-01
2.671039104461669922e-01
2.965367771685123444e-02
1.743938773870468140e-01
1.786387562751770020e-01
2.206059545278549194e-01
1.014752164483070374e-01
2.797324955463409424e-01
2.565261125564575195e-01
2.194873392581939697e-01
1.338796913623809814e-01
1.600304394960403442e-01
1.804694533348083496e-01
2.207997590303421021e-01
3.738334029912948608e-02
2.133319228887557983e-01
9.138754755258560181e-02
1.979143023490905762e-01
1.330624818801879883e-01
2.172427028417587280e-01
2.864078581333160400e-01
9.968462586402893066e-02
1.196513324975967407e-01
1.195444166660308838e-01
9.328281134366989136e-02
1.205552890896797180e-01
7.863793522119522095e-02
1.763775944709777832e-01
3.647987172007560730e-02
2.395755201578140259e-01
2.586006820201873779e-01
1.602563560009002686e-01
1.401715278625488281e-01
6.081778928637504578e-02
2.028782814741134644e-01
1.168880835175514221e-01
4.664519801735877991e-02
2.599390745162963867e-01
1.665028035640716553e-01
1.164425835013389587e-01
3.199790716171264648e-01
1.744345575571060181e-01
2.678189873695373535e-01
1.392454504966735840e-01
3.791366145014762878e-02
8.909936994314193726e-02
2.015736103057861328e-01
3.310314714908599854e-01
5.239612609148025513e-02
1.489018499851226807e-01
2.129375040531158447e-01
1.199821159243583679e-01
2.267406880855560303e-01
1.880235821008682251e-01
2.467964142560958862e-01
1.574835777282714844e-01
2.085620313882827759e-01
1.362322270870208740e-02
2.384562939405441284e-01
2.411247193813323975e-01
5.950039252638816833e-02
1.757466346025466919e-01
2.328579276800155640e-01
2.218578755855560303e-01
1.707587391138076782e-01
5.854782834649085999e-02
1.717697381973266602e-01
2.143233567476272583e-01
1.189219206571578979e-01
5.276722088456153870e-02
1.913799196481704712e-01
3.772584795951843262e-01
3.112135231494903564e-01
1.628834456205368042e-01
1.937387734651565552e-01
1.597571223974227905e-01
1.185469850897789001e-01
2.006866186857223511e-01
2.434989064931869507e-01
2.186056673526763916e-01
2.205231487751007080e-01
1.065304204821586609e-01
9.529001265764236450e-02
1.323445290327072144e-01
7.402010262012481689e-02
2.244083583354949951e-01
-6.325765047222375870e-03
1.658176481723785400e-01
1.184855103492736816e-01
2.052749991416931152e-01
2.405971437692642212e-01
1.960934698581695557e-01
1.731571406126022339e-01
7.860197871923446655e-02
2.402187585830688477e-01
2.079252153635025024e-01
1.652577966451644897e-01
8.903566002845764160e-02
2.081047743558883667e-01
2.397152185440063477e-01
1.687338501214981079e-01
1.419176757335662842e-01
6.177112832665443420e-02
1.237415373325347900e-01
3.472203761339187622e-02
1.676600575447082520e-01
1.466216146945953369e-01
2.073182165622711182e-01
2.073514908552169800e-01
1.096665710210800171e-01
1.939259469509124756e-01
1.229505985975265503e-01
1.655894666910171509e-01
2.042963206768035889e-01
3.468648493289947510e-01
2.520051896572113037e-01
8.963195234537124634e-02
8.575720340013504028e-02
1.251785010099411011e-01
1.782810986042022705e-01
1.953807175159454346e-01
2.085102349519729614e-01
1.553378999233245850e-01
-2.033265866339206696e-02
2.017107307910919189e-01
1.050247326493263245e-01
2.568177878856658936e-01
2.333675511181354523e-02
2.459253072738647461e-01
4.079633951187133789e-02
5.984859913587570190e-02
2.260075211524963379e-01
1.709250658750534058e-01
1.467486172914505005e-01
8.834023773670196533e-02
1.149010881781578064e-01
3.016907274723052979e-01
1.178563535213470459e-01
9.268852323293685913e-02
7.014743238687515259e-02
1.976182013750076294e-01
2.139496058225631714e-01
7.179052382707595825e-02
1.602216511964797974e-01
4.644570499658584595e-02
3.236132562160491943e-01
1.235211789608001709e-01
1.010571047663688660e-01
9.466185420751571655e-02
3.024109303951263428e-01
9.208282828330993652e-02
3.943322971463203430e-02
2.498562484979629517e-01
1.607500314712524414e-01
7.562874257564544678e-02
2.424413412809371948e-01
2.718780338764190674e-01
2.301450520753860474e-01
1.158347800374031067e-01
2.411516010761260986e-01
2.301890850067138672e-01
2.658981382846832275e-01
1.929367780685424805e-01
8.116637915372848511e-02
2.267227321863174438e-01
1.133422702550888062e-01
9.809992462396621704e-02
2.788289487361907959e-01
3.380564749240875244e-01
1.469491571187973022e-01
1.273426860570907593e-01
7.945256680250167847e-02
1.996463090181350708e-01
6.987649202346801758e-02
1.199099794030189514e-01
2.533505558967590332e-01
2.048951983451843262e-01
1.336167603731155396e-01
2.256933301687240601e-01
7.737468183040618896e-02
9.121062606573104858e-02
3.462683781981468201e-02
2.168802469968795776e-01
1.287503242492675781e-01
2.166640609502792358e-01
2.605658471584320068e-01
2.459734082221984863e-01
1.231370568275451660e-01
2.378445416688919067e-01
1.575990915298461914e-01
2.268312573432922363e-01
2.143921256065368652e-01
2.341119498014450073e-01
1.971105933189392090e-01
6.058442220091819763e-02
1.747466325759887695e-01
1.067530214786529541e-01
1.713001430034637451e-01
1.916614472866058350e-01
2.734488248825073242e-01
1.443454772233963013e-01
1.738399565219879150e-01
2.757807075977325439e-01
2.714961767196655273e-01
1.513568311929702759e-01
2.052308917045593262e-01
9.700807183980941772e-02
1.543206572532653809e-01
3.332071602344512939e-01
2.324617356061935425e-01
1.969668865203857422e-01
1.415752321481704712e-01
2.499952614307403564e-01
8.150188624858856201e-02
1.182546168565750122e-01
6.540844589471817017e-02
1.279566287994384766e-01
2.154951095581054688e-01
1.195303276181221008e-01
1.006149649620056152e-01
1.471114605665206909e-01
3.564464747905731201e-01
1.986028850078582764e-01
2.234743237495422363e-01
1.800483465194702148e-01
1.155285462737083435e-01
3.300125896930694580e-01
7.838270068168640137e-02
1.193770319223403931e-01
4.978687688708305359e-02
1.519572287797927856e-01
6.471694260835647583e-02
7.989742606878280640e-02
1.388359665870666504e-01
1.562317758798599243e-01
1.477795690298080444e-01
2.220972776412963867e-01
2.307164222002029419e-01
7.761958241462707520e-02
1.169274821877479553e-01
1.129519268870353699e-01
1.779693365097045898e-01
9.110345691442489624e-02
2.682325243949890137e-01
2.579910755157470703e-01
2.368066161870956421e-01
4.820727556943893433e-02
2.432815283536911011e-01
1.941706091165542603e-01
2.425397038459777832e-01
1.047392114996910095e-01
1.263188868761062622e-01
5.541440099477767944e-02
2.160658687353134155e-01
2.649358510971069336e-01
1.205281838774681091e-01
1.272928416728973389e-01
1.279439777135848999e-01
4.662800580263137817e-02
2.724748551845550537e-01
2.098544687032699585e-01
1.823764592409133911e-01
2.414008378982543945e-01
1.553638428449630737e-01
2.901236712932586670e-01
1.592063903808593750e-01
6.557086110115051270e-02
2.062278836965560913e-01
2.149122208356857300e-01
7.291456311941146851e-02
1.397834271192550659e-01
2.923825383186340332e-01
1.299919933080673218e-01
1.220336332917213440e-01
1.896390914916992188e-01
1.351395547389984131e-01
2.041534930467605591e-01
1.198120638728141785e-01
1.116855517029762268e-01
1.967909336090087891e-01
3.890537470579147339e-02
7.968651503324508667e-02
1.252025663852691650e-01
4.160777106881141663e-02
1.949425041675567627e-01
1.935057789087295532e-01
1.288471519947052002e-01
1.097459048032760620e-01
2.371967434883117676e-01
1.918444186449050903e-01
2.510915994644165039e-01
2.773196995258331299e-01
2.768824398517608643e-01
2.413313537836074829e-01
1.557676494121551514e-01
1.925194859504699707e-01
6.209987774491310120e-02
2.067390382289886475e-01
2.675491869449615479e-01
1.055674180388450623e-01
2.468330860137939453e-01
2.042268961668014526e-01
1.698185652494430542e-01
1.208016425371170044e-01
6.496404856443405151e-02
2.985231876373291016e-01
2.250818461179733276e-01
2.025275081396102905e-01
7.432600855827331543e-02
1.182345896959304810e-01
2.041605710983276367e-01
1.094873026013374329e-01
8.551821857690811157e-02
5.722150579094886780e-02
2.280103415250778198e-01
9.396297484636306763e-02
2.024236470460891724e-01
1.341060847043991089e-01
2.648663818836212158e-01
2.183154970407485962e-01
2.535919249057769775e-01
3.172060474753379822e-02
1.424794048070907593e-01
2.627833746373653412e-02
5.771567299962043762e-02
2.415769547224044800e-01
9.061066806316375732e-02
9.538044035434722900e-02
5.800284072756767273e-02
8.311301469802856445e-02
7.822439819574356079e-02
2.523847520351409912e-01
7.745392620563507080e-02
2.091576159000396729e-01
2.325747013092041016e-01
1.127073094248771667e-01
2.016405314207077026e-01
6.075312383472919464e-03
1.007996946573257446e-01
3.124564290046691895e-01
1.016988903284072876e-01
1.203894168138504028e-01
1.935721039772033691e-01
1.763611286878585815e-01
2.052015513181686401e-01
1.611218005418777466e-01
1.453842669725418091e-01
9.395742416381835938e-02
2.007334679365158081e-01
1.377846449613571167e-01
2.102747559547424316e-01
3.205716907978057861e-01
1.192053556442260742e-01
9.435131400823593140e-02
1.144021153450012207e-01
1.783367991447448730e-01
7.303082942962646484e-02
1.356113404035568237e-01
1.386681795120239258e-01
1.078362017869949341e-01
9.906507283449172974e-02
6.856208294630050659e-02
2.867174446582794189e-01
5.885808914899826050e-02
1.260430216789245605e-01
1.952565312385559082e-01
1.790903210639953613e-01
2.488601058721542358e-01
1.897407025098800659e-01
2.360016554594039917e-01
1.546088457107543945e-01
9.100721031427383423e-02
8.337196707725524902e-02
3.076793253421783447e-01
1.036126986145973206e-01
6.253701448440551758e-02
1.568131148815155029e-01
6.923461705446243286e-02
2.530415952205657959e-01
-3.651310503482818604e-02
8.377359807491302490e-02
2.180532813072204590e-01
8.750032633543014526e-02
6.459888070821762085e-02
8.531823754310607910e-02
2.934369146823883057e-01
1.836917698383331299e-01
8.091994374990463257e-02
3.171241581439971924e-01
2.438019514083862305e-01
3.025612235069274902e-01
1.338475048542022705e-01
2.426702827215194702e-01
4.949768260121345520e-02
1.772161275148391724e-01
2.069838047027587891e-01
3.007040023803710938e-01
2.437668740749359131e-01
2.012761533260345459e-01
7.912901788949966431e-02
1.892453283071517944e-01
6.662879884243011475e-02
2.116541564464569092e-01
2.514657080173492432e-01
1.600186228752136230e-01
3.375018015503883362e-03
1.332823187112808228e-01
8.112410455942153931e-02
1.483392566442489624e-01
2.957551479339599609e-01
1.215796172618865967e-01
1.026150658726692200e-01
2.474798262119293213e-01
1.351951807737350464e-01
1.682337969541549683e-01
3.388720750808715820e-01
1.984893530607223511e-01
2.910469844937324524e-02
9.092023223638534546e-02
2.874784171581268311e-01
2.148222178220748901e-01
1.220812499523162842e-01
1.384301930665969849e-01
4.133183881640434265e-02
1.272910833358764648e-01
2.321764677762985229e-01
1.593854874372482300e-01
2.130413204431533813e-01
5.496075376868247986e-02
2.118376493453979492e-01
8.554069697856903076e-02
4.438167437911033630e-02
1.517652124166488647e-01
2.057276107370853424e-02
1.176511347293853760e-01
2.978138811886310577e-02
2.050714194774627686e-01
1.630158126354217529e-01
3.672416806221008301e-01
1.981000304222106934e-01
1.944501250982284546e-01
2.639574110507965088e-01
1.395298391580581665e-01
1.972420513629913330e-01
1.197917163372039795e-01
2.159230113029479980e-01
2.147029638290405273e-01
2.134737968444824219e-01
1.236320212483406067e-01
2.405702471733093262e-01
2.550980746746063232e-01
1.550453454256057739e-01
8.871123194694519043e-02
3.110301196575164795e-01
2.643577158451080322e-01
1.686394363641738892e-01
1.259031295776367188e-01
1.754338443279266357e-01
2.109859585762023926e-01
1.550304889678955078e-01
1.006728708744049072e-01
2.434375137090682983e-01
9.518568962812423706e-02
2.575833797454833984e-01
2.059090137481689453e-01
2.639503479003906250e-01
1.812310069799423218e-01
2.232735306024551392e-01
1.834740191698074341e-01
1.297201514244079590e-01
1.895397603511810303e-01
8.928225189447402954e-02
1.674916148185729980e-01
2.147616446018218994e-01
1.957415044307708740e-01
3.166751936078071594e-02
1.344272792339324951e-01
1.433088183403015137e-01
1.945263743400573730e-01
1.090042814612388611e-01
1.023394688963890076e-01
5.713636428117752075e-02
2.934962213039398193e-01
8.359894901514053345e-02
2.030573636293411255e-01
1.149734109640121460e-01
6.494837999343872070e-02
1.513736099004745483e-01
2.686203718185424805e-01
1.508060693740844727e-01
2.786123752593994141e-02
2.273676693439483643e-01
1.786267161369323730e-01
8.879906684160232544e-02
2.187240719795227051e-01
1.079894006252288818e-01
1.458830535411834717e-01
1.512414366006851196e-01
1.876792460680007935e-01
7.880133390426635742e-02
1.382943242788314819e-01
3.280431926250457764e-01
2.932801246643066406e-01
6.214915215969085693e-02
2.083692699670791626e-01
1.278139799833297729e-01
2.243680208921432495e-01
1.286901980638504028e-01
1.438300609588623047e-01
1.516800075769424438e-01
1.823306381702423096e-01
1.605351120233535767e-01
7.929256558418273926e-02
5.658214166760444641e-02
2.889719605445861816e-01
7.396972924470901489e-02
2.067184895277023315e-01
1.474542766809463501e-01
1.084241494536399841e-01
2.006644755601882935e-01
9.462911635637283325e-02
6.089667603373527527e-02
1.582896262407302856e-01
1.375417411327362061e-01
2.350547462701797485e-01
9.631893783807754517e-02
6.121745705604553223e-02
2.494221627712249756e-01
3.212747275829315186e-01
2.065300792455673218e-01
3.261890411376953125e-01
1.800090372562408447e-01
1.364504545927047729e-01
1.799484193325042725e-01
4.190931841731071472e-02
1.105603128671646118e-01
1.623224765062332153e-01
2.142657488584518433e-01
1.944206506013870239e-01
8.021247386932373047e-02
9.803989529609680176e-02
3.094461001455783844e-02
7.007226347923278809e-02
6.423620134592056274e-02
9.615714848041534424e-02
2.322978824377059937e-01
1.620315611362457275e-01
5.902745202183723450e-02
8.663111925125122070e-02
-1.522239111363887787e-02
2.343123257160186768e-01
2.274753004312515259e-01
4.275661706924438477e-02
2.918221056461334229e-01
1.937981694936752319e-01
1.246813088655471802e-01
6.278418749570846558e-02
4.662332311272621155e-02
1.774359941482543945e-01
2.357697784900665283e-01
2.364224195480346680e-01
1.141231805086135864e-01
1.504394561052322388e-01
5.293050408363342285e-02
5.965942889451980591e-02
2.348079085350036621e-01
1.277907490730285645e-01
1.810381710529327393e-01
-2.088610548526048660e-03
2.090270817279815674e-01
2.611854672431945801e-01
2.327253073453903198e-01
4.814366623759269714e-02
2.767827510833740234e-01
9.569026529788970947e-02
5.392166599631309509e-02
9.880334883928298950e-02
1.258771866559982300e-01
1.654607951641082764e-01
2.238786965608596802e-01
2.477694302797317505e-01
1.208396330475807190e-01
1.918731182813644409e-01
1.914953738451004028e-01
1.909530609846115112e-01
1.926673203706741333e-01
2.290104031562805176e-01
1.320787817239761353e-01
1.752471178770065308e-01
3.253181874752044678e-01
1.089383810758590698e-01
2.044867277145385742e-01
2.609049379825592041e-01
5.923547968268394470e-02
2.861996293067932129e-01
1.838099509477615356e-01
9.994011372327804565e-02
1.407624930143356323e-01
1.455092728137969971e-01
1.401775330305099487e-01
2.409094572067260742e-01
4.770209640264511108e-02
6.397670507431030273e-02
2.401484102010726929e-01
2.129973024129867554e-01
1.180382519960403442e-01
1.329177170991897583e-01
8.327909559011459351e-02
9.668277949094772339e-02
1.748047918081283569e-01
2.073076665401458740e-01
1.254090070724487305e-01
2.451921552419662476e-01
2.383351773023605347e-01
1.824771898100152612e-04
1.675673723220825195e-01
2.420206367969512939e-01
2.913080453872680664e-01
1.578699946403503418e-01
1.773950904607772827e-01
6.998989731073379517e-02
1.249015256762504578e-01
1.445955485105514526e-01
1.363717913627624512e-01
1.529385596513748169e-01
2.306396663188934326e-01
2.010757625102996826e-01
6.322634220123291016e-02
2.252380400896072388e-01
1.632474213838577271e-01
9.819201380014419556e-02
2.435941994190216064e-01
2.064281702041625977e-01
9.814558178186416626e-02
2.775077521800994873e-01
1.421206295490264893e-01
1.506326794624328613e-01
2.549410760402679443e-01
6.493368744850158691e-02
1.652977019548416138e-01
1.940633952617645264e-01
1.302504092454910278e-01
1.346424967050552368e-01
2.764607667922973633e-01
9.983725100755691528e-02
1.688771545886993408e-01
8.271751552820205688e-02
9.486869722604751587e-02
4.170604981482028961e-03
7.293459028005599976e-02
2.092836499214172363e-01
2.978010848164558411e-02
4.868250712752342224e-02
1.081240773200988770e-01
2.206196039915084839e-01
1.181905791163444519e-01
1.295937150716781616e-01
1.025525182485580444e-01
3.075196407735347748e-02
9.503614157438278198e-02
2.959275841712951660e-01
2.360704094171524048e-01
2.352259904146194458e-01
3.122898638248443604e-01
2.740695178508758545e-01
2.013252079486846924e-01
1.114653721451759338e-01
2.453455179929733276e-01
4.687977954745292664e-02
2.408779263496398926e-01
6.272950023412704468e-02
2.056268155574798584e-01
1.390326619148254395e-01
2.049813866615295410e-01
2.483356595039367676e-01
2.239494174718856812e-01
2.297300845384597778e-01
2.663423418998718262e-01
1.878171414136886597e-01
2.511580884456634521e-01
