2.408294389176370842e+00
2.301621104229607973e+00
2.527849677605446654e+00
2.516728902665986922e+00
3.646122256875056422e+00
4.893036321164092151e+00
2.262252096432102899e+00
4.061211944459193646e+00
3.159666180278280834e+00
2.392851937703611931e+00
3.432163733436492059e+00
3.350339723454534901e+00
3.656810245441196816e+00
4.152742642559391406e+00
2.913099376744721525e+00
3.456197275171090322e+00
3.209629858745287834e+00
3.178386083179285837e+00
3.841039678169517746e+00
4.629827900621743986e+00
3.773275839351536654e+00
3.608892153412709636e+00
2.963044047688702332e+00
3.066597277276456257e+00
2.751279680746304024e+00
2.959548004367014595e+00
1.751948530397613224e+00
2.902693303154209481e+00
2.466952274253235267e+00
2.107825860698232301e+00
2.158038306291075514e+00
1.563512444764861176e+00
3.788034829688006422e+00
3.426400213695565355e+00
3.134731647131856480e+00
3.449026798640345337e+00
2.038502980345067161e+00
3.286582863481920747e+00
3.450977125482958652e+00
3.038489467322004423e+00
3.918144990392158800e+00
2.894827189250313015e+00
3.429123842368454689e+00
2.987908778742226712e+00
2.530165846197252488e+00
3.927501531472155971e+00
2.543535963164349933e+00
3.541015032699664111e+00
2.111164118142484281e+00
4.207154935807783325e+00
2.251288668603195209e+00
2.813004225858951379e+00
3.488532130122135921e+00
2.648089783168106504e+00
2.687155835879158516e+00
3.169061540437068558e+00
2.969953502825155134e+00
3.892691333893171901e+00
3.451896519493435900e+00
2.574672166818504415e+00
3.818871351222285604e+00
2.719809378743419437e+00
2.320959509686133515e+00
3.763067735318029960e+00
2.896030038784779492e+00
3.778694826181971056e+00
4.115361712328469146e+00
3.165711845375947409e+00
3.704967790595015131e+00
3.552000206342445399e+00
2.669345688034410635e+00
3.569094484624294239e+00
3.064597585042481587e+00
3.508891435106468393e+00
3.402829801133521848e+00
3.912265701768166348e+00
3.568660038516584532e+00
3.176798046515791452e+00
3.283446429656267096e+00
2.712195003564283002e+00
3.817253228963557454e+00
3.588317406500776130e+00
2.523585102102826827e+00
3.624397331570206493e+00
2.957444567170207872e+00
2.560324536195562217e+00
4.193473696936708350e+00
2.936880343153258188e+00
2.848958349392160194e+00
2.880294878188091712e+00
2.813839699627596946e+00
3.783205035688086859e+00
3.000396119788455884e+00
3.204853058509526509e+00
3.823223314634404346e+00
2.968988500415214116e+00
4.810405348623839394e+00
2.357594669647247176e+00
4.462266752131046843e+00
4.053062216812004515e+00
4.421026016103081879e+00
3.917441183760692169e+00
3.174269885559832804e+00
4.710524712634215128e+00
3.238590580230192195e+00
2.321828910947054680e+00
2.883195875090932336e+00
2.935871242345531318e+00
3.217056077526973201e+00
3.220406321383507020e+00
2.239808575553329906e+00
1.583135767956840745e+00
2.727074394181637107e+00
3.829320198143004728e+00
2.391294269398124062e+00
3.251850502123765807e+00
3.881057721545313033e+00
3.286586425478747575e+00
5.059432535085567118e+00
3.153389805665645085e+00
3.300371050278876339e+00
3.032605462233600946e+00
3.210600460223016928e+00
2.921338594434454983e+00
3.071844620113310498e+00
2.058820992992482779e+00
2.415947200683302043e+00
3.246245939425036919e+00
2.559057710070182345e+00
2.801978859627913820e+00
3.471077124867556041e+00
3.322416387966718343e+00
3.936648748016489119e+00
3.457727835206901634e+00
3.865028001260821799e+00
3.633736234473619486e+00
3.277595487431936405e+00
3.480609378331332771e+00
3.557837565063868279e+00
3.463514227342579410e+00
3.300811088846397290e+00
3.558236394483051068e+00
2.881530696026452176e+00
3.851949330093568324e+00
2.762995101194355652e+00
3.060427709834047327e+00
2.840184142144992929e+00
2.827337822697362668e+00
2.758444029380846985e+00
3.143777871095989607e+00
3.840715570868463491e+00
3.093148910774381477e+00
3.952045964478922979e+00
2.669191459800150046e+00
2.445734251740362186e+00
3.952523436072882035e+00
3.112901264091894049e+00
2.771275278153875199e+00
3.039209531272365261e+00
5.229964383098167247e+00
4.279043604695697667e+00
2.082682647472165804e+00
2.712966478035484297e+00
3.345430554043975047e+00
2.710609914937904819e+00
3.026957249488936519e+00
3.469730439112813869e+00
2.782011105415358010e+00
2.596329188954778378e+00
3.394464700412625824e+00
2.639119523041143278e+00
2.332226345680237234e+00
3.758169416344224079e+00
3.850042968904183294e+00
3.931332006248585476e+00
3.293329135796510876e+00
2.487293763110263622e+00
2.496229332608908891e+00
2.801645159742103264e+00
3.383090139582193068e+00
2.645560763792849546e+00
3.777050648861064008e+00
2.675222600499810088e+00
3.983832631446464934e+00
4.726834728008123321e+00
3.020364432138474609e+00
4.011719886028945581e+00
3.084942572270196859e+00
3.017963945305211393e+00
2.875504575572290555e+00
3.054740811488156460e+00
3.523321585335205341e+00
3.469716085980106612e+00
2.485753500909209990e+00
3.231208043486346604e+00
2.505711077891831007e+00
3.312229890539803101e+00
3.248702209851964007e+00
1.778067137889518534e+00
3.266145250803485389e+00
3.724981645586254775e+00
3.649470494797217857e+00
2.974590128278455925e+00
3.006143777709054277e+00
4.318630524212033528e+00
4.030411382453188196e+00
3.839769231356477519e+00
2.392432118047994383e+00
3.462240980059696493e+00
4.165011797885625811e+00
3.758703343811580666e+00
4.587453895511538704e+00
4.867589909011595495e+00
2.848723028606220620e+00
3.571268367421827961e+00
3.107382352144398396e+00
3.235456554791236616e+00
3.054746681261630403e+00
1.696811382065871010e+00
2.897051182449358109e+00
4.503427414230886328e+00
2.888672227361965383e+00
3.047903086942737261e+00
2.111438809758177992e+00
2.833430569082811434e+00
3.309557374226378190e+00
3.099704103806011801e+00
2.405116316865981485e+00
4.631552730377064719e+00
3.619689210447524452e+00
3.508571166759348881e+00
2.789843961669618899e+00
3.735408666201134764e+00
2.288357165688133410e+00
3.274254500823629233e+00
2.999953664331288294e+00
3.602166468006845701e+00
3.938028146085151615e+00
3.046205496559484249e+00
3.809226495053454009e+00
2.409731223671753852e+00
3.472948720569041470e+00
3.740492611668525313e+00
2.814112990673659720e+00
4.772695421387901149e+00
3.580858263719053358e+00
2.685698514963383410e+00
2.504030943016924748e+00
3.470981447150870647e+00
4.158045857210620255e+00
2.864142539089209905e+00
2.270975901123549079e+00
2.241685956493046916e+00
3.821921634149175517e+00
3.013106437141890748e+00
3.880023318694283851e+00
2.234103930379884861e+00
3.348096911595728642e+00
2.095402804106139882e+00
3.789206589736085817e+00
3.321929605944820452e+00
3.008104614068312976e+00
2.678364118109745284e+00
2.446664443033248038e+00
3.732318665005384783e+00
2.905886854827928634e+00
2.864025282549115925e+00
3.295350210337887997e+00
2.655288216107633659e+00
3.135157995417976906e+00
2.551931658015554660e+00
3.958053654790611109e+00
3.620388942466476578e+00
2.092138996028518605e+00
3.540905387931098325e+00
2.957994428033660750e+00
3.196982081428657807e+00
3.228876570972129212e+00
4.264020743078144271e+00
2.853332491408481442e+00
2.443035779705732047e+00
4.434444863068780940e+00
3.474535358318885159e+00
3.630484534320853829e+00
2.854238048563128238e+00
1.956201484458810702e+00
2.521833973702076293e+00
3.584392894388490625e+00
3.079433985081325709e+00
3.093871608568904197e+00
2.830336600259706792e+00
2.974276933685553903e+00
2.862202639754039435e+00
4.451926573798559161e+00
3.570116871965610894e+00
2.602590086523850044e+00
3.801129473233702427e+00
2.174763293689567334e+00
3.898875762361653230e+00
2.942175601258445017e+00
3.324137506920123553e+00
2.006101519810037370e+00
3.423948151764368841e+00
2.952194552979430675e+00
3.528500569596432435e+00
2.837761073410982604e+00
4.086551498593775200e+00
2.455438075971664968e+00
3.615450558314983631e+00
2.114263737780590624e+00
2.822028364428209812e+00
2.913270942161530819e+00
3.368279792210863377e+00
3.141232731729531213e+00
3.252018396666974009e+00
4.122059763022772216e+00
3.624226469671690154e+00
3.923735246500383411e+00
3.711701402504900216e+00
1.997210945785344416e+00
2.177765074998471828e+00
3.261477638668314416e+00
2.323262126118610382e+00
2.031632517691198458e+00
2.415341472058159855e+00
4.032026081916022520e+00
3.009352765789774509e+00
3.996464016108888462e+00
2.953977508473322189e+00
2.551610288075740307e+00
4.388464670572576054e+00
2.414597243874703203e+00
3.753032182586863108e+00
2.689476579670889489e+00
3.026559416927751212e+00
3.502499656590885468e+00
4.140748028973788131e+00
3.551521156424704007e+00
3.302809130221098677e+00
3.109181959191799294e+00
3.883255896530771079e+00
3.710356815686516541e+00
3.106600531150706779e+00
3.615923102871086314e+00
2.590328040272357857e+00
4.023469090199997211e+00
3.415170625722874220e+00
4.058054450957920167e+00
2.977452495436493596e+00
2.910661692720634797e+00
3.163981123639044934e+00
2.692986689835848324e+00
3.308137525554222247e+00
2.995585339660753466e+00
3.630296984735724042e+00
2.661328155923119443e+00
3.672885782913771546e+00
3.124467008913356825e+00
3.247079542670578522e+00
3.128026236160339035e+00
2.359800064666984998e+00
2.981964533587954769e+00
3.745551926918009755e+00
2.955122730736683856e+00
3.152815431794874890e+00
3.270696865585275059e+00
3.315181336856275696e+00
4.830042745426745832e+00
3.630757499622006002e+00
3.907398630360511493e+00
3.185204994409646773e+00
2.285666099794233297e+00
2.588266476216660728e+00
2.467641642135548263e+00
3.005411668149337245e+00
2.214052338900511341e+00
2.181422629202758756e+00
3.106998850373342336e+00
3.463392046605733299e+00
4.181790621920378648e+00
3.081748600063283217e+00
3.123029708821707828e+00
3.695007548831686695e+00
3.227328918679208236e+00
3.123429073962664226e+00
3.878657941794646735e+00
2.613631969067889749e+00
2.767457952201760385e+00
4.204693541780565980e+00
3.001450644342441354e+00
2.307929558369172351e+00
2.553586673277567609e+00
2.365265134604786379e+00
1.932238558237212134e+00
3.961510446298870392e+00
3.629060511773474662e+00
3.207300101919429824e+00
2.089164680389600015e+00
3.701933348216940090e+00
2.983414916423452024e+00
3.944917511545003919e+00
3.580621589858618670e+00
3.180986793343710151e+00
3.768705987867038587e+00
2.965098786364745997e+00
3.353169060028234671e+00
3.386568786737702563e+00
4.455530861216354666e+00
3.080550607366106863e+00
1.839944674854226081e+00
2.715148320616134647e+00
2.882342327693593553e+00
3.805827805202643077e+00
4.246892180797273042e+00
2.911310504428119117e+00
3.517581432872801450e+00
1.731161275631333041e+00
2.658104434352416501e+00
2.012438830475660634e+00
2.728198797937293030e+00
3.833404838879227228e+00
2.669177866238259256e+00
3.153444686517738571e+00
3.500184031616616398e+00
3.158125149721202174e+00
3.632281732786802220e+00
3.450731600251299991e+00
4.043987048878732615e+00
2.802222360568046078e+00
3.507599968341663210e+00
3.601584311638843072e+00
3.078973331611714936e+00
3.929466710775282756e+00
3.566701576294544207e+00
3.647017473218287176e+00
3.622892180289032371e+00
3.666941995922687880e+00
2.781098311908052789e+00
3.707021469363612098e+00
3.340725317792738736e+00
3.101674926831550216e+00
2.775736771365083566e+00
2.997539380898775807e+00
3.245075681833684555e+00
3.071436412495879509e+00
3.766977603715893075e+00
3.209017809363169160e+00
3.570312132831328977e+00
3.694293939131617854e+00
3.278692576548608795e+00
3.101627496415248597e+00
3.293987486866438719e+00
2.222915602006240388e+00
3.009154446238238023e+00
2.967979219749129705e+00
2.870991581855212083e+00
2.571016523097707562e+00
2.915131768175377225e+00
3.851662779105994083e+00
3.133231262610583379e+00
2.337643189900132423e+00
3.628932647118044308e+00
3.642575340396947858e+00
2.996906667877237140e+00
2.430367896563242702e+00
2.978848750746767138e+00
3.902665202290910518e+00
2.616893363619298363e+00
3.475164609325827048e+00
2.813837478915428569e+00
3.325996096942758662e+00
3.545296054738849900e+00
3.697409872430758249e+00
3.348491087855041570e+00
4.248631834020395459e+00
2.681915517032298357e+00
2.737648932744060293e+00
3.231111086653435382e+00
2.154249634861822305e+00
3.567687659810244938e+00
3.440636765477288694e+00
3.915186742001278475e+00
3.720395595580872072e+00
4.162265399892152828e+00
3.031471096704854151e+00
3.234235319170668088e+00
4.163044614774451091e+00
3.002761614920071764e+00
2.259147343572168509e+00
2.951516253334281803e+00
2.662906510458333820e+00
3.448198288972914138e+00
3.417317192904492540e+00
2.189492847937859032e+00
2.858421653954839936e+00
3.196857875609480981e+00
4.001045096904653597e+00
2.818627779298019220e+00
2.748613629585872964e+00
3.808595103210060451e+00
3.553849662780766749e+00
4.156717875214688718e+00
2.732526107432289297e+00
3.265659480172331097e+00
3.538244316460864347e+00
2.505482581865622560e+00
3.389838366793927360e+00
2.513417796705448293e+00
3.081978060142835485e+00
3.217011065104399936e+00
2.775697483292829837e+00
1.975335752334406392e+00
4.206171383797880026e+00
3.947949649392801241e+00
3.323847001018989999e+00
3.808821734439910678e+00
2.357223226263619686e+00
4.960582633169364541e+00
3.363294963382570391e+00
2.199642571244097233e+00
3.341351089844574851e+00
2.892822042069159494e+00
3.167360853810481380e+00
3.967964619792340386e+00
2.847246233925478265e+00
3.092095777738765872e+00
2.667755643669557752e+00
3.629013543630656091e+00
2.834817037475778623e+00
2.547113502142576813e+00
2.989151565985752157e+00
2.560833259309653887e+00
3.370004833287576052e+00
3.351316287240181158e+00
3.794236124502824214e+00
3.758565061224204751e+00
4.125267834478463236e+00
3.272306991881947624e+00
3.405360792617857513e+00
4.523502462834092519e+00
3.330577388346932732e+00
2.140262547478757771e+00
1.382876187841999505e+00
3.511231920932283757e+00
3.530852392405773088e+00
2.607144339189618965e+00
2.797009987901978967e+00
3.389654848811233467e+00
2.392226196823052486e+00
3.675586205363413406e+00
3.090232746777596073e+00
3.194295926695483789e+00
2.746456029555420564e+00
2.751747833660533438e+00
3.306919416583764537e+00
3.908520443935911359e+00
3.058689341903685133e+00
3.443907190495063997e+00
4.007825629188408456e+00
2.153854457449678961e+00
2.577579086932908936e+00
3.496947158118463239e+00
3.568558460158113288e+00
2.531773941783876047e+00
3.190461973960994069e+00
2.561144975823412828e+00
3.662950455522654636e+00
2.026687200917588694e+00
4.072601225209168341e+00
3.245139094849619266e+00
3.239549314328694862e+00
2.656883313025855120e+00
3.471597568457777339e+00
3.859052767775123627e+00
3.483196582065894109e+00
2.066902592289064255e+00
3.157800671834928963e+00
2.461169774522945275e+00
2.354119219112332573e+00
3.440881615494204127e+00
2.282978409452353308e+00
3.462338826429561145e+00
1.959153587091182480e+00
4.067799344870477007e+00
3.940008040916551657e+00
3.406312351813297834e+00
3.005161722398023372e+00
3.654998309612517815e+00
3.404925546974725492e+00
3.518863020225281080e+00
3.363725774209604058e+00
3.759068965392452277e+00
2.273188773941116292e+00
2.969245527867576229e+00
3.778156923301392300e+00
4.331167486182083692e+00
3.107990087588301531e+00
2.414977913415438771e+00
3.184984657309421152e+00
2.965494565399428240e+00
3.270365009918379862e+00
3.241907285680170059e+00
3.839107074110347906e+00
3.631983329227180146e+00
3.031719607470309441e+00
3.445747878036634848e+00
3.308150217226700995e+00
3.380369904177753515e+00
3.427290378106575108e+00
2.840836918144889367e+00
2.375467381508843179e+00
3.769789114196748780e+00
3.712670752407167818e+00
2.034488513678691213e+00
4.071330396501546822e+00
4.064424699744429326e+00
3.660961736334371164e+00
3.338994218809822279e+00
1.823029422293597879e+00
1.777997488856391639e+00
2.869596599782534341e+00
2.359855469717920151e+00
2.271086638535524838e+00
2.608015249748387276e+00
3.025479060564125522e+00
2.761975963463278561e+00
3.034756411402978138e+00
4.179426252907327388e+00
2.859605331507095283e+00
2.672789134191329463e+00
2.321679534346119400e+00
3.334553692287342663e+00
4.710369600558329317e+00
3.922401508523126523e+00
3.334878719711473760e+00
3.475626123913018173e+00
3.804147007497148625e+00
3.366478347914780400e+00
3.689619699846149459e+00
3.587222894622871472e+00
3.184643231052953549e+00
3.006482946974318171e+00
2.589045671229727841e+00
3.428162433409031706e+00
3.502167350455689832e+00
3.912899291252802669e+00
3.712128449248847328e+00
2.339229407570293517e+00
3.388605398780823119e+00
3.873225778961261856e+00
2.251125913543288615e+00
3.777657829061385808e+00
2.611636302908542095e+00
3.034490927259497539e+00
3.237054073017708866e+00
3.710721942034679977e+00
2.982561529574623727e+00
1.867528596486964787e+00
3.591205234012428527e+00
3.644447227018009272e+00
4.656560919282657807e+00
4.206858740662005047e+00
2.631729423774781473e+00
2.606543920839109241e+00
3.320857072181253589e+00
3.266516179982994483e+00
2.691691564143305904e+00
3.433706667482575359e+00
4.124304169735611758e+00
2.726476711538892150e+00
4.761115915730012027e+00
2.275257125025141214e+00
2.916545821248616832e+00
2.746798323291582467e+00
2.370432440777464400e+00
4.523404101167488811e+00
4.649894580182731829e+00
3.535319158556347041e+00
1.880545700943252907e+00
3.255299647785709016e+00
3.813068638790524378e+00
3.451835599250010489e+00
3.342341099682783145e+00
3.420059441986402771e+00
3.620421319519190551e+00
3.304250345325732141e+00
3.206055930096164186e+00
4.592236542188610215e+00
2.392765632225005046e+00
3.202922537519530710e+00
3.126715009673954437e+00
3.256826284382492442e+00
2.202502746020323698e+00
3.709302733394171714e+00
4.028623546748591799e+00
4.146181664688020518e+00
3.012114120001684991e+00
3.110336217660568892e+00
3.139095092001004783e+00
2.809727094635897426e+00
3.743902586522944276e+00
3.509486547996339301e+00
3.350142688903024357e+00
3.507235596597362726e+00
3.189089009029171251e+00
2.618090920024384261e+00
4.307387813027376389e+00
2.950074492645896385e+00
2.326813650717931559e+00
4.245964105085609397e+00
3.516654974860854210e+00
2.994887576643269878e+00
2.613465388599240491e+00
4.387476915434931790e+00
2.815657034229221534e+00
2.922496505745272088e+00
1.952457728123987657e+00
3.531920037498621934e+00
3.571916093117085911e+00
3.498763306053080058e+00
2.847838284489076166e+00
3.731344232133456895e+00
3.473710454354135724e+00
2.473170658334187699e+00
2.963817461294287359e+00
2.668432801327256687e+00
4.667994990891108031e+00
2.479954237288349628e+00
2.103823211658814696e+00
2.697627514590515307e+00
2.651965229006084002e+00
3.133837055866176780e+00
3.517322554081219632e+00
2.427812664229950457e+00
2.835011323798381166e+00
3.555302353737882282e+00
3.429079554985731360e+00
2.564000314547279391e+00
2.956534867591348537e+00
2.780371781703554923e+00
1.985401730804288611e+00
2.130423973094532020e+00
3.480441563976157671e+00
2.605224515575026878e+00
3.971143616233141049e+00
3.622812894408665940e+00
2.496486473560553865e+00
3.422038077499915065e+00
5.036231861322972847e+00
2.296290059283410567e+00
3.031041047428162383e+00
4.615332937234168931e+00
3.218515686892455818e+00
4.026545572982587196e+00
2.637544425145084137e+00
2.648358032185536448e+00
3.947278242065388021e+00
4.207895881247099901e+00
3.439183370425468844e+00
4.222131996039284019e+00
3.638112244823298091e+00
2.626346389129291303e+00
4.682247062252121061e+00
2.866267852922027348e+00
2.601894084447196498e+00
4.078140356624825102e+00
2.781216515960125868e+00
3.228101581806050557e+00
4.535747094464651852e+00
3.916394006285133678e+00
3.522491342364721056e+00
5.243450803611604982e+00
4.634591568449050847e+00
3.059410339572693260e+00
3.766080434491081430e+00
2.417942598128832277e+00
3.214588122772885193e+00
3.617197216429933082e+00
3.586588440340765516e+00
2.435833943582642824e+00
3.238829819776603891e+00
3.422639904960567581e+00
3.273705691382926108e+00
4.995544904680264686e+00
3.611723017592032292e+00
2.988431116263351672e+00
2.460652343473022530e+00
1.636900534834307752e+00
3.189823545276803785e+00
2.710855426122312561e+00
3.171337705685532082e+00
3.211327046654555151e+00
2.301621041409028123e+00
3.097567425403929153e+00
2.795290976013194761e+00
3.445838169145515550e+00
3.621667838886501567e+00
2.667803498683186003e+00
3.157455853575993565e+00
2.918859306266250453e+00
3.811988988282298152e+00
3.006559030025822032e+00
2.655650630131733081e+00
4.415142851092267229e+00
1.760195093013273038e+00
4.249857285787693506e+00
3.080270335430439488e+00
3.945226326063425493e+00
3.039769563170331867e+00
3.038224321346181256e+00
3.041096372764467315e+00
3.133706948309476825e+00
3.148709109903989667e+00
4.202040597215613182e+00
4.316671836445331145e+00
3.879963481069507836e+00
4.117990336585839017e+00
3.271076738664587591e+00
2.281309836205585917e+00
3.261439442733799154e+00
3.175764753340069912e+00
2.075510229405502560e+00
3.774445374612775961e+00
3.354636967235582912e+00
3.968307911383769149e+00
3.287509149091909499e+00
4.200818339487394582e+00
3.282800814391101607e+00
1.438648634215167643e+00
2.933129176128443483e+00
2.970951255816953296e+00
2.874376753621641800e+00
3.463211903565513783e+00
2.156614160213832676e+00
3.233549353289794315e+00
2.452775181546123839e+00
3.224144963884427284e+00
2.950481615111091749e+00
3.728248868592794807e+00
2.253000419563869539e+00
4.366727348004275200e+00
3.590806234693470156e+00
3.032974349882168852e+00
2.877881476865505217e+00
4.481244485268996769e+00
3.041633215120417510e+00
1.410419408257344909e+00
4.271135449125718964e+00
4.067279305869297978e+00
3.333405565368072754e+00
3.133268633895177846e+00
3.477102963212624243e+00
2.771855624054632816e+00
4.780291664989267275e+00
3.170870405120494340e+00
2.955134794889191063e+00
2.930265057223226499e+00
2.777225399980656650e+00
2.844719405402768686e+00
2.611020464175334066e+00
1.997392516272278318e+00
2.770515211790254284e+00
2.664774193120047041e+00
2.560258463588404254e+00
1.727159682742716473e+00
2.606590531098355257e+00
3.194360747218369934e+00
3.695359549413168132e+00
3.182696927127446784e+00
3.090876110831191959e+00
3.410915277536263002e+00
2.813270732485277037e+00
2.437694778982105070e+00
2.885361554656537209e+00
3.232478432629383391e+00
2.123020938747088859e+00
4.618042003931580375e+00
3.447096709143030235e+00
3.112242010940488690e+00
2.970575165534143469e+00
4.650555885937641243e+00
3.405517047692567356e+00
4.763191408077766198e+00
3.507245308943677475e+00
2.793166508026023731e+00
4.232213707528785562e+00
3.440109520537674381e+00
2.275405638618490656e+00
2.836340664450921256e+00
2.597349671080540823e+00
2.511106557178670151e+00
3.581815171649929130e+00
4.138988606049890606e+00
2.723908705609136227e+00
2.983885701563450787e+00
2.365342244521781545e+00
3.887473448550486044e+00
4.434878258450062560e+00
3.114706616881956158e+00
2.939234405770268399e+00
3.425881616850554146e+00
4.100097490784182064e+00
3.137933372647017993e+00
4.828292312061116753e+00
2.711560644427626787e+00
2.764618432899473177e+00
2.424720784028230547e+00
3.040933624700193239e+00
3.179606978094558833e+00
2.860446162767897427e+00
3.725211205115880997e+00
2.824677690339398861e+00
2.903901519867117198e+00
2.494181616961412384e+00
3.072150086147592774e+00
2.864536651564904446e+00
3.422850438160156994e+00
2.942496201218987029e+00
3.737994922847260426e+00
2.665843983487617308e+00
2.349839321976189055e+00
3.734639803040816552e+00
3.119520956392270783e+00
4.198825724312852614e+00
2.401687293208248253e+00
3.924368163612506066e+00
2.781289349890640583e+00
3.854872370962958872e+00
4.174641031513834477e+00
2.418662830992856172e+00
2.955820137309546514e+00
2.747604351502023423e+00
3.122931210449184203e+00
2.925407693830901490e+00
4.213933714943210340e+00
3.023841377242328043e+00
3.808340651381225683e+00
2.614661194087242624e+00
3.662396997189954373e+00
2.754575510609958311e+00
3.396554185705954243e+00
3.095752823363377981e+00
3.883912382725696499e+00
3.658680701084405573e+00
2.096508186059400813e+00
2.925899049008664043e+00
3.797782142772134772e+00
3.064356557801151126e+00
3.203037695428266218e+00
2.473409178323494828e+00
2.090242071070016916e+00
2.344737691745779617e+00
2.286054606842870651e+00
3.269625427508769722e+00
4.029563570181410981e+00
2.688440005470259297e+00
2.694075651350733125e+00
3.484406162154475517e+00
3.469358096782347189e+00
3.280929687780627102e+00
3.445756153486581486e+00
3.300347228325504201e+00
3.296773972232125871e+00
3.377663006277072721e+00
2.783269721479826320e+00
3.136637155782762143e+00
3.417589458131784941e+00
3.354433227752138258e+00
3.554135530904845908e+00
2.572977674897827249e+00
2.884315217654280339e+00
4.507654128990732367e+00
2.936639427053143958e+00
3.518721932782201911e+00
2.678007543849273198e+00
2.257340350604164492e+00
4.077914993519612175e+00
3.423374043262045863e+00
2.423720204404239187e+00
2.579149628454481036e+00
3.647406856209781445e+00
2.789187373980010598e+00
2.529787019658649605e+00
3.169969541718113959e+00
3.069433694855932870e+00
3.208632779018817160e+00
5.649309550975188721e+00
2.926475836274996301e+00
3.009332121022483264e+00
3.424262095074333434e+00
4.867577718884369631e+00
3.262056420564394710e+00
4.368703181326230478e+00
3.297215321213257333e+00
3.196236878756398170e+00
3.152701094483952637e+00
3.625875264089839511e+00
4.488902756782546355e+00
3.293028620831099040e+00
2.167822268396744967e+00
