5.403466552361937403e+00
2.102310638332590909e+00
9.566217597207613110e+00
8.112941451197142939e+00
7.015347316658200327e+00
1.343690308843509484e+01
4.751983062880366759e+00
6.708083778522108354e+00
1.034608765341358172e+01
2.968801785070931842e+00
1.142615722524475252e+01
1.328812463949963663e+00
8.450950234990633803e+00
1.250859559279057542e+01
4.688433955878452686e+00
7.846538074363245130e+00
2.748582699299537246e+00
4.726590210524011404e+00
4.386955136625848795e+00
7.852017929736939905e+00
2.021007647143346908e+00
6.445261974443640796e+00
4.722419951349694500e+00
4.730082515897254147e+00
3.513208203256465101e+00
1.486873719953801753e+01
5.807574754912081083e+00
8.988377031658574268e-01
4.707125202260415087e+00
5.302307095721822350e+00
1.261053461880827165e+01
9.931391509963273023e+00
3.109392510456391534e+00
6.322232393472506651e+00
4.037270975645799176e+00
5.575702958963184130e+00
1.121309446951524613e+01
3.239385282426642032e+00
1.675207747880563858e+01
1.655038802770135220e+01
1.607726820007112867e+00
7.090494602367577670e+00
1.525250672886561532e+01
5.288966439513074214e+00
1.058597220830627883e+01
7.617572749256670939e+00
3.336221249185028714e+00
8.513883616175832003e+00
1.133421287993012250e+01
1.092887577951479550e+01
9.345446143548850060e+00
7.159996460825825082e+00
1.849003780540621644e+00
9.103420969169333077e+00
1.848795495484140616e+01
1.471760392183098531e+01
2.329374338661469590e+00
1.024272985734958841e+00
5.038579220744975551e+00
1.276837679084279475e+00
1.018839779046013838e+01
5.621065867380721670e+00
2.662485212558306280e+00
1.762929545828495748e+01
3.167296028685690601e+00
7.429317187892866770e+00
3.867733072468525268e+00
5.135062728939982613e+00
1.376942255997759013e+01
4.514982741862916704e+00
7.487744629139614361e+00
1.179507615730882542e+01
1.395045308246037408e+01
1.169316439360351012e+01
5.934614909082483791e+00
1.344673698987710386e+00
1.456177282223114933e+00
7.389461260132442533e+00
7.047475130101735097e+00
1.060198539173902077e+01
1.102778187517565289e+00
8.739159558964004759e+00
6.801909595612219306e+00
3.653548519212322265e+00
7.123578635635242406e+00
8.147031932925672848e+00
1.214221143295470107e+01
8.002545116763007726e+00
3.676733678183789600e+00
6.859041736359928976e+00
8.890955259674795386e+00
4.715457505606909905e+00
1.458698590593470179e+00
2.727802146350672530e+00
7.152202325144439321e+00
1.195531114072716150e+01
5.708050735548666488e+00
3.130911052236849734e+00
5.678841842309516608e-01
1.207436158841284524e+01
9.247226115246206746e+00
3.330405394476257719e+00
7.738091546229093787e+00
2.425264432783015067e+00
2.280379021197506795e+00
5.037588769045301618e+00
5.173788184870214302e+00
6.517917556133717483e+00
3.822252387420701059e+00
6.896217145344435195e+00
2.125297798956971462e+00
1.196867840143443651e+01
4.765845705900083829e+00
5.318961455860104159e+00
9.206029157566099741e+00
6.166290910923669877e+00
7.626700557537791081e-01
5.617621586481566176e+00
1.137450092789003442e+01
1.008605274519775286e+01
7.370266630543391706e+00
7.782759442024386409e+00
8.614720491070301023e+00
3.171209913969040173e+00
6.704073666385953700e+00
6.546166933466165183e+00
2.400135585766102420e+00
4.059253209438508314e+00
6.443313388965715482e+00
1.472493324925741298e+01
1.230146211604272288e+01
1.258385201720478408e+00
2.963125898166727445e+00
2.896373291706559883e+00
5.026964347322493865e+00
3.059143668157318974e+00
7.868130315820129894e+00
9.122093850390992742e+00
8.447952504220998193e+00
5.557516416291909955e+00
5.644328258901278872e+00
3.737514586639063996e+00
9.622524400318635429e+00
8.809117122525657706e+00
9.440091193970944872e+00
5.862950323699030797e+00
8.234839547915582258e+00
3.158596653788215303e+00
6.579905407940247919e+00
8.196801652281438422e+00
7.467920267128797640e+00
8.027085678509704891e+00
6.952898892895434280e+00
2.201812129934718865e+00
1.059166700302363751e+01
2.290165321537390941e+00
5.496994701743797229e+00
1.634000551150547409e+01
4.927069247201170121e+00
6.459824503649840288e+00
5.300729767822157434e+00
6.918025188341411891e+00
8.581164386424102730e+00
2.115203411715101733e+00
1.061696170279177309e+01
9.769067433299257530e+00
7.860861490474485791e+00
2.014345357259957670e+00
8.761429549764166325e+00
2.647555839024747115e+00
1.180129570723008570e+01
8.393460561370655881e+00
6.488161987365981709e+00
5.487165081306640602e+00
1.933631941711294999e+01
5.479090138458116321e+00
6.145746821916022284e+00
4.137208792203105112e+00
9.171093449027040378e+00
1.356378755662295532e+01
8.134609917844365157e+00
7.101130920783712774e+00
1.315622044841211213e+01
3.809883971618241993e+00
3.890317541059931994e+00
6.303318805262130731e+00
2.194567571411306428e+00
6.690205221548323422e+00
8.954784917500427710e+00
1.815683244785431416e+00
7.960116164220029766e+00
1.029715283028994754e+01
1.675936180963555344e+01
1.031428730702642405e+01
9.972990716975989045e+00
9.218216732059760332e+00
1.124321769443481145e+01
9.037650859218551602e+00
5.642963736845373113e+00
3.948124452779438354e+00
4.266181510515266062e+00
1.812479820886168769e+00
7.897086705164551468e+00
1.089349914696747312e+01
2.111991299633491526e+00
8.574338761156328204e+00
3.200558408745259875e+00
2.066439897553046467e+00
7.444767873312651218e+00
6.793683547477156637e+00
2.532434612322144396e+00
9.944497816396747680e+00
6.496067727873865216e+00
3.678365734575746782e+00
4.388901456978968163e+00
1.891952907419153007e+00
1.052590410944351440e+01
6.223999599987696918e+00
6.862055744852446182e+00
7.337998156090245416e+00
5.090697995069520587e+00
1.643495284223852337e+01
9.228346225042711737e+00
5.969784311259328291e+00
2.613836739407082277e+00
5.664622583852121807e+00
9.437110859288083020e+00
8.545999278798987575e+00
8.759577428094025286e-01
9.686316230316350584e+00
7.143226063251898239e+00
4.030438235051827967e+00
6.726806994004410178e+00
3.096550529276842489e+00
1.391186031880908480e+01
7.721954638217141564e+00
7.474101454948537615e+00
3.112087786489860619e+00
1.049432881816511554e+01
5.432909382680109367e+00
2.432823114043156210e+00
1.201929195568535569e+01
2.840038787932432474e+00
6.005641206586411762e+00
1.909364824421380558e+00
2.092504362921427230e+01
7.424640005294595113e+00
5.558140564216262902e+00
3.323965838182289190e+00
6.357825969697374902e+00
4.102597332370088168e+00
2.002183215316442499e+00
3.910868824126964682e+00
4.175965227591105666e+00
1.172774752029722478e+01
1.228575927955179203e+01
7.421954846724944765e+00
7.130192906024586996e+00
1.062162646682430811e+01
1.102266841973892753e+01
1.021208064947765948e+01
3.666888212379392442e+00
9.579524466066995814e+00
4.441662983769572470e+00
2.011050745013912788e+01
9.424944773797722775e+00
5.276660639457777080e+00
7.145633480410704230e+00
3.304943750013059400e+00
9.704675983332251121e+00
1.017279346039583210e+01
6.719474993217233738e+00
9.078372452657644587e+00
2.756792625812575892e+00
2.057020721119662721e+00
4.786088261133810917e+00
3.702357108665307983e+00
1.283138020883870745e+01
8.008314010415903184e+00
5.397000444885770243e+00
1.203643790449916118e+01
6.598491595324360581e+00
1.023373370304208407e+01
1.193052490999576243e+01
3.442388404060253038e+00
2.870576563706865869e+00
8.059020377678102420e+00
1.420476603556133099e+01
3.297907342982011603e+00
7.186553178184708734e+00
1.056646227978808206e+01
7.256007602665975220e+00
5.825610683992775485e+00
9.473476473117276697e+00
4.470281277697851330e+00
6.670705513852303703e+00
1.273100186383850696e+00
4.099872357129592082e+00
2.813323729386223881e+00
8.041779270223152309e+00
4.975502404625800956e+00
7.961706744105249811e+00
1.759632894228094457e+01
1.419003353340547946e+01
1.093589189311018828e+01
3.827933605321086397e+00
2.294349252657871041e+00
2.819460938138856676e+00
5.217246873670968732e+00
5.893582638819251152e+00
7.934116707813676506e+00
6.790898968710210148e+00
1.940489476403225222e+00
5.825289019615880193e+00
4.685803446922216509e+00
2.943736490369562642e+00
8.089180245000719083e+00
1.213965996480496834e+01
1.022430639539394903e+01
4.278952633954553164e+00
6.275392256914148703e+00
5.194788409451981614e+00
6.829857450058924861e+00
2.416010804375881005e+00
1.030012607201209285e+01
9.673813273693481207e+00
7.926559860534304391e+00
1.000008662158842121e+01
1.453343621463235635e+01
3.329295513417660057e+00
1.208326470386381857e+01
9.546070987156488385e+00
3.457872721878722633e+00
1.901260078138249154e+00
3.780509022346129733e+00
3.959305603129820827e+00
1.132453996986428812e+01
4.962717838995453157e+00
5.823289978065960604e+00
3.281691396353176859e+00
2.257121273635894987e+00
5.357016290531270819e+00
4.261760110446715544e+00
1.050382584960270727e+01
1.025452359245377210e+01
1.399010748959947925e+01
7.713693105284444407e+00
5.605290974626968570e+00
5.205556136057951200e+00
5.830896106965809622e+00
6.990215354532200998e+00
9.326285899901767706e+00
2.674058283700458727e+00
8.074125367709095613e+00
4.551483752156465279e+00
2.944445616061162951e+00
5.346285899609378056e+00
6.720829286034210703e+00
8.381413969431244837e+00
7.153023311119275363e+00
1.078497452486160313e+01
1.302046478631181792e+01
1.545871061376471900e+01
1.319154814971071454e+00
7.495377561585796045e+00
4.643299435523057461e+00
4.564330253745558785e+00
3.710605169117856317e+00
9.022695805273762915e+00
5.972914931302947039e+00
6.305568535581884682e+00
4.725414269302789627e+00
4.509001277079917713e+00
5.169740809743300858e+00
6.254505969332805115e+00
8.439575933697129884e+00
1.115851241745885503e+01
3.681201394646975711e+00
4.549603381850991113e+00
1.158355578968506627e+01
1.764504384719862928e+00
1.274923115534903495e+01
3.523588818942378076e+00
6.612600435247311559e+00
5.584035848463551943e+00
3.580536757315705199e+00
4.607876520199488901e+00
1.801672893731139924e+00
7.415143906630408566e+00
9.850300338098954001e+00
1.108180099362211557e+01
8.161055996524568812e+00
1.092047066593123539e+01
5.290956145862388382e+00
5.286729348370389658e+00
9.313323074843328442e+00
4.235474921998785724e+00
3.528249232752856290e+00
2.316171142321661769e+00
4.265055320879932665e+00
7.241068992687687000e+00
2.855080020926260786e+00
1.129047622966199604e+01
2.933278070840636520e+00
1.362158036285481977e+01
8.153259705276004965e+00
2.392331065211001029e+00
9.875800064763677000e+00
1.623801540302363122e+01
3.854292600379986666e+00
6.262244307120202969e+00
3.483597795756952387e+00
1.180149877903503786e+01
1.645515916333812712e+01
9.153289252283931532e+00
1.432694113399958780e-01
3.152489210636440387e+00
1.876359575805966573e+00
4.475416891074465831e+00
6.490057859138631535e+00
5.816896285763664132e+00
3.964939794679971818e+00
9.277874473640856934e+00
3.116791256476745264e+00
4.325655811907568982e+00
5.847514348881992952e+00
4.918440919083697516e+00
3.852352848206344937e+00
5.076877096182304427e+00
7.975980172350864983e+00
3.841607915349713576e+00
1.478609191886799623e+00
8.903500861542056555e+00
9.336124822606210572e+00
2.238668743846774234e+01
6.217311740921003249e+00
1.672723177989156929e+00
1.411863782892775454e+01
7.585039482986352333e+00
5.369288785228963690e+00
1.227726918834569680e+01
8.404876379738656311e+00
4.756218738817281633e+00
1.087100698675902422e+01
1.082890637955575031e+01
3.746839909955256509e+00
6.720459266066834303e+00
7.118049699699546373e+00
6.713882959269536599e+00
5.562647196616473444e+00
1.096518180156369660e+01
2.943523674692047898e+00
7.476721065094242391e+00
9.491936508386222826e+00
1.979803648764584878e+01
1.232637284308486691e+01
7.300742460733341765e+00
6.827274094515282776e+00
9.518595742668370718e+00
1.856056352729531733e+00
1.200554057977991462e+01
3.753354147909325977e+00
5.145165537235925513e+00
9.216937719261899531e+00
3.357968925525096626e+00
3.857804416970526340e+00
2.820592620765041580e+00
1.207621904504213006e+01
3.752885040165311104e+00
4.335476560534594626e+00
8.107929758987912905e+00
3.567979244394457461e-01
6.286231136794972585e+00
1.013612722608577243e+01
6.279752900138485749e+00
2.854409011113844485e+00
7.730887683115920339e+00
1.122080364214611414e+01
3.627674650667057410e+00
2.251995826787605903e+00
1.042054709412738589e+01
6.456052570022644765e+00
5.675515040512175702e+00
1.237272974110357193e+00
6.097460916705110812e+00
7.902752538543889038e+00
3.130455999838251735e+00
3.936060774127682738e+00
9.642924580764045572e+00
5.326753622888442230e+00
4.148994541832599303e+00
7.953955226852041704e+00
4.279294719029619110e+00
5.282238620904702309e+00
9.781674392280173436e+00
1.219556193165601776e+01
6.033237624343358085e+00
8.533805922240265573e+00
2.122118324147079793e+00
5.096578470633336799e+00
8.154386203987073145e+00
1.154963397987462059e+01
3.463098528437005275e+00
4.516224630469643841e+00
1.879065221214291981e+00
2.218707614649008786e+00
4.081868155761521955e+00
5.922457336698761843e+00
2.884889870669674838e+00
2.615300064605879715e+00
7.800640081076425369e-01
1.185768577336601659e+01
1.018571305004726035e+01
2.784109284813103713e+00
2.023907862203452623e+01
9.245614810355707647e+00
7.847002368120147509e+00
1.909506509611941460e+00
5.967065332271065614e+00
8.382785562631351439e+00
6.276707247877889806e+00
3.030109167180864205e+00
1.278571661439574214e+01
6.446786861703921900e+00
7.949204632295429285e+00
4.177221122980192408e-02
9.359653072707404320e+00
1.182567515519632551e+01
4.396026521256897190e+00
1.015457076244517154e+01
5.093203739967475663e+00
2.320438455004175005e+00
5.097159204869214477e+00
1.219060094023587126e+01
9.486689702213400466e+00
3.385666927362094292e+00
6.921713193264788622e+00
1.101916614508615666e+01
9.532652460233167702e+00
8.885954732904203013e+00
5.804358022000104533e+00
1.383271964857395453e+01
3.568459439001555378e+00
1.129314859452053632e+01
6.886309638290691204e+00
7.313506975198653670e+00
7.243973888084934032e+00
7.096746765075330643e+00
3.061523479258374092e+00
5.718255080264101231e+00
6.197504191204502355e+00
1.340529921783329570e+01
3.189218031460842706e+00
6.442054552272647783e+00
1.708744196116887881e+00
2.897258943767169637e+00
5.172922825804130653e+00
4.775432815807804765e+00
1.271694249931757170e+01
3.258200604783109799e+00
9.081527336492619895e+00
4.822006309918120515e+00
9.722792120277564010e+00
5.928289461164257368e+00
7.697591422382760840e+00
8.157267681840346896e+00
7.772598310392161203e+00
2.720629539236077310e+00
7.514654900824078609e+00
4.436062767919517036e+00
7.629594191788997115e+00
1.028418406214783509e+01
9.456559650535149686e+00
8.441534370254480280e+00
7.286636798860400610e+00
5.340423167946232397e+00
7.949771219344012430e+00
4.625524369370436872e+00
1.646044644371295362e+01
3.842113141352311079e+00
5.533274832832801415e+00
1.980916534677511276e+00
1.779506069681511038e+00
6.985184560323362213e+00
3.785870654470074648e+00
9.080487471701500723e+00
3.311620227480977618e+00
5.395471287355547929e+00
3.698995526007772927e+00
9.961759971734799990e+00
1.549101997601878367e+01
1.187112334370766042e+01
9.231349656896789213e+00
5.754247936726995860e+00
5.888292577002005146e+00
1.837902639337094302e+00
6.463432867017363748e+00
3.274576097764846594e+00
7.910621408492438889e+00
6.015472574119143268e+00
1.275834170053161465e+01
1.068678128003038275e+01
3.862561644538847982e+00
1.437756616995608816e+01
