2.404374404528732079e+00
2.705170516601807851e+00
3.059618723720266775e+00
2.737470381831690336e+00
2.427326192168872243e+00
2.869699112378840677e+00
2.864979292226766283e+00
2.592933323747974583e+00
2.307973922888460372e+00
3.136681375391388471e+00
2.599998163313304911e+00
2.881075942031091408e+00
2.376291247064879375e+00
2.456297861523724535e+00
2.723065167776077988e+00
2.534169667092988298e+00
2.838881819081778612e+00
2.493220923708203252e+00
3.088949842152024505e+00
3.471372749396531177e+00
2.789288565475769310e+00
2.754655614643631623e+00
3.109973424662666908e+00
2.817190604010225474e+00
2.968030047997611387e+00
2.841051841431300407e+00
2.633542324989810890e+00
2.565796397561386666e+00
2.799079819836933325e+00
2.700560042522152315e+00
2.791339788074023165e+00
3.136934493474776708e+00
2.683598112386147427e+00
2.600515882786645694e+00
2.207532085948121559e+00
2.296191316946411209e+00
2.533574628258713268e+00
3.026852621668216781e+00
2.650244089072553155e+00
2.866304149841881532e+00
2.708297817688609221e+00
2.491706882888842678e+00
2.538404820268219453e+00
2.374627929350075828e+00
2.706116336246829235e+00
2.963689117413693896e+00
2.262410369265011489e+00
2.268647296149772785e+00
2.742484214544626209e+00
2.293330063407952313e+00
2.501442760174361624e+00
2.990271131955759110e+00
2.823805831000393507e+00
2.619658999930288612e+00
2.887613255884077468e+00
2.329803368148619658e+00
3.074258822961335902e+00
2.808111804864918959e+00
3.225073795109477448e+00
2.636747149428239734e+00
2.916870611894522458e+00
2.873662076080692795e+00
2.808573916157143913e+00
2.671074473971134733e+00
3.043420855454383123e+00
2.499883697250193659e+00
2.887058173480847589e+00
2.880852499786570320e+00
2.904849944299064290e+00
2.906227632283919782e+00
2.990288933467191601e+00
2.757732904124123863e+00
3.111805273127455251e+00
2.906594128193465298e+00
2.972163524675731860e+00
2.448498922348114615e+00
2.655065916310421770e+00
2.530631509943731761e+00
2.621111649021628409e+00
2.418426249861223898e+00
2.896938937986177631e+00
2.479419362139529959e+00
3.196891405769611616e+00
3.017795343700600874e+00
2.471493283358956905e+00
2.998892590335075603e+00
2.564701897564836131e+00
2.620981879218995392e+00
2.389812918477656201e+00
2.683227193579239778e+00
2.647133427041082676e+00
2.499337775707471287e+00
2.857712737666548541e+00
2.647470272282993253e+00
2.576460228549381171e+00
2.297693485285930315e+00
2.869374143239457275e+00
2.516158264391935351e+00
2.594541318156341259e+00
2.909987751022371061e+00
2.774860774962392362e+00
3.257212213536742507e+00
2.625232441165643582e+00
2.619842409786107496e+00
2.360572066621135612e+00
2.544814346284782758e+00
2.967613080694687433e+00
2.715815304850232703e+00
2.451008142342117502e+00
2.559313669160049987e+00
3.471768603516785845e+00
2.649869691721574494e+00
2.303786714694916693e+00
2.567195750239703145e+00
2.411322802742700055e+00
2.664313466546627041e+00
2.423649454239522161e+00
2.756591448212797335e+00
2.178206383572316884e+00
2.442132961624231324e+00
2.460391120912807317e+00
2.590430410489851898e+00
2.523466985725937306e+00
2.515722563985267612e+00
2.785694192529133861e+00
2.776178710557567264e+00
2.927276906309703275e+00
2.618176406471258932e+00
2.727876467965807628e+00
2.435680837056428683e+00
2.066267874542222494e+00
2.542470794253874011e+00
2.530319240776130130e+00
3.191518123864385270e+00
2.414561436473051881e+00
2.480666122835876841e+00
2.409650890169722448e+00
2.510037029727290037e+00
2.814489472514366319e+00
2.835139886781016472e+00
2.949081151122204592e+00
2.165496121584093991e+00
2.754164128602341499e+00
3.297705143414195295e+00
3.050102977094045098e+00
3.468445409530467316e+00
2.898812958463642619e+00
2.274483219012159108e+00
2.803013292915526478e+00
2.575983079579057478e+00
2.997118003496077154e+00
2.792882240279194850e+00
2.431366276486612854e+00
2.798898610636698425e+00
2.832112974418291795e+00
2.594586194432413340e+00
2.514480807302072574e+00
2.569000565311069462e+00
2.186645792315124570e+00
2.606239097324192677e+00
2.856905173414748145e+00
2.790543236325748300e+00
3.001909526889947610e+00
2.753406269906736092e+00
2.814773091282825046e+00
2.877782666511329079e+00
2.419445315783539385e+00
2.387747152230448311e+00
2.878143500378740782e+00
2.691776062478442810e+00
2.473198500158110047e+00
2.756689663660888190e+00
2.927674167611040268e+00
2.522742486246876581e+00
2.547963691114870421e+00
2.489364637644337463e+00
2.686791537072150238e+00
2.672291839603220254e+00
2.552443725725669577e+00
2.612689799234417798e+00
2.744232914880135876e+00
2.638124901103940712e+00
2.523534157124196931e+00
2.774639434387288439e+00
2.949042274040963196e+00
2.856179237516039304e+00
2.258924090489971004e+00
2.583316932941439603e+00
2.960448413841314963e+00
2.989477884632892657e+00
3.029778030547798817e+00
2.536924502887352606e+00
2.877237667793923315e+00
2.299732965894944137e+00
2.493811920796665138e+00
3.118721911425820004e+00
2.157348441214313794e+00
2.426630289299785304e+00
2.828572709862686274e+00
3.301307231100846451e+00
2.380389406961632481e+00
2.610424123515171502e+00
2.703068576263832234e+00
2.400037706778573199e+00
2.365163939633929235e+00
2.242347423670951745e+00
3.054193778204722154e+00
2.829317594174814321e+00
2.619659653914563346e+00
2.925791174511361170e+00
2.528919614809064687e+00
1.953737824674470325e+00
2.133622440607191084e+00
2.727928350718075379e+00
2.229385568187936872e+00
3.171419280269132113e+00
2.332034718342915536e+00
2.538997810400751121e+00
2.443726426430909981e+00
2.864476909146688399e+00
2.648631285163972837e+00
2.498530309184691767e+00
2.278914014689942036e+00
2.502510238706983525e+00
2.231301835064140704e+00
2.250518383671530120e+00
3.000786574321213873e+00
2.443137269387992472e+00
2.385845215524387442e+00
2.730834809513620343e+00
2.977763516900570728e+00
3.356333837061502567e+00
2.423167745187528865e+00
2.940433579691344779e+00
2.447622087137668156e+00
2.666776743806403616e+00
2.452602881493348264e+00
2.737565405650364880e+00
3.005260924363081010e+00
2.559427708180961769e+00
3.032109990517688480e+00
2.818013537374620014e+00
2.765447800363119768e+00
2.994352342400458777e+00
2.176471586976974848e+00
2.515467270616810413e+00
2.580683687841791585e+00
1.733610370151576818e+00
2.713641919420469950e+00
2.511009196742485905e+00
2.694256813193278699e+00
2.585986193305864322e+00
2.000620059123763728e+00
2.563978900645323744e+00
2.752133499949050321e+00
2.549792331880274432e+00
2.928503565637363248e+00
2.788760646984263403e+00
2.352969311428543264e+00
2.454792765313603464e+00
2.225702327091902522e+00
3.474638856342773252e+00
3.262024651611485471e+00
2.520142157576627184e+00
2.749444664753198264e+00
2.677795758447464980e+00
2.768190675423610081e+00
2.340135956342261014e+00
2.730060321336843732e+00
2.470757917541150928e+00
2.836182873433959806e+00
2.712946104996205143e+00
2.696989802063718855e+00
2.700862896287435255e+00
3.156856508302076314e+00
3.043825246537609441e+00
2.588475222423507471e+00
2.406040830618539239e+00
2.571317697408564307e+00
2.340838187872014586e+00
2.871234104080113259e+00
2.478008555634453547e+00
3.009906857632427712e+00
2.945355020094444054e+00
2.618653043711574480e+00
2.861306514340521190e+00
2.634820869827674716e+00
3.231891387105682245e+00
2.772251683855133209e+00
2.602176715835683662e+00
2.659495730391113089e+00
2.753851856851173174e+00
3.027472657934075162e+00
2.467512782189720699e+00
2.748201742266520586e+00
3.403591446838295731e+00
2.768455462204862716e+00
3.221733824457304607e+00
2.949979131704411728e+00
2.855150083707929554e+00
2.178849450531242127e+00
3.325078948351988029e+00
2.769576829304549737e+00
2.959508473998114564e+00
2.942642363704736752e+00
2.468963393262356476e+00
2.496499707502500609e+00
2.669565027047228867e+00
2.584510236598224875e+00
2.457408264948771404e+00
2.572880741196780896e+00
2.410728703288304686e+00
2.773194632188771269e+00
3.453239169543364628e+00
2.214338742758492629e+00
2.592086583442748893e+00
2.391061664620900640e+00
2.951190996088358887e+00
2.699032408360574120e+00
2.853041623813261207e+00
3.125565162918262807e+00
2.427116973714402270e+00
2.679476216519723231e+00
2.997703800855241685e+00
3.074101160430904311e+00
2.634573448996429867e+00
2.499883882311776162e+00
3.151807023202645830e+00
2.505206318511687957e+00
3.045442346326283634e+00
1.916107865460661142e+00
2.712403743873382123e+00
2.782476673513487597e+00
2.347159127528719136e+00
3.182270429568273773e+00
2.610614849850715125e+00
2.645089261432527206e+00
2.803929304784936960e+00
2.909079906862140685e+00
2.640117413170727900e+00
2.832340781580704459e+00
2.904096405257550195e+00
2.461844064025742185e+00
2.579017373126961221e+00
2.647572864224783995e+00
3.178858366350488129e+00
2.886951284219458902e+00
2.804327801866520531e+00
3.052864657336686438e+00
2.736889546449496891e+00
3.292683537972846963e+00
2.357775230746590012e+00
3.038781101624715042e+00
2.678203177997943385e+00
3.322165639428192208e+00
2.975937925418660424e+00
2.737467953376520491e+00
2.668479478636966107e+00
2.909640861777478715e+00
3.067732237155412101e+00
2.952971079852206859e+00
2.474103821003415415e+00
2.671227368888647646e+00
1.953221484926988882e+00
2.580274608346271314e+00
2.550934874040739153e+00
2.929164638930314979e+00
2.981472565483203940e+00
2.824823112794687230e+00
2.333427687503379477e+00
2.416160944843568803e+00
3.044420519647756063e+00
2.961479618418063176e+00
2.535273221673512101e+00
2.469312045111663689e+00
2.757794527801371576e+00
2.941088744233146368e+00
2.354966753414303504e+00
3.414090907024408761e+00
2.920882200933211159e+00
2.863289225252551251e+00
2.980687564086976771e+00
3.230477393062014535e+00
2.652526450166007965e+00
3.007718817437366798e+00
2.689273762477146779e+00
2.356889768852476141e+00
3.114208547096517954e+00
2.407880076961007365e+00
3.022615924372527907e+00
2.443942330675470842e+00
2.602828674791499708e+00
2.536838705339267808e+00
2.314499887059208394e+00
2.685172698152306747e+00
2.635878672838892101e+00
2.865718894486456225e+00
2.991833487774254952e+00
2.411325671269547666e+00
3.023556285484060080e+00
2.393056978523421474e+00
2.562229176846607892e+00
3.170438392079075740e+00
2.554269788060534285e+00
2.838709963623295085e+00
3.241144922352435565e+00
2.785344857732125146e+00
2.614163444806608450e+00
2.267664497434058291e+00
2.704130661572512029e+00
2.830698367675125393e+00
3.278059447495857093e+00
2.565038435932448735e+00
2.780093931776831617e+00
2.700284750336363171e+00
3.246294231478872749e+00
3.323657552798403803e+00
2.574231045705343224e+00
2.573986390031949512e+00
2.758930751569286688e+00
2.773065993605310364e+00
2.595340917061728980e+00
2.707292954496490101e+00
2.313136454338267978e+00
2.857700457993830767e+00
2.740859684987792644e+00
2.894254747054883836e+00
2.883270688206275967e+00
2.691556891497495663e+00
2.540038151498206886e+00
2.754065745146976329e+00
3.276348927650398757e+00
2.477863792667023723e+00
2.535465694579190465e+00
2.900166095802177768e+00
2.505897056341403140e+00
2.745732561515086712e+00
2.622971653128573610e+00
2.410351808558996112e+00
2.611111301162641674e+00
3.022783961521892326e+00
2.131804272064992567e+00
2.866652418378718092e+00
2.637292725496800383e+00
2.660936023646025106e+00
2.541989475096145590e+00
2.851077048679310888e+00
2.744206169833236064e+00
2.732272183583844605e+00
2.538685418074605238e+00
2.793964717055638314e+00
2.359907513893521713e+00
3.130359712138823358e+00
2.254619113452037915e+00
2.733877728644364513e+00
3.123230687498088187e+00
2.717478557097516401e+00
2.747420068223273670e+00
2.577143318312633991e+00
2.904169705690285319e+00
2.962803230002831523e+00
2.617034791094140722e+00
2.920220516011246659e+00
3.057740233822139775e+00
2.626068224330166512e+00
2.932519042461957159e+00
2.522297037011243415e+00
2.603060610207027725e+00
3.295617390686001791e+00
2.265350535493076745e+00
2.887665788696014424e+00
2.930458399444625162e+00
2.464043141349296917e+00
2.797552844836900476e+00
2.390278291734853955e+00
2.998521560274862274e+00
3.253413305626373209e+00
2.415481343252690927e+00
3.261433175267768547e+00
2.848438712775126724e+00
2.809606534523013899e+00
2.484787620351152082e+00
2.720661765748341399e+00
2.953422262933797615e+00
2.416044687322563611e+00
2.255778412801229926e+00
2.393644352202166203e+00
2.912379567531936608e+00
2.331417932558278228e+00
2.348978356564834336e+00
2.542745730451382968e+00
2.866758855321160482e+00
3.519205952294661266e+00
3.231008763418941054e+00
2.612192608727933685e+00
2.918827928991096332e+00
2.655072910476070192e+00
2.849012999764064968e+00
2.826368425098058079e+00
2.641447164963554251e+00
2.389915641406044067e+00
3.084189664037915168e+00
2.519077098119543390e+00
2.420602739013073101e+00
2.972275654124937549e+00
2.657872296327788320e+00
2.143456117833581587e+00
2.967089233808333670e+00
3.196433244167664611e+00
2.668091682889410787e+00
2.845571379109885335e+00
2.884207465053219011e+00
2.796974116687528600e+00
2.247399770106468520e+00
2.745781418694231313e+00
2.829223579738388672e+00
2.388270255465349656e+00
2.722150758612779775e+00
2.931619543355521884e+00
2.887583181838889068e+00
2.168854050089272345e+00
2.703489249886132040e+00
2.544654386407432689e+00
3.428066425467918066e+00
2.844812335820564808e+00
2.550352997885289685e+00
2.535949004124766759e+00
2.839888774820584327e+00
2.488004608385527838e+00
2.379382084671748832e+00
2.380757643670521340e+00
2.554678666872951531e+00
2.350036675000215514e+00
2.914226270074344871e+00
3.328503165107950412e+00
2.611985364512763308e+00
2.454260875560568156e+00
2.329583429850016874e+00
2.318698740728108554e+00
2.926750533428860823e+00
2.476346822630726585e+00
2.661781442430017908e+00
2.698285383029545237e+00
2.371930528186463771e+00
2.865149090604906856e+00
3.154790778800044659e+00
2.893035320581311520e+00
2.834337466138658002e+00
2.901643321200607417e+00
2.498155250300609254e+00
2.511524341384445691e+00
2.638828925297016514e+00
2.823187793705100201e+00
2.940864974108321483e+00
2.584062695677091348e+00
2.688709708002678944e+00
2.286442449708726343e+00
2.943346036521154119e+00
2.831723494833450872e+00
2.364299829972039912e+00
2.797607417258714424e+00
3.007756933535901123e+00
3.230616381238404777e+00
2.530369799598509051e+00
2.631915143339241592e+00
3.114022616026947521e+00
2.670414147666054117e+00
3.039375941352064014e+00
2.725498918858625608e+00
2.464954120756605693e+00
2.555963242138660885e+00
2.505237704748695560e+00
2.897250382914527300e+00
3.303427662885018545e+00
2.421551258940700446e+00
2.535974835763518342e+00
2.790277951329873662e+00
3.156228338046489945e+00
2.892843697489019483e+00
2.999721894725182025e+00
3.077809683167406440e+00
2.980705842782099602e+00
2.895417751422085573e+00
2.992626310979845439e+00
2.500438287506811630e+00
2.472576569431244042e+00
2.755239809165137554e+00
2.425167508282501938e+00
2.305862043490846336e+00
2.678126587149608717e+00
3.019421145409490581e+00
3.538984496699965732e+00
2.645809772546177108e+00
2.724142311440640452e+00
2.694680752090910847e+00
3.016885151661504061e+00
2.955429134757841414e+00
2.442225244783493121e+00
3.435004925296995637e+00
2.679222265678978587e+00
2.634456547039507157e+00
2.886192719336192258e+00
2.808464067056155145e+00
2.869985571216420173e+00
2.548063771198866068e+00
2.857881309375238654e+00
3.081332358142329308e+00
2.867380428875800469e+00
2.953196367823426982e+00
2.441816661549327971e+00
2.729659776732381804e+00
3.010573487944403492e+00
2.725003712832380298e+00
3.028950079591200328e+00
2.625511629385454793e+00
2.735381520212773143e+00
2.225469624648621636e+00
3.179258441893535458e+00
3.410916246308535182e+00
3.302859528453519822e+00
3.452480760451218877e+00
2.204295826016144044e+00
2.872463414162528483e+00
2.705682459545819096e+00
2.897302033342987748e+00
3.190842610609699648e+00
2.698412513071251517e+00
2.757786652950534378e+00
2.879894447062827822e+00
3.060632047091973895e+00
2.847983275497508515e+00
2.478866576727050131e+00
2.769717696341849056e+00
2.231795412239720999e+00
3.059927751722471889e+00
3.365304212799656636e+00
3.115890904600494338e+00
2.710867313647352450e+00
2.554951603570227547e+00
2.360435509697560885e+00
2.651341518840104161e+00
3.084163003397508263e+00
2.889247534947476215e+00
3.391732027123008475e+00
2.751044373765872741e+00
2.047685194798995134e+00
2.749754393191214952e+00
2.745915302381150003e+00
2.301876798030538129e+00
2.634119218033533105e+00
2.549026817225012120e+00
2.947418891302470367e+00
2.789899729362250724e+00
2.683541187304995468e+00
2.878834364045361305e+00
2.555472643682177303e+00
2.266330900115479441e+00
2.402108888590633651e+00
2.979085296207491407e+00
3.014199374400402309e+00
2.647117067908108190e+00
3.131280648296387525e+00
2.704271602153065057e+00
2.354704995080312280e+00
3.058278900208409645e+00
2.519666720271040106e+00
2.542059082775005141e+00
2.866406919369794082e+00
2.681389966946719827e+00
2.517825897342617747e+00
3.374635486414813368e+00
2.593838849655417444e+00
2.676728075376423543e+00
2.758978611444125928e+00
2.882380358520667762e+00
2.413993703010161695e+00
2.889305918202677681e+00
2.733732442910270066e+00
2.690367669108862714e+00
2.912027122601425599e+00
2.615675728971029290e+00
2.836695461239505889e+00
2.823713055610947986e+00
2.456264731287876923e+00
2.414862505068451348e+00
2.736404430984881841e+00
2.570413519497305899e+00
3.314610550745852091e+00
2.876143725582793742e+00
3.063453112028772907e+00
2.288330503991423015e+00
2.460667217286448771e+00
2.618402027341962146e+00
2.450050880338179304e+00
2.792917206191206869e+00
2.725178177995173812e+00
2.440448376556872301e+00
3.115552073698037550e+00
3.282429244950805458e+00
2.659144689826726804e+00
2.776150601330907630e+00
2.960114195055597808e+00
2.300167098198700355e+00
2.529649719756246640e+00
2.242802696335680412e+00
3.001772231959179305e+00
2.296705342721929721e+00
3.119405608184182555e+00
2.382215332645918782e+00
3.008716279852204245e+00
2.286947725421694333e+00
3.107904062040105053e+00
3.080275328485904573e+00
2.411629581643599973e+00
2.249405811221902862e+00
2.972869090920801760e+00
2.667954330945593533e+00
2.135697439440051415e+00
2.826870178821450530e+00
2.483817108053835376e+00
2.778388188305067175e+00
2.501350849127817355e+00
2.809704262860144741e+00
2.607411146666362534e+00
2.486997900460314881e+00
2.455995116266702638e+00
2.912927902960235294e+00
2.799389687527221504e+00
2.662603388854723807e+00
3.261457042230597292e+00
2.557470691214873248e+00
2.870174770870086434e+00
2.643871204237937977e+00
3.367940544230624056e+00
2.882096487185370925e+00
2.545396046438368032e+00
2.577110026871058057e+00
2.831910125338502393e+00
2.571358198689094543e+00
3.096749129995896688e+00
2.326728477072973700e+00
2.560445337726485970e+00
2.360878554162586074e+00
2.681784015202146154e+00
2.813843460440488720e+00
2.498393848781119253e+00
2.457687488817779542e+00
3.131820057520259493e+00
2.945798898537922206e+00
2.802642504648779287e+00
2.934914506430053471e+00
2.580159788800950427e+00
2.841256370095558648e+00
2.790198209924084960e+00
2.227195421606213532e+00
3.154481638660408649e+00
2.222018303619611501e+00
2.434011509270858742e+00
2.899291089251637477e+00
2.799369873611788684e+00
2.817948862542142052e+00
3.046413890735768071e+00
2.107844401175512417e+00
2.983049095794342964e+00
2.095477447678376404e+00
2.349310665607992732e+00
2.665948997405983789e+00
2.596890807693996717e+00
2.682659909887571192e+00
2.598332779455137409e+00
3.298884814760492556e+00
2.188168554993474846e+00
2.308034566681133715e+00
3.089757741432556770e+00
2.592679576714091105e+00
2.770740603588023987e+00
2.597146030331490607e+00
1.539431571704293011e+00
2.328743282723598096e+00
2.700459513296271652e+00
2.599535578251780166e+00
2.590978617630634417e+00
2.982375395446981603e+00
2.165560611433348548e+00
2.655356213086277339e+00
2.179533975602055307e+00
2.616924412565976077e+00
3.091494873612399275e+00
2.415928204709898885e+00
2.724288032177658359e+00
2.693519583912499016e+00
3.037243965267312884e+00
2.996140606414336549e+00
3.008128867202871426e+00
2.373834416804200043e+00
2.902750297943193392e+00
2.832797079606823143e+00
2.646797776013056769e+00
2.566809438634829021e+00
2.824964131629827069e+00
2.695194557904780908e+00
2.887240861910099543e+00
2.613381581884472560e+00
2.515467205947423679e+00
3.153115929774932269e+00
2.814765731929714132e+00
2.435515025831871849e+00
2.936580676865943484e+00
2.199598051318898850e+00
2.540607103862742022e+00
2.882269472118766274e+00
2.502182368201997686e+00
2.529810528428151351e+00
2.821170046821803723e+00
2.217266463622369788e+00
2.290618629333083245e+00
2.388290444139808510e+00
2.702568755254798116e+00
2.778533452394920555e+00
2.797241954363935079e+00
2.948451908617941264e+00
2.947662518551908750e+00
3.002267870540421324e+00
3.171927940606716234e+00
2.846960220227508387e+00
2.331431812701706185e+00
2.804532340065350571e+00
2.654713562783174385e+00
2.848627851925460419e+00
2.607107293665237968e+00
2.545337906958267116e+00
2.929294104423201706e+00
2.646419366853131727e+00
2.533386159730277587e+00
2.713479739826321513e+00
1.944091504900603784e+00
3.128189725334764137e+00
2.232901849829282082e+00
2.869566574195386632e+00
3.039333248811684207e+00
2.802237733072925785e+00
2.620105329833197327e+00
3.144841021750387711e+00
2.666045080186727922e+00
2.831820605428970516e+00
2.880122505910251096e+00
2.600115050500542591e+00
2.693353093372348628e+00
2.432622816749983485e+00
2.666086604803318938e+00
2.602261203729445693e+00
2.603994334857651527e+00
3.099804216343992724e+00
2.283114420626233265e+00
2.465063151310015410e+00
2.832501709420444325e+00
2.565118217335967454e+00
2.462665618600056838e+00
3.338080052736403402e+00
3.334368311254183315e+00
3.162582240605174011e+00
3.120388584433088308e+00
3.142272888213369697e+00
2.538596193660284772e+00
2.919392104424599843e+00
2.191755959657837760e+00
2.468984404566753721e+00
2.803084306290886563e+00
2.862220263319057878e+00
3.237298567762932677e+00
2.941946357638588694e+00
2.570003018209064294e+00
2.680447835878029483e+00
2.634610482480673532e+00
2.429417469748150982e+00
2.663331720442533523e+00
2.866734714556677055e+00
2.626857808967633101e+00
2.528490519439575923e+00
2.762726539611259469e+00
2.528306015823762465e+00
2.723843322582153892e+00
2.507710428662648816e+00
2.626527355750077231e+00
2.306352331476190898e+00
2.718846419801156600e+00
2.143197279432853986e+00
3.236329753637808615e+00
2.398257721580256518e+00
3.223953918517836748e+00
3.270689817750703554e+00
2.854264972191745464e+00
2.685422520742244412e+00
2.830919407934640031e+00
2.491524772173871138e+00
3.091413699672171500e+00
2.755812149112340848e+00
2.788337612122579134e+00
2.394599609915689875e+00
2.467254544444244413e+00
2.551424172780888622e+00
2.866149659404899186e+00
2.810151657091995325e+00
2.668256046006232562e+00
2.401497659742174218e+00
2.650720882031621262e+00
2.932240387213378430e+00
3.104401929172100782e+00
2.868925876832564281e+00
2.577650479355594104e+00
2.410636849869366216e+00
2.452597829889592074e+00
2.167986738660614865e+00
2.418879439087479710e+00
2.990945551495184596e+00
2.579808141068604233e+00
2.782654915732118983e+00
2.481338626187231888e+00
2.331800720382842140e+00
3.287337245369666316e+00
3.161480668335202360e+00
3.064453364579606376e+00
2.906303770936250697e+00
2.589512589314633129e+00
2.704695023130850196e+00
2.441511617050114769e+00
2.310122418595332405e+00
2.848365395435045411e+00
2.871517636310780386e+00
2.670399450256195628e+00
2.827380666534660136e+00
3.488097991207692594e+00
2.893652749636606014e+00
3.056426668470171304e+00
2.932615460529230944e+00
2.481310364601328367e+00
2.798339067586201878e+00
3.039701737959445094e+00
3.002723130629735948e+00
3.018276885803346410e+00
2.510710593315838679e+00
2.611417414963530081e+00
2.739465527302620274e+00
2.321014067149340665e+00
2.555671976499366504e+00
1.946282309429228752e+00
2.925388476862957443e+00
3.182019898761137444e+00
3.143487755369899439e+00
2.788356318594368499e+00
2.687412620326003143e+00
3.088403772111997458e+00
2.905688237846623778e+00
2.649186186592129122e+00
2.539460497127397520e+00
2.897058105823252738e+00
2.685192851470724396e+00
3.269521546443757476e+00
2.514790035276058600e+00
2.753237871381632562e+00
2.960416705211314170e+00
2.336017562430246386e+00
2.479891377879709147e+00
2.534732360900505910e+00
2.950137729252201080e+00
2.891692930436699616e+00
3.123423574471804631e+00
2.733032602409092515e+00
2.974809654548542959e+00
3.023467285570719199e+00
3.226822224188091948e+00
2.425837586159675485e+00
2.639087287861149989e+00
2.670826763707756069e+00
2.868806182927324144e+00
3.441578089478332547e+00
2.787722169741469358e+00
2.825653307681837312e+00
2.303477780291619759e+00
2.361496487630408758e+00
2.728750220298026719e+00
2.671086386495505227e+00
2.522158538652408133e+00
2.723928272470874212e+00
2.549780070334556559e+00
2.692959445231100091e+00
2.676885768757890638e+00
2.405072881895491843e+00
2.957899786556054345e+00
2.800362366443541529e+00
2.406502468246359605e+00
2.968498781825652966e+00
2.865396056101676248e+00
2.161114703673668647e+00
2.549285922219423739e+00
3.077657541630750337e+00
2.877105580055290268e+00
2.934290053473068483e+00
2.638131433671663917e+00
3.127461092013839483e+00
