3.429312444058342901e+00
5.388384349304343068e+00
4.079633085780240975e+00
3.471941702197220980e+00
4.128607851250722938e+00
7.384775956210890335e+00
2.763350149988713422e+00
5.231071632871642230e+00
5.169454873249375026e+00
3.927219969322582216e+00
4.752794974443140141e+00
4.443912203657546023e+00
5.504132118554274200e+00
6.562609210994629905e+00
4.829014743695420719e+00
5.116104720915681803e+00
4.769167562731962740e+00
4.642247599063761498e+00
4.950182888305034723e+00
6.100644521686005461e+00
6.094399748049567300e+00
4.840213572219789206e+00
4.425190482357558963e+00
4.291891163510340945e+00
3.334982845358735570e+00
6.515280485797227961e+00
2.945808615606647418e+00
4.458174555082837109e+00
3.601540354629750862e+00
4.373298089802504229e+00
3.991051310041886069e+00
3.509570897799427325e+00
5.687129747603152374e+00
4.764139513991730190e+00
4.520807058104689524e+00
4.246899766715734437e+00
2.765690094019547018e+00
4.761789279028740829e+00
4.538379811530640850e+00
4.285586095065976764e+00
5.015136812982571080e+00
2.688299682848935834e+00
4.685854968183028824e+00
4.518918070668181741e+00
2.906563377357679112e+00
5.428231702659688018e+00
4.871279072531774723e+00
5.932997602236570245e+00
4.270172727711281091e+00
6.043301365238817446e+00
4.450861479157023126e+00
3.675966644692157725e+00
5.794353986658894229e+00
4.998059893198074199e+00
3.763100747880058883e+00
4.906968586633944085e+00
5.753890040035883224e+00
4.496121002957368162e+00
4.507830708925259167e+00
4.651629399127891418e+00
5.227080410856030923e+00
3.682671375024369809e+00
3.478717217704923481e+00
5.175947862440698266e+00
4.636473901243186369e+00
6.765416500192902305e+00
5.354155124527237852e+00
4.471472586609254840e+00
5.827093085916231985e+00
6.167998101977542724e+00
4.174748068719472904e+00
5.669097179873911152e+00
3.676775475743343957e+00
4.505105825776758444e+00
5.278906186163367487e+00
5.350384065164246472e+00
3.935084459352885755e+00
4.533515288876112770e+00
4.868369448665036181e+00
3.364666022788120880e+00
3.926331328598026804e+00
5.577284698894385606e+00
4.676689913394824316e+00
4.919486264718907265e+00
2.734472476756420800e+00
3.632607508949681208e+00
5.454367061714251008e+00
3.647532217119984654e+00
3.964174124437121360e+00
4.257998877068655652e+00
3.707770176210976043e+00
5.249950812872938855e+00
5.897885299492123146e+00
6.343300654319287801e+00
4.421391785439759303e+00
4.305356844391884152e+00
6.899985530779593645e+00
3.491828853012374001e+00
5.715340124161662594e+00
5.463231503265482125e+00
6.061618858264577803e+00
5.418373157913131344e+00
5.112501355414881488e+00
5.215922971864476843e+00
5.120516703664311109e+00
3.690790086427166994e+00
5.272820321666911170e+00
3.731192490884708945e+00
3.609853250898485300e+00
5.515926453370506799e+00
4.338168814208341217e+00
3.032186560082573035e+00
4.595639563717646148e+00
5.063762435401657491e+00
3.731454494730582994e+00
5.246854355442494011e+00
4.994001164815832894e+00
4.318432467404372588e+00
6.728555994701762799e+00
5.152573804851481754e+00
4.932276274536278926e+00
4.657480252165875356e+00
4.695438697656207694e+00
3.857452714095038981e+00
4.420386652489370682e+00
3.919432697524574571e+00
3.035718614646365499e+00
4.475493860109631683e+00
3.844374500553245255e+00
4.899456166106083366e+00
4.975081163306173337e+00
5.270468813001394359e+00
5.778370606359102268e+00
5.248164184165997170e+00
5.330599097507692008e+00
5.444284994197237104e+00
5.117130179589167938e+00
5.344371464642097891e+00
5.150844336252993649e+00
4.841215519633800923e+00
4.070336285099297235e+00
6.002496888400234987e+00
3.883901313415952572e+00
5.356699054628016654e+00
5.360979983887447453e+00
4.878174453515096154e+00
4.313419455783846779e+00
4.346204893136428993e+00
3.241255070718400244e+00
5.234289923463158800e+00
5.244895897649086258e+00
4.588867103308354345e+00
5.598241494884057090e+00
4.109215653367360055e+00
4.821772247024915359e+00
5.819257758739135866e+00
4.592937126995833452e+00
4.901311726491345944e+00
4.351066616877496962e+00
5.753324267719581719e+00
5.885312342525003793e+00
3.856342951563848764e+00
4.388114885064049453e+00
4.358286778723248212e+00
4.397029578794011684e+00
3.894051820143113130e+00
3.988497871760790403e+00
5.904246401093899088e+00
4.398625919979560095e+00
4.715361840753083733e+00
3.133382435833552027e+00
3.452948127095133657e+00
5.277319970767064383e+00
5.868968398173399770e+00
3.876377759345453811e+00
4.479414829240351281e+00
4.450045366701774974e+00
3.535201013312521123e+00
3.599111196468464335e+00
4.046134149889444309e+00
4.210590743137536229e+00
5.946055739973045817e+00
3.455877386972100673e+00
5.460011407778480930e+00
6.583897060626820341e+00
4.673953870840262148e+00
6.275463005074648493e+00
4.948916186325441835e+00
4.589777976283591521e+00
4.601428034448900029e+00
5.136978175408187575e+00
3.855923515752641251e+00
4.851652899908789784e+00
4.496854986721603886e+00
5.401617839745768812e+00
3.273861562176651585e+00
4.661060572034873672e+00
4.377666203149740198e+00
4.163636689809297131e+00
3.894251613955578950e+00
3.027327776047818553e+00
5.936519346595853008e+00
5.112460303200323075e+00
5.695029118703120119e+00
5.180787268001243007e+00
4.973477170510776979e+00
5.596570798799834989e+00
4.088607247755659202e+00
4.838459996374417926e+00
5.718576387975686792e+00
5.726747274258348064e+00
5.209402602863085541e+00
7.105381214264077983e+00
3.673101056961459943e+00
5.495605123204321707e+00
5.609870807690355399e+00
4.066902278942648330e+00
5.464867033293283605e+00
3.309160021410689545e+00
4.173792454483038483e+00
5.486497418719689989e+00
3.245574279513902205e+00
5.179642957519868141e+00
3.501053537431105145e+00
3.918038828992502332e+00
3.738016832606417150e+00
4.279673597461057355e+00
4.485142920878395500e+00
6.399996803697348469e+00
6.640209132178221729e+00
5.018646501332558962e+00
5.293477650700356918e+00
5.010618203539863202e+00
3.624407968623459375e+00
4.467424113947097375e+00
4.769398512679238422e+00
5.212007607341595516e+00
5.820396459943703249e+00
6.002419968659041594e+00
4.846423616445430405e+00
3.776911979894972404e+00
4.476481387822797586e+00
5.532662307837860283e+00
4.281023868387641151e+00
5.969469317975761413e+00
5.320529341155334713e+00
5.099791325882880422e+00
5.381249060791510885e+00
4.699198122670045663e+00
6.202173175623132195e+00
4.766356352444207189e+00
3.132833176520705809e+00
3.744732606434829414e+00
5.934213870632298438e+00
3.809098291690221405e+00
5.518853099608739043e+00
4.244180460750186512e+00
5.447967724613722140e+00
3.559213873251988680e+00
4.545912349530404128e+00
5.575216237384550411e+00
3.745655120969281882e+00
5.851116528819133578e+00
4.679173135601397249e+00
5.115065083816300096e+00
4.595201281815519678e+00
4.647984509801903918e+00
4.420258022493032790e+00
3.864145026457836085e+00
5.819915844535517024e+00
4.718226158944527349e+00
5.998673103741313462e+00
3.964635665445217061e+00
4.369945969608233227e+00
4.325180640096864870e+00
4.468215985242597554e+00
4.521445847651516914e+00
5.974240022930460192e+00
6.800651121018266743e+00
4.528761763633484705e+00
4.414977591073590446e+00
4.444825851680571205e+00
4.095500266510320841e+00
4.090493095275944846e+00
5.750882478120765029e+00
3.893155548076535410e+00
4.442236308055478311e+00
5.049913201347946412e+00
4.050396336442643630e+00
5.058654035018915529e+00
4.235118233794167075e+00
4.232137090726366679e+00
4.600140619190310254e+00
5.770514304932718552e+00
4.864676869373667500e+00
4.559398117526197503e+00
5.318805570930217996e+00
3.482054205056422269e+00
6.093677461109988869e+00
4.313517301248390723e+00
4.744072536466966028e+00
1.930431453172948952e+00
5.543397039524671221e+00
4.957167885855685796e+00
5.826223472556347538e+00
4.503594274503203820e+00
4.662148300365648979e+00
4.051837261772547549e+00
5.212267902605006498e+00
4.405481081201200411e+00
3.471574770784152886e+00
4.518659406280607804e+00
3.429161854486206806e+00
4.235487057669991451e+00
4.772858293907598970e+00
5.421464413000213867e+00
5.198193278033155451e+00
5.457565905148947571e+00
4.641474639126287549e+00
2.169782689907656881e+00
2.879361093767099700e+00
5.657124578508570423e+00
4.883593222592338634e+00
2.689451798817640960e+00
3.786947346714156559e+00
6.027928836101864363e+00
5.207931377302259079e+00
4.744627791567284092e+00
5.874316416811873331e+00
4.381867315383404460e+00
4.036213466221789226e+00
3.996603178949380553e+00
4.496544065084625785e+00
4.242081473075842268e+00
4.200423078807640209e+00
5.824643272924708626e+00
5.954888048146284696e+00
3.940474402035488488e+00
5.173775123221616923e+00
6.288565319806420639e+00
5.262246720502775865e+00
4.326754655553203932e+00
4.889559917064428163e+00
5.010428623907170476e+00
3.211458146665293611e+00
4.897314767391395485e+00
5.150191953662611510e+00
5.070132155960917153e+00
3.996700812201021247e+00
4.807968341177430105e+00
3.925975572845247896e+00
3.342033939388953545e+00
5.990193032838075027e+00
4.736418610351104341e+00
5.079293606589201815e+00
4.416454160443519683e+00
4.049505376431894454e+00
4.248909293791998110e+00
3.876867043521251777e+00
5.072057622100444974e+00
3.310117079912062721e+00
4.128942606453496644e+00
4.672044052127340308e+00
5.133763716580961756e+00
5.020328926466775421e+00
4.917720994250378119e+00
5.028547835904639385e+00
6.324814351742878316e+00
5.564783579254587664e+00
6.273785089911910084e+00
5.595404143699411748e+00
3.478873834484502048e+00
3.961242331571925401e+00
4.219761580394064460e+00
4.462696103471753162e+00
4.183859746508127309e+00
3.974742810763112644e+00
6.197645684115093090e+00
4.443927472210924989e+00
7.019995815809362050e+00
3.648309799573921097e+00
4.536492294438018824e+00
4.700813919994225820e+00
4.338390980301271682e+00
5.164743347229884485e+00
4.289343015563783723e+00
3.083225033736914700e+00
3.680714518914952382e+00
5.099698748013618221e+00
5.776554485552131801e+00
3.444977527780782367e+00
4.981234867468293359e+00
4.255884357274282159e+00
3.891432532029112323e+00
5.918361694357819225e+00
5.335796981382927129e+00
4.602646056226618043e+00
3.460113542712784263e+00
4.561011633070514826e+00
4.041160627917632198e+00
5.214650517157949139e+00
5.083401102900472424e+00
6.334694003013699337e+00
4.451410316576284387e+00
4.405110348468378234e+00
5.593273431247098415e+00
5.433726623721926607e+00
5.975132435869345393e+00
3.997306962415815512e+00
3.270202833110752660e+00
3.761865679714878397e+00
3.358620456198959214e+00
6.025107176753967231e+00
6.073798054782484357e+00
6.299888208964135039e+00
4.619476763809133857e+00
3.522935752467023729e+00
3.936603678114786842e+00
4.392666500306095401e+00
4.503121599731414015e+00
5.492864459837293545e+00
3.298643313476151473e+00
4.114641629265804568e+00
5.155020836208152879e+00
6.092169695299291199e+00
6.564843453408608198e+00
4.245901952087670850e+00
5.468266465331161008e+00
3.813773907075011405e+00
4.655294677845138729e+00
4.656957877435995208e+00
5.178110070004284360e+00
4.005668096503301356e+00
5.648756671371208071e+00
5.594615777890814989e+00
4.631019996073289846e+00
4.523434300582612089e+00
4.010865823848406286e+00
4.601491280663566386e+00
3.795637853602549683e+00
4.094820463598945359e+00
4.269673424339555545e+00
5.102298542373889134e+00
4.346715143646084911e+00
5.080510607505095422e+00
5.434122483760892131e+00
6.461737611888198174e+00
5.372978531056605611e+00
4.671715416080967742e+00
5.721720480023653188e+00
5.170423408588247227e+00
4.385840067896247696e+00
2.690327558908230277e+00
3.773067849799459861e+00
5.234836651752670988e+00
4.624946857784562049e+00
3.836389345594738209e+00
4.758448522598076380e+00
4.659923930191752106e+00
4.645135466721292516e+00
3.859760242598216706e+00
7.696081836502159490e+00
5.448483952590620127e+00
4.953912384346422115e+00
4.110015166803422382e+00
3.762696740186894928e+00
5.476192163107945099e+00
5.122150536573418123e+00
5.189469831712426817e+00
4.607344737564288195e+00
4.781897325600347415e+00
5.087661780100841469e+00
4.795661626932945509e+00
4.539646896062375703e+00
3.812166977016098635e+00
4.782398207226924214e+00
2.959307933023646697e+00
5.071762074669033282e+00
4.048963228204696563e+00
5.425326491551055064e+00
6.023084730701690148e+00
4.997242801462355999e+00
4.959787542544003003e+00
5.972847916925088541e+00
4.080255469760150966e+00
5.192156522991711931e+00
5.128336220203454587e+00
3.938752182031993065e+00
4.121705642975660666e+00
4.416656567692129443e+00
3.944145118614217793e+00
5.822162835063887876e+00
5.223707976696605471e+00
4.372523327282467953e+00
4.283939934402812177e+00
3.511448931658628148e+00
5.884538637366107494e+00
3.889983684807251763e+00
4.973209490852022796e+00
4.262715074493987011e+00
5.917188060609175793e+00
5.561171134035804542e+00
5.385842238162243945e+00
5.158836421078835777e+00
5.335677125662952491e+00
3.976881966274862013e+00
4.328614096006369927e+00
4.350005218446741928e+00
5.063153310170953603e+00
5.968297077046089250e+00
4.895041874712157792e+00
2.245896889746905600e+00
6.106474509473995838e+00
5.103077128360403059e+00
3.765263225721127149e+00
4.405717670500572503e+00
3.951407556458033987e+00
6.267858279018115653e+00
5.217116962225894383e+00
4.017080750981206982e+00
4.801632327843146975e+00
5.983527679495767693e+00
4.384745085108698426e+00
6.701547897691660260e+00
4.748210377455401421e+00
3.979720501347718820e+00
3.904929033936364480e+00
3.775887116282679035e+00
4.249501540311906744e+00
3.326554335895957060e+00
4.649871000874867377e+00
4.023421168544201620e+00
4.987041234549777435e+00
5.011316579453229281e+00
5.677511985990893351e+00
5.097171141602641065e+00
4.596618949640577156e+00
5.730516044817240306e+00
4.382766533704325340e+00
5.661121152233687503e+00
4.730718354291310490e+00
2.960837156964830186e+00
2.546220606426098154e+00
5.760815863608318210e+00
4.162072028237440158e+00
3.481907765520550146e+00
5.430975669735630618e+00
4.260566717024662609e+00
3.600184348258268940e+00
5.318428587854491241e+00
5.289282159915440928e+00
4.560090970332556282e+00
4.515616681503096252e+00
4.504314227025473905e+00
4.676034693090934447e+00
4.721208418218335368e+00
3.814202283124645820e+00
3.761082170984854756e+00
4.498072284634672791e+00
2.711668833821588631e+00
4.455573287054826359e+00
5.185540514714327642e+00
5.176364075318130809e+00
3.323901452556289104e+00
4.186787118673816366e+00
4.174911742866884268e+00
4.829859241625754862e+00
2.985987409010385285e+00
5.361848446379546829e+00
3.649717445034039720e+00
5.088675128527951230e+00
4.682453846149921439e+00
4.492281943845657821e+00
4.752400107574271892e+00
5.184688047427262525e+00
2.377246442450151598e+00
4.725165249119370081e+00
3.881186631655376029e+00
4.506587217731252260e+00
5.238798062895288155e+00
4.183225086719101427e+00
4.781707783959348035e+00
3.553239055143491587e+00
4.053651592292418115e+00
5.730510155107701564e+00
5.019729259134400046e+00
3.663132730065374876e+00
4.119420597141274953e+00
4.821546864691900858e+00
5.384140238504898868e+00
4.644288682127773349e+00
5.160930957028394772e+00
3.678563887151013567e+00
3.922387351659022858e+00
5.838071898113479818e+00
6.235155322862294902e+00
4.791029707025085571e+00
4.218092906495742866e+00
3.868252656060251926e+00
4.354578076776255635e+00
4.216747146069106833e+00
3.059597391907763253e+00
4.923544508987110824e+00
5.500997961358673471e+00
6.044160735365077919e+00
4.825503945377374926e+00
4.617960730098944033e+00
5.073345689165693173e+00
4.537956114702029531e+00
3.877452450382706139e+00
3.243697733190240573e+00
5.563279571756307718e+00
5.943793433868244769e+00
3.103508690569743322e+00
5.770023614658487787e+00
4.669684677572614184e+00
4.888345241038416056e+00
5.417618891274679882e+00
2.823879057510707558e+00
4.338098908278194443e+00
4.419374531655605232e+00
5.451682528263177119e+00
3.312596693984088070e+00
3.869826547919068105e+00
5.343588157538973427e+00
4.435193612329124235e+00
4.001423193224830754e+00
7.027264352207545528e+00
4.612436073857655749e+00
4.718262469575001283e+00
3.808538082112987500e+00
5.177463037798525569e+00
6.705573401090592078e+00
5.388187204876995651e+00
4.554696075846760728e+00
4.857596226545517482e+00
5.728828906479495942e+00
4.941283359759984783e+00
5.069255440482416830e+00
4.198795346180550503e+00
4.604097261029627575e+00
4.668492642363385237e+00
3.986029519929368270e+00
4.914829431510748137e+00
4.412512822753205555e+00
5.506500826324676190e+00
4.749839460193996388e+00
3.815388167970374944e+00
5.844249185431801052e+00
5.518796643811429981e+00
3.166856153154929299e+00
4.474339492634194393e+00
4.013712737632237904e+00
5.533512485409414872e+00
4.446159916320953087e+00
5.134646164302747451e+00
4.985338569399534236e+00
2.729499365017215684e+00
5.066042292546886650e+00
5.364095697517716310e+00
6.022104559259301659e+00
6.561009345118414160e+00
4.121097290067108787e+00
3.779341914215867959e+00
5.056621195543529623e+00
4.225360735359666720e+00
4.148375573650742609e+00
4.783773041101167856e+00
4.556411569240585102e+00
4.851796284964291495e+00
5.013107423421608644e+00
3.981273296240808612e+00
5.085898021817786052e+00
4.979901030301890685e+00
3.480865829586985871e+00
6.233705928452221379e+00
5.637951232139031710e+00
5.693750134672868057e+00
3.106559137475364274e+00
3.509230434916571717e+00
4.665597905094556630e+00
4.794846921745269164e+00
4.870179180865658708e+00
4.258465548521351174e+00
5.262279693518959967e+00
5.218252215201747646e+00
4.339055239000101594e+00
5.940959447738610066e+00
3.750425822157942957e+00
4.869920462980132037e+00
4.606052187215066596e+00
4.817563737675643942e+00
3.395306300851455461e+00
4.653233800945497656e+00
4.682685628555813828e+00
5.713622758957042969e+00
4.668924427590242843e+00
4.969629313018983474e+00
4.720618533707384934e+00
4.213560160573107005e+00
4.401299425651504116e+00
4.471457162626550463e+00
5.137724732371916403e+00
3.696934638150041419e+00
4.710963795365804785e+00
4.305780608570143109e+00
6.351534119731283567e+00
4.796144533783521346e+00
4.369561345774720884e+00
6.489485458850817956e+00
3.859961717721833718e+00
4.700530466603228597e+00
4.871865788346963377e+00
5.219894667709132463e+00
5.225095459081511962e+00
3.934199018286215210e+00
3.906899278076541027e+00
5.065139897850539086e+00
5.520122526550689024e+00
6.185702445110593750e+00
3.983878768674546045e+00
4.035535544365089322e+00
5.620297511751193298e+00
3.407228100952704786e+00
5.100655217504436401e+00
4.794889966172842577e+00
5.291962112506820581e+00
5.511677970399646576e+00
4.729984973112351554e+00
2.409579019419863855e+00
4.541193707016816461e+00
4.160025167364413967e+00
4.671068287142764675e+00
4.504390137871944866e+00
4.904479959489763452e+00
6.024328966135299446e+00
4.232463155035289581e+00
3.722261206155621061e+00
4.054475055081751655e+00
3.179927764785088318e+00
4.786601000339555156e+00
3.230202849559134837e+00
4.393598882706193365e+00
3.121064568188761879e+00
5.257757439357241047e+00
3.996893160924097632e+00
4.764365039024384352e+00
5.940954121185324510e+00
7.353791047616682341e+00
3.649961725166453341e+00
5.460378415743138092e+00
6.821590827123251266e+00
4.525649098028798001e+00
6.251439982497049463e+00
4.168784690360044287e+00
4.034637199967328947e+00
5.173493911122677424e+00
5.598745818413488173e+00
4.711421867529260510e+00
5.705815550877825437e+00
5.562429667939739808e+00
3.656075240208946919e+00
6.611470784637881515e+00
4.714261658150779688e+00
4.251008653628419509e+00
6.535876720669177686e+00
3.633038201001828948e+00
4.575652020594910496e+00
5.926085868700112336e+00
4.877698317384294491e+00
4.567204214336512358e+00
6.657016260002613706e+00
5.041463110791902125e+00
3.833295588945347721e+00
5.191629394737875991e+00
3.978668623779299196e+00
5.147098842252039397e+00
5.095898265170979435e+00
5.470882302803095953e+00
4.388101195519267250e+00
3.712065865245836704e+00
4.086387942094243719e+00
3.939753782258205828e+00
5.074571177220621010e+00
4.090658703614373337e+00
5.935357759128398136e+00
4.807995514825125660e+00
3.841986848080956030e+00
2.869469084488986077e+00
4.776035551756331543e+00
4.519389576496109839e+00
4.144890968157519673e+00
4.074045660942439362e+00
4.670225995685238551e+00
5.027205262739859570e+00
5.179284605219240056e+00
4.687163196419448674e+00
5.758841804335864900e+00
5.011964836365178755e+00
4.886202172214690442e+00
4.916353849605414439e+00
4.938190850609294635e+00
3.508460634254641608e+00
6.435355231784308572e+00
3.282414499370661876e+00
4.471917652099710594e+00
5.072750877878114295e+00
6.369058356464895709e+00
4.811499913803795714e+00
5.746908200787126830e+00
5.252980300320722051e+00
4.139995421017209409e+00
4.595577935449619567e+00
5.781673727436412946e+00
5.433456675903495459e+00
4.858032352317034785e+00
5.966793175354477619e+00
4.501144058554324090e+00
3.004029806434326488e+00
4.166410404639150578e+00
4.516534888274282622e+00
5.015938756553057765e+00
5.712278733937762532e+00
4.894964440502223901e+00
5.652602625175659590e+00
5.487259740976051070e+00
5.372743134839272017e+00
6.382619918604841125e+00
3.628342453118004851e+00
4.944707726503106748e+00
4.118318277632885938e+00
3.027929897940615955e+00
6.108824250065978845e+00
3.158714000334336802e+00
3.502833460148937927e+00
3.512586597212698170e+00
3.137213547791799062e+00
3.488570202915428187e+00
5.778125949486492274e+00
4.424251001434432951e+00
5.624520428460299648e+00
5.138519119442389815e+00
5.235831533781556857e+00
4.293516480812646918e+00
6.029118712973149385e+00
3.756032851551428298e+00
3.605530791876270680e+00
5.220729587927041671e+00
4.898297099564859813e+00
4.447444135842207658e+00
5.358615742446780850e+00
5.341819973165764956e+00
4.075854505139908213e+00
7.112673954658756514e+00
5.442379672554018555e+00
5.387608399414978599e+00
3.981611493503248056e+00
4.959018241805535077e+00
5.077156701012358830e+00
2.961387820403703408e+00
2.731170749982753332e+00
3.504094855533246289e+00
2.571523201739343012e+00
4.347427399914525203e+00
3.501664873608695494e+00
4.378805073594596919e+00
4.454653267695101171e+00
6.468285804596732191e+00
5.406281888174831352e+00
3.003235823057657239e+00
4.100881779390991966e+00
4.691551950899373935e+00
3.192782519842505717e+00
4.532147841294277058e+00
4.720851377270915528e+00
4.840389648920954357e+00
6.226792244346209593e+00
4.891138865208969122e+00
4.547231756139780146e+00
3.919344941056850384e+00
6.112739436077937683e+00
5.388469115310886792e+00
5.243786263609724330e+00
4.138433492025142435e+00
4.154707937003136564e+00
6.335803338910857008e+00
5.298995426331131853e+00
3.597544149121046697e+00
6.281469949185417789e+00
3.943825690835840891e+00
3.508242967678142143e+00
4.440110125818804043e+00
5.442391364494531203e+00
3.901264204069254671e+00
4.494379558200326308e+00
4.386577811422946560e+00
5.668312704564805848e+00
5.062356863308925981e+00
4.699400340200821979e+00
4.149515625765294757e+00
6.252472860273636357e+00
4.957880391183342006e+00
5.368061257196143465e+00
5.987174775616979083e+00
5.231754154829048709e+00
3.168011536986956589e+00
3.968250931445922003e+00
5.434734281611712348e+00
4.569045622087815062e+00
4.181444578218639130e+00
4.980449137466319343e+00
3.799331045241542526e+00
4.230998958650394215e+00
4.227690973335810121e+00
4.334827722474677181e+00
4.368537270974073294e+00
5.617860308114332568e+00
4.750667730950446810e+00
6.007690163627604996e+00
5.176404248577177292e+00
4.194851529587056760e+00
5.624978991205384027e+00
6.183834423183943940e+00
4.979010579653420088e+00
4.691267964663864198e+00
5.055903677789414630e+00
5.976827086046306192e+00
4.987219505701396827e+00
6.130183001359709394e+00
3.824141796783363745e+00
5.219566883550534442e+00
4.633458910123826158e+00
5.440514193160726819e+00
5.072805961394854180e+00
6.786012534769470861e+00
4.755952438134922744e+00
4.434332879200842292e+00
5.012904449553808206e+00
5.855469537942601832e+00
4.233526393928891629e+00
4.853370573862847870e+00
5.966309452564323657e+00
4.629720865612105385e+00
5.312002391906526455e+00
3.221737971500743036e+00
4.421248457522899855e+00
5.980771706081895900e+00
4.442442505500874717e+00
5.116598486439662530e+00
2.408530629647229304e+00
3.948875198815851029e+00
3.853816748432284722e+00
4.081837883165432501e+00
5.057276884631034086e+00
5.748881082862340897e+00
3.598755575973576981e+00
4.291207852327383776e+00
5.820262910886193630e+00
5.780548506853933510e+00
4.286835544189353975e+00
4.099942625208286451e+00
4.246379168150093975e+00
4.718428799489969627e+00
5.172203266847261283e+00
4.876374253657301594e+00
5.025210994187242264e+00
6.059609459328653358e+00
5.349819866562451232e+00
6.208261325677230325e+00
4.176207431127660463e+00
3.435444168088245487e+00
4.863952651573542063e+00
4.721461156456927988e+00
4.262033813728248965e+00
4.353566575128350102e+00
3.593726417722398203e+00
5.665833476374715794e+00
4.635665006077513084e+00
3.760488192411263864e+00
3.876836067749642289e+00
4.799258971844460042e+00
4.981098220476885885e+00
3.961116166131942951e+00
5.205323672552423453e+00
4.191161319514763228e+00
5.157534513080160643e+00
7.844927225922608827e+00
5.165703755903093608e+00
4.125929057811047684e+00
4.485247944168119894e+00
5.835732831427038469e+00
4.149962441683561210e+00
5.773847136881757436e+00
4.711799992830266959e+00
4.352070603452712128e+00
5.460434332972403659e+00
5.025630275451061557e+00
6.674003038840166546e+00
4.922050052854420876e+00
4.246199090590998537e+00
