6.292932841407754552e+00
2.094963077050617350e+00
1.194660385022326921e+01
9.532351517060638102e+00
8.195870124392618195e+00
1.259859729482643687e+01
3.125536453666731163e+00
7.669602360728644541e+00
9.561853966752654088e+00
4.230403859561564950e+00
1.360501298760382838e+01
2.291662728133037064e+00
7.801408179835830126e+00
1.250495356661001267e+01
4.864872446676998585e+00
8.344206005255573544e+00
3.344149305244344283e+00
4.646825941568941687e+00
8.644354011044770303e+00
9.379492843239937372e+00
1.558099075171409220e+00
6.049099517842731366e+00
4.794266892666446900e+00
5.336396727966367770e+00
3.083242663556027274e+00
1.724647527676376413e+01
5.175416160166177448e+00
9.701771807232276723e-01
5.532962330608101276e+00
6.026261480879234078e+00
1.805815794827293885e+01
8.343177996334649293e+00
3.327160526264187901e+00
6.961420718489607751e+00
5.231708215753401170e+00
5.888470529433988965e+00
1.042933760936328547e+01
5.454485208569427535e+00
1.924085850888312166e+01
1.297893183841928000e+01
2.712060690738716140e+00
8.816448051623364535e+00
8.210783049885209905e+00
5.775395473319808737e+00
1.253691590862086969e+01
8.707782516093494962e+00
4.732085894903668155e+00
9.373053149351092017e+00
1.396167774066140765e+01
1.232437619090663183e+01
1.018845074280522844e+01
7.610869327670903850e+00
7.077833490231891567e+00
1.014999779474744201e+01
2.170059984621670779e+01
1.459733347268577752e+01
5.221862375058568873e+00
1.515654120047013276e+00
1.654797378984228740e+00
1.942062823921205217e+00
9.968811601781126797e+00
5.574492473868327913e+00
2.727542029323828388e+00
1.616444613569182920e+01
4.196852581788499847e+00
8.455283237601028290e+00
4.184503049036721323e-01
6.268547850141566791e+00
1.575175010709216039e+01
5.487824751902567577e+00
7.591794756752696216e+00
1.144240297994486788e+01
1.310125491191761249e+01
1.039821808809761450e+01
7.111576116142810378e+00
1.557706137451269290e+00
1.123203631787261791e+00
7.384706735889353446e+00
7.985172222964038724e+00
9.448077158434353251e+00
1.450145543541584203e+00
8.503568077734701802e+00
7.704372850096636860e+00
4.999183547120624738e+00
7.043382959280712008e+00
8.349127704205695721e+00
1.532425722250970779e+01
8.895591385299452369e+00
3.531633966919843992e+00
6.969381794960905374e+00
1.085140370617374472e+01
4.740456318135827019e+00
2.337957562286871571e+00
4.456057389490929665e+00
7.333981894034322657e+00
1.471175932510302253e+01
4.921731112709530009e+00
3.389916546374707629e+00
1.126254163614031356e-01
1.150505465728467058e+01
9.048700643862156667e+00
4.193085840444379819e+00
7.767017279926072604e+00
2.513497480429160547e+00
2.546018263674667548e+00
9.153714920299853119e+00
4.893580688782711796e+00
5.931050457046358915e+00
4.472082041625986548e+00
5.649462791548295115e+00
2.357770308330128906e+00
1.125583448711057599e+01
5.329911230338264971e+00
6.378464469023834127e+00
9.051595454588529321e+00
6.886171228911901032e+00
9.105752174213896932e-01
6.743061009904793401e+00
8.245216339918281179e+00
1.048298906740736314e+01
1.020814376214724994e+01
7.445524411722823643e+00
7.970774107184090518e+00
3.118020529554676568e+00
7.728129835829234295e+00
7.558929006188856548e+00
3.329182815186560340e+00
4.487063138042960198e+00
7.839966253904038673e+00
1.329550595928504286e+01
1.320432924528691920e+01
1.366233696630527072e+00
3.705745548910629683e+00
3.311278371797655051e+00
7.533497385827348403e+00
2.443622552861516084e+00
8.148867912655523682e+00
7.589111817815333616e+00
9.263828530420115115e+00
7.347329111068016338e+00
6.362803857392925977e+00
2.764532268745840682e+00
1.090439930272141744e+01
8.599857323733301584e+00
1.106117891319059510e+01
6.018533633000751060e+00
6.684000964619669638e+00
2.852413474164314788e+00
6.980377489184354189e+00
8.821327100869476467e+00
7.776111298456299892e+00
6.638031185151181290e+00
7.384429685554994904e+00
1.869627289984483243e+00
1.422347394980273450e+01
2.258432176267328284e+00
6.308130266734875313e+00
1.385314994509519160e+01
6.242781080391912596e+00
5.862673301025917993e+00
6.773596225847714258e+00
1.047284491453539879e+01
8.605319392519808375e+00
3.647704977546251115e+00
9.892584044711769664e+00
8.933226661878666874e+00
5.205919535052546010e+00
4.131805775859413110e+00
7.847505836775896526e+00
3.391208866262475752e+00
1.337448399949719224e+01
8.384084977725274612e+00
7.269908764747631480e+00
6.582215300324677720e+00
1.933236550780911145e+01
7.160089090279750046e+00
6.209578320180114908e+00
4.304424814208211103e+00
9.233016451485820397e+00
1.455972580580519704e+01
8.271609989681866892e+00
9.440502154232204290e+00
1.539801801010798243e+01
7.056412047359169826e+00
4.073266788841920949e+00
5.742305983773917433e+00
3.732687249303724197e+00
8.632916406362523887e+00
9.731070202601829422e+00
2.799193823913248558e+00
6.522337560492257325e+00
9.480019028694409045e+00
1.710710328853437900e+01
1.067988578332094640e+01
9.937868252347636044e+00
1.108809971420308571e+01
1.118767864454257932e+01
9.249607691084891670e+00
4.932337309725570940e+00
9.810707663737634476e+00
6.090416259290196699e+00
2.102187368226991371e+00
8.021055365341876353e+00
1.134714782792972798e+01
2.142311256876343606e+00
1.073825808236573565e+01
4.012118890138309801e+00
2.356962813007348334e+00
6.254132520285199170e+00
5.362141789900177535e+00
3.728798560611104485e+00
1.015772723691560486e+01
6.737339664488217750e+00
5.591921247471629997e+00
3.690862501451477318e+00
3.933733873758334720e+00
1.254387687764479509e+01
6.582068294086997895e+00
8.101363954320605743e+00
6.636804522334081469e+00
5.848844827293732784e+00
1.509783296318573775e+01
1.032969716492124412e+01
9.365261066092081421e+00
3.039522872614849547e+00
6.915428779202745346e+00
1.187554836889679777e+01
1.105385488080952605e+01
4.335382416096918989e-01
1.107072977244411938e+01
1.052863162015087717e+01
4.693862561818442636e+00
8.465049740671405587e+00
2.721782509979403297e+00
1.131333431626717356e+01
8.798088166634549623e+00
6.551838206727961023e+00
2.680209890150075047e+00
1.087332935804383816e+01
5.255651246290748979e+00
3.387462244354913832e+00
1.284627144501128448e+01
4.545444915853388501e+00
8.729846692010674758e+00
7.764863327007013316e-01
2.327328908687946551e+01
1.071021969763454962e+01
9.023493916302998130e+00
4.967557084699469883e+00
7.030105646067920766e+00
5.827511664902985444e+00
1.586945558802195233e+00
3.897264767860614931e+00
6.081744251503073073e+00
1.156158255835898530e+01
1.057735479452342631e+01
6.687018258758872236e+00
7.852754312443911644e+00
1.030913075041009996e+01
8.058386720413466264e+00
1.063547032114285251e+01
6.358770174089939609e+00
8.692363984593544757e+00
6.387648439477308315e+00
2.163228147924608180e+01
8.983267361609200918e+00
4.881519998324416854e+00
9.842016843609611598e+00
7.606186653310749612e+00
9.498282057881404228e+00
1.031899747174445459e+01
6.723601852933329681e+00
9.282398694604298228e+00
3.672051404567947319e+00
4.714437895370099163e+00
4.628430851434033322e+00
3.885985503014859788e+00
1.310669650521131402e+01
7.976756057859675231e+00
5.608612554062122335e+00
1.131469573110294746e+01
8.023883745385601785e+00
1.192525779961664867e+01
1.515758291247384548e+01
4.353480181530541948e+00
3.182328812673933083e+00
8.632375209796460780e+00
1.360699711103647225e+01
4.114126500135092179e+00
9.739465115702609310e+00
9.940362212039090650e+00
9.598449054901626809e+00
8.334265121272689925e+00
9.824096738067600754e+00
5.326486366584633814e+00
6.574393525832459950e+00
1.141739746587698612e+00
5.370808211865714554e+00
6.953554210629582233e-01
8.872604228112543012e+00
4.848893400814748844e+00
8.190534837453423478e+00
2.080067690373010336e+01
1.437555323477179137e+01
1.142139151776142114e+01
5.878605833008840875e+00
2.883957822248746528e+00
6.631744531734625525e+00
4.158748011761872476e+00
6.066338120532144274e+00
7.298445437620036280e+00
7.694963236403229878e+00
3.207233040316385786e+00
8.098143382897498910e+00
5.935742992026543874e+00
2.513823427150087664e+00
8.465696206266175139e+00
1.126216717134992606e+01
9.121741221523885557e+00
5.071631601957662383e+00
5.042648519709709731e+00
6.657905431056001966e+00
7.685398250882573556e+00
2.636923321062414338e+00
8.955606199141968204e+00
1.084496556650016608e+01
8.245685677973275673e+00
1.116898372485420587e+01
1.343577463591808829e+01
5.543065692887937601e+00
8.665367202548374337e+00
1.124532511247736721e+01
4.223958976502805385e+00
1.815679163688565190e+00
4.567282339737019470e+00
5.233759265624290613e+00
1.020208306793716346e+01
3.764728468747633894e+00
7.105210074241026241e+00
2.830984508348433515e+00
2.520499494121170692e+00
5.633074732812310081e+00
5.347729861910596405e+00
1.045137827560893129e+01
1.307539673819647241e+01
1.182490335529763748e+01
9.175470007681200357e+00
4.483658146569556635e+00
4.269768435648564342e+00
5.910945263633472280e+00
6.774063020443097827e+00
9.418005755362260700e+00
3.289880805474335368e+00
8.095321554139962572e+00
4.504608501458862158e+00
3.299620617279350299e+00
8.275642611486469846e+00
7.580636296366846771e+00
9.123581072054854246e+00
8.001128579512167605e+00
1.032268592711546340e+01
1.193297245452090571e+01
1.398536139999960604e+01
1.999490328618048540e+00
8.737959629237101566e+00
7.752081536736502798e+00
4.971669277871475501e+00
3.570422279918638697e+00
7.255417930349062239e+00
6.336014284350995673e+00
4.932980181127934571e+00
6.291087392229997022e+00
3.860520452861942786e+00
8.863954430831467945e+00
7.783237234397289761e+00
1.032424423770006428e+01
1.290377096775629973e+01
3.572466890921493388e+00
5.630245973070592491e+00
1.041811492893106639e+01
2.063897296665081260e+00
1.208865295927093975e+01
4.209759434922625942e+00
5.644114711672273188e+00
7.188525831801166888e+00
3.938031370159638556e+00
4.817204953778275289e+00
1.030118937228139187e+00
8.456204606514141631e+00
9.529844173473877689e+00
9.208527161768376601e+00
5.996310943301665475e+00
1.207851732587703708e+01
4.369643532046271761e-01
7.915920983779130005e+00
1.040541688690982447e+01
2.715586149244667791e+00
5.240770905270999869e+00
3.220025327949429972e+00
5.625242787717192883e+00
9.652637256669594379e+00
3.727680069996501810e+00
1.066089174338448409e+01
2.435471506690871202e+00
1.421463831217267781e+01
8.395403747785170623e+00
2.887052623536916940e+00
8.837558543428327695e+00
2.053436100128006103e+01
5.205093186334460498e+00
7.377036062957268214e+00
4.777679079643002424e+00
1.367519963507301384e+01
1.865096387119032073e+01
6.148514308945727258e+00
3.177416969012916592e+00
2.902511559092714410e+00
1.251902358273505822e+00
4.494022410509153076e+00
6.589404241029739318e+00
6.062419548948968284e+00
4.855401827473165177e+00
1.058187199343467988e+01
4.044572848302856016e+00
4.165938751693266440e+00
5.612232287598434510e+00
4.914794664393800971e+00
1.085435171989809655e+00
8.339453351064264552e+00
1.048851288576231688e+01
3.267835799456424883e+00
6.572192958873444901e+00
1.020611685566614746e+01
1.024650895719097576e+01
2.269440273912718098e+01
5.959900757344835043e+00
2.029109890963058493e+00
1.473564780958588827e+01
7.245388149560382018e+00
6.435052320173814344e+00
1.091483909968051691e+01
9.302634782752743803e+00
6.479247411155865777e+00
1.200488102335648932e+01
1.178055639646869857e+01
3.660304199063594943e+00
7.550246308792861072e+00
7.973475183304954861e+00
7.566969662602681446e+00
7.602096840627976526e+00
1.152296346375930725e+01
3.025489234284234108e+00
8.526137552759994520e+00
8.020101730972703180e+00
1.555143805531404055e+01
1.327891095654515929e+01
9.518209294320369551e+00
5.821356799250663627e+00
9.951592365206478163e+00
1.619139272583780542e+00
8.799098920159533321e+00
4.405932337055925352e+00
5.644237232310316266e+00
1.054466162845260335e+01
5.531335205912927044e+00
3.603251339663647190e+00
4.752438646870733585e+00
1.380485429724236468e+01
4.637866822374090425e+00
4.994687773242119100e+00
9.633205401115105815e+00
1.053639583512943956e+00
6.895230525047430170e+00
1.213975657518308893e+01
6.475809099324448148e+00
4.152065702894499388e+00
9.693474615026529406e+00
1.026371518863266274e+01
3.098880118980755327e+00
2.974610798571809323e+00
1.174128721363680050e+01
9.384026933342877186e+00
4.905926041565544793e+00
1.450640720546584772e+00
6.331082724404788031e+00
9.348996865620106789e+00
3.784754774970859437e+00
4.201774167982748054e+00
8.810782728599800606e+00
6.671360101012171917e+00
5.347493210431401245e+00
9.747009305181089545e+00
3.674180320214472495e+00
5.771586221167350317e+00
1.022756435861132296e+01
1.292833272681031076e+01
7.583865962343675271e+00
9.716044941886249120e+00
2.309685614040294599e+00
6.097371232273145480e+00
7.764688554382987995e+00
1.213329713140441690e+01
2.936990164757247168e+00
6.262430713696152118e+00
2.376519335336274352e+00
2.415208880660253854e+00
5.485829380668014288e+00
7.250646410001035491e+00
2.529190921597987085e+00
3.672090482970746805e+00
3.172177952023306435e+00
1.383794005564602791e+01
1.156156814144156186e+01
6.258069527227746676e+00
1.998687182581702970e+01
1.091472208941483757e+01
6.413165064805767202e+00
4.475357573435739589e+00
8.217048436346486184e+00
9.547696544729323165e+00
6.312505048817159903e+00
4.360065881517580344e+00
1.381040976598152348e+01
7.567515559897309174e+00
9.462609965690555569e+00
5.475690539115746214e-01
1.216116580096157485e+01
1.400270610215631528e+01
4.537864877295292310e+00
9.762852496685043846e+00
7.057739520332754424e+00
2.177401280198167477e+00
7.529110363655066251e+00
1.032848949651984327e+01
7.944568599185672042e+00
2.666913099078508154e+00
7.695086351671442948e+00
1.035655296554775973e+01
1.065576947227045146e+01
1.151319146248986591e+01
6.232687354422339787e+00
1.151122898460709187e+01
3.153046766021508684e+00
1.482587323812247426e+01
6.983512522531050593e+00
6.709855382338484553e+00
7.442323164006420022e+00
7.412381238695442853e+00
3.003763391642633174e+00
8.119066283623512348e+00
7.006248535584274961e+00
1.256649184376819406e+01
1.573340922195990199e+00
7.063634117449884009e+00
2.527686772337418120e+00
3.835847992360829295e+00
4.963586976436078935e+00
4.204975874527407953e+00
1.371213227265177004e+01
4.538149666775264102e+00
8.549569095745003011e+00
4.704818285072571271e+00
8.056827001691383217e+00
7.674422869901548871e+00
1.122734239249947308e+01
7.659861955553775026e+00
6.383851711406909324e+00
3.675511676402876571e+00
6.752140096097789090e+00
6.798749673456321752e+00
7.690359787121722412e+00
9.768256130009875804e+00
8.442690717082777851e+00
1.165707160553936461e+01
1.047244138195089036e+01
6.298726457104710796e+00
9.015185911473817981e+00
3.991549521925447319e+00
1.396223322223798391e+01
3.427091921493214954e+00
6.128494346881938171e+00
3.407635323517329784e+00
2.750295851737164288e+00
7.846318707025143446e+00
5.032673695186316465e+00
1.019068154582469354e+01
1.986525350874557727e+00
7.080305983964006344e+00
3.513125430597131338e+00
9.445664959628503610e+00
1.771328941316654237e+01
1.079909270512333741e+01
7.953283055591506390e+00
6.375546047250396420e+00
6.726434142910186154e+00
2.913912855617276421e+00
6.970672148389835954e+00
7.152579676394998032e+00
7.869701649205714133e+00
4.303621942914621634e+00
1.665471761595822997e+01
1.179018878218290212e+01
3.947572033244525436e+00
1.268346964457272819e+01
