6.866285449793562812e+00
2.059240727053021303e+00
1.081185009803961350e+01
9.184416162756965818e+00
6.052836530247818203e+00
1.665566112628086515e+01
7.152248912591281815e+00
7.881101615038765829e+00
1.012803726119496694e+01
5.787057082695228338e+00
7.341260724929657755e+00
4.347890658520568330e+00
7.345981269177465300e+00
1.114586176164865883e+01
5.382616838390736014e+00
1.198613322452115071e+01
2.465557967106865256e+00
4.286558808544475241e+00
6.970563272072588745e+00
1.077048998015771986e+01
3.861394550098632639e+00
6.913046791417576387e+00
5.438189786296152128e+00
5.760002820828893810e+00
4.256378377889447506e+00
1.752670394058246472e+01
5.165350681537875133e+00
9.532206228680561999e-01
4.231180862352923455e+00
3.808861405356055663e+00
1.521025056395536446e+01
1.111323776219652082e+01
2.746781184866269321e+00
6.738345332175479818e+00
4.463904186526646889e+00
5.524869844311918854e+00
1.219534081311405949e+01
6.339774636130423247e+00
1.390599296157911624e+01
1.730314939735255564e+01
1.720337561750371558e+00
8.905443357682875316e+00
1.398466978671915228e+01
3.701965227356155186e+00
1.478331497557225482e+01
9.626730303443984837e+00
4.272926355361061468e+00
9.044098098403104302e+00
1.476819062064947552e+01
1.207759966980406752e+01
1.046029054512439416e+01
7.678701712302827609e+00
4.675465946006501561e+00
1.012314333326043325e+01
2.009138375951373590e+01
1.483261438612557370e+01
5.848899627642203392e+00
1.044730560492900029e+00
3.716560192785690830e+00
1.883263008852636755e+00
1.002917593165972754e+01
5.841753617920581121e+00
2.949855370123274589e+00
1.530225538443661293e+01
4.334859377462766616e+00
8.371206606581930387e+00
4.086354498829575910e+00
6.602942012505072178e+00
1.455560873073252459e+01
4.828977383604681428e+00
9.434228646580251620e+00
1.154155376915686126e+01
1.391279005927123080e+01
1.167351082948634122e+01
7.570665714007795977e+00
1.406131527012580262e+00
1.592408538828937736e+00
7.533466452955025261e+00
7.314516205241980984e+00
9.723333291358102315e+00
1.496195032305923212e+00
1.005124883709023287e+01
8.123042141515320225e+00
6.652428976644242375e+00
7.096900979415511124e+00
8.670861953612389428e+00
1.256589139774066588e+01
8.788000315248854832e+00
5.427504565243274293e+00
6.441443825994698891e+00
1.145140391793870371e+01
6.023078715338560762e+00
1.748865498514878603e+00
4.034376728627145248e+00
5.208679623145125781e+00
1.317302870775909973e+01
5.699493781643308665e+00
3.625123026462452103e+00
8.984098678481556854e-01
1.171576289016368833e+01
9.835994185797988010e+00
6.664541255861849756e+00
8.357846381270286784e+00
2.671141542781372280e+00
3.187390729307794768e+00
9.134615834320861438e+00
4.913761449688391458e+00
5.321403250991179945e+00
4.324216945621900621e+00
8.196223995342368340e+00
2.644732143948226533e+00
1.303505611936248698e+01
5.451178066721762860e+00
7.571293582536818612e+00
9.471370126564414349e+00
6.609319636801779474e+00
7.300086575614604945e-01
6.335962363649584539e+00
1.185954063569926653e+01
9.306953982984545348e+00
9.855397327341396618e+00
9.092216128533454622e+00
9.147061420213454142e+00
3.261670225202605078e+00
7.836319760737418427e+00
7.513129555133567727e+00
2.454766429809339012e+00
4.908132792669952060e+00
7.838364110493316161e+00
1.279124685133688821e+01
1.336154335948941529e+01
1.445664828408213642e+00
5.462992508876642894e+00
3.575892017796422628e+00
7.621969468520998880e+00
5.323352695879735030e+00
1.005136744551148986e+01
1.199172947728015082e+01
1.085025644025531655e+01
6.324736509972649579e+00
6.492613917666063550e+00
4.453219179169320086e+00
1.069356258359868939e+01
7.147748516709176769e+00
1.072204271328212144e+01
7.116740338757359119e+00
1.082225879185162221e+01
2.395014331798802409e+00
8.049214000410987779e+00
9.380558847837473735e+00
8.757213109875516821e+00
9.626285598245125641e+00
7.120858282640750048e+00
7.643036580337623676e+00
1.107852281637076253e+01
2.865905778325660958e+00
6.228572020400691578e+00
1.272633715326143111e+01
6.620057615795983175e+00
8.264491138668711656e+00
5.404467370979332053e+00
7.403160383382984655e+00
1.017043276734346868e+01
7.089263155022565321e+00
9.005770480167267777e+00
1.150806332569816526e+01
9.462983048450212209e+00
4.904977430608790101e+00
8.065811583594785006e+00
4.639435775199344469e+00
1.166376988842732487e+01
8.253426566600918335e+00
7.564492797695408832e+00
6.329690789628585890e+00
1.799247176949474536e+01
5.730911821484809821e+00
6.369674075125822732e+00
6.885023750233081330e+00
1.059109631705730337e+01
1.494556336921961304e+01
9.139160070049465290e+00
1.117264994142784040e+01
1.462165850393656896e+01
8.257917520732480199e+00
4.626948903352385400e+00
5.874019946733974429e+00
3.267069518480771428e+00
6.936692901032725622e+00
1.049198111958968838e+01
3.454447697845849152e+00
7.930265162049995098e+00
9.346148116869972711e+00
1.555293345866528831e+01
1.243853561062383584e+01
1.618311354012164927e+01
1.057789239124322656e+01
1.388210625762858186e+01
9.589929655512252182e+00
7.811681021427800964e+00
6.573184071978449339e+00
5.819558961343576975e+00
1.848858777257448516e+00
7.950305828801791819e+00
1.116253605234463286e+01
2.226125923045398469e+00
1.118700136991096272e+01
3.810230106855063248e+00
2.443360976406342644e+00
7.173409908342084584e+00
8.106900210470946888e+00
4.604175072865694496e+00
1.050169645301819266e+01
7.519712315939258929e+00
6.017510477703901905e+00
3.599957831386798368e+00
7.051538461779565559e+00
1.077687520208623617e+01
7.128897618412291415e+00
8.209129871712640636e+00
6.463282823891380424e+00
5.850287444790541969e+00
1.596793857336745859e+01
9.025555907330859995e+00
8.714768287601396324e+00
5.507935663623547029e+00
5.759337532629209555e+00
1.341047161006192923e+01
1.152680749988567754e+01
3.010827960540653603e+00
1.020978104875752734e+01
1.095481438880485570e+01
4.121065259852962015e+00
9.250320730217733711e+00
4.444060000891795426e+00
1.327354288303379626e+01
8.569075493320728043e+00
8.420444954543507166e+00
4.052630938569884655e+00
1.122797995308653185e+01
5.507000049528837593e+00
3.941594024688159337e+00
1.232747034368282790e+01
4.683194575628395029e+00
7.176948716231525971e+00
1.752192920424606726e+00
2.022318832544421596e+01
1.406250863681593621e+01
7.697216633768250382e+00
5.939858518846282465e+00
7.043206088114652985e+00
5.956781979353044321e+00
3.605759384049740390e+00
4.688302252929064551e+00
6.352884904270193367e+00
1.149204300459373762e+01
1.296466962869026851e+01
7.591794448946306950e+00
7.681807169530440405e+00
1.272592935876305376e+01
1.060467089327605805e+01
9.293846126241998462e+00
6.131958329429266108e+00
1.021469907418753920e+01
7.205968606797717335e+00
1.730253645334132528e+01
9.647140536429976265e+00
6.838411010782114552e+00
7.100445134032074890e+00
5.566259217886051047e+00
1.065645829652124377e+01
1.154830594677232725e+01
5.824907674265258350e+00
9.316802848510059576e+00
3.756238350566189155e+00
6.230412877060413912e+00
5.511438344479187457e+00
3.524356305154558111e+00
1.422805937574460344e+01
9.485602283926407807e+00
6.218659397615596163e+00
1.097852076011153244e+01
7.455271280109136534e+00
1.107942004961367388e+01
1.145048376246280952e+01
3.880027839421449354e+00
5.452025545490577052e+00
9.850901681313933622e+00
1.292344153456230238e+01
4.117984613385228698e+00
7.640629870392100287e+00
1.042958831263453234e+01
7.330210069257374172e+00
7.525618865849877714e+00
9.431781361306937228e+00
4.561981521052916655e+00
4.933677387365579037e+00
1.674613975115412323e+00
6.076083838744865240e+00
3.610132389718551771e+00
8.791635643452929472e+00
6.211530564230645979e+00
5.811280648087222112e+00
1.644842086073168730e+01
1.242048139966628817e+01
1.147276049352887028e+01
5.609605861126190973e+00
3.178550368634736500e+00
3.710904008071976623e+00
3.190034682561307733e+00
4.534474915397955108e+00
9.848846982362148950e+00
5.914853990199863354e+00
2.571187227510322248e+00
9.400471218035708176e+00
6.160947134413467197e+00
2.953456884184354259e+00
8.665031663282325880e+00
1.382314238297736075e+01
1.073630409450945145e+01
5.643662554615400673e+00
9.699303662907857060e+00
6.009743174161496171e+00
8.018917914701500393e+00
4.167291496064935430e+00
1.044779423230350979e+01
1.011548039981822278e+01
8.811752375945888005e+00
1.116793746854651914e+01
1.504236343589142955e+01
6.031255671112458749e+00
9.359627088106043047e+00
9.924668759037301058e+00
4.008653631609548462e+00
2.216189198285688278e+00
5.183300069380333497e+00
4.962522066991319925e+00
8.896235116777546637e+00
4.973166311949928087e+00
7.606139287972807139e+00
3.642636403179842830e+00
2.154876198023159883e+00
6.495427177851456513e+00
6.157010722537601843e+00
1.048349204134665769e+01
1.189229758872832932e+01
1.079430790768284609e+01
8.971389400952618942e+00
4.101777619859030999e+00
4.479074946317697759e+00
7.511222096432639717e+00
5.878882378494726169e+00
1.194862366517768315e+01
2.871931492425501720e+00
8.968727422481569178e+00
7.247602207473438973e+00
3.033936729536255594e+00
7.767910521355673836e+00
7.595827810732636465e+00
9.546735702547071156e+00
9.621927025845169013e+00
1.016076217200353859e+01
1.323926093942563043e+01
1.536320650479047245e+01
2.810896216685276006e+00
9.558387523959607890e+00
7.520277222651594151e+00
5.626313952374304428e+00
5.728947790899833414e+00
9.595450897979917571e+00
8.079071794128434902e+00
6.592295721713764323e+00
6.658986732958846133e+00
4.696831008414617870e+00
6.149234120986785790e+00
9.840173010004310328e+00
1.010331585579389291e+01
1.238031202159856115e+01
5.222344646611116303e+00
5.953072154598101129e+00
1.224942340427958065e+01
2.202698124513102318e+00
1.254479828399604635e+01
4.993060835857423996e+00
7.216596877388227860e+00
6.496807636486909843e+00
4.087916267457632813e+00
6.078024678404103653e+00
2.757311443228106729e+00
7.715165446835239749e+00
1.125090292323339725e+01
1.102267961912242100e+01
5.732065019847957466e+00
1.168973823205022100e+01
7.799558870541845934e+00
9.279792424418340957e+00
9.291418959930252797e+00
3.763626974503377909e+00
6.739733554368410928e+00
4.776553987874859963e+00
6.383582198023014520e+00
7.411299274191272879e+00
4.087758013697392556e+00
1.102459483400044604e+01
3.643450006206352842e+00
1.321135753829575954e+01
8.503101261792954446e+00
4.634763926341042506e+00
9.080487678597155110e+00
1.459847279502306350e+01
4.011246915531156532e+00
6.774189343169510380e+00
5.435481000410010033e+00
1.479544319412881848e+01
1.772588573152058800e+01
1.091388641458175712e+01
5.384618631165420055e+00
4.872179849323742928e+00
1.241498484593471119e+00
5.648033599461480314e+00
7.767348835706521903e+00
5.927786364222590976e+00
5.532567386224877204e+00
8.867673489488931082e+00
4.165485815930533242e+00
5.249161610560579838e+00
5.727590611708299306e+00
7.101513550753164594e+00
6.187836507798616381e+00
7.776792869834340038e+00
1.066761827179917610e+01
5.629460920077848485e+00
4.617800409079317880e+00
1.138258787065408839e+01
1.016484950046405800e+01
2.403733054372112932e+01
6.824357540027228275e+00
1.785656878689522165e+00
1.630950785056954544e+01
7.207428934773180806e+00
6.354405242763109030e+00
1.601849647999344484e+01
9.056639640783352263e+00
8.232058483763200485e+00
1.107110535971966314e+01
1.170781885853157078e+01
4.469729763593102589e+00
7.146091544223995840e+00
6.723914062009536785e+00
6.861415745277777312e+00
7.536077198518857045e+00
1.218328911351939858e+01
4.007836860790301436e+00
8.627525731344345417e+00
8.493454747758255152e+00
9.595291455769151767e+00
1.219057220698732813e+01
8.416004520226165297e+00
7.771511945243760877e+00
1.047286515215641067e+01
1.753275858444906410e+00
9.934398182928338983e+00
4.043089167719308819e+00
8.001775167822390955e+00
9.588968962666344353e+00
4.598763037595860581e+00
5.642858118903219200e+00
5.821694555441665919e+00
1.243247470702336521e+01
3.939684758895591887e+00
5.886206726612496887e+00
8.258807577273596934e+00
8.594599906754509799e-01
7.508760236303760216e+00
1.230931028615543887e+01
6.990347845322196108e+00
4.352407242754448013e+00
6.166756457024147764e+00
1.132553060871545902e+01
3.857263610947563315e+00
6.655905644598408166e+00
1.242789995565458305e+01
7.981768740702407605e+00
4.806458602587281526e+00
1.334189338218033205e+00
6.109062477549811021e+00
8.661406499013263982e+00
5.309140436939217444e+00
4.194893155604042967e+00
1.065592096189190841e+01
7.443828558925871697e+00
5.729252362594711379e+00
8.388413279965243774e+00
6.114825930528907882e+00
5.696057844292700345e+00
1.016147421863805533e+01
1.193418080180683916e+01
7.745008450014764456e+00
1.100542570478243931e+01
6.821844351029832332e+00
6.901782888503015023e+00
9.387049082461084382e+00
1.370368274966261701e+01
4.640726114137593505e+00
7.690328764172511988e+00
3.276320341366808275e+00
4.382742294799974125e+00
4.625686592225088489e+00
5.606748797108577875e+00
3.898519681877482324e+00
3.866436029992859069e+00
1.615221431769185978e+00
1.136516487272525922e+01
1.157549706327650973e+01
7.974617333426704313e+00
1.844148216142788144e+01
1.246645388228853335e+01
9.121761700274458207e+00
3.785729527918610060e+00
9.286098218767362411e+00
8.185235046975018136e+00
8.694819585044033516e+00
5.895048192001438814e+00
1.215133301024881796e+01
8.256824089068597772e+00
8.172436599285211045e+00
3.693185807734384318e-01
1.242775572948516682e+01
1.161238259635786108e+01
4.854852620938933327e+00
1.303214222306015735e+01
8.808414229981421428e+00
2.780517950457346288e+00
7.802554615772119284e+00
1.181361186308429900e+01
8.620579262744868743e+00
3.199667580317703930e+00
4.876037307378297214e+00
1.282764021473519378e+01
1.051068161569484616e+01
9.336484102319328571e+00
4.920439210465152868e+00
1.170225745558198049e+01
2.985988227142625462e+00
1.311894863276206991e+01
7.951941573016935827e+00
6.527854641526030122e+00
9.322184301281758678e+00
8.276653664705447611e+00
4.221963559127210885e+00
8.220007378517857788e+00
6.175246721303674136e+00
1.429572287110892326e+01
2.660330143982870599e+00
4.164852179774661600e+00
3.352524179295184314e+00
4.603714467880726247e+00
6.181113497399754131e+00
6.677493845384460336e+00
1.413952118439319428e+01
4.264572792599308215e+00
8.672860361363188275e+00
5.364825075464806581e+00
1.101508910014854337e+01
8.290959986671950332e+00
1.022942797914972246e+01
7.802979667514794215e+00
6.905582525881595934e+00
3.755010974632396969e+00
7.091373398125377037e+00
5.960588306476584997e+00
7.963611667620885903e+00
1.479035058784309875e+01
7.657626635151071781e+00
1.115955152627878810e+01
9.088207335104149465e+00
6.319289665919530563e+00
8.741849811256116709e+00
5.278181661704741678e+00
1.482365398820341085e+01
4.052175333735863028e+00
6.968912761549264090e+00
2.560202645004831190e+00
3.163884363018202084e+00
9.298685616548990396e+00
6.334661533513576970e+00
1.240270565478808784e+01
4.537081430709016594e+00
5.358348306490109181e+00
4.996757993876837389e+00
9.406823731292011104e+00
1.603209365792911356e+01
1.131668056325023919e+01
8.620328608312091134e+00
9.013450756100231942e+00
5.731224478200182659e+00
3.873822169271537330e+00
7.897045433713690166e+00
7.392783882204502888e+00
8.338411856524956534e+00
6.324155671634075659e+00
1.282450185221515326e+01
1.093110301174040799e+01
4.449253124311521645e+00
9.830391361453266086e+00
