8.823131959094743237e+00
1.613844023998569410e+00
1.369528953503091095e+01
1.233667988918866421e+01
1.135418277118574792e+01
1.727373626150163943e+01
1.006273610061562174e+01
1.052452581963839151e+01
1.408525299507925155e+01
5.969804667491176886e+00
1.070278215824581558e+01
6.174539025205635134e+00
1.243268029512904960e+01
1.251931961033983853e+01
6.548539955936496071e+00
8.108296927519017316e+00
4.590968444529298864e+00
5.629183248158142305e+00
1.423112297732135723e+01
1.132867517376895172e+01
4.776129955427155238e+00
7.632430778125803172e+00
9.013120709572003619e+00
9.833340255868197488e+00
7.414332616900417783e+00
1.589623507946668113e+01
7.250347776437852332e+00
1.503663141179721219e+00
5.223052533050511315e+00
7.653916183823201713e+00
2.111873504175503058e+01
1.834704897554188108e+01
5.939353561108306145e+00
1.241083420647502855e+01
1.257282114533449757e+01
8.923932852839895347e+00
2.355184409461239525e+01
5.404746690707726842e+00
2.205632184399391349e+01
1.345417807173847535e+01
7.151262049962139322e+00
1.225610507134634553e+01
1.251430014391509182e+01
3.420436380289918255e+00
1.285851129654029812e+01
1.006208449194081211e+01
6.751435322835585673e+00
1.133208944118415573e+01
2.042657024121299969e+01
1.822629273787855553e+01
1.113266717524501104e+01
9.824613297519842803e+00
6.051569523507976278e+00
7.630492165118783809e+00
2.430742012556476084e+01
1.830005679895523230e+01
8.554463547599768347e+00
4.542048927482514209e+00
6.800318881569832996e+00
2.828490400169062724e+00
1.370183979249893014e+01
8.533905824800362083e+00
6.076161955713542007e+00
2.931294387923374600e+01
6.031612832639535071e+00
1.169131189974237905e+01
1.202828951434585214e+01
7.519122105167445724e+00
1.417646241727665313e+01
5.076820639682508407e+00
9.606500950117855098e+00
1.608794651003679022e+01
2.219648216573944666e+01
1.068196466609193962e+01
1.028963549116407350e+01
3.136193708081299825e+00
4.332430032759774896e+00
3.735930411295778963e+00
1.240312152389948430e+01
1.736906629424737503e+01
4.300495578968950738e+00
1.083232885058630401e+01
1.043087306613591103e+01
6.209644757653085101e+00
1.006107518158095360e+01
1.348839833972604296e+01
1.862820870494203973e+01
1.100867347429306520e+01
9.410117889023617010e+00
8.771298240565394977e+00
1.580925123255480003e+01
6.186038169385229324e+00
3.902311431588224799e+00
1.110401929611422212e+01
1.031890017427496176e+01
1.594660091135265212e+01
8.254664658846586178e+00
5.260904735508040275e+00
5.466529282662792255e+00
1.338914039874077488e+01
1.252620721766572487e+01
9.066943659870586814e+00
1.429521786992859056e+01
3.306435096994701617e+00
4.827093034903788826e+00
1.219317155562539767e+01
7.210413266625419482e+00
1.018708045974996423e+01
5.170789819976840285e+00
1.299325493799854847e+01
4.618553754735414962e+00
1.552460197161752475e+01
5.957619871465226424e+00
1.092977027557208913e+01
1.194679468389870181e+01
9.039941661506581738e+00
2.036167082470591527e+00
9.458352089728832013e+00
1.814644062054774665e+01
1.132771026375353784e+01
9.731214717706137662e+00
9.965121797654033386e+00
8.699194316253279879e+00
9.137662623919748484e+00
1.150718843467097408e+01
1.062780536341849924e+01
4.681058006492579970e+00
8.384459813938773820e+00
1.056509769881177974e+01
1.970155324970263777e+01
1.724361367842524473e+01
2.480198888932664936e+00
8.479156860385975492e+00
4.323221722638581177e+00
1.210816757583094017e+01
8.507827962224398632e+00
1.131972246534657423e+01
1.809737381357933117e+01
1.141965445572437865e+01
1.188764874125018878e+01
6.304694329488178539e+00
1.009892236636023455e+01
1.492350611211447209e+01
9.831732940655751207e+00
1.023991410676072888e+01
9.047870700146514622e+00
1.112472596620777487e+01
3.618112962583976966e+00
7.954938674838938795e+00
1.275051474100736471e+01
1.145798419786898492e+01
1.028415595768187707e+01
1.093235076026433816e+01
1.763058206133777972e+01
9.615691975075577602e+00
5.833292675502641522e+00
7.831287633326693864e+00
1.977077517216460123e+01
1.077103544526508649e+01
1.373762482454300304e+01
1.211956142411699311e+01
1.412146821690970100e+01
1.844515565968832504e+01
9.379891130907578756e+00
1.367115018478591359e+01
1.839269928785140351e+01
1.594993409914253668e+01
4.526566515407084879e+00
1.039868865430902289e+01
6.704297098484715001e+00
1.814064192929854258e+01
9.382831746923820049e+00
9.881861182118170106e+00
1.051265158722108062e+01
1.949848059047233662e+01
1.356651309368240810e+01
9.676604291590527041e+00
7.834091264932745879e+00
1.256241411339940406e+01
2.246622346898045919e+01
9.668329635661924826e+00
1.295668884580061864e+01
1.506816995381031532e+01
1.146835542185034384e+01
6.379824523413486936e+00
6.947972929902844541e+00
5.879737033782521216e+00
1.079168037410259373e+01
1.114560694283320963e+01
9.776684803915204114e+00
7.028775932005671301e+00
1.090825753563262346e+01
2.122176036840628655e+01
1.429602476214727069e+01
1.548718027657620411e+01
1.367123185598903312e+01
1.968242681560494844e+01
1.232513778232828727e+01
9.387132263386581243e+00
1.054708490615244365e+01
1.004297430322360363e+01
3.324699937521334636e+00
1.293125149368203175e+01
1.068060620381601034e+01
4.259152164075322489e+00
1.154514867671048250e+01
9.179243612226358096e+00
2.562793422877296390e+00
6.551539455713768056e+00
1.172256831462486559e+01
7.729866189994992531e+00
1.499115233362420163e+01
9.849422126783901277e+00
1.056224230704412648e+01
6.525143375875958718e+00
7.261128186773049720e+00
1.837718592799399886e+01
6.190222871138939986e+00
9.301979253858981167e+00
4.021208600919885079e+00
6.766783691064314432e+00
1.653296079110953798e+01
1.539104100274125209e+01
1.974919810652659535e+01
7.148560512487883933e+00
9.574781082055645598e+00
1.245081407102278170e+01
1.271236617226829502e+01
6.879077981273236553e+00
1.842613487265202465e+01
1.691012037587834982e+01
8.594805130305173790e+00
1.345995573506438525e+01
9.916135735101244464e+00
2.076625423885160515e+01
1.508394269909937435e+01
1.018271927573756308e+01
7.371089101846886038e+00
1.022828539196478737e+01
8.494886770636796314e+00
6.451743559646466508e+00
1.501378708350372193e+01
5.600646375388250497e+00
1.295933252377923317e+01
5.593158418447230495e+00
2.752844607689779366e+01
7.553574605387836094e+00
2.062822707645934628e+01
8.015323532144829954e+00
7.794265790315060727e+00
9.120516179075856655e+00
4.212044899698035749e+00
7.516092047422008982e+00
8.625368701556100248e+00
1.717303409454598651e+01
1.613634507029692955e+01
9.602341411520610492e+00
1.150547440641298635e+01
1.324748613698143096e+01
1.511515141367443249e+01
1.450907045508432347e+01
1.214810310068189914e+01
1.525103700738162615e+01
1.348535806656424008e+01
2.592010736319486597e+01
1.168610339640785512e+01
1.120034077018338259e+01
1.346119398413805790e+01
9.552320909627457723e+00
1.358101483598318815e+01
7.895450346474072845e+00
1.347762600991041637e+01
1.039287538720836324e+01
5.098003431335774494e+00
7.814227489588453146e+00
7.784379887798188236e+00
4.459874243089875456e+00
1.955128307877625460e+01
9.252238859761622081e+00
1.071409561710495595e+01
1.135130180322970794e+01
1.179806002238388629e+01
1.414930218849674226e+01
1.395801571735330704e+01
5.147736676399652822e+00
5.036854900714774708e+00
1.173811528892489164e+01
1.368353393215226355e+01
7.492293538872715430e+00
1.694138130401335118e+01
1.157822847035083313e+01
9.786470615107212723e+00
9.514413355623412727e+00
1.281823724433705891e+01
5.775701773712324183e+00
1.002477019251304213e+01
2.724572409785766869e+00
6.819916653253897287e+00
6.858221315910465243e+00
1.322140504305499142e+01
7.309333657596124745e+00
1.426452247103124549e+01
1.741354491833674700e+01
1.564560789813016939e+01
1.408622165937239501e+01
1.126500127114166716e+01
4.308500312798995147e+00
8.200224065714012411e+00
1.319181914574322079e+01
1.386849276592409197e+01
1.360147464194224476e+01
1.020607208592362802e+01
5.805362721628159584e+00
1.192030546697428051e+01
5.873331908666590273e+00
6.019928930423342983e+00
1.029817014214688164e+01
1.855856827465456860e+01
1.312677575373789729e+01
8.914461953658884497e+00
9.613595203379009746e+00
8.211316298446190487e+00
1.099274435082933543e+01
6.424113528255957384e+00
1.714454495735267159e+01
1.133437111500123606e+01
1.190145543009121276e+01
1.505156022541428840e+01
2.064723659937754974e+01
1.139477163422006711e+01
1.727514493582534882e+01
1.050248072650862419e+01
8.484925970832128073e+00
3.532886972852323115e+00
6.446811208755289790e+00
5.195669981049698016e+00
8.897961541852009049e+00
1.009918459525066226e+01
1.133031107698271889e+01
1.248804135033953600e+01
5.272367250489834234e+00
8.289248953665845576e+00
1.119650662762982840e+01
1.260943619611759736e+01
1.565551949083542205e+01
1.891597822537836038e+01
1.009052060954365970e+01
8.867707232167505893e+00
5.734805270639503405e+00
1.139865833529604622e+01
8.425917754249873326e+00
1.307384533422549389e+01
3.058147204535377917e+00
1.273641824635268627e+01
9.832286469802223650e+00
5.673206451754980506e+00
1.457740177846910257e+01
1.010503735692426552e+01
1.355974469512040770e+01
1.190921455832020293e+01
1.153445556549492856e+01
1.594018431144736780e+01
1.896217395319669663e+01
4.608165790415869267e+00
1.257087225156250732e+01
7.991898313162776546e+00
1.556978187307444017e+01
1.239656604208544088e+01
1.052220992386174814e+01
8.272718115901525948e+00
1.183777797030174739e+01
7.831374373093892949e+00
6.992280228874198755e+00
1.134616692426615714e+01
8.712272024732289566e+00
1.761850918344389072e+01
1.110021687286832481e+01
5.881488464064961619e+00
8.302848488850747444e+00
1.301758961180004626e+01
3.541254676790743350e+00
1.666642965347337579e+01
9.496314193734180620e+00
1.141779124799815293e+01
1.230949200333146543e+01
7.303834172024605387e+00
7.410563096395096139e+00
2.737681909344700681e+00
1.894577452677685869e+01
1.314892375257193713e+01
1.019176366687464075e+01
1.366283638373353604e+01
1.336516535639522196e+01
1.289491618511074122e+01
1.833841971076556021e+01
1.131656169324597094e+01
7.412221360855882679e+00
9.876815584269655446e+00
9.422655816432842002e+00
1.015697196081955056e+01
1.291507424303755514e+01
9.265187062902656479e+00
1.674547587761454182e+01
5.066249027313673992e+00
1.348104280636585095e+01
9.710804553426441998e+00
3.826393824858721704e+00
1.509408158996150462e+01
1.695624779970133744e+01
4.930449582622913773e+00
6.291707038741991553e+00
9.104930863441092370e+00
1.627056588040321827e+01
2.019385355028673246e+01
1.678134041082047645e+01
3.411465498075397562e+00
3.776051690332001165e+00
3.397037451935964736e+00
1.012826840184366617e+01
1.012103005827617785e+01
6.766587625747842338e+00
9.630563141631567348e+00
1.166929227015095805e+01
6.917884002767372920e+00
7.492288437327724537e+00
9.710232030356474198e+00
9.640141545443297488e+00
8.298727606542239954e+00
9.884057659715093536e+00
1.889936746742085205e+01
1.107976144356477910e+01
9.867359075771684473e+00
1.523276059286024164e+01
5.245117823248620859e+00
2.318191729068971441e+01
8.006055952283945842e+00
1.233600430834707717e+00
2.127342907450518439e+01
1.402199022195730471e+01
1.177074210387545783e+01
1.139172290045772407e+01
1.183880391109255470e+01
1.162041864879837938e+01
1.458249124212817982e+01
1.344998780527988735e+01
6.484340039303091885e+00
7.926286959432612633e+00
8.979868102116656203e+00
1.355723431977182436e+01
7.890221019376745026e+00
1.648980502700705841e+01
7.305452218704610701e+00
1.019991252846334362e+01
9.528255394140018097e+00
1.620695710776641008e+01
1.841203568137350643e+01
1.338029499803958799e+01
9.621827061286758465e+00
1.687055460852048583e+01
3.263227342338492321e+00
1.370965662968221999e+01
6.858815824131832883e+00
1.179364233134769790e+01
1.292301799633660764e+01
6.909778965791346650e+00
9.963309143033342252e+00
1.147690546140868229e+01
2.003785100960824295e+01
5.848473866930263831e+00
9.677343814181250892e+00
1.393989384779346352e+01
2.922979308961132894e+00
9.822937716910258743e+00
1.657561797313544005e+01
8.731490784570754116e+00
6.877650607240861191e+00
9.458518273357940487e+00
1.366752442548628643e+01
4.359799869447490650e+00
7.815778738567529693e+00
1.495917070018009021e+01
1.225310648449845452e+01
9.691550822271892685e+00
2.555836688433770654e+00
9.007408123799335087e+00
1.204710560113990603e+01
1.049867695683798452e+01
6.156503203425528703e+00
8.999682354330525769e+00
5.596497249313351574e+00
8.699194243519841052e+00
1.241845456145039073e+01
3.634950966997545940e+00
9.343077828331622925e+00
1.195729748013310179e+01
1.381336270207604322e+01
8.062657654362361370e+00
9.651943453161081266e+00
4.428496550992083947e+00
1.115887568272320074e+01
9.415048186862705393e+00
1.284576860661460884e+01
1.149139724942375373e+01
1.614450896225266519e+01
7.001184494871736774e+00
6.970479156409083110e+00
8.841890636109573265e+00
8.144726414969504447e+00
6.146176163709284879e+00
5.436300505349668022e+00
6.936238126236136559e+00
1.684285590733815852e+01
1.219841526116259978e+01
1.142377878323589968e+01
2.066978959330007726e+01
1.485783815700433763e+01
1.253117709694040194e+01
3.388540785632604191e+00
1.005298412495388405e+01
1.117323699741304210e+01
1.235527814989746531e+01
1.109050864811282366e+01
1.716234906068636334e+01
1.513828475700711707e+01
5.613273492715705082e+00
4.596643012647474436e+00
8.464846735202540273e+00
1.044851086142849894e+01
7.538492409029204033e+00
1.053372022369410033e+01
9.714280644561162248e+00
5.986358041589911139e+00
7.034547465712786440e+00
2.056184335153861298e+01
1.395644402869977796e+01
7.788824416896673597e+00
8.528143109265883481e+00
2.050363729865388152e+01
1.276231724768749487e+01
1.823923473460617473e+01
7.271965142008399496e+00
1.695005168563244879e+01
4.743640655289992125e+00
1.519359050371896203e+01
1.048761786988732148e+01
7.714033093131127394e+00
1.257784522746394629e+01
8.853434757180904668e+00
4.926464425547242953e+00
1.010975610678670300e+01
8.100813292136169963e+00
1.423390705481476637e+01
5.191927455494977472e+00
7.742283487836972178e+00
4.033978720002462381e+00
1.066699263491053884e+01
8.644751012912475829e+00
8.811554541502106375e+00
1.703171264155619014e+01
5.947891525517801981e+00
1.130802544248461849e+01
6.148016684425950729e+00
1.187192778516294744e+01
8.473061220288458983e+00
1.334377237240715353e+01
1.554807044319282383e+01
1.267203216066351423e+01
5.271996963313223539e+00
1.047434936439426423e+01
9.095322961725265998e+00
8.431952968456819519e+00
1.574086174986765663e+01
1.398366608030579350e+01
8.874532900569729321e+00
1.238677574427115147e+01
1.081518707065600360e+01
1.171255331390236343e+01
7.687400356161382398e+00
1.443283005180420631e+01
8.027109501222263077e+00
1.056328342889103844e+01
4.848080914403429809e+00
5.050312431835966009e+00
5.354131670108804641e+00
1.248913813843128828e+01
1.620607556756224454e+01
4.367471404883460195e+00
9.928046438038654387e+00
7.576042849684664127e+00
1.103030735938685858e+01
1.827210089381329183e+01
1.298495961870496451e+01
1.349559792028025385e+01
1.072947936279408054e+01
7.523256853639704644e+00
1.090589190538885234e+01
1.033197123805682871e+01
1.706357778745426756e+01
1.003785234644800184e+01
8.664339217994246667e+00
1.779513414443044184e+01
1.367626430064982124e+01
5.175402052758905747e+00
1.817203561041980819e+01
