6.681527077383263347e+00
4.011410644210646192e-01
9.210878035966796773e+00
7.784151946501372876e+00
3.967032898720467493e+00
1.431150241562110459e+01
5.869906143967314804e+00
5.486733357796225619e+00
1.108609152319445990e+01
3.867249132406441525e+00
6.109881124720210721e+00
2.652374018471422623e+00
9.036990634792790189e+00
9.539851423942236508e+00
4.926587313003719437e+00
7.603226040043680634e+00
1.718630390251099094e+00
4.227410883418626142e+00
5.417467022048703562e+00
7.910507774773332557e+00
1.368496987669076681e+00
4.574350130709694540e+00
3.994385179074408487e+00
4.408956655838550454e+00
3.340113637774384525e+00
1.257084606428997908e+01
5.753916596564521591e+00
7.312386943900954783e-01
3.505168889236645047e+00
2.150920077094519822e+00
1.014710714945792169e+01
1.091068763552361354e+01
1.868111541009483512e+00
6.550771644996728149e+00
8.021187032502262726e-01
5.620572854830964360e+00
1.069435620537230669e+01
5.196255306122429474e+00
1.105107226426220812e+01
1.468082568567566071e+01
1.868434876354286400e+00
7.086808237602862270e+00
1.438622667371682695e+01
1.026726718740419431e+00
9.119278066953642181e+00
8.771111960271820607e+00
3.273196929292694346e+00
7.836524372629971147e+00
1.205132951572657518e+01
1.293010770912808738e+01
9.699064531474085982e+00
7.454060884557248912e+00
3.546065018453175455e+00
9.160846506217652063e+00
1.790150099754481872e+01
1.480838091800789513e+01
4.375721478896735128e+00
7.727231350723200165e-02
2.309859220107788325e+00
1.605978406458871799e+00
7.478114283460062239e+00
4.773791776686532096e+00
1.914729528737600717e+00
1.319030023031780274e+01
3.631347775349886842e+00
6.470589402197635565e+00
2.143907672698107003e+00
4.703792690310983460e+00
1.286004056634384618e+01
3.809446110192881374e+00
7.145035364466908234e+00
9.762246532441201552e+00
1.280739777876869567e+01
5.530724351685483597e+00
6.817763975963035961e+00
1.142299520968655946e+00
6.128969969891916447e-01
5.251160714305486366e+00
7.147271685644868811e+00
9.044949718548917161e+00
7.723139256485269666e-01
8.077743675255918632e+00
7.616541579102626081e+00
2.010352541496311041e+00
5.258766521986542486e+00
5.757573321930972376e+00
9.364775969867302763e+00
8.329374329648954856e+00
2.426408832095674484e+00
5.850766983663705290e+00
8.612619704677712207e+00
4.901849220554387543e+00
2.166499152812297435e+00
2.730149197438529463e+00
5.578534766796583888e+00
1.053702068431858940e+01
4.855924024923652382e+00
2.317111099447470401e+00
5.473862422846198506e-01
1.159972859235838882e+01
9.291160238979593089e+00
4.673994120223382787e+00
8.842150463703680074e+00
2.262834270679188187e+00
2.316697172847954622e+00
6.546748210478130048e+00
4.289291639387144528e+00
5.371234734983273640e+00
3.779573587918817701e+00
6.187110910010498621e+00
2.624826699270350616e+00
1.041477809551636113e+01
4.904732234147017422e+00
4.982667262370547689e+00
8.642631338744955372e+00
5.464014934061574458e+00
6.933717406903113778e-01
4.934032745950502452e+00
1.013475487365932537e+01
5.901446406408415335e+00
5.090495458570747367e+00
8.141061449547523310e+00
9.236302630949021264e+00
2.861046758920842148e+00
6.452930204935098502e+00
7.080539923773990552e+00
2.270470796282908044e+00
3.973902734919251944e+00
6.963429919991538597e+00
1.273581459904086977e+01
1.227354998538088715e+01
8.972623845549833055e-01
4.555096072873232593e+00
2.559029944315534877e+00
5.468551867903417296e+00
2.282484679185065257e+00
6.722955249462514438e+00
1.289966057447224124e+01
1.051954194338142834e+01
5.232882067477394372e+00
5.868823800004501656e+00
2.058352107218468952e+00
1.010145917055328368e+01
7.150848689920923817e+00
1.233674712067473145e+01
5.642592824163259024e+00
6.716161191896183880e+00
2.110330619894412063e+00
7.191970359136556468e+00
8.511072544772341431e+00
8.402486811884763540e+00
3.764779954098012471e+00
6.405600450066479823e+00
1.982695773295716446e+00
1.072218082690975649e+01
2.180563572100618241e+00
5.121858661396808010e+00
1.243227070698779180e+01
5.926764121734294122e+00
7.709763371865757442e+00
4.604813032746942092e+00
7.034441477442979540e+00
1.182337124438690523e+01
6.029185863448383920e+00
7.183544416089843843e+00
9.079708791950967139e+00
6.921956936110841951e+00
3.783193296737673794e+00
8.337991737394068181e+00
3.686080068212409078e+00
1.171931433329250183e+01
8.125093500606702435e+00
5.944815297717469527e+00
6.308076524454442335e+00
1.720318926245278845e+01
4.503310417852015135e+00
5.305903534646194686e+00
4.718513381884990920e+00
8.725059609082759238e+00
1.323335522202063963e+01
8.048306528726975273e+00
8.736674662466777264e+00
1.125284902900166095e+01
4.792556957594550582e+00
3.782501157593188168e+00
5.809926264616014358e+00
5.803911438690467772e-01
4.018790921782907866e+00
8.419686714911959413e+00
4.201064045574276484e+00
6.051760592298773389e+00
9.093586720981901905e+00
1.481525474432136669e+01
1.099338151538899133e+01
1.080715459290685665e+01
9.037408584526815503e+00
1.107035295045007572e+01
6.773842637207167172e+00
3.967599288718326012e+00
4.373722270983209981e+00
4.036908160767162634e+00
1.597618022044865915e+00
4.967523365401383728e+00
1.133200651297187811e+01
1.095178371511661197e+00
9.909945534064254602e+00
3.094270789685531931e+00
2.226301244229265119e+00
5.793134501560677663e+00
5.628910883456663683e+00
4.372267662172394154e+00
9.509676059727892650e+00
6.643687507254115054e+00
2.201017580443783928e+00
3.493760302225482839e+00
4.888200453459898398e+00
9.663315938350791612e+00
4.542370129335541407e+00
6.935262674837631813e+00
4.804885312906208128e+00
3.439842525467334600e+00
1.272045469831979503e+01
8.558697734555339665e+00
1.003302614367655110e+01
3.037552030388014135e+00
5.307573231324237639e+00
1.153102837804057579e+01
9.232638232279224866e+00
8.241031688129494270e-01
8.917998897374841860e+00
9.470670556011617336e+00
4.765299602434288850e+00
5.658670266224719470e+00
1.709373976965337993e+00
1.173970503784239838e+01
5.641526795819673978e+00
6.604914779604515118e+00
1.273948855731777074e+00
1.031498201097662459e+01
4.974401772071515460e+00
1.704327127336648040e+00
1.104610322227320296e+01
1.557195168849200728e+00
7.177994674257927699e+00
2.701122611713422939e-01
2.065654830462041858e+01
1.047723850610023177e+01
3.476865474289577929e+00
5.260046420761326225e+00
6.556689827022938566e+00
2.967986216051661241e+00
1.433787963784278086e+00
4.236358520501317670e+00
3.402855916755588517e+00
1.065055217079562411e+01
9.368475482616108962e+00
7.793857173498675905e+00
4.794593627595201468e+00
1.012733682108304123e+01
6.022649840183767367e+00
8.363538691120641744e+00
3.862906629839756967e+00
9.960755290354505576e+00
5.648403865163223792e+00
1.876528815128212457e+01
6.550023368368485421e+00
6.930780301983563874e+00
5.256881653346534122e+00
9.760851499311684165e+00
1.015230631296951458e+01
1.004530259665995118e+01
3.698419584608355848e+00
7.163321934837165728e+00
1.991337694808502423e+00
3.053125371363882401e+00
5.357232975402006936e+00
3.252762081980493658e+00
1.047427137387232854e+01
8.708844001693638148e+00
4.189622759939799046e+00
1.060518482803321483e+01
5.617068438133506092e+00
9.187444295410802653e+00
1.042681357860816149e+01
4.403978088772030119e+00
3.137343411401093629e+00
8.715757165568000175e+00
1.306177528462448123e+01
3.269392860427501990e+00
5.789947394882962506e+00
8.998247128042509146e+00
8.227341890434336946e+00
5.483712369911430962e+00
9.991013977370242216e+00
3.330020053835081040e+00
2.139235601428099987e+00
7.527724055220513799e-01
5.460920116707119298e+00
2.481275974166842424e+00
7.812124687069760931e+00
3.681151028253935920e+00
5.876749797003911979e+00
1.640282426438417929e+01
1.184577557344016263e+01
1.014969380917307262e+01
2.748208774329239379e+00
2.336433053551439265e+00
3.907874638516562360e+00
3.814064834018494832e+00
2.260820825521067778e+00
5.876325420989674697e+00
4.456779841562457989e+00
2.012811354308515543e+00
9.126686493605733475e+00
5.567263971936810663e+00
2.320820798442109201e+00
7.930378429810459373e+00
1.013465791746231304e+01
9.280634015297094308e+00
6.722724745639619748e+00
8.228113884313410509e+00
4.714718424539726449e+00
6.141224307157740370e+00
2.737772926045533239e+00
8.490557841731408928e+00
1.040032574542786037e+01
8.721258013102781703e+00
7.442963635753362617e+00
1.289638701323721115e+01
1.306558405955222657e+00
1.011664630732920500e+01
9.031874231331279645e+00
1.348918436228488726e+00
1.912072433327716148e+00
5.256249465881081662e+00
3.652426113847604849e+00
8.569603102275765494e+00
4.797900247606282420e+00
5.686985420485887843e+00
1.708804176918788720e+00
7.037112847042742425e-01
6.510904657446091370e+00
4.940343598815751136e+00
1.020337469381927953e+01
1.073473261627120579e+01
1.123914453034756811e+01
7.155795244503020847e+00
2.878502554701294791e+00
3.083416210252966305e+00
6.271388427744642335e+00
4.766627692828519613e+00
9.953840408070783852e+00
1.445363073981444035e+00
8.530433544932284562e+00
4.873040908083192235e+00
2.771169309833895866e+00
4.960667162429858834e+00
6.444637247019371351e+00
7.290539054829557664e+00
1.000885652629177613e+01
7.894267840145507975e+00
8.291063623473748478e+00
1.487804177613845624e+01
2.447869769425791375e+00
7.226337659160610549e+00
4.545614246216201693e+00
4.446300343333703609e+00
4.787506810423105108e+00
7.246803275592857752e+00
5.903763674413795570e+00
3.413506352255910592e+00
7.611256463336823153e+00
4.078189691650844217e+00
5.040102725412507922e+00
7.750914563458197293e+00
8.370253717427232232e+00
1.204087484352178095e+01
4.699253216389560173e+00
4.970110692585659962e+00
8.663407158838740685e+00
1.531850148773557851e+00
1.153089264865040242e+01
4.810751807008688985e+00
6.378002803661015463e+00
3.978687836063940164e+00
2.738761114254810280e+00
4.265403481296448973e+00
1.516320553472781718e+00
5.961601220936537437e+00
9.007265277710846618e+00
1.170186533581078514e+01
6.386211553779161498e+00
9.604614587140003934e+00
6.883767663541466852e+00
8.289226055676857996e+00
9.173148609217669502e+00
2.219688219238669102e+00
2.319375278087059122e+00
3.554124686530251154e+00
4.463391243095789385e+00
3.784592441922533634e+00
3.627600414005129004e+00
9.013572477731019106e+00
2.587344985939830533e+00
1.212055836192066671e+01
6.937021575792207351e+00
1.287725184877831053e+00
7.187283413837681323e+00
1.207204006627242165e+01
3.699980317704906430e+00
5.279368259538809838e+00
4.006849776351393722e+00
1.070553457506829709e+01
1.647297079403914921e+01
9.055317177639174986e+00
5.647381780350868574e-01
2.703450148681058263e+00
1.439574845322795449e+00
3.700615679229645849e+00
5.343476797145912727e+00
5.344169222155053411e+00
2.792401415535267439e+00
8.850221514367719422e+00
3.822279507089208384e+00
4.269513818962704654e+00
5.837167190076748113e+00
5.300639362679238964e+00
2.069682038886249131e+00
4.112057677399270972e+00
8.641012126272913818e+00
3.171676914701258454e+00
1.917398421642301898e+00
1.017017699119908158e+01
1.181102355204199483e+01
2.221376992323520838e+01
5.829161469051324040e+00
1.264931742294121086e+00
1.445318400976269047e+01
5.980415907500042927e+00
3.487322024915872287e+00
1.216455024646566052e+01
8.126403811247664422e+00
6.012110544377501142e+00
1.049852410325068064e+01
9.315569551740139786e+00
3.022680165539188391e+00
5.713856961571954329e+00
6.561603654714560641e+00
5.688149879889643934e+00
5.243403710754504843e+00
1.347723398849442589e+01
2.715224228132737672e+00
7.288665687376176372e+00
6.008513565728525130e+00
1.067552026547081390e+01
1.052923332056053418e+01
8.766092973147625145e+00
6.803725389125191647e+00
9.131510870016818160e+00
1.836058722352370776e+00
6.758390845068022124e+00
3.581994419131780294e+00
5.578359194489033612e+00
9.101880040918702619e+00
3.260397054337069722e+00
4.425369997893280782e+00
4.399065252160023753e+00
1.270041699420421821e+01
2.558819854412689221e+00
4.861470409404465620e+00
7.049346650844204198e+00
1.538538741084208121e-02
6.253124905033274672e+00
9.099024986492798561e+00
6.956631045819743342e+00
3.431595718630596092e+00
4.898701514177299821e+00
1.000389444969361286e+01
2.947833760238358636e+00
4.619989264444682497e+00
9.397105034355822895e+00
7.125538379334910744e+00
4.584521145995460678e+00
1.260910528604405112e+00
6.113380275846795442e+00
6.831325194201533613e+00
3.637906433049389765e+00
3.670797697582506736e+00
7.973602799443692213e+00
5.716629944031223154e+00
4.745764865460613713e+00
7.335763377303896604e+00
3.696706019342047789e+00
4.566139270594847588e+00
8.225116059800233970e+00
1.103660770071855879e+01
6.302387375095407585e+00
8.062951192342779905e+00
2.840552102524507294e+00
8.494148972760195093e+00
8.741832097374707899e+00
1.466622599905128510e+01
2.273897667372843046e+00
5.622600647930880768e+00
1.612091719983977045e+00
3.028225566971607385e+00
3.475122767540188118e+00
5.947600819769037095e+00
2.856386584093193459e+00
2.811900798105481325e+00
3.126699176856920115e+00
6.576124444047399820e+00
9.040649241592586094e+00
3.012216174593878470e+00
1.781054310115671413e+01
1.027818597349981289e+01
9.079340192533663867e+00
2.547083745612237493e+00
5.521679476488432492e+00
8.047103962638900043e+00
7.015913293209145252e+00
4.940889564467693340e+00
1.443425190797633029e+01
5.699846964212301081e+00
7.347857610864934053e+00
1.055576336691604611e-01
8.745417793196731182e+00
1.051422010503414128e+01
4.568797688691195624e+00
1.126752238082062085e+01
6.398334922365981114e+00
1.915507697733599191e+00
5.672305035563316444e+00
1.067234159607908595e+01
7.023588137792483366e+00
3.130191792825894659e+00
4.013719992673326686e+00
1.092574930441002579e+01
7.300235532146895245e+00
8.977682341333842686e+00
4.054804758520819341e+00
1.087853593697024657e+01
2.614297078485375625e+00
1.195415419824004921e+01
7.520906064040365102e+00
6.762746616490068696e+00
5.608978023981930683e+00
7.912281285634117367e+00
3.623080221137308321e+00
4.697972506904428691e+00
5.976702038661484195e+00
1.203520399780999739e+01
1.035592167461418578e+00
2.629807692861970470e+00
3.345337253117150134e+00
3.271062611022238276e+00
4.810262723203081237e+00
4.919895385106833885e+00
1.576100241694188497e+01
1.600373641954120796e+00
7.101056530653652388e+00
4.343403891327302091e+00
9.784827159065397240e+00
6.618048348069130782e+00
1.032375971349441990e+01
5.795570289876673442e+00
5.871520990360895809e+00
2.559655290852142162e+00
5.663506587551633942e+00
3.017413936666238694e+00
8.507725979714889419e+00
9.441123645542557341e+00
6.627057514167684182e+00
9.345597599600756311e+00
7.254851052483651586e+00
6.377127307211919671e+00
7.226297794612102976e+00
3.371946972129187703e+00
1.697795256166670796e+01
1.760504427670506633e+00
5.235054289467158561e+00
1.341759930083489705e+00
2.061945999029759058e+00
1.033839807030649816e+01
1.882342150392465996e+00
9.262313114684816995e+00
2.264844382863448136e+00
3.636283435739013026e+00
2.291466798075871836e+00
9.014826630752976300e+00
1.259589089589412758e+01
8.381893712615831049e+00
8.677746301519505323e+00
7.018699793772896101e+00
3.362238725701573117e+00
2.400559789978141900e+00
7.013210791649166609e+00
7.444473276121573058e+00
7.672548378713226036e+00
4.813669182543782732e+00
1.090782510006417638e+01
1.167685137919505678e+01
4.017642343266095928e+00
4.706931699378761103e+00
