3.772752067492602723e+00
3.348855660577889193e+00
3.580124539520919580e+00
3.685807798686564052e+00
4.937615550777961992e+00
5.744481608428074537e+00
3.604036514329958862e+00
4.346367489707541054e+00
4.464594744158291384e+00
4.032974646723812562e+00
4.341417856423478661e+00
4.659551280755285241e+00
4.272655026037059933e+00
5.245087708440950180e+00
4.046445320749123553e+00
4.531125720394770795e+00
4.911532207304994735e+00
5.491704406915640213e+00
5.304016271843593699e+00
5.197201763774943473e+00
4.827204060062872060e+00
4.943094840699474801e+00
4.312120337912698886e+00
4.809902337804503603e+00
4.397993339037790328e+00
4.434326312597875130e+00
3.561993986817033164e+00
3.839012993597676449e+00
4.115590539458312769e+00
4.147696031086567814e+00
3.570692640535881868e+00
3.259725475513841175e+00
4.598284544202514645e+00
4.320517445459129746e+00
4.400633494539420099e+00
4.142298302888474559e+00
4.158614415871925374e+00
4.925992894582937431e+00
3.867498525791822406e+00
4.662461577404805269e+00
5.520108930126000679e+00
4.405666052582621006e+00
4.648192030675129871e+00
4.121970205313451707e+00
4.088850758449417810e+00
5.259001278441927774e+00
4.179017512943547175e+00
5.466772484916893937e+00
4.138076701845152527e+00
5.354996115038880511e+00
4.033075114089789359e+00
4.338409359467059190e+00
5.273308830338151232e+00
3.856567769434995796e+00
4.449815973978684447e+00
4.298811259589551348e+00
5.251834623693928172e+00
5.090705178360863670e+00
4.698171309794997974e+00
4.224271932025747134e+00
5.119628342802862164e+00
4.442456482592882061e+00
4.233915078311543567e+00
5.518593834831962752e+00
4.561801675425837033e+00
4.636965519414529169e+00
5.027133784371142333e+00
4.537121313560885660e+00
4.411874570458782507e+00
4.811722402566723567e+00
4.680859064571104788e+00
5.914582198097168231e+00
4.121398023718294112e+00
5.214208969603268962e+00
4.845225054483467630e+00
5.072412831990474658e+00
4.885471158107773881e+00
5.491326884836509770e+00
4.409332017268079440e+00
3.984003818864898516e+00
5.003587842149935128e+00
4.934685325896102981e+00
3.840273413355646870e+00
4.783437872401223423e+00
4.042121978079657119e+00
4.211090401298545061e+00
4.863651506631506471e+00
4.283086875717679654e+00
4.470140501490206475e+00
4.394130234099630883e+00
3.913554404719504998e+00
4.854060213720364558e+00
4.919831894824648444e+00
4.674048929632332872e+00
4.859446048682444896e+00
4.828851640507421550e+00
5.962138240221349861e+00
3.987676089740893381e+00
5.532084712674754989e+00
5.254633970204116267e+00
5.403555222316155593e+00
4.614215654114723897e+00
4.451898237149426230e+00
5.734005876512491717e+00
4.599885891430877116e+00
3.674090367269173374e+00
4.516649002534492752e+00
4.610228022813100068e+00
4.722260407487837597e+00
5.009417393278514652e+00
3.848687657813560481e+00
3.488547765429037995e+00
3.955040706529987293e+00
4.449641224018223262e+00
3.706629207181674879e+00
4.404319812926706490e+00
4.723077513856666521e+00
4.290904363880694738e+00
5.682187852117956517e+00
5.186899146659202486e+00
4.633091439939806655e+00
4.153034911827638176e+00
4.877374117855269198e+00
3.967857067638638213e+00
4.823225339138459411e+00
4.677976610883078479e+00
3.601114476349428273e+00
4.354311403024850868e+00
3.940261710621391522e+00
4.580341386982132335e+00
4.759204286959353603e+00
4.926722581707837278e+00
5.468614706346497378e+00
4.896440839970508385e+00
5.244766585703217743e+00
5.100718199610112968e+00
4.842842177824121741e+00
5.128440977842616100e+00
5.445264756257169658e+00
4.980939834152636969e+00
4.548650541901841926e+00
5.067485974881647870e+00
3.845308850688681002e+00
5.111533881996910722e+00
4.433239019841179740e+00
4.086472268413147368e+00
4.918830063918489870e+00
4.074798141255465467e+00
4.132580457163204990e+00
5.041190304721165916e+00
5.111900543698005173e+00
4.509371789695562072e+00
5.100582508106280777e+00
4.212403765232815900e+00
4.006587147310776587e+00
5.310445768861611349e+00
4.114731310802006270e+00
4.047714633013526075e+00
4.650344044775717833e+00
5.787544707373537989e+00
5.496300420445138890e+00
3.653181395067832238e+00
4.400639594138190169e+00
4.282917105158884574e+00
4.151143337808883338e+00
4.503101340080672976e+00
4.453303399316387967e+00
4.598424930997309090e+00
3.880309516335777698e+00
4.922830553012830457e+00
4.263669524607849759e+00
3.761004731826467218e+00
5.024913721897465102e+00
4.841933645953598209e+00
4.812100197018442493e+00
4.790938568965897204e+00
4.430595806630082123e+00
3.963928066102751835e+00
3.779962887789770853e+00
4.683404731093790296e+00
3.328633439739365762e+00
5.295024071210522543e+00
4.272594218639892638e+00
4.967968357322565254e+00
5.628589354359893271e+00
4.829394027159761293e+00
5.133032338531847927e+00
5.047095995522782097e+00
4.263819941400869951e+00
4.121363467803284664e+00
4.595321819316755985e+00
4.429658974417184147e+00
5.150957511736413252e+00
3.953590795581030104e+00
4.922034111992264371e+00
4.250418747635109185e+00
4.692454734646466008e+00
4.186701502002727615e+00
3.873408101449523411e+00
4.027982093695664290e+00
4.363863443782241447e+00
4.757099473936171385e+00
4.572764720282516571e+00
5.134246247216025516e+00
5.978790794677994569e+00
4.611261129764489652e+00
5.280142040322013841e+00
3.650166515601037442e+00
4.970280767629375873e+00
5.064435886576107215e+00
5.249308885524893498e+00
5.147783333802309791e+00
5.495646590116149532e+00
4.329729283289618813e+00
4.803925983501211583e+00
4.852129815373857902e+00
4.240029363315119149e+00
4.475042845375966749e+00
3.062792876147761412e+00
4.310980727840971305e+00
4.735487145563634037e+00
4.502429128222968480e+00
4.284037479602416987e+00
3.572336944197431752e+00
3.751896083409923754e+00
4.782495214933392802e+00
4.297570853618828401e+00
4.038085753747958861e+00
5.594537088957191706e+00
5.376613349945023934e+00
4.331810283882224333e+00
4.091745394741532316e+00
5.109385419317582055e+00
3.490283331506052633e+00
4.744638303161526238e+00
4.959719304671529549e+00
4.428061130769670228e+00
5.102802156396530897e+00
4.907728479134820354e+00
4.668028262372534876e+00
3.778773993704785727e+00
5.093309569775859025e+00
4.592330340747381889e+00
4.618258534073730992e+00
5.848390804350533045e+00
5.091493826018575142e+00
4.009978957444130465e+00
4.033224676540053011e+00
4.581407349245355753e+00
5.483355965542319410e+00
4.509086170928545911e+00
3.901503200548756656e+00
4.221215668961480816e+00
5.478899094514696699e+00
4.426037565541106389e+00
5.175864052046538433e+00
3.614223395522190518e+00
4.206751020923263695e+00
3.901912062781282220e+00
5.006500565640345179e+00
4.889663585159262915e+00
4.103939039109770981e+00
3.761228648300858346e+00
4.082777645074514794e+00
4.790335752483611209e+00
4.397725380358561864e+00
4.058967414117314654e+00
4.165384528061342628e+00
4.447431125717569600e+00
4.822688389875890103e+00
3.840638299046576609e+00
5.301750586783549046e+00
3.952501869734677431e+00
3.721453880380602097e+00
4.195328213123969974e+00
4.144015385089985237e+00
4.717392384093092694e+00
4.662622671350917791e+00
5.139195092450308699e+00
4.530275760822126685e+00
3.473575414510031045e+00
5.257773612606098546e+00
4.780995106144570350e+00
4.911896937164222265e+00
4.405298727546667514e+00
3.512240093203993663e+00
4.110489251705862657e+00
5.119344426500184397e+00
4.665641330961438626e+00
4.600036671831538193e+00
4.228215507297394815e+00
3.858749571219671104e+00
4.104402873285087239e+00
5.410933365621803048e+00
4.841724265246809544e+00
4.021778635847223171e+00
4.830311415633048888e+00
3.510132294830290878e+00
4.759959480656932307e+00
3.884990301286692205e+00
4.274882000865690479e+00
3.154385150632566859e+00
5.238715502663761292e+00
3.930851999981523903e+00
4.677271681532534586e+00
3.885051943941009611e+00
4.771224281087361518e+00
4.250453134268055599e+00
4.807776675264967103e+00
3.293543297069680964e+00
4.286322916543100270e+00
4.046104045407826533e+00
4.601861866746836505e+00
3.899859627223055014e+00
3.848975258254284881e+00
5.432284935826483085e+00
4.925176769772754426e+00
4.759796282692289715e+00
4.830435609489674320e+00
3.616052335693396902e+00
3.667777236814791397e+00
4.841008375149788989e+00
3.828690130142412329e+00
3.842570920671682266e+00
3.909909827362705315e+00
4.990062905651385883e+00
4.709402471717965888e+00
5.053317636766982979e+00
4.332591156038994917e+00
4.084964793187469745e+00
5.057455554409149734e+00
3.623168177230089437e+00
4.612682478129746855e+00
3.458758844354925088e+00
4.345959406675442338e+00
5.100858528059548647e+00
5.531715788295398895e+00
4.796672039043160751e+00
4.619607536117901425e+00
4.928881315142771058e+00
5.264122327993355555e+00
5.031403151477344515e+00
4.553631616988953468e+00
4.813184894378705003e+00
3.761599348188683134e+00
5.230682605178160749e+00
4.266713469094438160e+00
5.392007436808407661e+00
4.174849163120794238e+00
4.173684448384093137e+00
4.373630706206991903e+00
3.809655231242284223e+00
4.444909885018618390e+00
4.559061105067004682e+00
4.581114835294734178e+00
4.194672202926550852e+00
4.679071650400760340e+00
4.633422663162496846e+00
4.297311679700313469e+00
4.636997215201597911e+00
4.075283319892749390e+00
4.420981658955044580e+00
4.506075129566083248e+00
4.350835060801071741e+00
4.587537395688189967e+00
4.427863864068056543e+00
4.869364264640223539e+00
5.314007181418182846e+00
4.888399770311538717e+00
4.779453752567294877e+00
4.669031744003675932e+00
3.239571966999166719e+00
4.171047255138585541e+00
3.961457614859150933e+00
4.228717333529766975e+00
4.296658631089687930e+00
3.825504427368191962e+00
4.378113241205794814e+00
4.720738967875940162e+00
5.519737905490735841e+00
4.604744509925785323e+00
4.836778595458460117e+00
4.852588827112139569e+00
4.931613260747504945e+00
4.163682631683711222e+00
4.718156766779405764e+00
3.909034104454927938e+00
4.083144922128627563e+00
4.804656348779072772e+00
3.832451974647691273e+00
4.067527880932633622e+00
4.002829522295832554e+00
3.319157157825275650e+00
3.112057662928307433e+00
5.099466484902151819e+00
5.075878536568726673e+00
4.380375315049606755e+00
3.176827994602125838e+00
4.778638998648572667e+00
4.192727333919861188e+00
4.391864454536157147e+00
4.790247849156805238e+00
4.681474744090376561e+00
4.815724960367430363e+00
4.365709700757554046e+00
4.370953856545710003e+00
4.684130290531925311e+00
5.199088850328696942e+00
4.453392268603564297e+00
4.223230545595341390e+00
4.320488565481630516e+00
4.493075545910635071e+00
5.093977325035627501e+00
5.681050360875132377e+00
4.470046268439106463e+00
4.914922829315934827e+00
3.395832350207309336e+00
4.160527546008629507e+00
3.656522314298029652e+00
4.665280390431461477e+00
4.754792242671668667e+00
4.044726902959457249e+00
4.339091385531249401e+00
4.400079913759507022e+00
4.365474342599008573e+00
4.730243770866145780e+00
4.293408308875921620e+00
5.459965120911093095e+00
3.922851237354299858e+00
4.538723088313614262e+00
5.291091769874082473e+00
4.703494537627955552e+00
5.418168727689379516e+00
5.240168381464879843e+00
5.033392159549106459e+00
5.308516686796862061e+00
5.131437792834171674e+00
3.942786734033234541e+00
4.737560962412486809e+00
4.181359419094548890e+00
4.743877551250426983e+00
4.090822145768702178e+00
4.830626033367404482e+00
4.698435343117535190e+00
5.484161650459929760e+00
5.657994138414142782e+00
4.489811819093320722e+00
4.641756524810221052e+00
4.514099084479797241e+00
4.366231722705121499e+00
4.626614580689297540e+00
4.476870095851167797e+00
4.067484976238532113e+00
4.672305386269664851e+00
4.106224377394592118e+00
4.113244681206024822e+00
4.004247177829091342e+00
4.406652278319282523e+00
5.213642082415740120e+00
4.554549147740094561e+00
4.104001396784709321e+00
5.114530469585024441e+00
4.519745811184791684e+00
4.223399208613960454e+00
3.611529843794548444e+00
4.398141003757976009e+00
4.993711567571299526e+00
3.839953175837656829e+00
4.693153576223589418e+00
4.529754315576496104e+00
4.678726832205454045e+00
4.828685084189425325e+00
4.794612726105524025e+00
4.453781844447188831e+00
5.236781798043598002e+00
3.821714290188615415e+00
4.538572096006074474e+00
4.028677141770954151e+00
3.798095418437986925e+00
5.792339969241469433e+00
4.934748177588187623e+00
5.049971926055961013e+00
4.813422869628614542e+00
5.642033164827016556e+00
4.215595745573667230e+00
4.156118482387096691e+00
5.725867993287346636e+00
4.266809717791963052e+00
4.117253765681615718e+00
4.185350644299034251e+00
3.271092285779833020e+00
4.906772641734280072e+00
4.307732471500653304e+00
3.982971655447076209e+00
3.723805239720218818e+00
4.384833086282086789e+00
4.968796279543206573e+00
3.677191006583510724e+00
4.218508331468541428e+00
4.444803083603943605e+00
4.815038132385341285e+00
5.621049220786019873e+00
4.388447729794860308e+00
4.939494752442470826e+00
5.274035543365766188e+00
3.773424952481644556e+00
4.915475735206707775e+00
4.213901095539204000e+00
4.810820386689591110e+00
4.749708109909238196e+00
3.772001120018371179e+00
3.493301242040875110e+00
5.267257790704143794e+00
4.839850356091729644e+00
4.158754690869011839e+00
4.442741065997989125e+00
4.239787688099122320e+00
5.540577277818942825e+00
4.460954583795254003e+00
3.274270534980940450e+00
4.828946017756914344e+00
4.239475389805924088e+00
4.589985561769249323e+00
4.994726669748168923e+00
4.024192982251213913e+00
4.093221552866371127e+00
4.234099802430753456e+00
4.697399815454489591e+00
4.195231256747040227e+00
3.764150765252753938e+00
4.098717988349390495e+00
4.140811361660528434e+00
4.408429399995798192e+00
4.674197096950761576e+00
5.033129746043827346e+00
4.732231287231706496e+00
4.586391375530848968e+00
4.946685470103988180e+00
4.732503693783969290e+00
5.568975767615603090e+00
4.815367252577054558e+00
3.970160091136768710e+00
3.645215441233519815e+00
4.721243819845155620e+00
4.469910851027082188e+00
3.956624524221214134e+00
4.739357155569393854e+00
4.254582741911241861e+00
3.804522278650966260e+00
4.514216160660132537e+00
4.718949867003654042e+00
4.889152931011905068e+00
3.964745185655211390e+00
4.733026121763947991e+00
4.562126504297069118e+00
4.502042619659829548e+00
3.835364222559504821e+00
4.061813697449640159e+00
5.413234269855904834e+00
3.311647017505947144e+00
4.815535069517640210e+00
4.651051954042614511e+00
4.595332594805419113e+00
3.678782973826631331e+00
4.078134865491897187e+00
3.941356954106586041e+00
5.004754591349601434e+00
3.054765955365734253e+00
5.358218791644013379e+00
4.280263432432377613e+00
4.585071988158347267e+00
4.506738132483777193e+00
4.332911666709482468e+00
5.487761364714915935e+00
5.123590222620038936e+00
3.618921177960118918e+00
4.238826254350296807e+00
4.075371941715274282e+00
4.222165286465934031e+00
4.730776915479012246e+00
3.847932284897850330e+00
4.449413686025621040e+00
3.348633333046419303e+00
4.988330540949541536e+00
4.793095258131303105e+00
4.549396177768876726e+00
4.305427843350372541e+00
4.973705762129387864e+00
4.540753464332725642e+00
4.466226450358493416e+00
4.394992463890820211e+00
4.521524804856473345e+00
3.973278338195699089e+00
4.144364101077237628e+00
4.629250979979927294e+00
5.170246673799065995e+00
3.927004572875088861e+00
3.990214887319919246e+00
4.005134494279203317e+00
4.546863717097896718e+00
4.759757660447354155e+00
5.059455991059698121e+00
4.960389222602672454e+00
5.001055593599256888e+00
5.096175711670128727e+00
4.869205602499997454e+00
4.038823889388976518e+00
4.593747112495745633e+00
4.858158788718809795e+00
4.541315663363269195e+00
3.464184584380041176e+00
5.490859032819720653e+00
4.972089250380971492e+00
3.751685737106284169e+00
5.440478704686078970e+00
5.173353943946030320e+00
4.740715723915312374e+00
5.034770544812324111e+00
3.588497143250873656e+00
3.371056182250829369e+00
4.149825453226347882e+00
4.211104121058751204e+00
4.349872867353102635e+00
3.781811921154245137e+00
4.062579330076030004e+00
4.454542433527690193e+00
4.166701937184008386e+00
5.416301113923755572e+00
4.260892751290694669e+00
4.217767010005847972e+00
4.107255921652133601e+00
4.746027970401252460e+00
5.442869996180805359e+00
4.992498545110636954e+00
4.479433834364369815e+00
4.813687451305197484e+00
4.542919342029828833e+00
4.868905177025252939e+00
5.204197240681503800e+00
4.868033505365372271e+00
4.486644579834973889e+00
4.253655652070464477e+00
4.253153486308145048e+00
4.156042722554819768e+00
4.433335616362960252e+00
4.931069772374998550e+00
4.935143136407979192e+00
3.292639008375248366e+00
4.885488690876248263e+00
4.914363268957826492e+00
3.306153123388172688e+00
4.620914625856773483e+00
3.877254328916816650e+00
4.401826993865896931e+00
4.705328492341444679e+00
4.700883120821407246e+00
4.055583249755367881e+00
3.640956706334842252e+00
4.307160256838647783e+00
4.636299788592385340e+00
5.943020685000711012e+00
5.660775712001020032e+00
3.941733039511942760e+00
4.509323804168031913e+00
4.358911099794164024e+00
4.625661815522470910e+00
3.895325534992104544e+00
4.666698696479990360e+00
4.884262495614652089e+00
4.189016992458198807e+00
5.509574599594884603e+00
4.199588712961807246e+00
4.346364445200552318e+00
4.190245474336452780e+00
3.525086673420249284e+00
5.702209890645418611e+00
6.001927034409271222e+00
4.946114363632946542e+00
3.252454220136794749e+00
4.393848802302634304e+00
4.893203421453644175e+00
4.322447354397143116e+00
4.433739189099610734e+00
4.800012108242744269e+00
4.472549396957974821e+00
4.843222305489651269e+00
4.962660496002552435e+00
5.037878248876962672e+00
3.408078925193697373e+00
4.373799075496525468e+00
4.184153266903201995e+00
4.776732047472097342e+00
3.965002151306346256e+00
5.034067235298024912e+00
4.938535782544142272e+00
5.244321549552918960e+00
4.166554932841036951e+00
4.746599139852748728e+00
4.696255208035688966e+00
3.878025624164457508e+00
5.090281745424337423e+00
4.474681449933753719e+00
4.405058433317562638e+00
4.375756215891812850e+00
4.597902235362661294e+00
4.200289279465400760e+00
5.391240399538959949e+00
4.077627380806726265e+00
4.021240982384997054e+00
4.809401342976805438e+00
4.577756366530237209e+00
4.554162694385000876e+00
4.051358034485269322e+00
4.705097159376874671e+00
4.406267468975701540e+00
4.912972997275917741e+00
4.034055458994490806e+00
4.652710842547974401e+00
4.717920625875791529e+00
5.249495861311682887e+00
4.589175533645803995e+00
5.075829513223553136e+00
4.835266835113556816e+00
4.302185607165681880e+00
4.494081095841243823e+00
4.038586860810592150e+00
5.701641382318320517e+00
4.472518694437965792e+00
4.075275941218039044e+00
3.240093032328502876e+00
4.021571407036107715e+00
4.274845891980340262e+00
5.087051464563156600e+00
4.202176308503867475e+00
4.728004251261149982e+00
4.495372579780384292e+00
4.580733012719089281e+00
3.890253046901305467e+00
4.177014520920927509e+00
3.841626400092686300e+00
3.714728986458405657e+00
3.633293523613455367e+00
4.233440933546302354e+00
3.596911353868597505e+00
5.487308549240013988e+00
4.731183846044324959e+00
4.403674295060355348e+00
4.916426247630335311e+00
5.864353489307629452e+00
3.679272078663465617e+00
5.005313224736353206e+00
5.651475002148791837e+00
4.937534604989664011e+00
4.709290434364612921e+00
4.196612535178909198e+00
3.779617488000913461e+00
5.206786990390522618e+00
5.489540874891923217e+00
4.725783745839438943e+00
5.363018987970859186e+00
5.391025065730488564e+00
4.208676036722784453e+00
5.422662393365204281e+00
4.379834303662712536e+00
3.593143323661248889e+00
4.856520338454642705e+00
3.720547132308511529e+00
4.244609967992636790e+00
5.490075930745230259e+00
5.009647644610669026e+00
4.546224509725818486e+00
6.012540107114929810e+00
5.219673503878234477e+00
4.933790813619510551e+00
4.771702923528119200e+00
3.681545197112754408e+00
3.918039411101840841e+00
4.676973809735756049e+00
4.594995071857645996e+00
4.294209029353953433e+00
4.010080014154143946e+00
4.018651361881532047e+00
3.950514785060577960e+00
6.352522773365663511e+00
4.950042238796099170e+00
4.028856082687453544e+00
3.659893751494404768e+00
3.158079050945144850e+00
4.246790597440639026e+00
3.797600695964654882e+00
4.236131041218213156e+00
4.925650888682409523e+00
4.447163360761644313e+00
4.761207863041952315e+00
3.788589128720279753e+00
4.437363085370723326e+00
4.648867726442975190e+00
4.147382469279750516e+00
4.373670910105774468e+00
4.447445824067634668e+00
5.372204528212791708e+00
4.427254254199063155e+00
4.373976725681480104e+00
5.952941368869615779e+00
3.608463674675845834e+00
4.896896686930710452e+00
4.269154806400398350e+00
5.584775725066564611e+00
4.161820312132160637e+00
4.495915571423463319e+00
4.171806823026899202e+00
4.445035050565597778e+00
4.258757609942302125e+00
5.868173649833018146e+00
5.203955771644157124e+00
5.260243600388085916e+00
5.489075712161671561e+00
4.538346970427731719e+00
3.456586046776555676e+00
5.401895782610658614e+00
3.895175851560249036e+00
3.796681558639475984e+00
5.513832138881510581e+00
5.400484706392314926e+00
5.577032398566093896e+00
4.694962728905720972e+00
5.111482276433441996e+00
4.465158780194915522e+00
3.799622534931425655e+00
4.267842499897144926e+00
3.813445556215952159e+00
4.832004046868161318e+00
5.458275517694160861e+00
3.100267847792990139e+00
4.312300759574846154e+00
3.821449445277411261e+00
4.692017194033191174e+00
4.456831984350571929e+00
5.375812708202210466e+00
4.162772748945516632e+00
5.159186145818457803e+00
4.581920184952742225e+00
4.075865183177523221e+00
4.168030290186514719e+00
5.574826839394540379e+00
4.098034009874458761e+00
3.657025050780052577e+00
5.831289806791045471e+00
5.252281425669681703e+00
4.383510122195831471e+00
4.312642145561166096e+00
4.996505222755152964e+00
3.840130092148306140e+00
6.092409419477571753e+00
4.998588833790167385e+00
4.406572853142068702e+00
4.361874946294348909e+00
4.408968041275318939e+00
4.944211586355903520e+00
3.575689404455970166e+00
3.246828148308892548e+00
4.952213073562811374e+00
3.870066114993877093e+00
4.187072756266355000e+00
2.924103774088996577e+00
3.918264608596423226e+00
4.998754740377671979e+00
4.703386877797631982e+00
4.454075213184791160e+00
4.642422498545800025e+00
4.721558883809533924e+00
4.615344944016736228e+00
3.726351591058442825e+00
3.951590736131284309e+00
4.327103397463272216e+00
4.102944337304834654e+00
5.879438772214283127e+00
4.779874050055650692e+00
4.897268486459068981e+00
4.574707992376389143e+00
6.009615569999064100e+00
4.621241727730589943e+00
5.484563294035317504e+00
4.686303936847327378e+00
4.041654574914927522e+00
4.932216753819798072e+00
4.429862774941874193e+00
3.913189137428698228e+00
4.701620565664317297e+00
4.560458608287399684e+00
3.764112945299390223e+00
4.929863780128771467e+00
5.534543438924182546e+00
4.437745119612788613e+00
4.469779762656445499e+00
3.719334350163501224e+00
4.771782502552420091e+00
5.270853480571093819e+00
4.207778545807879134e+00
4.558238356335243324e+00
4.964198913929591228e+00
4.734064893899978088e+00
4.933488433219523017e+00
5.658675416009350201e+00
3.909212174235637605e+00
3.899871653487172463e+00
4.016552941551918998e+00
4.193378589058768924e+00
4.192348515409378251e+00
4.223450658349767295e+00
5.028279858123107182e+00
4.024672325399897055e+00
4.516270715605569919e+00
3.632797782104982165e+00
4.363234117736086048e+00
4.430287742888557645e+00
4.916314584575809832e+00
4.677190348052970847e+00
4.746464643805351713e+00
4.447370312745441367e+00
3.844967043782367089e+00
4.818658344614370037e+00
4.797439801416595984e+00
5.372771992939050278e+00
4.079087167255852187e+00
5.709321805194871757e+00
3.958801683805063476e+00
5.007596060040460095e+00
5.386617331266839059e+00
3.809322850244262426e+00
4.519135992394874179e+00
3.801805452041070232e+00
4.689873146781519786e+00
4.481223938898376780e+00
5.511810408289265162e+00
4.657489696497703946e+00
4.763848026976691408e+00
3.875799599606745804e+00
4.873768620463126311e+00
3.709219669998122804e+00
4.363491865378910539e+00
4.337471257985812123e+00
4.959917590586547576e+00
4.752190280194882099e+00
3.657984463826969179e+00
4.691523755453744116e+00
5.463597362246191302e+00
4.755857167623682713e+00
4.627911767384181196e+00
3.851522680751864769e+00
3.319824406050071897e+00
3.448726614634295640e+00
4.100818411298174482e+00
4.816614410066209828e+00
4.422430545792149559e+00
4.066048637092779749e+00
4.140006833821075816e+00
4.806430875670661962e+00
3.862549991926958359e+00
4.505412257280065447e+00
4.794051591483432517e+00
4.162535098965895131e+00
4.275740582580030313e+00
4.678600649262738109e+00
4.178632270644188296e+00
4.168950815259953480e+00
4.626030842497250717e+00
4.858153356585479976e+00
4.828668340888904176e+00
4.036307834590227905e+00
4.070256611228898258e+00
5.484728638291955782e+00
4.593078070427432991e+00
4.535070016350760902e+00
3.784925210821968644e+00
3.938268795406397960e+00
5.142324967725622642e+00
4.622018598007787027e+00
3.837498923775474857e+00
4.323985659661576442e+00
5.050010498090881761e+00
4.238037030818781581e+00
3.968554803943836973e+00
4.727582174853178998e+00
4.448997046183256643e+00
4.307779543181661452e+00
6.382865484624963948e+00
4.359663215669381309e+00
4.277373898521410922e+00
4.786323223870583732e+00
5.572625212099524106e+00
4.314805720211092321e+00
5.017738655400511227e+00
4.403616377987164654e+00
4.411099270149830609e+00
4.570057336996200981e+00
4.480415666801177643e+00
5.597364682666929880e+00
4.359362271952745616e+00
4.552292262975306869e+00
