6.332656827728945892e+00
7.321707205496204907e+00
6.377722817255762955e+00
6.445904852351239889e+00
7.147525352902230900e+00
6.539354570403537181e+00
7.502678213927467255e+00
7.460596140392253162e+00
6.553974909056298870e+00
7.521354203566242624e+00
7.187168734318926333e+00
6.450882915472609724e+00
6.323599263915779645e+00
6.270382712229148225e+00
7.100795758893347909e+00
6.666504050388672553e+00
8.060190102284190417e+00
6.159031462463703477e+00
8.205827889411033027e+00
7.368773020219268943e+00
7.370512238354639756e+00
6.904530047315490471e+00
8.226856077305189530e+00
8.248350362070377528e+00
7.091729558242535703e+00
6.822978520905082611e+00
6.536017646925892599e+00
6.835325977749883819e+00
7.094792220462184495e+00
7.249496897092646996e+00
7.022923108712326723e+00
7.197533432182205537e+00
7.111036208918375401e+00
7.119118176660395036e+00
6.772206853128973414e+00
6.651468006185766058e+00
7.214014260393494027e+00
7.705989721585725150e+00
6.921678704263421800e+00
7.699093117178675172e+00
7.462245014153905842e+00
6.558552181156096061e+00
7.419019914945418570e+00
6.736960524831178354e+00
7.138974646340999541e+00
7.100416461756620556e+00
6.982581453166522678e+00
5.359642913704145251e+00
7.246871814268987855e+00
7.002393647053719583e+00
7.198502296503109577e+00
7.377817465946209907e+00
7.160498020642352301e+00
6.753357986374950883e+00
6.666761211747610716e+00
6.958305632578170474e+00
7.122731629635475237e+00
7.140891462214337793e+00
8.339549525231369387e+00
6.031308179163496597e+00
7.395853189723091248e+00
7.797877825267852891e+00
6.961431161773956156e+00
6.771558491667926560e+00
7.519250746599426272e+00
5.965111482180873281e+00
8.227301963795706996e+00
6.878253245453743503e+00
7.122998591547173852e+00
6.931412322495466682e+00
8.015951800894368873e+00
6.667966009848083964e+00
6.750876175892503106e+00
6.766385737208636009e+00
6.979106763407181724e+00
6.408347093079791890e+00
6.702641646545459686e+00
6.843225949891686533e+00
5.860698546951730314e+00
6.741877630015818745e+00
7.014575971391995957e+00
7.016144737783513108e+00
7.383205232599154400e+00
8.041028149873504560e+00
7.370278558201619923e+00
7.589017016780834624e+00
7.224482929716240065e+00
7.678781018564475147e+00
7.398799169925561969e+00
7.194738137635258823e+00
6.775568646340579093e+00
7.124576373723099820e+00
6.852190852459030701e+00
7.103148112818214344e+00
7.303489774311501925e+00
7.098701269761779287e+00
7.554923614787368180e+00
7.393122295584305448e+00
6.803250373981279964e+00
6.403538137583064227e+00
6.376993294821022396e+00
7.971329616133961515e+00
6.587259097543298303e+00
7.379320812805621799e+00
7.048033281225644764e+00
7.719365241853910042e+00
6.625749365258177370e+00
6.496735502772450488e+00
6.277601992564989075e+00
6.443950622406257267e+00
7.586907684387075079e+00
7.424001366182948480e+00
7.035159426851349984e+00
6.524066828851019295e+00
6.927004993197109606e+00
5.928300936356963646e+00
7.104515044744877272e+00
6.745340757149113742e+00
6.121219783684363591e+00
6.551225266611456988e+00
6.270727612930774519e+00
6.835410253968538186e+00
6.764726601798645156e+00
7.177043826623190625e+00
7.107136206540832113e+00
7.071343376276415071e+00
7.572781857844810283e+00
7.980825036952198026e+00
6.223205189306656671e+00
6.320894020165586547e+00
5.441105379242004325e+00
6.546486809560840392e+00
7.278320752255363679e+00
7.291679177745056251e+00
6.524911906607580470e+00
6.690903799789584383e+00
7.030150674431759228e+00
6.120003485844836888e+00
7.540858878346574201e+00
7.095777202509612636e+00
7.299381495429951627e+00
6.091200507513843121e+00
7.098303737292449789e+00
7.988303436502474320e+00
8.083011334511342127e+00
8.220409650767042109e+00
6.293795850963162408e+00
6.432780840432577030e+00
7.195217586655095587e+00
6.669417605952201455e+00
7.477201003338040941e+00
6.603283075497253130e+00
6.706398343207719215e+00
7.088438783680579114e+00
7.807584774790892190e+00
6.919483539845990627e+00
6.168057314221068843e+00
6.119113859927223231e+00
6.437584534834813077e+00
6.585114112231506667e+00
6.757629102102612251e+00
6.881421725855186189e+00
7.584248804125212295e+00
7.025755862318694867e+00
7.247487413034796155e+00
7.223585591158689923e+00
6.455452138609335755e+00
6.170166948103940285e+00
7.286332157543677468e+00
7.102848360691096374e+00
6.690820766377299833e+00
6.453900446907964827e+00
7.403853227281286919e+00
7.558960299432916585e+00
7.045300852304806405e+00
7.138335389782556994e+00
7.017753719282410430e+00
7.487342758849230506e+00
6.082739391072326640e+00
7.175956584323475163e+00
6.628128043112347711e+00
6.674273823201242628e+00
6.688775435889100507e+00
6.917450313965635367e+00
6.692981856927886497e+00
6.620633195032445073e+00
7.018925862441975916e+00
7.450618065104896104e+00
7.493590659861864900e+00
6.896908343566639843e+00
7.300313076666607337e+00
7.563426747268359840e+00
6.790541248437625299e+00
6.410296393203126719e+00
6.424949508849061353e+00
7.122385749348004502e+00
7.103340910366821248e+00
7.293437961968994188e+00
6.457130507057133428e+00
7.190927075624704123e+00
6.597118634410668037e+00
6.523335974250348279e+00
7.180338742348833847e+00
6.724758722709644587e+00
6.802758368721425697e+00
7.056928247604178139e+00
7.351778617592549914e+00
7.567810743478170288e+00
6.971574067985108591e+00
7.491063324359258147e+00
7.065483772963225384e+00
5.564133271225056632e+00
6.973207327800167832e+00
6.581430781526464102e+00
6.691777975289054936e+00
7.431661653828758318e+00
6.999049469628071840e+00
7.050257716362144045e+00
6.436634146861623051e+00
6.279471656748254915e+00
6.963172683137072383e+00
7.207668966635872643e+00
6.549325478990999372e+00
7.360590439502633586e+00
6.723337282158627026e+00
6.815513427730067519e+00
7.132999577896868892e+00
7.446255928079238195e+00
6.226642150527704089e+00
6.942315483901758455e+00
7.189188632714659910e+00
8.320092959546066425e+00
6.432649348298128622e+00
6.867668795539409565e+00
5.786579926907153393e+00
6.916299905794902614e+00
6.933605972917061600e+00
6.669224875183306978e+00
8.379048793631815428e+00
7.003248910528408366e+00
7.314844073602323249e+00
6.400408006738830480e+00
7.437165558283379774e+00
7.805948034819969017e+00
6.086706631369020570e+00
6.741333135851815150e+00
6.453547103865407308e+00
5.706007457341081057e+00
6.735542958687232407e+00
6.825330873796577436e+00
6.988777814147056233e+00
6.853981554382503560e+00
6.848384815132926740e+00
7.044403898877753534e+00
6.759394419003263543e+00
7.371565483882970504e+00
8.019724040711530222e+00
6.937915919269602938e+00
7.268679720081670403e+00
8.103014993671799004e+00
6.177533224842545856e+00
7.616977779349489275e+00
7.291648216960705753e+00
6.505092538089578547e+00
6.805026231186201535e+00
6.906214329173305799e+00
6.866084374434088922e+00
7.071853074946325535e+00
7.267378042747793643e+00
6.574292236914007326e+00
7.006142468680721436e+00
6.262340368992387774e+00
6.483052639385313398e+00
6.703746139423357064e+00
7.581052442705619399e+00
7.696262696508052059e+00
7.066828993685418503e+00
6.581260886625846851e+00
6.903077000216033099e+00
6.739665501111913315e+00
7.644039448220551591e+00
7.112806832061691509e+00
6.990307316168366647e+00
6.608684032541106035e+00
6.850320917934568321e+00
7.987936927563731082e+00
7.616669087195651500e+00
7.543792326490302180e+00
7.034378074721548302e+00
7.618766209381895749e+00
7.191296821870202471e+00
6.716991028414384779e+00
7.667866637750583969e+00
6.958167187365582151e+00
7.456325499293573245e+00
8.044228706496451053e+00
6.945494383347847744e+00
7.903600484568217510e+00
6.466232865720374257e+00
7.073920354375704989e+00
6.336319403122058880e+00
7.549054326837572049e+00
7.643256721774938534e+00
7.506089040832171655e+00
7.435487003680234963e+00
7.106065164699430170e+00
7.291327707945736591e+00
7.556528474062789158e+00
6.800977996181867269e+00
6.680362611683021257e+00
7.609221684665102181e+00
6.333849387738290204e+00
7.655145487861673814e+00
7.798439168373372254e+00
5.979419313551073145e+00
6.951676795907578033e+00
6.413816851585941947e+00
8.087086932239184733e+00
7.417211602286235106e+00
7.274624024592858618e+00
7.736225954835434848e+00
6.896135256114164669e+00
6.930376304582138047e+00
7.592302616866973608e+00
7.507954647682102411e+00
7.225334460596954500e+00
6.319762123467351778e+00
7.159386069371506345e+00
6.431944887656761090e+00
7.241762528797526244e+00
5.869017137120141392e+00
6.651733106172179610e+00
7.095177909957871343e+00
6.430130338613924579e+00
8.231973268886516593e+00
6.854378491508845705e+00
7.664135583912447203e+00
6.917629572786959002e+00
6.265971458869054267e+00
6.709967926843189545e+00
6.997776159978259081e+00
7.212181487723952955e+00
6.549137835973160904e+00
5.835290414758363298e+00
6.986854386479620871e+00
7.273160574867643113e+00
7.590892695157416270e+00
6.411640494614935903e+00
7.539472934985656849e+00
6.746807909305185369e+00
7.806730493349845368e+00
7.313263843993014213e+00
7.699921999501147418e+00
7.484910282381515678e+00
7.741869298016396783e+00
7.030790970465115919e+00
7.807597202592750918e+00
7.424533508255160008e+00
7.326796301822264823e+00
7.246617600208843157e+00
7.684719156301230925e+00
7.124382591882039151e+00
7.145580214388302487e+00
6.812033452722377369e+00
6.471388777226342981e+00
6.100805691867948966e+00
7.236410760523781072e+00
7.535098894477854969e+00
7.532736658178965428e+00
7.154675702645340252e+00
6.865979066468621994e+00
6.958190916415686544e+00
7.682148174989014144e+00
6.319601440527291558e+00
7.506749350189708458e+00
7.366497791913261928e+00
8.014134944563098273e+00
6.345557548624195299e+00
8.219019391065231162e+00
7.456424746367438239e+00
6.969274071336611698e+00
7.759325590919289972e+00
6.980946064467919321e+00
6.612226335249454579e+00
7.372978624620888155e+00
6.933061577789080054e+00
6.696445541586498962e+00
7.336206121236662270e+00
6.855593623272317139e+00
7.291798698299785109e+00
7.207954107065460470e+00
6.244977853507532650e+00
7.418571354030434328e+00
6.249960728217009986e+00
6.549884174000341730e+00
7.101126682525686462e+00
7.086872705413477469e+00
6.670775488511758056e+00
7.565268957053363330e+00
6.463796717185604557e+00
6.339490572405320989e+00
6.983261675261050350e+00
7.165572379429716143e+00
6.884858099231689010e+00
7.272885760058694693e+00
7.791802781384226328e+00
7.299183837097471539e+00
7.180977136766573565e+00
6.938454679143895021e+00
7.784335804852233309e+00
6.036543772658255591e+00
7.531681783461085189e+00
7.371294445461552769e+00
6.196213881604643703e+00
6.237113115664287832e+00
7.768301947310117583e+00
7.586975973497053438e+00
6.470234172060303379e+00
6.412472263434629838e+00
7.525368854687360276e+00
6.359837106865237288e+00
7.614137920768101253e+00
6.996833090715012915e+00
7.046476683815344089e+00
7.018164940149162589e+00
7.383013655488031013e+00
7.318419294094537619e+00
7.358214279810114000e+00
6.982100319803095978e+00
5.940094771350332259e+00
7.571528803323282375e+00
7.476861518242082560e+00
7.316865073194194657e+00
7.146930235556195221e+00
7.246050462954626070e+00
6.567435695548357266e+00
7.548700924248381128e+00
6.829160223457543033e+00
6.925422772041766706e+00
6.365823478077818898e+00
7.384588484685822074e+00
6.143908010655713348e+00
7.845259885878683725e+00
7.341250162525779999e+00
7.599305564853169770e+00
7.214913887784978996e+00
7.675044136034512299e+00
7.088585246521898142e+00
6.805381746206263571e+00
6.716014421142495472e+00
6.869711543571340506e+00
6.524053825940731244e+00
6.998286683113413176e+00
7.037952807745917028e+00
6.094784801326309065e+00
6.493181831406205085e+00
7.609654540257479560e+00
6.801123963367551539e+00
7.891462917323072368e+00
7.337256493709921834e+00
6.994422264454130733e+00
7.447986888298628649e+00
7.644343012720353769e+00
6.463257490660711646e+00
6.559036773205817461e+00
6.822257310077014303e+00
7.493631523512626735e+00
7.600961056612228539e+00
7.857308694279295125e+00
6.568000388624682273e+00
7.359694237442910847e+00
7.244683359378824683e+00
6.832439704168394634e+00
7.695040816394077332e+00
6.778940346339214607e+00
7.041222276072364394e+00
7.537945300546608607e+00
6.918805455448347352e+00
8.051336738341777988e+00
7.741472842899123741e+00
7.106420852821083045e+00
7.170755183829101043e+00
7.125696906609936931e+00
6.769273308877987283e+00
7.242278404744737053e+00
6.795970253485683621e+00
5.785595684403334715e+00
7.215675248573418799e+00
7.034477118611841995e+00
6.785238015009388057e+00
6.449336656478127594e+00
7.087904991705894275e+00
7.317748792256963952e+00
6.947401005382669581e+00
7.926888360301438397e+00
7.158475054981251695e+00
7.406568028856187702e+00
8.291510320160567105e+00
6.537032580183505637e+00
8.155177117194186920e+00
7.047372728629452965e+00
7.147212878665351710e+00
5.995615780697484354e+00
6.375044047867024943e+00
7.622060018208563825e+00
6.944109019755451584e+00
6.407291550007980341e+00
7.117724102096054217e+00
7.569949425547890520e+00
6.590640102670779932e+00
7.072973850738095258e+00
6.585918893231498039e+00
7.481866778014331310e+00
6.464049887361094981e+00
6.869822587421338334e+00
6.230902381849916516e+00
6.943578888019064088e+00
7.130861849203419034e+00
7.446360769132391866e+00
7.635066461995292819e+00
6.320728672762129463e+00
6.884087665299983172e+00
7.197359888818740892e+00
6.689892140066750592e+00
6.834497087733925724e+00
6.979607483709137306e+00
7.393280443265211943e+00
7.239455147222401799e+00
6.974822873103831533e+00
6.757858933285172398e+00
7.220058371763580674e+00
7.372040270281430274e+00
7.089250933335168092e+00
7.097364088427720041e+00
7.516213954491342442e+00
6.712514014497274140e+00
7.905204096637735489e+00
6.724072715030813718e+00
6.217342686881824676e+00
7.133243915572877292e+00
7.000300186181890538e+00
7.117162689409499698e+00
6.664058071710356579e+00
7.500998374491990361e+00
7.681498740525483981e+00
7.078284949389805014e+00
6.973098726638803591e+00
6.400012851481021947e+00
6.478101994514037010e+00
6.781765554678051977e+00
6.156087406068500911e+00
6.668259339915239892e+00
8.006090935380441920e+00
7.167247766578539014e+00
7.135864865722547634e+00
6.323243853663518266e+00
6.512633704340619722e+00
6.868130808403159371e+00
6.960356503360768166e+00
6.646996812456002601e+00
6.864967645915093009e+00
6.641375854854707050e+00
7.188991704817014217e+00
6.328120613101906322e+00
7.472661108707201905e+00
7.258111043897494952e+00
6.440298879463378867e+00
7.339487548810122775e+00
7.205774148330210238e+00
6.912468033018727809e+00
6.572515656584876353e+00
7.192365435969350962e+00
7.653534319144171150e+00
7.882504357339289669e+00
6.425352044348151992e+00
6.937698481606793699e+00
6.926594027543113263e+00
8.039835907219600841e+00
7.327389805314148852e+00
7.665148542543747112e+00
7.924528450068923924e+00
7.503450427081097551e+00
6.554476351252321642e+00
7.105986609269813847e+00
6.829162601405869282e+00
7.087441283609381415e+00
7.772539214506522853e+00
6.905404484866683568e+00
7.350941849282265572e+00
7.428972989687379069e+00
7.651380442764075696e+00
7.191282938187661955e+00
6.278524788822714697e+00
7.172488920519410449e+00
5.410807264969083263e+00
6.715824375345296637e+00
6.832258922878625462e+00
7.000422995569274498e+00
7.462360023384918328e+00
6.660314512932510311e+00
7.109453041852690447e+00
8.300200178000483930e+00
7.575931046539539970e+00
7.506833650560982285e+00
7.073542191568043869e+00
7.237787980326518600e+00
7.506297242936637915e+00
7.476887436173750956e+00
7.840537876462180478e+00
7.222313178711061710e+00
7.842130802492103037e+00
7.575344890239801288e+00
6.824743990193867127e+00
6.997906418435772657e+00
6.652597795435089445e+00
6.886032305821067290e+00
6.749298103669899795e+00
8.004941817466091791e+00
7.464862568274332588e+00
7.632242180954272648e+00
7.783065549102531122e+00
6.905202467216594364e+00
7.360442873596008795e+00
6.569975337163795892e+00
6.710195174375699345e+00
7.154905537088001921e+00
7.187742842749293537e+00
6.404564331451533477e+00
6.950491610038908696e+00
7.336440335653161782e+00
7.278979632051954418e+00
6.866066890359014963e+00
6.636304846757521858e+00
5.967881103068894078e+00
7.949097052073542002e+00
6.997720193853913528e+00
6.865020569679272100e+00
7.480359316912050360e+00
6.604494959460659231e+00
6.639364248725847517e+00
6.892240595209927712e+00
7.592105270067436962e+00
7.294548876327093367e+00
7.772053745226038757e+00
6.458237506978588449e+00
6.067939475709554387e+00
7.146801090431302406e+00
6.522000096232627442e+00
6.456371496679280675e+00
7.670214912827145959e+00
6.989924046156930970e+00
7.159800698190413648e+00
6.997511073330549891e+00
7.489872336915753159e+00
7.466475130202128163e+00
7.975246998920880515e+00
6.299447045014679780e+00
5.938907793868550833e+00
7.075841531065092838e+00
6.754318514827934550e+00
7.015713379044736797e+00
7.895031534897839265e+00
7.593340261415957748e+00
6.196952614035983409e+00
6.505705173508438577e+00
7.296463226038126137e+00
6.850639158601293133e+00
7.145271149057856874e+00
7.026830843181193664e+00
6.449137832511769197e+00
7.240411663779242168e+00
6.352227928474440510e+00
7.123070697224436643e+00
6.562600034023070350e+00
6.889629550470895758e+00
6.978100991843184886e+00
7.482645499863585847e+00
7.534477006927787102e+00
6.851593585347696802e+00
7.062515320635544214e+00
6.615385927681876943e+00
7.396688719357545239e+00
8.015795067827211184e+00
6.363920307005971999e+00
6.508508586108246341e+00
6.102366953104815472e+00
6.447349168917806850e+00
6.818819159290534948e+00
7.212667245108487002e+00
7.020226350681887162e+00
6.349392297543460018e+00
6.462122648809943470e+00
7.170895033814845831e+00
6.397053432713270205e+00
7.459383195423725965e+00
7.108439692639288765e+00
6.815709086328615385e+00
7.606727936222957176e+00
7.734220878345416494e+00
6.470244783614420570e+00
6.630021121693563835e+00
7.848151483711933274e+00
6.816637947254057472e+00
7.166008613881625244e+00
5.706820493339709088e+00
7.375347493747234751e+00
6.651807636963659398e+00
6.903874725375393595e+00
6.440252729575488111e+00
7.814900263711646033e+00
7.120151515409251175e+00
8.204978956725485162e+00
6.885595237549057224e+00
7.292333781984946306e+00
6.471373166293171053e+00
7.009356479882348445e+00
7.402191419000134331e+00
6.547023300126523004e+00
8.025610317134541205e+00
6.573378678415410903e+00
7.455891457433886593e+00
6.672891264793587851e+00
7.209782107132178375e+00
7.332767242360001880e+00
7.054565941710856158e+00
6.798688403364718802e+00
7.164623087825090941e+00
7.585531597944780380e+00
7.102733681472748195e+00
7.344424835557696873e+00
8.110319680408158760e+00
7.548431443696005161e+00
7.210804720497885789e+00
7.966044391738988928e+00
7.369984987043616265e+00
7.454497819847532902e+00
6.627700503585610470e+00
6.201214283495382951e+00
6.585970996773593988e+00
7.180449893268075812e+00
7.526108062673909416e+00
6.034695133786453169e+00
6.283337892883491982e+00
6.697052293978620341e+00
6.748736242987953382e+00
6.600519590677828674e+00
6.695323389049037566e+00
7.348122858157180026e+00
6.733444685055213874e+00
6.959617415340946245e+00
6.867232650674715444e+00
6.620878629661487658e+00
6.440342657297834172e+00
7.418241649743658961e+00
7.512341700803483846e+00
7.667483344606148776e+00
6.572561410455937114e+00
6.800420478269057156e+00
6.754082480209295802e+00
6.373033171744605596e+00
8.005495532296910355e+00
7.612315789894111617e+00
6.063692762708878803e+00
7.650633864179096300e+00
6.198252439455471219e+00
6.646122523643001045e+00
6.538188285803188116e+00
7.361250803520635877e+00
6.423980254206274942e+00
7.290427245705104475e+00
8.125796250230560958e+00
6.701984534416562944e+00
6.558307957963446455e+00
7.092616650615105378e+00
6.531120347096390333e+00
6.709594788109398245e+00
7.821299332576328922e+00
6.047485953656595470e+00
6.978255282246859537e+00
5.921027256391201199e+00
7.435292924282418170e+00
7.461378589421165941e+00
7.020220445194780723e+00
6.741786047932687431e+00
7.596666529188877526e+00
6.080312065042433822e+00
6.878499637606737771e+00
6.858041484389250542e+00
6.316128598489799018e+00
7.971846116574635488e+00
6.770083484716053590e+00
8.139957783124268431e+00
7.148309473804530967e+00
6.700349181333764115e+00
6.612830457124915462e+00
7.264029917898294109e+00
7.249909063499838879e+00
7.049616284122423693e+00
6.464412210890186472e+00
6.316417457914547562e+00
6.196259639886648074e+00
6.763268100564828522e+00
6.311660788663822963e+00
6.819234407349706650e+00
7.585147277746568939e+00
7.868488096771343976e+00
6.505547809073794596e+00
6.679024995498514805e+00
5.995804130513951336e+00
7.545820509050837899e+00
6.538426129298573919e+00
6.296725575811707110e+00
6.807589175939087411e+00
6.731041651714062546e+00
5.949234468323627567e+00
7.612400634522216158e+00
6.613379690169285396e+00
6.959216538037200195e+00
6.805292547127418601e+00
6.514760867500249297e+00
6.830320742676753376e+00
7.145482094491756975e+00
7.628255902130657518e+00
7.850760189150554957e+00
7.366730277633048551e+00
6.487778856049659204e+00
7.162498527221591971e+00
7.110782200032956801e+00
7.391850798832925840e+00
6.701438123228071753e+00
6.808588140784314291e+00
7.000519555512573433e+00
6.926766550067910977e+00
6.673984514916062594e+00
6.747152423234582308e+00
6.324658459669915800e+00
7.406385741870844974e+00
6.487437512029303299e+00
7.554934711210877119e+00
7.040442535150031489e+00
6.365588711265653288e+00
6.624654523393784800e+00
8.096372775220212148e+00
6.462298681935730649e+00
6.389140198787020886e+00
7.786648235266564022e+00
6.644382317969960816e+00
7.042203805037910769e+00
5.583059651378603938e+00
7.324814559626049437e+00
6.846603298818769723e+00
7.608536176143835483e+00
7.714199384543863225e+00
6.417290305944066020e+00
5.967562688577535468e+00
7.086224254082114982e+00
6.987275772152182540e+00
5.983480662251811744e+00
7.733453461314878652e+00
7.796704150191830607e+00
8.195812481261933513e+00
6.599761412864664223e+00
7.269028059786704965e+00
7.294103809098115399e+00
6.936145543107268274e+00
7.421226581715722581e+00
7.817626848649015692e+00
7.199067108955390815e+00
7.166284242916020730e+00
7.230338118971585182e+00
6.992909996708577047e+00
6.850019734325915266e+00
6.650542726151329909e+00
7.112155091452343925e+00
6.378704767462673786e+00
6.359898265742400802e+00
7.257507871376816411e+00
6.368713765310756614e+00
6.377771895036486782e+00
6.064204668217788807e+00
7.004865417479668288e+00
6.622913626498312389e+00
6.669968451751407734e+00
6.649019923857403924e+00
5.735059555350247251e+00
6.577273680442985437e+00
7.115430625669110221e+00
7.708864475004007843e+00
6.471313886284131733e+00
6.828290889951398768e+00
7.523983393492285288e+00
7.443671155004540019e+00
6.567950132490280701e+00
7.154060278338339351e+00
7.447856722617437697e+00
7.352148237556654919e+00
7.376487955610032898e+00
6.946373568467111070e+00
6.624396887425016978e+00
6.646788364390908477e+00
7.030291558139212249e+00
6.924925332601733707e+00
7.120184209997780123e+00
7.930992790435782425e+00
6.726163271660784204e+00
7.138038621423634211e+00
7.153489038959468971e+00
6.641999162430691328e+00
7.091033360634223293e+00
7.489696314705468261e+00
6.718922328811700595e+00
7.516963435172835162e+00
6.316407591665567978e+00
7.557565582519029768e+00
7.972240139454281227e+00
6.611074495627241809e+00
6.614262317113533740e+00
6.941396270912244759e+00
6.076445939261534868e+00
7.719680865419741522e+00
7.663854222629438162e+00
7.099344916402181127e+00
7.420721342309605895e+00
7.238622815304867508e+00
7.610935817527183289e+00
7.498056883631598168e+00
6.779822356462973154e+00
7.118700882208486291e+00
6.605425001727935452e+00
7.088199930481776434e+00
7.428600935315804676e+00
7.450476562422320370e+00
7.114023542170254011e+00
7.191229984325976154e+00
6.495064177860454535e+00
6.686722776438515758e+00
7.525671231307226705e+00
7.321959871947761656e+00
6.701517316120201961e+00
7.191598608161426931e+00
7.196182079989416280e+00
6.594278895312522870e+00
6.363267255392318411e+00
6.101140225983667342e+00
7.350522928488588903e+00
7.424308040804570297e+00
7.485984743935510721e+00
7.537229106904357323e+00
6.940144819532990894e+00
6.206628147209483082e+00
6.346009112632009064e+00
6.542400576548896396e+00
8.172058382431909962e+00
7.887977489066678949e+00
6.393161163843434913e+00
6.853575912055780428e+00
6.858322205736816279e+00
7.105977761136435866e+00
6.851289383541851130e+00
6.943406519494425666e+00
7.973503227182764164e+00
5.386971007563772673e+00
6.790136612474152678e+00
7.207735636131514134e+00
6.628544002626743925e+00
7.226223051359093930e+00
7.450382665178781672e+00
6.800655720947712091e+00
7.302553685413335494e+00
6.677636001952925504e+00
6.908031090461344448e+00
6.462462132867599074e+00
7.633370464731631166e+00
6.552168892109285991e+00
6.677407293342348282e+00
7.084969750140940548e+00
6.592882452741907429e+00
7.579379326246214355e+00
6.017760902090090624e+00
6.933952791517097758e+00
7.561818348371634357e+00
6.962277855215463163e+00
6.247091972467076815e+00
7.142372840301941750e+00
6.964039032499497850e+00
7.050835260171430363e+00
6.943764248481201662e+00
6.791490217648039618e+00
7.694801624756235192e+00
6.862940681135730081e+00
7.195773017889614209e+00
7.342981606679834350e+00
6.911735986034240220e+00
6.961311065263435793e+00
7.550825974445739774e+00
7.069094808336973124e+00
7.487646010021524745e+00
7.063546428811039668e+00
7.041184841993364252e+00
7.688692378577123954e+00
