6.809974584925241992e+00
1.885253437129662313e+00
1.174293228557459834e+01
7.126635186832899649e+00
5.100816315663459832e+00
1.240427455355922781e+01
5.174428584083036853e+00
5.475053500026728415e+00
1.208850057828315272e+01
5.546589572451714467e+00
6.889379083595451370e+00
2.537841074581365763e+00
9.981277653713314990e+00
1.192903045502586323e+01
4.284470621302715720e+00
1.037492605409914326e+01
1.697489978773343955e+00
4.084013010011529943e+00
6.606627638227493549e+00
1.048446417015913745e+01
4.214694954032013996e+00
5.326028171806336253e+00
5.001349683374066046e+00
4.404460916764770140e+00
4.181135879164549429e+00
1.609285995348342624e+01
4.926263663829212547e+00
7.863993477086578254e-01
4.266908636504013863e+00
3.630952889858062083e+00
1.328311409081282513e+01
1.170628627582000547e+01
2.010471732676433643e+00
7.426809129560282940e+00
2.441535563837460732e+00
6.291266571429582122e+00
1.079142446174512138e+01
3.550007694660779034e+00
1.621466864191289048e+01
1.757545967412416843e+01
1.452868484727785070e+00
7.473553505934074082e+00
1.367176084053940777e+01
3.570228998970337742e+00
8.447166416504224173e+00
8.102379229921041315e+00
3.046164748165326674e+00
9.424104072794637688e+00
1.436781490766952984e+01
1.182114746869403987e+01
1.018779337445062794e+01
7.438422208993976881e+00
3.333533778543767312e+00
9.901058144137524053e+00
2.226197183010388159e+01
1.479689862521625621e+01
5.480932792996710212e+00
3.131928180359082048e-01
5.312551250713147155e+00
1.283732283093830473e+00
9.830535476592181965e+00
5.609229108473257952e+00
2.993923319593466026e+00
1.531226408951521911e+01
4.108609522325287422e+00
7.963153997000997464e+00
4.859863740009752853e+00
7.091185485370950836e+00
1.387490769158178416e+01
4.289701702025362273e+00
9.424737427536252099e+00
1.155150930167899226e+01
1.466387519992221655e+01
1.068096842402698243e+01
6.765182503917681167e+00
2.125316879325803487e+00
2.079623753899723315e+00
6.467103875452449024e+00
6.585945294724159460e+00
1.210866771581517476e+01
1.413224088564624115e+00
8.839555848129483806e+00
7.773425351943743067e+00
3.996525564708691913e+00
6.762252247331383082e+00
6.925938452767041120e+00
1.411920601087914129e+01
9.215482554070915100e+00
2.532625049022108499e+00
6.775825171749144005e+00
1.085958870820046940e+01
4.467180653895281850e+00
2.380997213985184047e+00
2.911549343572722784e-02
7.035945470396632651e+00
1.287676805745207709e+01
5.191984957770180209e+00
3.157509694771859721e+00
7.971195984712568794e-02
1.018436896915532763e+01
1.094451927261645707e+01
5.366510703769501234e+00
8.526656259082844969e+00
2.795560291627072758e+00
1.625879444832692311e+00
5.429919891190847281e+00
5.199359829439008429e+00
5.724457054199204364e+00
4.490536149367633456e+00
7.690958003050748282e+00
2.650333337704039227e+00
1.249585287192981475e+01
5.899362131399644937e+00
8.304313988278968495e+00
1.099803991121932256e+01
6.008672662306747014e+00
7.303193826910142628e-01
6.321099584721938669e+00
9.321947434340700056e+00
8.564368423595212221e+00
8.069188370853796144e+00
8.838953426347845976e+00
9.968431948174426793e+00
4.013438244351057449e+00
8.281463838599421479e+00
7.004468356856355271e+00
3.084369235623503069e+00
4.608842248254841678e+00
7.733662320501872856e+00
1.555304266285834380e+01
1.305621970050397707e+01
1.577737773959226875e+00
3.955960214529783414e+00
3.463609988233403936e+00
5.735772682859628269e+00
2.748852586286512079e+00
5.226886107511676371e+00
1.388511401681661184e+01
1.228283434256865370e+01
5.138783532264379339e+00
7.450677175460699964e+00
1.932005786073801135e+00
1.207413409762348344e+01
8.215784831090438445e+00
1.180393377042053160e+01
6.677068653227654416e+00
1.017309713366404900e+01
2.413917251399257946e+00
7.179971067781505845e+00
8.963117447360840373e+00
9.482558972547405318e+00
5.771825157679774776e+00
7.392045664650559011e+00
4.308290614404203467e+00
1.217287507715641404e+01
3.542300660211493923e+00
6.140477828599350651e+00
1.295231283022859259e+01
6.703839375799295119e+00
8.817189701749526876e+00
6.923380326664593909e+00
9.484957236381415413e+00
8.728204711399211391e+00
7.970148214691449517e+00
9.145645370557376808e+00
8.991774109567325368e+00
6.530909113532100463e+00
4.254078481019806013e+00
8.544106304593370282e+00
3.659643996066043847e+00
1.227126564411196519e+01
7.865514314167517007e+00
6.907636120776877497e+00
6.677740840915178389e+00
2.016021233222940978e+01
4.988189247027494666e+00
6.501164376503425046e+00
4.853459699693608798e+00
9.744512154002077153e+00
1.477041285086235867e+01
9.427034719314900002e+00
9.559530543263784708e+00
1.348077781470792402e+01
6.737361809750372466e+00
5.352538482653125484e+00
5.983054793807849769e+00
3.728040007671686418e+00
4.207049076853507152e+00
7.422038707525921986e+00
3.169267139508902709e+00
7.417958274266291951e+00
9.518326615970989835e+00
1.431973132686799488e+01
1.288468598172177870e+01
1.109387589288314224e+01
9.858678068947527962e+00
1.240924138755765505e+01
8.680842761143146902e+00
5.633307001694097593e+00
6.223800607295291165e+00
5.148536961085421915e+00
2.099199096810777654e+00
6.034934459567089959e+00
1.173805528946861010e+01
1.768990323034304257e+00
1.044876649292850779e+01
4.025285477837532433e+00
2.346842463280600644e+00
7.222953966495745171e+00
7.708566985905975777e+00
4.607328171494398994e+00
9.958300877005626717e+00
6.272992018775452649e+00
2.548915046862604505e+00
3.798884930924658843e+00
6.519809099147330755e+00
1.183313282846716241e+01
5.674411548070568578e+00
7.813199036962268806e+00
7.228137343516459978e+00
5.568052874526355112e+00
1.300944146231297438e+01
1.012052701658438814e+01
1.132655407188557639e+01
3.609662005246761840e+00
6.281234894852264716e+00
1.320696682301975855e+01
9.350580148626745469e+00
9.443402032717030936e-01
1.143824222197184426e+01
9.980239924391629103e+00
5.087914111995933908e+00
7.704222886774076962e+00
4.615866092038623414e+00
1.349167580571080727e+01
8.617323182910132218e+00
1.229476113531172210e+01
3.025627767151547687e+00
1.157422821015626191e+01
5.701969438164113946e+00
3.729758308388301913e+00
1.319319156080951139e+01
4.439276210829163460e+00
7.680285574376142677e+00
1.392584186265544366e+00
1.990499622387686429e+01
1.449315435979203670e+01
6.066008754066738007e+00
4.647651745709453053e+00
7.790059226355100286e+00
4.368737045151876330e+00
3.759664783045222891e-01
4.756798734391979977e+00
3.945930267299440519e+00
1.311330303061274094e+01
1.157387829364293985e+01
6.816961502071944956e+00
5.846624423562945871e+00
1.051621635100360486e+01
1.281778900459161541e+01
9.384747316198255973e+00
7.201795631086562288e+00
9.697269817317780038e+00
4.634013864774289004e+00
1.986213981573638065e+01
8.962994886083656354e+00
6.334960887757556058e+00
6.586777228516162097e+00
7.050042885625797950e+00
1.001528944529987797e+01
1.301417811939933955e+01
3.716040767248314225e+00
8.321954251242893008e+00
2.770256917468655100e+00
4.044673916634375033e+00
6.646132869959833656e+00
4.128666753368816167e+00
1.335254132755445156e+01
8.730926085162415973e+00
4.851487558161606373e+00
1.546430239688182695e+01
6.760143037623461915e+00
1.219842173083048564e+01
1.084589733719685611e+01
4.455015896295673627e+00
5.632010418256525597e+00
8.530238992612325433e+00
1.669580317379866941e+01
3.334471384816493522e+00
8.574671092696332764e+00
9.985332453414502041e+00
8.913497123199034533e+00
6.595458761659105384e+00
1.046826872252413487e+01
4.097102056314179563e+00
6.358560757226870308e+00
1.583779428546129964e+00
6.939135928932581798e+00
3.379947234518795973e+00
9.572755395247192212e+00
6.316472954202192902e+00
6.149806275177085446e+00
1.723042917452918132e+01
1.258760765256784708e+01
1.011033819103000475e+01
5.115900946251702663e+00
3.660606756508191673e+00
3.304854105192182256e+00
4.331104820584180004e+00
4.893422416290296617e+00
8.093456418782288608e+00
6.624630502191950931e+00
2.143680665258447693e+00
8.622606481121295019e+00
6.519427719054297299e+00
2.875069661126161691e+00
8.449258374344873701e+00
1.180249290171960652e+01
1.112782894573571291e+01
6.221612477843510014e+00
8.093514410710705320e+00
6.040842087572423580e+00
6.337027635664344238e+00
2.277017069227168733e+00
9.559370941220066697e+00
9.373190638713433387e+00
9.645483368061604779e+00
8.939724811113734404e+00
1.509467756284886342e+01
3.364073767675944016e+00
1.190276629193224700e+01
1.114668301310395471e+01
3.952903469388045821e+00
2.419353413005244313e+00
6.006085511019203516e+00
4.486068379278832730e+00
1.053616296581803979e+01
4.342968832407639646e+00
6.612090079402347165e+00
2.753666032606204794e+00
1.591672702152777230e+00
6.438628532653907222e+00
4.883449374501855900e+00
1.287278193810044513e+01
1.250614321075027746e+01
1.276624434999287416e+01
7.175366487605137955e+00
2.167525418635601220e+00
5.214629376041654218e+00
6.869001468526398035e+00
6.626475218322422478e+00
1.161126104542403148e+01
3.197747319617877615e+00
1.052620785849410900e+01
5.357351570683999142e+00
3.529447092260301400e+00
6.457941961398177888e+00
7.197698933876591099e+00
9.150079183878888855e+00
8.542741372762208130e+00
9.747426501036962065e+00
8.771123639682679496e+00
1.901675099061482044e+01
1.980960123685944652e+00
8.684324926142711121e+00
7.610758946721685625e+00
5.090577977820011313e+00
4.529734909819012501e+00
8.300158905437429624e+00
7.564586738756303497e+00
3.835593300953870077e+00
7.643739961701845331e+00
4.546045113614677113e+00
5.949706778572426913e+00
8.985894917918747282e+00
8.586820009981792623e+00
1.110479428391773382e+01
4.681172471493813880e+00
4.117142168448426176e+00
1.190806001940409509e+01
2.048478233131957538e+00
1.382710175699794242e+01
5.128469778022656023e+00
4.600791110831957909e+00
5.323403796070560468e+00
4.457332381633865914e+00
5.494694572232651453e+00
2.398886765075941341e+00
8.723515230525427100e+00
1.051480355626777552e+01
1.320284356602569531e+01
7.061529058464851794e+00
1.285783132956214381e+01
6.691177291089883461e+00
9.424362269105648338e+00
1.100566579331408867e+01
2.505503623158030990e+00
3.051744262153692322e+00
4.630303181324386230e+00
8.846467087941972451e+00
6.277617998139722211e+00
3.762288782478369509e+00
1.088192477551613280e+01
2.574408363736087946e+00
1.361304313095180518e+01
8.060189627318235850e+00
1.451411175230787887e+00
1.181444168996673660e+01
1.246991395354994836e+01
4.046625145515159616e+00
7.893437729897000210e+00
5.108838425239033754e+00
1.013495549316768773e+01
1.844784623709559312e+01
7.551256124641924750e+00
2.184209187314261058e+00
4.890115724145072562e+00
1.256558694715716351e+00
5.197433464428215188e+00
8.442790815979918762e+00
6.135212373512819894e+00
4.958055441166773214e+00
1.022355740632090892e+01
3.407603157660834992e+00
4.586320576890801526e+00
5.710808553175866997e+00
4.899316104552559281e+00
3.701955702856705610e+00
7.791162629472185408e+00
1.091346847095141648e+01
4.221152179320719178e+00
2.970221584821357563e+00
1.165939630835904062e+01
1.370310201412248219e+01
2.375750375499682931e+01
7.030370964004883483e+00
1.959333247165617076e+00
1.586586731313808052e+01
5.731579016438371532e+00
4.286530808995377306e+00
1.365588356684388849e+01
8.342112267075833643e+00
7.259717496779168222e+00
1.140603254398187438e+01
1.092646549267798584e+01
4.316157504646806586e+00
7.828209363659151876e+00
8.446860330720369348e+00
7.915418449275598789e+00
6.456756914685772841e+00
1.406021214608754732e+01
2.710094581257067592e+00
7.732818353718111659e+00
9.223740526694927055e+00
1.399131868296255377e+01
1.289673671572605151e+01
9.819067396408025061e+00
6.871600066131317242e+00
1.168193187822688550e+01
1.957473144502623441e+00
9.626666290442658536e+00
3.764334299255555294e+00
6.116541176684193282e+00
1.302712555951595874e+01
5.492695913798086416e+00
4.236188066070914360e+00
4.281358754166681990e+00
1.323481085990038153e+01
4.248202345124269641e+00
6.319025183265341461e+00
7.915837939295451875e+00
3.549623470919261448e-01
7.495789840125162584e+00
9.956868881287494588e+00
6.774832673547294348e+00
3.472262475024443074e+00
7.102878849168313913e+00
1.240431778741494462e+01
3.168973511916277186e+00
5.566009847759787021e+00
1.082685957848033276e+01
7.958465471785488354e+00
6.268079269384443819e+00
1.402981215045237207e+00
8.052555950254088657e+00
8.185907227194336500e+00
3.511989598549567049e+00
4.162748770135966225e+00
8.807655126577925486e+00
8.211982170635240053e+00
5.706480794185937455e+00
1.014131787933542839e+01
5.148396007712323197e+00
6.028161558506000439e+00
9.435420150264155481e+00
1.300736949948926657e+01
7.429238497277498077e+00
1.090295553640437376e+01
4.478311401460078223e+00
7.438138193632613415e+00
9.384424656073655058e+00
1.370838611951806918e+01
5.435536717666381357e+00
5.087358054996458989e+00
1.794515562250727614e+00
3.855382267034199728e+00
2.489265930051633546e+00
7.274354332012899604e+00
3.742317215520483131e+00
3.008924714392766653e+00
1.668335643076660491e+00
9.419353253186077524e+00
9.438888377222438564e+00
3.652691225205886294e+00
1.983184844860965512e+01
1.163101072509696721e+01
9.415203063204984346e+00
3.128367368008174054e+00
6.522459321536943300e+00
7.640313715895876712e+00
7.594911760004263712e+00
4.887192059590005577e+00
1.452701330079844411e+01
5.135842762857870447e+00
8.987995346172704458e+00
7.947316385288466511e-01
1.379887596326584109e+01
1.211810372895430099e+01
3.718334530175386288e+00
1.187468039545250953e+01
6.398374890587349206e+00
2.131576765858507638e+00
7.381116815083599292e+00
1.068479615808336725e+01
8.606178039901587695e+00
3.119567869279254779e+00
6.828753965629329237e+00
1.389246080623325952e+01
1.218070099356500080e+01
1.033542062353949120e+01
4.164074527674588744e+00
1.157245762569241698e+01
4.375387305828690288e+00
1.348148977989117370e+01
7.767291101833077249e+00
7.081287902120475763e+00
7.355344135908052472e+00
7.757913841101784058e+00
4.539703248164299154e+00
7.029950535177752258e+00
7.722781506705135968e+00
1.358071847720842129e+01
1.519637476932605757e+00
4.307857753695206959e+00
4.114709145830694581e+00
3.187668673354212334e+00
6.662704892432567583e+00
6.196136245369950224e+00
1.495285378641099072e+01
3.980484456653215375e+00
9.229790715506027254e+00
5.037199155709421561e+00
6.356720686232616657e+00
7.640459877198130911e+00
1.035582875240683087e+01
7.452947570446230685e+00
7.344032127846503499e+00
3.304782232426033861e+00
6.312849670846248706e+00
3.175228214089638623e+00
8.791795589415357881e+00
1.158814343039546202e+01
8.233401957543939886e+00
9.090938352322289973e+00
1.211777199045267928e+01
6.545563064723471491e+00
6.917175073367864968e+00
5.133399225054353643e+00
1.768641726800032998e+01
3.316613830133672280e+00
6.153462832387009307e+00
2.730869648512465719e+00
1.967247329883900830e+00
9.210149386748103240e+00
4.188442101565689413e+00
1.092642972743075092e+01
4.232771319654038855e+00
6.197252638754966014e+00
5.753240445349828924e+00
1.175998655371382640e+01
1.466851672324743205e+01
8.967764228302280927e+00
1.016679699265805326e+01
9.992334622101704866e+00
5.175092793531256063e+00
2.402922818692451390e+00
7.635071157427923971e+00
7.050603095853652746e+00
8.463315471652720134e+00
8.470967351253429811e+00
1.420220082810054585e+01
1.212861532575594836e+01
4.256533341998511411e+00
8.841914266848837300e+00
