3.288730426188627654e+00
2.547299774254401683e+00
3.293285498557504187e+00
3.190019294516627912e+00
2.674258719203567392e+00
2.867477643312985602e+00
3.255152855080664764e+00
2.785589926980218678e+00
2.711044280204788937e+00
3.449851370625755642e+00
2.893026931552584280e+00
3.161072081110090526e+00
2.935854603474595592e+00
2.942599642833031659e+00
3.035192652547931580e+00
2.768586390221925431e+00
3.091697082886680548e+00
2.836599585993007100e+00
3.418381583839976479e+00
3.937612437483497541e+00
3.134172729329659290e+00
3.098826843023032573e+00
3.508123847061673128e+00
3.006727395415345061e+00
3.388608671185080912e+00
3.070300293416432957e+00
2.822224574871817104e+00
3.071018067246377825e+00
3.204181106674994783e+00
3.086525679863763472e+00
3.221866067079896645e+00
3.621907597368255960e+00
3.169916397184550760e+00
2.831044546825955077e+00
2.828115876931236006e+00
2.936683554083550085e+00
2.829315877271406876e+00
3.295649668354118766e+00
2.890613830471126189e+00
3.213625457325615997e+00
3.040058685605834476e+00
3.095637361452015401e+00
2.807080020851355773e+00
2.457488109374672991e+00
2.673584637755062499e+00
3.190748769194407419e+00
2.763995775976147762e+00
2.598253847089404989e+00
3.099423401254502775e+00
2.341249613450382405e+00
2.973129727594400418e+00
3.065012520078258529e+00
3.139754252282808356e+00
3.097944565182912946e+00
3.041819607477776799e+00
2.806136860879030692e+00
3.448843824627895405e+00
3.037591227350058709e+00
3.630243600503133994e+00
3.158385867458578744e+00
3.042178032581594582e+00
3.302804332102796891e+00
3.291813631669879392e+00
3.106111864677437495e+00
2.998278640115561444e+00
2.991862823678664185e+00
3.288141620320935932e+00
3.065228697263866042e+00
2.928691972472925453e+00
3.286340047840632383e+00
3.535643024164902837e+00
3.472623986659417739e+00
3.213974141617431002e+00
2.887021319211525938e+00
3.233255075334038775e+00
3.038269217005940881e+00
3.007765540808139182e+00
2.896318369839961271e+00
2.643328597640875799e+00
2.995817826389327809e+00
3.338122796053603292e+00
2.937327202415198624e+00
3.619736784493611470e+00
3.026227980015726793e+00
2.926581807085021136e+00
3.375393688935115932e+00
2.807907246867606954e+00
3.066387159938747331e+00
3.031642630671311345e+00
3.139993399046554501e+00
2.600291801572376382e+00
2.913711473228733251e+00
2.993402640781671398e+00
3.223945552753895161e+00
2.975836819169550562e+00
2.543938097804321785e+00
2.875927397448979406e+00
2.614240307320983003e+00
2.886125987745208565e+00
2.970582304172735277e+00
3.133885324403113515e+00
3.190188595746322076e+00
2.758434165797436943e+00
2.690306131527794520e+00
2.577849162515265746e+00
3.177343262046192773e+00
3.521200369147587939e+00
2.794598213583509239e+00
2.916285007599812129e+00
2.909276531004346467e+00
3.670049262933025247e+00
2.787643436728128421e+00
2.580876715434890833e+00
3.051823525956955052e+00
2.899823667746473266e+00
3.052330196439658749e+00
2.623144727840082346e+00
3.524234414175106522e+00
2.576736796241103189e+00
2.871399936263605124e+00
3.242565707347015103e+00
2.967984143685721055e+00
2.894382704985902333e+00
2.813158933037795073e+00
3.038528153244576480e+00
3.394094376545545355e+00
3.422906586294780951e+00
3.171140337520020669e+00
3.040178351895074904e+00
2.769378840869109126e+00
2.379641732612643334e+00
2.456052192194654094e+00
2.715448741919833431e+00
3.314696448849383970e+00
2.830470661608909921e+00
2.879731231631295518e+00
2.654565996077289824e+00
2.664164108509440521e+00
3.034144273333732489e+00
3.089290543297686042e+00
2.968200086588731690e+00
2.640059076586818598e+00
2.899048624255317730e+00
3.608568390887335831e+00
3.493641340962612141e+00
3.416202509977148249e+00
2.936404291839046721e+00
2.576950559195161805e+00
3.090893743439410368e+00
2.698124464279928247e+00
3.123983292951650448e+00
2.965256813158481553e+00
2.650212823568186771e+00
3.305387507353954479e+00
2.959395466799099150e+00
2.971781456622848872e+00
2.872567356279001949e+00
2.815017818822151519e+00
2.616198928828108006e+00
3.117851773369080259e+00
3.283905034287174729e+00
3.265112665751711774e+00
3.372632435284222296e+00
2.883820175402818542e+00
3.266784046029140853e+00
3.137239817177741585e+00
2.742289959356284612e+00
2.737753283294652729e+00
3.325441276403380275e+00
2.793482101045003052e+00
2.924051107029904450e+00
3.094083267237221602e+00
3.141391109043325525e+00
2.910136848248555008e+00
2.917911156444427334e+00
2.829201768295295238e+00
3.096502085424774453e+00
3.026433654594317790e+00
3.022401296500810464e+00
2.795573442320714364e+00
2.990949574963360558e+00
3.099195652725022398e+00
2.770680789649142994e+00
3.029535212660828591e+00
3.337263713747969263e+00
3.449889119251442260e+00
2.586283014826480819e+00
3.062697015944724654e+00
3.146448834917646487e+00
3.404603771424763892e+00
3.338920656132297271e+00
2.702348658088312927e+00
2.826704355573621541e+00
2.721982684969139310e+00
2.563714644561237321e+00
3.604842462958811389e+00
2.294445562894829038e+00
2.566550630862269422e+00
3.176119275622468763e+00
3.423770454415064890e+00
2.712777893084886038e+00
2.792906956910204297e+00
3.312011850429916304e+00
2.826624317334633041e+00
2.727515984972217034e+00
2.354988061789120568e+00
3.243736693771796187e+00
3.229752776940074455e+00
2.997269439999510787e+00
2.954284337399430083e+00
2.516918527079516021e+00
2.392346653524825228e+00
2.568059938447291302e+00
2.865030750790841907e+00
2.839102888584654760e+00
3.420022935041172385e+00
2.654258870434667017e+00
2.897409386350284333e+00
2.921069780070929323e+00
2.813954039458889334e+00
3.066861853671035476e+00
3.306077762426428368e+00
2.845655498718113297e+00
2.921460293803815222e+00
2.634239859450544952e+00
3.086259098556498603e+00
3.399208729447089627e+00
3.089263718883638710e+00
2.678471765089025070e+00
3.235361963643450078e+00
3.481761562052141379e+00
3.377608216658428919e+00
2.728872852723121856e+00
3.251761052280588871e+00
2.567949656757372967e+00
2.828007298743426823e+00
2.875755126983646548e+00
3.080254733304055748e+00
3.191497714856994072e+00
2.678579337324143328e+00
2.993566338753852030e+00
3.262803816861203465e+00
3.028105345043845542e+00
3.343705330820910593e+00
2.598741035979456715e+00
3.150523567860655128e+00
3.116468723256746287e+00
2.321649658359922430e+00
2.828290695662027510e+00
2.572799230824401207e+00
3.063398970688411271e+00
2.859130640143861868e+00
2.566447419567064792e+00
2.649977895387660709e+00
3.118292828830568020e+00
2.896252034215675675e+00
3.281061120787494900e+00
3.039633889203090522e+00
2.723084985596159857e+00
2.702291363188196183e+00
2.575897164187291200e+00
3.460718633236846919e+00
3.254813320458971315e+00
2.872328015534104662e+00
3.446289023261281059e+00
2.978472700998596956e+00
3.217727693359003105e+00
2.547921996128663658e+00
3.026379476158465476e+00
2.900523259984761015e+00
3.067885853354112680e+00
2.892503926033933581e+00
2.823489675658644504e+00
2.948846415071384897e+00
3.389960182267315769e+00
2.962657614309983423e+00
2.730838659911758448e+00
2.869675120951294733e+00
3.036171116267275760e+00
2.773760460073125156e+00
3.283630970956804784e+00
3.117724931558311319e+00
3.265143472738050612e+00
3.428523128189563618e+00
3.007223987308282886e+00
3.308700789054889846e+00
2.823330199374284533e+00
3.432781355537995793e+00
3.029354302267080801e+00
3.104111039719041454e+00
2.815900159898863997e+00
2.953200731591041350e+00
3.335527239992453818e+00
2.761180488868010041e+00
2.899692325414737315e+00
3.237495059637172545e+00
3.279547940998604361e+00
3.226657407541392075e+00
2.921391360941663518e+00
3.355197580250933065e+00
2.734803005445141544e+00
3.433567725322540731e+00
2.938371226895930555e+00
3.254945635244687274e+00
3.344093015596617313e+00
3.113126650121775363e+00
2.606815703083577684e+00
2.777806368036483953e+00
2.863037037033133725e+00
2.690570829091756266e+00
2.804515631658149655e+00
2.338175738528272873e+00
3.281376333180745508e+00
3.346125501868161933e+00
2.565727312231950830e+00
2.856091802750070130e+00
2.738577668558197509e+00
3.343411941099506013e+00
3.045258770252640357e+00
3.043041199351231185e+00
3.340518641504935715e+00
2.738698119771378892e+00
3.049277442112873882e+00
2.939506643646587314e+00
3.309007424838238620e+00
2.861254172090334613e+00
2.898334002118308383e+00
3.502362422822226762e+00
2.939253405864829194e+00
3.547750292674838324e+00
2.375908094055245723e+00
3.147545941842608386e+00
2.904238533303630465e+00
2.878305896885944737e+00
3.268009260566308694e+00
2.866374186339544661e+00
2.959353131460962683e+00
2.927791847029841410e+00
2.983912636364564275e+00
3.315349236352683526e+00
2.958648078914968060e+00
2.838038122912562411e+00
2.725749707241351238e+00
2.916342677548888318e+00
3.155250264077625655e+00
3.543379949641281890e+00
3.283655724938905340e+00
2.989781733010596909e+00
3.459747496095410213e+00
2.862297316579740958e+00
3.868002683233649819e+00
3.060380512555804344e+00
3.016376682768623141e+00
2.928961999747155875e+00
3.327374632976062063e+00
3.099941221321277141e+00
2.987736309161107773e+00
3.011889488399259296e+00
3.207982644527269667e+00
3.299715747615034722e+00
3.265562724082160972e+00
2.510202785996445307e+00
3.150621975388047780e+00
2.586974676720032118e+00
2.695391620863099913e+00
2.784914437088000572e+00
3.358212601757129878e+00
3.178142833435872117e+00
3.078803095496759568e+00
2.753931052315601757e+00
2.778694979169785917e+00
3.386746259873924636e+00
3.187442283752256689e+00
3.066127281507348812e+00
3.160135179749855805e+00
3.005097755046774566e+00
3.267904223913431938e+00
2.552751510229602783e+00
3.782632536408153889e+00
3.265275189509696308e+00
3.175006418150173815e+00
2.936662188671786300e+00
3.263155255033004742e+00
2.829341542168652079e+00
3.211336570376856159e+00
3.019869580696402878e+00
2.473689699615579496e+00
3.181115960309462309e+00
2.477773226902136194e+00
3.260599441478481797e+00
2.789509086037556873e+00
2.875352479010361506e+00
2.961175007400263404e+00
2.761458896338637281e+00
2.892304567765236367e+00
3.032186400374515145e+00
3.080011575308200911e+00
3.189036783583480972e+00
2.975028947764254195e+00
3.054687560470498831e+00
2.697937970482402914e+00
2.986006616972915140e+00
3.368557117917698740e+00
2.938805423839493614e+00
2.983792044602783022e+00
3.512967729080997081e+00
3.165893725056498020e+00
2.898087796288146833e+00
2.504554035005788215e+00
3.430482882391487465e+00
3.042430673285087650e+00
3.463678421169993360e+00
2.764049780652659383e+00
2.984130617969113608e+00
3.029957518174635211e+00
3.173077141052551564e+00
3.759686168721214639e+00
2.681160489422012905e+00
2.953166896913200556e+00
3.113738023330532290e+00
3.424432841629800883e+00
3.063127985915785612e+00
2.934119314709633830e+00
2.856604954578791045e+00
3.324925372197616635e+00
3.100934388698396216e+00
3.158337950018893281e+00
3.180698148245589163e+00
3.203970237871665017e+00
2.783307069451486093e+00
3.269041192381400229e+00
3.282399850700344679e+00
3.024006357545869772e+00
3.036258989668223940e+00
3.240967464659345598e+00
2.779898554140991518e+00
2.857862723007098538e+00
3.288065277550736187e+00
2.830923547583116484e+00
2.989169488799308994e+00
3.551805912052112824e+00
2.381551966649918750e+00
3.226841044197566344e+00
2.989835224904557887e+00
2.960980379015831332e+00
2.624569347680610676e+00
3.440142257232945422e+00
3.252583985675610911e+00
3.167356398091431657e+00
2.859978246518831924e+00
3.213120636414949605e+00
2.637795027807086967e+00
3.309396746304604786e+00
2.609686564169135359e+00
2.871894566342293231e+00
3.263911494759556664e+00
3.172469567208946462e+00
2.713396131996954619e+00
2.880038620182070019e+00
3.114696679874726204e+00
3.171199742896358753e+00
2.983987587102429728e+00
3.310697581567698666e+00
2.937017963822834421e+00
3.070463099373611282e+00
3.034862519990622953e+00
2.985960570819028437e+00
2.941218434690319850e+00
3.277362073215414728e+00
2.620775791140148581e+00
3.134637250899759309e+00
3.110234846799289077e+00
2.964842076445020069e+00
3.301355344452951535e+00
2.663407158931079710e+00
3.040895130481510389e+00
3.666967939545328736e+00
2.993508947449647906e+00
3.456386957243561930e+00
3.512923730264034372e+00
2.936872101571686766e+00
2.584027102080923122e+00
3.012586373950643992e+00
3.456800507897278329e+00
2.578048036767508933e+00
2.788389445657643240e+00
3.008039718521601014e+00
3.372569138067382788e+00
3.086975955321022091e+00
2.852609894822310643e+00
2.847482372091064473e+00
3.066614123110511514e+00
3.340648709025133112e+00
3.582209944725879502e+00
2.916864966838518480e+00
2.923558117616626539e+00
3.063617687605741935e+00
3.257228349582350191e+00
2.831263979559458743e+00
3.012922263406805801e+00
2.902868636350124820e+00
3.476462314388859109e+00
2.952455387369247841e+00
2.423024057080915838e+00
3.178461849492634439e+00
2.881070854918938995e+00
2.281650136967292131e+00
3.109774605145564141e+00
3.635523709224569799e+00
2.893856062847443233e+00
3.309479014298933652e+00
2.737886857113112526e+00
3.153352670960895221e+00
2.661155475512511082e+00
3.160222245912720496e+00
3.117299124932300103e+00
2.995142642294684077e+00
2.879794959246926744e+00
3.202486253645921543e+00
3.353352584742984810e+00
2.642159808031019796e+00
3.012932816456453722e+00
2.972280105416547968e+00
3.327978323662912796e+00
3.298612761667923277e+00
2.883450838983333764e+00
2.975002990341343523e+00
3.463611314938572328e+00
3.015511464303304301e+00
2.524718671024764216e+00
2.715673820365359425e+00
3.016986971248633687e+00
2.810607596687035414e+00
3.034408558813597168e+00
3.586497946014846949e+00
2.922243724138379406e+00
3.014528751646434745e+00
2.611430689748257983e+00
3.074977074307614355e+00
3.109325786949334258e+00
3.101996874600025933e+00
2.961838035171674655e+00
3.090341316173262687e+00
2.837738692453301681e+00
3.484821838184539278e+00
3.265393956633728223e+00
3.078570387198196201e+00
3.134519439083811587e+00
2.936657286117235088e+00
3.131770748503055479e+00
3.019174640384135522e+00
2.766308813242550180e+00
2.988259485773518964e+00
3.169698800938419936e+00
2.774526831006054461e+00
2.932719454895841960e+00
2.756088454392586762e+00
3.275323729145674267e+00
3.004568332844097522e+00
2.812260888258506064e+00
3.090492298321865672e+00
2.967309288251381627e+00
3.431216412532624105e+00
2.953039872546479927e+00
2.923703067030324121e+00
3.710769344930157310e+00
2.838457322175853559e+00
3.471726075719124616e+00
3.095837148194928279e+00
2.570348013459260450e+00
2.798864400137133224e+00
2.932838772374561920e+00
3.248609373805574574e+00
3.543309275426652860e+00
3.104895627786551593e+00
2.714124630613294453e+00
3.262241642419486443e+00
3.714736950447212749e+00
3.262511504952787522e+00
3.160928280165756110e+00
3.295012699498631736e+00
3.389073072070607484e+00
3.138844957969866289e+00
3.346152579662769355e+00
3.337624470252209541e+00
2.890248402193324129e+00
3.000199269971028038e+00
2.840711438975016989e+00
3.003043667189797983e+00
2.724732071864055083e+00
3.430062524091421317e+00
3.449149890415867947e+00
3.193649887240880059e+00
3.321125732157756083e+00
2.859139984833501735e+00
3.328390870496392484e+00
3.513651749969433524e+00
3.026426704046317528e+00
3.475147974917417226e+00
2.961120248710429781e+00
3.006671691736957808e+00
3.311120304133432946e+00
3.286494041183197989e+00
3.257115439109244726e+00
2.720776245679027650e+00
3.185748097955869440e+00
3.421382488986375758e+00
2.894348220669539007e+00
3.147605205083245927e+00
2.953243865245798627e+00
3.222450795356758046e+00
3.275229389895511378e+00
2.886919773663044531e+00
3.377104808500548838e+00
3.015994480197408123e+00
2.814356554932247345e+00
2.617048885448834739e+00
3.503284850075490731e+00
3.735468781909359048e+00
3.477506648116917898e+00
3.749969065334709306e+00
2.456451821137541014e+00
3.541656611601495808e+00
3.071163566913600373e+00
3.169804192217609007e+00
3.167938412241759760e+00
2.867816894511102443e+00
2.931201800205988306e+00
3.170872749665978763e+00
3.548072192181653595e+00
3.308285963316945022e+00
2.975663500891417179e+00
3.047178427597101003e+00
2.558161010823094550e+00
3.160353982810186313e+00
3.492610296605144882e+00
3.636880542368511104e+00
3.009511774115784188e+00
3.090400531156618502e+00
2.641537828618583106e+00
3.188297026140357371e+00
3.678788211986527390e+00
3.385160341286554075e+00
3.614398981367399788e+00
3.289937851418308412e+00
2.445578105548197545e+00
3.152784661943359712e+00
3.202358862168567022e+00
2.751041612648102319e+00
3.225775740814575965e+00
2.520426364117553941e+00
3.293783627736725617e+00
3.348692989463839531e+00
3.122877542354458580e+00
3.084029111095063502e+00
2.992699737503884627e+00
2.512361085848809239e+00
2.860369706875699247e+00
3.032587085807018301e+00
3.336159192710017152e+00
2.950259673416340434e+00
3.179859733136376931e+00
3.011709375964834567e+00
2.654791524475520692e+00
3.177015027147080062e+00
2.766523702447676314e+00
3.021543569982513500e+00
2.812316310121129703e+00
2.808314666417809136e+00
2.859261304236451195e+00
3.594309753905670757e+00
2.827863237675215746e+00
2.930024121181199259e+00
3.112019662433144429e+00
3.275855131586280500e+00
3.011851672460856388e+00
2.798186896959798720e+00
2.967270738386280193e+00
2.881933868944636323e+00
3.132155316997330186e+00
2.989914394061933045e+00
3.209573596738219514e+00
3.261794671248633648e+00
2.711873406540490805e+00
2.549664465211030517e+00
3.187092191105631134e+00
2.776886544925861067e+00
3.580902566760887140e+00
2.981896260174981439e+00
2.974915394092727983e+00
2.894658136612698662e+00
2.850825016617569041e+00
2.893503397772648089e+00
2.901796609022121665e+00
3.177571760716021210e+00
2.968917067696654755e+00
2.962300233392564319e+00
3.247586309232092905e+00
3.555391585526300524e+00
2.977515409949865965e+00
3.090635621511991005e+00
3.479052533233194300e+00
2.918182261377068709e+00
2.776855437334398768e+00
2.666340490537729480e+00
3.397288905028864381e+00
2.826199712681676246e+00
3.685789618881641250e+00
2.946162058429350861e+00
3.238097789512048408e+00
2.603582289800657978e+00
3.279489475013509736e+00
3.295571333063178177e+00
2.807829463880147980e+00
3.070095422355145320e+00
3.192052518881590917e+00
2.898092231008323694e+00
2.966944909460127455e+00
3.134184524642167791e+00
2.596320653180140603e+00
3.142309652984911050e+00
3.040514676266261596e+00
3.079791238314725454e+00
2.855097915649291718e+00
2.795401928998994645e+00
3.096000428755443235e+00
3.090462899302512501e+00
3.107454357632152941e+00
3.090942240582664979e+00
3.477350078568924197e+00
3.067875650895440565e+00
2.929316407674089628e+00
2.933872977696348361e+00
3.799943370618166227e+00
3.114246099166645632e+00
2.840912995172726774e+00
2.854137536290187516e+00
3.008188256627994495e+00
2.734703727951618202e+00
3.276669875188217507e+00
2.634438083115353102e+00
2.694062807279106853e+00
2.841878938788621412e+00
3.097831697728758993e+00
3.360596435404536564e+00
2.721724662298587116e+00
2.883568268023735115e+00
3.437649327575214464e+00
2.902027933385903591e+00
3.048788044121641061e+00
3.231574903618536165e+00
2.639159545920680916e+00
3.138749295209397605e+00
3.089649914109705797e+00
2.944033397309339328e+00
3.247042860557129096e+00
2.533302412095678413e+00
2.825753890433076343e+00
2.999952426937964045e+00
3.229473930140695170e+00
3.155782513626763208e+00
3.372577809124808201e+00
2.726613304911064795e+00
3.283573310367005504e+00
2.230019403742698803e+00
2.751644240529705243e+00
2.870453219395939115e+00
3.166460520922170119e+00
3.006653530980285982e+00
3.120482736522566469e+00
3.580333745092601827e+00
2.553019654291955653e+00
2.978643427273992561e+00
3.352937098621671996e+00
3.027230589085632584e+00
3.041626226201332717e+00
3.160265609525861663e+00
2.335205272110266517e+00
2.654693672855391817e+00
2.616459931161441155e+00
2.868830011166567218e+00
3.208537720920977332e+00
3.179229281905450843e+00
2.776511755054180686e+00
3.120397888066585246e+00
2.265904967269973369e+00
3.100183403528462556e+00
3.239248751201390331e+00
2.843155056597402197e+00
3.037248803417190057e+00
3.019976549889624717e+00
3.291986635406964901e+00
2.888779428185897835e+00
3.254455436904031274e+00
2.577467410266446546e+00
2.963600080869273068e+00
3.190636499277126781e+00
3.283121684411742791e+00
3.092916592469069581e+00
2.771436369456987681e+00
2.935673758560811475e+00
2.919597353946010720e+00
2.855537563542698276e+00
2.909286198644764898e+00
3.471146776275876089e+00
3.212347656773310245e+00
2.733088605272962823e+00
2.981080414140567125e+00
2.763416821776657706e+00
3.139096719533984281e+00
3.249068514665250706e+00
2.928179150671255115e+00
3.297867944384679451e+00
3.294185977360757356e+00
2.379812481396172963e+00
2.843706169213004120e+00
2.861468328646376680e+00
2.910048826442587444e+00
3.029815892293760360e+00
3.189641734782940219e+00
3.263071395684352893e+00
3.423757636625720746e+00
3.604787074265988434e+00
3.484941338653215315e+00
2.741159559740652618e+00
2.706491457326495542e+00
3.093927461324660122e+00
2.957514001087119926e+00
3.169053354429451463e+00
2.855568074108074228e+00
2.838718438356145235e+00
3.056496695530390273e+00
2.958626373880847815e+00
2.557960124382174794e+00
2.856166407430070553e+00
2.467265146409713950e+00
3.573047915405358932e+00
2.400005392142588345e+00
3.191586354742886211e+00
3.457935970500440437e+00
3.009020709985627651e+00
3.535260117689944526e+00
3.164142957349072915e+00
3.083215813340996370e+00
3.099829164351298072e+00
3.178721233779249644e+00
3.163089542890678008e+00
3.344962143314768266e+00
2.587276325723747661e+00
2.772231524752907905e+00
3.163915946849575445e+00
2.935626069469288613e+00
3.459021502840273321e+00
2.835165554132771160e+00
2.990520981268972811e+00
3.142673279826436961e+00
2.913163044641876365e+00
2.839602374147844444e+00
3.346894483407345966e+00
3.377300228791432879e+00
3.555594819390414774e+00
3.367942352372145010e+00
3.309158017047780564e+00
2.814595454742208958e+00
3.402224374642865978e+00
2.535238406893677077e+00
3.043331658725352717e+00
2.781408444276811220e+00
3.141962655411626670e+00
3.366119010033817638e+00
3.090161007039013530e+00
2.700398725896658192e+00
2.872352963892748079e+00
3.026205580348092727e+00
2.875818964449970760e+00
2.976476243834710544e+00
3.070682358207131646e+00
3.157543245004074794e+00
2.855178810083803587e+00
3.101415037325973678e+00
2.768483992450462061e+00
3.049586530229543069e+00
2.686678185817864772e+00
3.009664111024770161e+00
2.628506374105242571e+00
3.297307378310079695e+00
2.600628555264276720e+00
3.717607388277576863e+00
2.760009642056166612e+00
3.230136379833069338e+00
3.663041191137001551e+00
3.200118475600703505e+00
2.664709970297993724e+00
3.255886330782534976e+00
2.929418621655989874e+00
3.328068658193438889e+00
3.113832392735299326e+00
3.215078681202550470e+00
2.419725380238714862e+00
2.947459586656688835e+00
3.092967409374155263e+00
3.253097992346959622e+00
2.892436668443699066e+00
3.196516552539976352e+00
2.831219291778065639e+00
2.982973525507104373e+00
3.339326651718150352e+00
3.425594893278471442e+00
3.228679996459828505e+00
3.007262178049873835e+00
2.917818470783617446e+00
2.425489318337859412e+00
2.726955214883088896e+00
2.909371179782431760e+00
3.233985785531287238e+00
3.061857153357886219e+00
2.938830627406322726e+00
2.837740358120376616e+00
2.942586717463734569e+00
3.798637655560757942e+00
3.713748580324217841e+00
3.051198162729404029e+00
3.484444658430283503e+00
3.070384911353069235e+00
3.001099618051766615e+00
2.918764983653333811e+00
2.407349460203011215e+00
3.033645261903178181e+00
3.086473482124538315e+00
2.524791895424414623e+00
3.175810498582622987e+00
3.842013485114241345e+00
3.269848430528524474e+00
2.811638442701586360e+00
3.244743624611006627e+00
2.738521481494311516e+00
2.980605193895940808e+00
3.356841019160534234e+00
3.407506076730324018e+00
3.099160184888532399e+00
2.877513983093557659e+00
2.635014411791368083e+00
3.134253319497102286e+00
2.585934800452791560e+00
3.093117170446426645e+00
2.410319627871186032e+00
3.413112119236933584e+00
3.447130648671908215e+00
3.575194305962721586e+00
3.260044806363675995e+00
2.936578782936928533e+00
3.367871520750139069e+00
2.815755650825056300e+00
2.937428081140215141e+00
2.839603330105390899e+00
2.986591799953407289e+00
2.819806878638127845e+00
3.135529386417756026e+00
2.767667450254590378e+00
3.054761329748758136e+00
3.450464493999045423e+00
2.595893120253687680e+00
2.762375893031443042e+00
2.763193730425155259e+00
3.015742742881335481e+00
3.295720521457945029e+00
3.276610183629987461e+00
3.215141122534769913e+00
3.254750425454323803e+00
3.659938426742856521e+00
3.105630272758206356e+00
2.849483633334171984e+00
3.072796459304771854e+00
3.151920506934225319e+00
2.867270882658412567e+00
3.445377959461040973e+00
3.186663159629575581e+00
3.090367649328413346e+00
2.739483428159151135e+00
2.581578493639010929e+00
2.964533699703866709e+00
3.147505513666756904e+00
2.907077982881037581e+00
2.977631632869382372e+00
3.126307760166475713e+00
3.310519987504595196e+00
2.711959334153720480e+00
3.203380050752528962e+00
3.411331409510996338e+00
3.086103544919304831e+00
2.499714930700978943e+00
3.158890730338520303e+00
3.127419746746895601e+00
2.514811575182440695e+00
2.919592300237984439e+00
3.423292857833320824e+00
3.033198768498309494e+00
3.151331752955631504e+00
3.124155328552108202e+00
3.365215793622818641e+00
