2.793288230895996094e-01
7.135055959224700928e-02
1.776378601789474487e-01
2.389497309923171997e-01
1.240264624357223511e-01
1.866520792245864868e-01
1.589320451021194458e-01
1.078819334506988525e-01
1.041586548089981079e-01
1.814605891704559326e-01
1.292800903320312500e-01
1.950233578681945801e-01
2.371080517768859863e-01
1.461617797613143921e-01
1.523553729057312012e-01
5.778127536177635193e-02
1.877900213003158569e-01
1.908867955207824707e-01
1.264923959970474243e-01
7.490576803684234619e-02
2.533528506755828857e-01
1.610085368156433105e-01
2.346090525388717651e-01
6.895747035741806030e-02
3.002081513404846191e-01
3.067458570003509521e-01
8.735542744398117065e-02
7.403927296400070190e-02
1.906027495861053467e-01
2.314483225345611572e-01
2.070235013961791992e-01
2.173558175563812256e-01
2.434113472700119019e-01
6.373930722475051880e-02
2.685980200767517090e-01
1.250737160444259644e-01
8.627618104219436646e-02
3.931906819343566895e-02
7.136508077383041382e-02
1.913035660982131958e-01
2.317508161067962646e-01
2.895365953445434570e-01
1.543892771005630493e-01
2.661800980567932129e-01
1.080737635493278503e-01
1.295675784349441528e-01
1.850242316722869873e-01
1.181759238243103027e-01
2.905519902706146240e-01
1.098268926143646240e-01
1.615076959133148193e-01
1.470828354358673096e-01
2.786331251263618469e-02
1.474173516035079956e-01
1.679957211017608643e-01
6.689512729644775391e-02
2.163958102464675903e-01
2.360259145498275757e-01
8.044712990522384644e-02
1.763276197016239166e-02
2.188161760568618774e-01
2.378645092248916626e-01
1.418416649103164673e-01
1.793271303176879883e-01
7.499905675649642944e-02
2.307052761316299438e-01
1.825945228338241577e-01
1.569013744592666626e-01
1.947306245565414429e-01
5.796955153346061707e-02
1.789308339357376099e-01
2.157896161079406738e-01
2.648880779743194580e-01
2.504720091819763184e-01
1.604330241680145264e-01
7.048456370830535889e-02
2.458361834287643433e-01
2.571730613708496094e-01
2.524422407150268555e-01
3.605796396732330322e-01
2.879123389720916748e-01
5.832683295011520386e-02
-2.354612108319997787e-03
8.743984252214431763e-02
1.653350591659545898e-01
2.506111860275268555e-01
2.710033059120178223e-01
1.549317985773086548e-01
2.689523398876190186e-01
1.826722770929336548e-01
1.146506965160369873e-01
2.414863556623458862e-01
1.689933687448501587e-01
2.122503966093063354e-01
1.486941128969192505e-01
2.983851172029972076e-02
8.861690014600753784e-02
2.480541914701461792e-01
2.908569276332855225e-01
2.255136817693710327e-01
1.682980060577392578e-01
1.962405741214752197e-01
2.925879359245300293e-01
2.244329601526260376e-01
2.753204703330993652e-01
1.733796745538711548e-01
1.278767734766006470e-01
1.949540376663208008e-01
2.289879173040390015e-01
1.217718198895454407e-01
3.620700910687446594e-02
1.043544262647628784e-01
2.000979781150817871e-01
2.002005577087402344e-01
2.691779136657714844e-01
8.969868719577789307e-02
4.685374349355697632e-02
2.431697249412536621e-01
2.390543818473815918e-01
1.313034147024154663e-01
2.422703951597213745e-01
1.149155646562576294e-01
3.004925549030303955e-01
8.196088671684265137e-02
1.528112143278121948e-01
2.817844748497009277e-01
2.040012776851654053e-01
2.775663435459136963e-01
8.109772205352783203e-02
2.558826804161071777e-01
1.469940096139907837e-01
2.859929800033569336e-01
1.701864302158355713e-01
2.566311061382293701e-01
1.128594949841499329e-01
1.466324031352996826e-01
2.086740285158157349e-01
4.464262351393699646e-02
1.058297157287597656e-01
2.535959184169769287e-01
2.427139282226562500e-01
1.189953088760375977e-01
1.525833904743194580e-01
1.552478497615084052e-04
2.507460117340087891e-01
2.866598367691040039e-01
1.048244759440422058e-01
3.247763514518737793e-01
2.562168538570404053e-01
1.380672454833984375e-01
1.034944877028465271e-01
2.188559174537658691e-01
1.482376158237457275e-01
2.648473083972930908e-01
1.082461252808570862e-01
1.130504459142684937e-01
1.564718335866928101e-01
8.225848525762557983e-02
2.438305020332336426e-01
1.140215471386909485e-01
1.273604929447174072e-01
2.648194730281829834e-01
1.964444220066070557e-01
2.085365056991577148e-01
1.804281920194625854e-01
1.221560314297676086e-01
1.753243207931518555e-01
2.628670334815979004e-01
1.190565526485443115e-01
2.748003602027893066e-01
1.582538783550262451e-01
2.328535467386245728e-01
2.877770066261291504e-01
7.489134371280670166e-02
5.266916006803512573e-02
2.774336338043212891e-01
1.353432144969701767e-02
1.536417901515960693e-01
1.922461241483688354e-01
1.358783692121505737e-01
2.898493111133575439e-01
1.737438738346099854e-01
2.165121436119079590e-01
2.608110010623931885e-01
9.080279618501663208e-02
2.683886289596557617e-01
6.286529451608657837e-02
2.924311757087707520e-01
1.519546657800674438e-01
8.689384162425994873e-02
2.683060765266418457e-01
7.512317597866058350e-02
5.321164056658744812e-02
1.010583043098449707e-01
9.996708482503890991e-02
2.728392183780670166e-01
6.845434010028839111e-02
2.261906266212463379e-01
2.858091592788696289e-01
3.410889208316802979e-01
1.252836585044860840e-01
1.504021137952804565e-01
1.663802713155746460e-01
1.464679688215255737e-01
2.654176391661167145e-02
1.658407449722290039e-01
8.735207468271255493e-02
1.374531686305999756e-01
2.100255638360977173e-01
2.413844913244247437e-01
1.633818000555038452e-01
2.472469657659530640e-01
2.079577147960662842e-01
6.451296806335449219e-02
3.638191223144531250e-01
2.180104255676269531e-01
2.434778809547424316e-01
1.323929131031036377e-01
1.865703314542770386e-01
2.732480466365814209e-01
1.865221560001373291e-01
2.029527872800827026e-01
3.064235746860504150e-01
7.416466716676950455e-03
1.749313920736312866e-01
1.947814524173736572e-01
1.601445376873016357e-01
1.381359100341796875e-01
3.158911466598510742e-01
2.807890474796295166e-01
2.094518095254898071e-01
1.625408232212066650e-01
1.243125423789024353e-01
1.822476089000701904e-01
1.443521231412887573e-01
6.642516702413558960e-02
2.224951684474945068e-01
1.185692623257637024e-01
2.304660081863403320e-01
1.756202727556228638e-01
2.006244212388992310e-01
2.321820110082626343e-01
1.642797589302062988e-01
9.569964557886123657e-02
1.061328500509262085e-01
6.531392037868499756e-02
1.742548942565917969e-01
8.003385365009307861e-02
1.945461183786392212e-01
9.298978745937347412e-02
2.472244054079055786e-01
1.873480677604675293e-01
1.806791424751281738e-01
1.386945694684982300e-01
1.119274273514747620e-01
1.803183704614639282e-01
1.133595705032348633e-01
5.187853798270225525e-02
2.604383528232574463e-01
1.475326567888259888e-01
1.285301148891448975e-01
3.085772991180419922e-01
2.034739553928375244e-01
3.107326626777648926e-01
1.441928148269653320e-01
6.140228360891342163e-02
5.082925409078598022e-02
2.616144716739654541e-01
3.443117737770080566e-01
-1.902421563863754272e-02
1.403663456439971924e-01
2.211457788944244385e-01
1.849287003278732300e-01
2.984503507614135742e-01
1.771138012409210205e-01
2.862589061260223389e-01
2.229675203561782837e-01
2.247790992259979248e-01
4.322667792439460754e-02
3.089579343795776367e-01
2.534045577049255371e-01
7.097406685352325439e-02
1.571306437253952026e-01
1.712886244058609009e-01
2.982412278652191162e-01
1.299747824668884277e-01
1.822169870138168335e-02
1.049387007951736450e-01
2.300361245870590210e-01
1.020350456237792969e-01
6.142169609665870667e-02
1.484655886888504028e-01
3.611714541912078857e-01
2.797281742095947266e-01
1.761204600334167480e-01
1.850954741239547729e-01
2.499281913042068481e-01
1.399603188037872314e-01
2.090113013982772827e-01
2.652955055236816406e-01
2.395220696926116943e-01
2.049659043550491333e-01
1.238284930586814880e-01
3.998133540153503418e-02
1.170822232961654663e-01
9.955173730850219727e-02
1.850757896900177002e-01
2.678812853991985321e-02
2.130992263555526733e-01
1.121596619486808777e-01
2.574953436851501465e-01
2.629864215850830078e-01
1.702784895896911621e-01
2.198082655668258667e-01
1.191959902644157410e-01
2.566460967063903809e-01
2.093591988086700439e-01
1.862851232290267944e-01
1.352720856666564941e-01
2.437943369150161743e-01
2.342009544372558594e-01
2.070863097906112671e-01
1.668046861886978149e-01
4.948242381215095520e-02
1.087790876626968384e-01
6.638192385435104370e-02
1.556862443685531616e-01
1.724509745836257935e-01
2.213342636823654175e-01
2.169027030467987061e-01
1.301805973052978516e-01
1.586567312479019165e-01
1.271313130855560303e-01
1.120572388172149658e-01
1.798250079154968262e-01
2.646022737026214600e-01
2.625079452991485596e-01
1.492107212543487549e-01
7.536331564188003540e-02
9.854047000408172607e-02
2.489259541034698486e-01
2.259304076433181763e-01
2.681263983249664307e-01
2.173712402582168579e-01
4.173619300127029419e-02
2.171896696090698242e-01
1.532033979892730713e-01
2.503678798675537109e-01
7.509145140647888184e-02
2.674973607063293457e-01
4.878586903214454651e-02
8.137051016092300415e-02
1.814371198415756226e-01
1.689669787883758545e-01
1.648513972759246826e-01
4.695409908890724182e-02
1.573623716831207275e-01
3.421389758586883545e-01
9.286019206047058105e-02
1.072499677538871765e-01
5.848630517721176147e-02
1.626057922840118408e-01
2.211481779813766479e-01
6.228069961071014404e-02
1.350671052932739258e-01
2.167010121047496796e-02
3.456188738346099854e-01
1.969012916088104248e-01
7.321134954690933228e-02
1.849339306354522705e-01
3.250112831592559814e-01
7.003614306449890137e-02
1.917470246553421021e-02
2.845190167427062988e-01
1.649754494428634644e-01
9.357404708862304688e-02
2.553394436836242676e-01
3.021321594715118408e-01
2.222259640693664551e-01
1.015305370092391968e-01
2.329372167587280273e-01
2.615890800952911377e-01
2.579635381698608398e-01
1.845114529132843018e-01
1.119172424077987671e-01
3.161902725696563721e-01
6.204425916075706482e-02
1.216512843966484070e-01
2.693182826042175293e-01
2.827796936035156250e-01
1.467595845460891724e-01
1.351999342441558838e-01
1.298625767230987549e-01
1.338034868240356445e-01
1.314654648303985596e-01
1.093198657035827637e-01
2.562431693077087402e-01
2.413473576307296753e-01
8.449029922485351562e-02
1.953602731227874756e-01
9.778156131505966187e-02
8.090578764677047729e-02
1.059212908148765564e-01
1.938885897397994995e-01
1.855327337980270386e-01
2.365210503339767456e-01
2.311932444572448730e-01
3.058151602745056152e-01
9.219056367874145508e-02
2.218913435935974121e-01
1.371808052062988281e-01
2.416580617427825928e-01
2.491835802793502808e-01
1.959105879068374634e-01
2.441232204437255859e-01
4.989430308341979980e-02
1.976484507322311401e-01
6.421237438917160034e-02
2.110896408557891846e-01
2.152905315160751343e-01
2.843006849288940430e-01
1.785315573215484619e-01
1.826038658618927002e-01
2.129020392894744873e-01
2.564166784286499023e-01
1.740614026784896851e-01
2.136779725551605225e-01
8.602833002805709839e-02
1.893348693847656250e-01
4.005458354949951172e-01
1.888973414897918701e-01
2.053756564855575562e-01
1.310191154479980469e-01
1.472933292388916016e-01
5.978521332144737244e-02
1.217869892716407776e-01
7.233761250972747803e-02
1.082027554512023926e-01
2.477855682373046875e-01
1.272222101688385010e-01
6.817770749330520630e-02
1.615976095199584961e-01
3.370802104473114014e-01
1.979801952838897705e-01
2.619560062885284424e-01
1.800337582826614380e-01
6.455840915441513062e-02
3.191092014312744141e-01
6.190671399235725403e-02
1.217282265424728394e-01
7.351949065923690796e-02
2.077536582946777344e-01
7.156068086624145508e-02
8.384159952402114868e-02
8.354101330041885376e-02
1.133511811494827271e-01
1.361238956451416016e-01
1.409142166376113892e-01
2.243999987840652466e-01
7.827294617891311646e-02
1.923329234123229980e-01
1.397231370210647583e-01
1.219198927283287048e-01
8.286309987306594849e-02
3.052378892898559570e-01
2.657347321510314941e-01
1.872362196445465088e-01
1.969090849161148071e-02
2.404403835535049438e-01
2.678130865097045898e-01
2.062200456857681274e-01
1.142455935478210449e-01
1.299270242452621460e-01
1.026605963706970215e-01
2.372448146343231201e-01
3.026760816574096680e-01
1.228503212332725525e-01
1.407292038202285767e-01
1.550934910774230957e-01
4.080221056938171387e-02
2.909910380840301514e-01
2.127196490764617920e-01
1.769252717494964600e-01
1.820537298917770386e-01
1.698081940412521362e-01
2.655906379222869873e-01
1.150145307183265686e-01
4.824132099747657776e-02
1.881037354469299316e-01
1.954730302095413208e-01
2.760980650782585144e-02
1.705565750598907471e-01
3.052611947059631348e-01
1.775780022144317627e-01
1.251717358827590942e-01
1.358026266098022461e-01
1.264729350805282593e-01
1.624511778354644775e-01
1.176400780677795410e-01
8.129948377609252930e-02
2.007734775543212891e-01
8.060933649539947510e-02
4.490202665328979492e-02
8.370859920978546143e-02
-7.997891865670681000e-03
2.370747327804565430e-01
1.736300438642501831e-01
2.281885445117950439e-01
1.251597851514816284e-01
2.487826049327850342e-01
2.019032835960388184e-01
3.242363631725311279e-01
2.647228538990020752e-01
2.718829512596130371e-01
2.041476219892501831e-01
1.342070996761322021e-01
1.553742587566375732e-01
9.499359875917434692e-03
1.539018601179122925e-01
2.952071130275726318e-01
1.043354198336601257e-01
1.488777399063110352e-01
2.924467325210571289e-01
1.916898041963577271e-01
9.875664114952087402e-02
1.051105409860610962e-01
3.018702864646911621e-01
3.220599293708801270e-01
1.902770698070526123e-01
7.429370284080505371e-02
1.463066637516021729e-01
2.086466848850250244e-01
5.595181882381439209e-02
1.011696234345436096e-01
1.329818367958068848e-01
2.438692450523376465e-01
9.406416118144989014e-02
1.622173637151718140e-01
1.277927905321121216e-01
2.140725702047348022e-01
2.135514765977859497e-01
2.655523121356964111e-01
4.770454391837120056e-02
1.642336845397949219e-01
9.259867668151855469e-02
1.207163743674755096e-02
2.682233452796936035e-01
7.328410446643829346e-02
5.101293697953224182e-02
2.140828594565391541e-02
1.137298718094825745e-01
4.124071449041366577e-02
2.321163713932037354e-01
1.033319234848022461e-01
2.197659164667129517e-01
2.255053073167800903e-01
7.303514331579208374e-02
2.634996771812438965e-01
1.791587285697460175e-02
1.729216128587722778e-01
3.257664740085601807e-01
8.104386180639266968e-02
1.393120139837265015e-01
1.944263875484466553e-01
1.911478191614151001e-01
2.056552916765213013e-01
2.475959807634353638e-01
1.085829660296440125e-01
1.185471862554550171e-01
1.619906872510910034e-01
1.886669099330902100e-01
2.297884374856948853e-01
3.280122280120849609e-01
1.463074833154678345e-01
1.622837185859680176e-01
9.693773835897445679e-02
1.813788861036300659e-01
4.789693653583526611e-02
1.316534131765365601e-01
1.356739848852157593e-01
9.889516234397888184e-02
3.719476237893104553e-02
9.153616428375244141e-02
2.210532277822494507e-01
2.885672636330127716e-02
1.099161580204963684e-01
2.308232933282852173e-01
9.157858788967132568e-02
2.786594927310943604e-01
5.850639194250106812e-02
2.963341176509857178e-01
1.636331677436828613e-01
1.227238997817039490e-01
7.882785052061080933e-02
3.016285300254821777e-01
8.532904833555221558e-02
4.402270913124084473e-02
9.218481183052062988e-02
1.002460718154907227e-01
2.578320503234863281e-01
4.016897454857826233e-02
5.008525028824806213e-02
2.030980885028839111e-01
3.795151785016059875e-02
9.728171676397323608e-02
6.212045252323150635e-02
2.490114122629165649e-01
1.395570337772369385e-01
9.840785712003707886e-02
3.245440423488616943e-01
2.370902001857757568e-01
2.834904491901397705e-01
2.206783741712570190e-01
2.368249595165252686e-01
4.509434849023818970e-02
2.647378444671630859e-01
1.492536365985870361e-01
2.283792346715927124e-01
2.521730661392211914e-01
1.730440557003021240e-01
9.169365465641021729e-02
1.911067515611648560e-01
1.172401607036590576e-01
2.112750709056854248e-01
2.710936963558197021e-01
1.507898271083831787e-01
3.339897096157073975e-02
1.597029417753219604e-01
1.224015727639198303e-01
3.794164955615997314e-02
3.390204012393951416e-01
1.455724984407424927e-01
9.336845576763153076e-02
1.716457456350326538e-01
1.464149057865142822e-01
1.270556151866912842e-01
3.288620412349700928e-01
1.958780437707901001e-01
2.668250538408756256e-02
1.283378899097442627e-01
3.105585873126983643e-01
2.696579992771148682e-01
1.572152227163314819e-01
1.381758749485015869e-01
6.739519536495208740e-02
1.229161471128463745e-01
2.206350862979888916e-01
1.316283494234085083e-01
2.302464991807937622e-01
1.809671334922313690e-02
1.742978245019912720e-01
9.211340546607971191e-02
8.787187188863754272e-02
2.252153307199478149e-01
8.008417487144470215e-02
1.051767989993095398e-01
6.614764034748077393e-02
2.309944778680801392e-01
1.804563403129577637e-01
3.480913043022155762e-01
2.543260157108306885e-01
2.114131450653076172e-01
3.041386604309082031e-01
1.031887903809547424e-01
1.691284924745559692e-01
7.884093374013900757e-02
2.348988950252532959e-01
1.820714026689529419e-01
2.306543439626693726e-01
1.699407696723937988e-01
2.720502018928527832e-01
2.676524519920349121e-01
1.624468415975570679e-01
1.334716677665710449e-01
3.138033151626586914e-01
2.708914279937744141e-01
1.496699750423431396e-01
1.067230924963951111e-01
2.145954668521881104e-01
2.315382361412048340e-01
6.837340444326400757e-02
1.416870951652526855e-01
2.833826839923858643e-01
7.708188891410827637e-02
1.663488000631332397e-01
1.812343299388885498e-01
1.807498782873153687e-01
1.507923156023025513e-01
2.523235976696014404e-01
2.811945378780364990e-01
1.646296679973602295e-01
2.051557749509811401e-01
6.916486471891403198e-02
1.344849318265914917e-01
2.028326094150543213e-01
2.377351969480514526e-01
6.986445188522338867e-02
1.550388485193252563e-01
1.926598995923995972e-01
1.768132746219635010e-01
1.870846897363662720e-01
1.136482506990432739e-01
9.951498359441757202e-02
3.280601799488067627e-01
6.548990309238433838e-02
2.008436173200607300e-01
1.075388193130493164e-01
6.894046813249588013e-02
1.682737320661544800e-01
2.308448851108551025e-01
1.475906074047088623e-01
8.565325289964675903e-03
2.523137032985687256e-01
1.732859760522842407e-01
5.164745450019836426e-02
2.257883846759796143e-01
1.332046687602996826e-01
1.715860962867736816e-01
1.020216271281242371e-01
1.638145446777343750e-01
1.296229660511016846e-01
1.273754984140396118e-01
3.119022250175476074e-01
3.137563467025756836e-01
1.175579577684402466e-01
2.220088243484497070e-01
2.322052568197250366e-01
2.033656686544418335e-01
7.648389786481857300e-02
1.663075089454650879e-01
1.694624274969100952e-01
2.297514379024505615e-01
1.614429503679275513e-01
1.009545028209686279e-01
5.862171947956085205e-02
2.795633673667907715e-01
2.522188238799571991e-02
2.334335744380950928e-01
1.486331075429916382e-01
1.589985042810440063e-01
2.691161632537841797e-01
1.378202736377716064e-01
8.644004166126251221e-02
1.555927544832229614e-01
1.298257261514663696e-01
2.598518431186676025e-01
4.628467559814453125e-02
8.567077666521072388e-02
2.394147664308547974e-01
3.131337165832519531e-01
2.116807550191879272e-01
2.758139073848724365e-01
1.980620473623275757e-01
1.501023769378662109e-01
2.418690472841262817e-01
9.805838763713836670e-02
1.678001284599304199e-01
1.870523989200592041e-01
1.725002080202102661e-01
1.949049681425094604e-01
6.713864952325820923e-02
1.287002712488174438e-01
4.883578047156333923e-02
4.150465130805969238e-02
6.509760767221450806e-02
5.781323090195655823e-02
2.548905909061431885e-01
1.940077841281890869e-01
8.607914298772811890e-02
6.929206848144531250e-02
6.161706894636154175e-02
1.934010833501815796e-01
2.257920503616333008e-01
3.925869241356849670e-02
2.500731050968170166e-01
2.099529951810836792e-01
1.214466840028762817e-01
7.851533591747283936e-02
6.685566902160644531e-02
1.662414073944091797e-01
2.132016122341156006e-01
2.228348255157470703e-01
9.831107407808303833e-02
1.639802604913711548e-01
9.916385263204574585e-02
8.669438958168029785e-02
2.494734078645706177e-01
1.031816601753234863e-01
1.773774623870849609e-01
-1.480557140894234180e-03
2.747373878955841064e-01
2.119037955999374390e-01
2.501624524593353271e-01
5.932020768523216248e-02
2.997949421405792236e-01
1.053452938795089722e-01
5.702953040599822998e-02
1.167407706379890442e-01
8.201727271080017090e-02
2.689700722694396973e-01
1.691799759864807129e-01
1.823167204856872559e-01
6.621872633695602417e-02
1.782850921154022217e-01
1.317081749439239502e-01
1.995143294334411621e-01
1.826473921537399292e-01
2.483142763376235962e-01
1.521886736154556274e-01
1.642230451107025146e-01
2.751601338386535645e-01
4.381589591503143311e-02
2.148728966712951660e-01
2.650533616542816162e-01
1.085931733250617981e-01
2.873595356941223145e-01
2.044183164834976196e-01
1.020523086190223694e-01
1.509431749582290649e-01
1.383333653211593628e-01
1.832404583692550659e-01
2.414979338645935059e-01
6.067717075347900391e-02
1.273219287395477295e-01
2.866707444190979004e-01
1.829264312982559204e-01
7.209926843643188477e-02
2.676853351294994354e-02
1.386256217956542969e-01
9.750516712665557861e-02
1.977381557226181030e-01
2.033509910106658936e-01
1.385747343301773071e-01
2.940759956836700439e-01
1.574646383523941040e-01
4.348360747098922729e-02
1.543481647968292236e-01
2.548771798610687256e-01
2.971568405628204346e-01
1.289952993392944336e-01
2.178457230329513550e-01
4.485434293746948242e-02
2.677386105060577393e-01
1.634950190782546997e-01
8.643490821123123169e-02
8.013453334569931030e-02
1.604256629943847656e-01
2.015382647514343262e-01
6.185390427708625793e-02
1.891807764768600464e-01
1.057933047413825989e-01
1.182027980685234070e-01
2.346897721290588379e-01
2.495548576116561890e-01
4.641526564955711365e-02
2.136762142181396484e-01
1.592856943607330322e-01
1.771554648876190186e-01
2.561609148979187012e-01
1.163690313696861267e-01
1.345979720354080200e-01
2.347436845302581787e-01
1.001915782690048218e-01
1.098101586103439331e-01
2.637268602848052979e-01
8.965443819761276245e-02
1.337179094552993774e-01
7.383634150028228760e-02
1.262947171926498413e-01
3.909835219383239746e-02
2.901811525225639343e-02
2.595883309841156006e-01
3.881328180432319641e-02
6.772093009203672409e-03
1.358766108751296997e-01
2.531473636627197266e-01
1.446252316236495972e-01
1.012787520885467529e-01
6.257816404104232788e-02
4.118514433503150940e-02
4.213626310229301453e-02
2.775743603706359863e-01
2.226402610540390015e-01
1.941978186368942261e-01
2.023599445819854736e-01
2.815204560756683350e-01
1.790957450866699219e-01
1.295511275529861450e-01
2.107806503772735596e-01
5.082626640796661377e-02
2.848182320594787598e-01
1.145690754055976868e-01
2.093097120523452759e-01
1.393830627202987671e-01
2.334121167659759521e-01
3.237223625183105469e-01
2.463676482439041138e-01
2.473618239164352417e-01
2.641107439994812012e-01
2.350786626338958740e-01
1.304995417594909668e-01
