2.196201682090759277e-01
1.539028733968734741e-01
2.976354360580444336e-01
3.679518699645996094e-01
3.504095375537872314e-01
1.774180829524993896e-01
2.590788006782531738e-01
2.727530896663665771e-01
2.889511883258819580e-01
3.097541034221649170e-01
2.875779867172241211e-01
2.467005103826522827e-01
3.244529664516448975e-01
7.899184525012969971e-02
3.350389897823333740e-01
2.480999976396560669e-01
2.071520686149597168e-01
1.904520988464355469e-01
2.018323838710784912e-01
2.697390317916870117e-01
2.494389265775680542e-01
3.856318593025207520e-01
2.369814515113830566e-01
2.235640585422515869e-01
3.247416615486145020e-01
2.776221632957458496e-01
3.820932470262050629e-03
1.273638904094696045e-01
2.470535933971405029e-01
3.620494306087493896e-01
2.696039080619812012e-01
2.745206654071807861e-01
2.311688959598541260e-01
2.362392246723175049e-01
3.770202100276947021e-01
2.302595376968383789e-01
2.598963677883148193e-01
2.841172218322753906e-01
9.783032536506652832e-02
1.395036429166793823e-01
2.028129696846008301e-01
3.330558836460113525e-01
2.336703687906265259e-01
3.722855746746063232e-01
2.367069572210311890e-01
2.084673792123794556e-01
2.486236840486526489e-01
1.890549212694168091e-01
3.081282973289489746e-01
2.337260991334915161e-01
3.354527950286865234e-01
2.337969690561294556e-01
1.766948997974395752e-01
2.429772466421127319e-01
3.403223454952239990e-01
1.755938827991485596e-01
3.601530194282531738e-01
2.956686317920684814e-01
1.853742748498916626e-01
2.378376573324203491e-01
2.412677705287933350e-01
2.700053751468658447e-01
2.977118194103240967e-01
1.099146902561187744e-01
2.292178720235824585e-01
3.706173598766326904e-01
3.430396914482116699e-01
2.032098323106765747e-01
1.542444676160812378e-01
9.707205742597579956e-02
2.190395891666412354e-01
3.668621182441711426e-01
2.113236486911773682e-01
2.976968586444854736e-01
3.829614818096160889e-01
1.911115348339080811e-01
2.279174476861953735e-01
3.547923266887664795e-01
4.003118276596069336e-01
4.435408413410186768e-01
3.901634812355041504e-01
1.947040706872940063e-01
2.439396083354949951e-01
2.449079751968383789e-01
2.490478307008743286e-01
2.491643726825714111e-01
3.841344416141510010e-01
2.723976969718933105e-01
2.985478341579437256e-01
2.870762050151824951e-01
2.821171283721923828e-01
3.603257536888122559e-01
2.476292699575424194e-01
2.694422900676727295e-01
2.134526520967483521e-01
1.306643337011337280e-01
2.401635199785232544e-01
3.168657720088958740e-01
3.053425252437591553e-01
2.756923735141754150e-01
2.807402908802032471e-01
2.538049817085266113e-01
3.384138047695159912e-01
1.458038985729217529e-01
3.866557478904724121e-01
2.477359175682067871e-01
1.842750906944274902e-01
2.861241996288299561e-01
4.190586805343627930e-01
1.589407473802566528e-01
9.876673668622970581e-02
-2.372169867157936096e-02
3.592864274978637695e-01
3.009929060935974121e-01
3.541527390480041504e-01
2.433272004127502441e-01
1.906450837850570679e-01
2.566230893135070801e-01
2.802317440509796143e-01
1.386592239141464233e-01
3.808613717555999756e-01
2.391887307167053223e-01
2.750072479248046875e-01
2.902781665325164795e-01
2.886517047882080078e-01
3.530271053314208984e-01
3.348113298416137695e-01
2.528528571128845215e-01
1.992972642183303833e-01
3.049042522907257080e-01
2.843849062919616699e-01
2.239061146974563599e-01
2.718465626239776611e-01
4.109336733818054199e-01
2.503950297832489014e-01
2.742154300212860107e-01
1.532293856143951416e-01
1.919372081756591797e-01
2.410157322883605957e-01
4.086297750473022461e-01
4.045582413673400879e-01
2.723624110221862793e-01
3.068973720073699951e-01
1.353945732116699219e-01
4.057117104530334473e-01
3.020360469818115234e-01
2.242635339498519897e-01
4.855736196041107178e-01
2.615531682968139648e-01
3.208945989608764648e-01
1.556811928749084473e-01
1.735073924064636230e-01
2.335489541292190552e-01
3.226701319217681885e-01
2.268487662076950073e-01
2.959852218627929688e-01
2.298538684844970703e-01
1.958449035882949829e-01
2.193569540977478027e-01
2.410301715135574341e-01
2.318090051412582397e-01
3.233548700809478760e-01
2.435157448053359985e-01
3.355673551559448242e-01
2.886166572570800781e-01
2.810703814029693604e-01
3.379093706607818604e-01
3.599183857440948486e-01
1.276360899209976196e-01
4.039797782897949219e-01
2.824858725070953369e-01
2.696900665760040283e-01
4.155277907848358154e-01
2.579669058322906494e-01
2.184836715459823608e-01
3.298467993736267090e-01
1.732675135135650635e-01
3.555035591125488281e-01
2.098370343446731567e-01
4.920320212841033936e-02
4.060962200164794922e-01
1.907626241445541382e-01
2.857105731964111328e-01
2.939835488796234131e-01
2.238688319921493530e-01
3.767144083976745605e-01
3.355690538883209229e-01
4.150654375553131104e-01
3.478537499904632568e-01
2.307291626930236816e-01
4.428777396678924561e-01
2.895060181617736816e-01
2.106212228536605835e-01
1.897032409906387329e-01
3.036120235919952393e-01
2.967616021633148193e-01
2.365223765373229980e-01
1.517611294984817505e-01
4.229809045791625977e-01
4.213084280490875244e-01
2.373020052909851074e-01
1.639894545078277588e-01
1.680786311626434326e-01
2.647621631622314453e-01
2.157581746578216553e-01
1.922457814216613770e-01
1.855535358190536499e-01
2.153612971305847168e-01
1.784001439809799194e-01
2.651121616363525391e-01
3.126874566078186035e-01
2.613120079040527344e-01
2.775470912456512451e-01
1.624228805303573608e-01
4.379402995109558105e-01
3.585767149925231934e-01
2.373853474855422974e-01
1.140804514288902283e-01
2.212530076503753662e-01
2.565632164478302002e-01
3.072426319122314453e-01
1.730803251266479492e-01
3.798298239707946777e-01
2.407833635807037354e-01
2.374678999185562134e-01
3.345861732959747314e-01
3.240983486175537109e-01
2.095230966806411743e-01
3.623235225677490234e-01
3.901749253273010254e-01
3.082980215549468994e-01
2.186997979879379272e-01
3.333423733711242676e-01
-6.674593314528465271e-04
4.399400949478149414e-01
1.964307874441146851e-01
2.698639035224914551e-01
9.548544883728027344e-02
1.797367483377456665e-01
3.144474923610687256e-01
2.649029195308685303e-01
3.695914149284362793e-01
1.529895979911088943e-02
2.808868288993835449e-01
3.315898776054382324e-01
2.973423004150390625e-01
2.318766862154006958e-01
3.073839247226715088e-01
1.819175183773040771e-01
2.092603445053100586e-01
3.095229566097259521e-01
2.337527126073837280e-01
2.550757825374603271e-01
3.205996751785278320e-01
1.848906278610229492e-01
2.153528034687042236e-01
2.023367136716842651e-01
2.530210912227630615e-01
3.934708535671234131e-01
3.051550388336181641e-01
2.081916332244873047e-01
3.174432516098022461e-01
2.717368006706237793e-01
3.811328709125518799e-01
2.136652618646621704e-01
1.536386609077453613e-01
1.584967970848083496e-01
2.470518052577972412e-01
4.145537912845611572e-01
2.353917509317398071e-01
2.982479929924011230e-01
3.359187543392181396e-01
2.159152477979660034e-01
3.489971756935119629e-01
3.286185562610626221e-01
3.373196125030517578e-01
2.904990613460540771e-01
2.934664785861968994e-01
1.963748931884765625e-01
3.632759749889373779e-01
2.645913660526275635e-01
2.967679202556610107e-01
2.770248651504516602e-01
3.073511719703674316e-01
2.262469828128814697e-01
2.289533168077468872e-01
1.536389291286468506e-01
2.402845621109008789e-01
2.523417174816131592e-01
3.216515183448791504e-01
2.357833832502365112e-01
2.973908185958862305e-01
5.039876103401184082e-01
3.814832270145416260e-01
2.745909392833709717e-01
2.702935934066772461e-01
3.331180289387702942e-02
3.509999513626098633e-01
2.040235996246337891e-01
3.202383220195770264e-01
3.215503692626953125e-01
3.122428953647613525e-01
1.812559664249420166e-01
1.919618397951126099e-01
2.925476729869842529e-01
2.402048856019973755e-01
2.405789196491241455e-01
1.602946221828460693e-01
2.441652715206146240e-01
2.751256823539733887e-01
3.775101602077484131e-01
3.069756329059600830e-01
3.919545710086822510e-01
2.221200615167617798e-01
1.510515660047531128e-01
1.620602011680603027e-01
2.806491255760192871e-01
3.748629987239837646e-01
2.854619622230529785e-01
3.936369717121124268e-01
2.565409541130065918e-01
2.712899744510650635e-01
2.945606112480163574e-01
2.146149724721908569e-01
1.230694651603698730e-01
1.346847116947174072e-01
3.494481146335601807e-01
2.717061638832092285e-01
3.112443387508392334e-01
1.909678280353546143e-01
2.548677623271942139e-01
2.133032679557800293e-01
1.241011619567871094e-01
2.848743498325347900e-01
2.637273371219635010e-01
4.020950496196746826e-01
3.335869014263153076e-01
2.755046188831329346e-01
1.984310001134872437e-01
2.195046693086624146e-01
2.597472071647644043e-01
3.662478327751159668e-01
2.975361049175262451e-01
3.072187304496765137e-01
1.487116813659667969e-01
3.266141414642333984e-01
2.557175159454345703e-01
3.934282064437866211e-01
1.070530340075492859e-01
3.602585196495056152e-01
1.770417392253875732e-01
2.428536862134933472e-01
3.010736107826232910e-01
2.906669378280639648e-01
2.240146994590759277e-01
2.032375633716583252e-01
1.904758512973785400e-01
3.422626852989196777e-01
2.801349461078643799e-01
2.032234519720077515e-01
1.257568299770355225e-01
3.012333214282989502e-01
3.769440054893493652e-01
3.335831463336944580e-01
3.285940885543823242e-01
1.649472862482070923e-01
4.384513199329376221e-01
9.396170079708099365e-02
3.282542228698730469e-01
2.287345230579376221e-01
4.478366672992706299e-01
2.312397956848144531e-01
3.133327662944793701e-01
4.802142679691314697e-01
2.289257198572158813e-01
2.732842266559600830e-01
4.130177795886993408e-01
3.359295427799224854e-01
3.117039799690246582e-01
1.763878613710403442e-01
3.309970200061798096e-01
3.482645153999328613e-01
4.000899791717529297e-01
3.588246107101440430e-01
2.997626662254333496e-01
3.589676916599273682e-01
2.185157537460327148e-01
3.569167554378509521e-01
4.022108912467956543e-01
2.849204838275909424e-01
3.092663884162902832e-01
3.203133642673492432e-01
2.567210793495178223e-01
3.305857777595520020e-01
1.446606218814849854e-01
2.004949748516082764e-01
3.322515189647674561e-01
1.227976605296134949e-01
1.682630777359008789e-01
2.724812328815460205e-01
1.513911783695220947e-01
1.294704377651214600e-01
2.037396430969238281e-01
2.103899419307708740e-01
2.462797015905380249e-01
3.300607800483703613e-01
3.769585788249969482e-01
3.532417714595794678e-01
2.963548600673675537e-01
2.760691642761230469e-01
2.359182983636856079e-01
3.058129549026489258e-01
2.771427333354949951e-01
2.174887657165527344e-01
3.189161121845245361e-01
1.857174634933471680e-01
2.963331341743469238e-01
1.303453743457794189e-01
2.807841002941131592e-01
3.122422397136688232e-01
3.196947574615478516e-01
3.441115319728851318e-01
3.588775694370269775e-01
3.596655726432800293e-01
2.869080305099487305e-01
2.327965646982192993e-01
3.437679708003997803e-01
2.638204991817474365e-01
2.398001253604888916e-01
3.470993936061859131e-01
3.267997205257415771e-01
2.555584013462066650e-01
3.091108798980712891e-01
3.479237556457519531e-01
1.836537122726440430e-01
1.664463728666305542e-01
2.021403461694717407e-01
1.249682307243347168e-01
2.783808410167694092e-01
2.582381367683410645e-01
2.023293823003768921e-01
7.744472473859786987e-02
3.992893695831298828e-01
3.139585852622985840e-01
2.647026181221008301e-01
3.834671378135681152e-01
4.443563893437385559e-02
3.930563926696777344e-01
1.502725332975387573e-01
1.729149818420410156e-01
1.271529942750930786e-01
3.026219308376312256e-01
2.168242633342742920e-01
1.787417232990264893e-01
1.804099082946777344e-01
2.049172073602676392e-01
2.421164959669113159e-01
2.827585041522979736e-01
3.301187157630920410e-01
1.827671229839324951e-01
2.791446447372436523e-01
2.018961012363433838e-01
3.028942346572875977e-01
1.758013665676116943e-01
3.946802616119384766e-01
3.499986529350280762e-01
3.554097115993499756e-01
8.677206188440322876e-02
3.705973029136657715e-01
3.591363131999969482e-01
2.976202368736267090e-01
2.330986708402633667e-01
2.513246238231658936e-01
1.698130220174789429e-01
2.417987138032913208e-01
1.843099296092987061e-01
1.930183917284011841e-01
2.462221235036849976e-01
3.634544014930725098e-01
1.521874070167541504e-01
3.327800035476684570e-01
3.260696232318878174e-01
1.962965130805969238e-01
3.869514465332031250e-01
1.918549984693527222e-01
3.563781380653381348e-01
2.568345367908477783e-01
2.302701622247695923e-01
3.901419639587402344e-01
1.883462816476821899e-01
2.356945276260375977e-01
2.526449859142303467e-01
3.309754729270935059e-01
2.173831462860107422e-01
2.215283811092376709e-01
3.541816174983978271e-01
2.489030361175537109e-01
2.938405573368072510e-01
3.035443723201751709e-01
2.177604734897613525e-01
3.672896027565002441e-01
1.414026618003845215e-01
1.435556113719940186e-01
3.749763965606689453e-01
1.813598424196243286e-01
3.162353336811065674e-01
2.715606391429901123e-01
1.580749154090881348e-01
2.242535799741744995e-01
1.487837731838226318e-01
2.661492824554443359e-01
3.445651531219482422e-01
3.112371861934661865e-01
2.804068624973297119e-01
3.618720471858978271e-01
2.844687402248382568e-01
2.273958623409271240e-01
1.740654557943344116e-01
2.670339345932006836e-01
3.842170536518096924e-01
3.401363790035247803e-01
4.908762872219085693e-01
2.138239890336990356e-01
2.026275992393493652e-01
2.124149948358535767e-01
3.700014948844909668e-01
2.293002605438232422e-01
3.404552340507507324e-01
3.202039003372192383e-01
2.192090302705764771e-01
3.163596391677856445e-01
3.331944346427917480e-01
2.022143900394439697e-01
2.277716100215911865e-01
2.907285094261169434e-01
2.742173671722412109e-01
2.610570490360260010e-01
3.365157246589660645e-01
2.014469355344772339e-01
2.613064348697662354e-01
2.724139094352722168e-01
2.735006213188171387e-01
9.236531704664230347e-02
2.013061940670013428e-01
1.508750170469284058e-01
1.551499813795089722e-01
4.546679556369781494e-01
1.821755468845367432e-01
1.795215606689453125e-01
1.952904313802719116e-01
2.603609263896942139e-01
2.492189854383468628e-01
2.611984014511108398e-01
9.940349310636520386e-02
1.197713688015937805e-01
2.839400172233581543e-01
2.130828797817230225e-01
2.839464247226715088e-01
1.582327634096145630e-01
2.239121645689010620e-01
3.539228141307830811e-01
1.302078515291213989e-01
2.976668179035186768e-01
2.488649636507034302e-01
3.625541329383850098e-01
2.460590600967407227e-01
2.622847259044647217e-01
1.235719472169876099e-01
1.108625307679176331e-01
3.077157139778137207e-01
1.551731377840042114e-01
2.955098450183868408e-01
3.867464065551757812e-01
2.851281464099884033e-01
2.102374136447906494e-01
1.850441694259643555e-01
3.265711963176727295e-01
2.261083275079727173e-01
2.047235667705535889e-01
2.486168444156646729e-01
1.038027405738830566e-01
2.378442436456680298e-01
2.334325611591339111e-01
2.519047260284423828e-01
1.637334227561950684e-01
2.358264327049255371e-01
2.685857415199279785e-01
2.819383144378662109e-01
2.069489508867263794e-01
2.420330345630645752e-01
2.348361462354660034e-01
3.275124728679656982e-01
1.815938949584960938e-01
2.591328322887420654e-01
2.568675279617309570e-01
2.703238129615783691e-01
1.605822145938873291e-01
2.340270876884460449e-01
2.251295447349548340e-01
2.649887204170227051e-01
1.156059429049491882e-01
2.502469420433044434e-01
4.273623526096343994e-01
1.754966825246810913e-01
2.598800361156463623e-01
2.558671236038208008e-01
2.717637121677398682e-01
3.171325325965881348e-01
2.194891721010208130e-01
3.513899743556976318e-01
3.747216761112213135e-01
3.317439258098602295e-01
3.351456820964813232e-01
3.918143510818481445e-01
1.188029907643795013e-02
2.765198051929473877e-01
3.181055188179016113e-01
4.927884936332702637e-01
3.427045643329620361e-01
1.457582116127014160e-01
2.608882486820220947e-01
2.793944478034973145e-01
2.441488355398178101e-01
2.142641544342041016e-01
3.070846498012542725e-01
2.851160168647766113e-01
1.953609585762023926e-01
3.189203143119812012e-01
4.960182681679725647e-02
3.005485236644744873e-01
2.757586836814880371e-01
2.713983356952667236e-01
2.593729794025421143e-01
4.027275145053863525e-01
2.632273137569427490e-01
2.491127252578735352e-01
4.126415252685546875e-01
2.268034815788269043e-01
2.610785663127899170e-01
9.745036065578460693e-02
3.059045076370239258e-01
3.400019407272338867e-01
2.861400246620178223e-01
3.735840320587158203e-01
3.242967128753662109e-01
2.726700007915496826e-01
7.824318856000900269e-02
3.412744998931884766e-01
2.103217244148254395e-01
1.642646193504333496e-01
3.325159251689910889e-01
1.786098629236221313e-01
1.484325975179672241e-01
3.320949375629425049e-01
1.691459715366363525e-01
2.589861452579498291e-01
1.258625686168670654e-01
3.871859610080718994e-01
3.066358566284179688e-01
2.262299507856369019e-01
2.969878613948822021e-01
1.760998219251632690e-01
4.249317944049835205e-01
2.538131773471832275e-01
3.721417486667633057e-01
2.652293443679809570e-01
1.630679517984390259e-01
3.750890195369720459e-01
2.946950793266296387e-01
2.806710898876190186e-01
3.975073397159576416e-01
3.291798830032348633e-01
2.643270492553710938e-01
2.681028544902801514e-01
3.343575894832611084e-01
2.644421756267547607e-01
2.830146551132202148e-01
1.462581157684326172e-01
4.110310077667236328e-01
2.838290333747863770e-01
2.172339260578155518e-01
2.203735858201980591e-01
3.122980892658233643e-01
3.025844693183898926e-01
2.057295441627502441e-01
3.215631246566772461e-01
3.127795159816741943e-01
2.795273661613464355e-01
3.716954290866851807e-01
3.545814156532287598e-01
2.484204918146133423e-01
2.595003545284271240e-01
2.871592640876770020e-01
2.645174264907836914e-01
2.675064206123352051e-01
2.371986806392669678e-01
9.620612859725952148e-02
2.298246175050735474e-01
2.981958687305450439e-01
3.815899789333343506e-01
2.663018405437469482e-01
2.379232048988342285e-01
2.053403854370117188e-01
4.657456576824188232e-01
2.375149577856063843e-01
2.641678452491760254e-01
1.100597456097602844e-01
1.631816476583480835e-01
2.668834030628204346e-01
2.817184925079345703e-01
2.691909670829772949e-01
1.350041627883911133e-01
3.774358928203582764e-01
2.951405942440032959e-01
3.158698976039886475e-01
2.588357329368591309e-01
2.464802414178848267e-01
2.395148873329162598e-01
2.106806337833404541e-01
2.504707276821136475e-01
2.145460397005081177e-01
2.267716228961944580e-01
3.773668408393859863e-01
3.483509123325347900e-01
2.607129514217376709e-01
2.376846373081207275e-01
4.051797091960906982e-01
2.156602740287780762e-01
9.833242744207382202e-02
2.993154227733612061e-01
3.044040799140930176e-01
2.787425518035888672e-01
2.516527175903320312e-01
2.439019680023193359e-01
2.596037089824676514e-01
3.600816428661346436e-01
2.565045654773712158e-01
3.114197254180908203e-01
1.568706333637237549e-01
3.000082969665527344e-01
1.800833642482757568e-01
2.573913335800170898e-01
1.869933009147644043e-01
2.025268375873565674e-01
2.622005641460418701e-01
3.382821679115295410e-01
1.531745046377182007e-01
1.925847083330154419e-01
3.517354130744934082e-01
4.065549373626708984e-01
2.729176282882690430e-01
3.024461567401885986e-01
2.329039871692657471e-01
2.565301954746246338e-01
2.919026017189025879e-01
7.990608364343643188e-02
2.904346585273742676e-01
1.185486763715744019e-01
2.866629064083099365e-01
3.185555338859558105e-01
2.533575594425201416e-01
3.437125980854034424e-01
2.265865355730056763e-01
2.048744112253189087e-01
2.237546294927597046e-01
2.443282902240753174e-01
3.478569090366363525e-01
3.113960027694702148e-01
1.252078264951705933e-01
2.295946627855300903e-01
9.293165057897567749e-02
3.002218008041381836e-01
3.008689284324645996e-01
1.539467126131057739e-01
3.169352114200592041e-01
3.140948712825775146e-01
2.155051827430725098e-01
2.136356085538864136e-01
1.989458650350570679e-01
2.985722720623016357e-01
3.515653908252716064e-01
3.077464699745178223e-01
2.744414806365966797e-01
1.047688275575637817e-01
1.939262151718139648e-01
1.546001434326171875e-01
3.252499699592590332e-01
3.317308127880096436e-01
2.682335078716278076e-01
1.444325596094131470e-01
2.203980237245559692e-01
3.002020418643951416e-01
2.776231765747070312e-01
2.739008069038391113e-01
2.883457243442535400e-01
2.014001756906509399e-01
1.198555603623390198e-01
2.467773407697677612e-01
1.320423036813735962e-01
2.849211096763610840e-01
3.055295944213867188e-01
4.748430550098419189e-01
2.657453715801239014e-01
2.714265584945678711e-01
1.960305571556091309e-01
3.612431287765502930e-01
3.331824243068695068e-01
2.661293745040893555e-01
2.567881047725677490e-01
2.751968502998352051e-01
4.500775933265686035e-01
1.961171180009841919e-01
3.052419126033782959e-01
4.422972202301025391e-01
2.067329138517379761e-01
3.196285963058471680e-01
2.464598119258880615e-01
2.242989689111709595e-01
1.951218098402023315e-01
1.655802577733993530e-01
2.167820334434509277e-01
2.609858810901641846e-01
9.266030788421630859e-02
1.717769950628280640e-01
2.236578613519668579e-01
3.041751980781555176e-01
1.235655546188354492e-01
2.760687768459320068e-01
3.258560299873352051e-01
2.443508654832839966e-01
3.175157010555267334e-01
3.093104362487792969e-01
2.245340198278427124e-01
3.803731799125671387e-01
3.244780004024505615e-01
6.385190039873123169e-02
3.329854309558868408e-01
3.442932069301605225e-01
3.067856431007385254e-01
1.758526116609573364e-01
2.783272564411163330e-01
2.329907715320587158e-01
3.489597737789154053e-01
2.339855879545211792e-01
2.542642652988433838e-01
2.531030476093292236e-01
3.060952723026275635e-01
3.393482565879821777e-01
2.190415412187576294e-01
3.947297930717468262e-01
2.670680880546569824e-01
2.710204422473907471e-01
3.009281456470489502e-01
3.279077112674713135e-01
2.409671992063522339e-01
3.813287317752838135e-01
2.376619279384613037e-01
2.984642982482910156e-01
3.693080246448516846e-01
1.828084439039230347e-01
2.180132269859313965e-01
3.522172570228576660e-01
2.400664240121841431e-01
2.112487852573394775e-01
3.209908604621887207e-01
2.578033506870269775e-01
3.266610205173492432e-01
3.305420577526092529e-01
1.698600202798843384e-01
1.887272000312805176e-01
1.626224219799041748e-01
2.718941569328308105e-01
2.516707181930541992e-01
1.940737068653106689e-01
1.911888122558593750e-01
3.486183881759643555e-01
3.225059211254119873e-01
1.211598142981529236e-01
2.443312406539916992e-01
3.183871805667877197e-01
2.137258499860763550e-01
4.326610863208770752e-01
2.526722848415374756e-01
3.241998553276062012e-01
3.628052175045013428e-01
4.031693935394287109e-01
2.957318127155303955e-01
3.067417740821838379e-01
3.357389569282531738e-01
2.715373933315277100e-01
3.089730739593505859e-01
2.668820917606353760e-01
2.920815348625183105e-01
2.697162330150604248e-01
2.459659725427627563e-01
3.737200796604156494e-01
3.329924046993255615e-01
3.069902956485748291e-01
3.485473692417144775e-01
2.808415591716766357e-01
2.306864112615585327e-01
