1.535098646231932928e+00
1.720489647220915685e+00
2.210996108133579163e+00
1.379520373650936493e+00
1.559847530817083383e+00
1.411332218169802033e+00
1.854876480175309705e+00
1.338943011018771445e+00
1.213813910941920593e+00
2.154766530319992768e+00
1.587207871016620420e+00
1.637571442274581290e+00
1.444755578752439096e+00
1.319775342344965408e+00
1.767018130657630026e+00
1.392142767200290177e+00
1.328513241891605690e+00
1.663827908124974275e+00
2.019752023149140374e+00
2.377066804671804867e+00
1.984212681938362310e+00
1.475922106805314105e+00
1.901553116684479239e+00
1.960952013135480065e+00
1.749055514858690596e+00
1.781044666748094141e+00
1.643397198753001165e+00
1.218157415011145606e+00
1.716039859867964923e+00
1.451489147016046477e+00
1.854332119262885215e+00
2.052741046877190279e+00
1.758945989208112737e+00
1.738319486758451493e+00
1.302850950081749781e+00
1.098171545400766558e+00
1.453360850962012618e+00
2.164601193474947394e+00
1.389414472358323716e+00
1.840489202616037101e+00
1.246382435030573443e+00
1.123690659702855754e+00
1.325387871957285579e+00
1.430668309130141980e+00
1.313641870337444173e+00
1.660862530354451083e+00
1.122114864464363704e+00
8.201059437591685652e-01
1.859492214895091644e+00
1.069249050678451773e+00
1.241887321148180900e+00
2.036929809151600157e+00
1.625345088217564626e+00
1.763230797336871269e+00
1.551749564062347542e+00
1.210237155934797526e+00
1.828415043310489985e+00
1.519365036564968241e+00
1.977783404170075254e+00
1.403182921453012266e+00
1.664554768267496820e+00
2.142158818519864560e+00
1.675391544665340904e+00
1.567381674992526230e+00
1.704055285887652538e+00
1.297044630948155808e+00
2.182654160858355397e+00
1.669897386769687797e+00
1.759178985219892466e+00
1.779428182383200330e+00
2.258350642426166122e+00
1.535591519722494303e+00
1.960311211004822640e+00
1.935937387056448911e+00
1.665146407169146858e+00
1.462893196433048937e+00
1.663196355871430443e+00
1.557299349243773667e+00
1.082091920039432553e+00
1.342018592851203174e+00
2.118981752005209884e+00
1.558987131900815060e+00
2.004159718457260375e+00
1.971834498198672625e+00
1.503394642227275702e+00
1.785944499852077261e+00
1.599950141500815715e+00
1.679521466323540491e+00
1.457818640964463786e+00
1.600144704229317094e+00
1.489531590479862277e+00
1.560335864453873844e+00
1.258124291638683667e+00
1.444795064138163720e+00
1.663022339337888678e+00
7.933917912548422713e-01
1.558613520904219341e+00
1.073045384180006723e+00
1.390922616354249408e+00
1.427456847713099108e+00
1.706787242821283801e+00
1.938097517672199066e+00
1.525081556251692838e+00
1.561314724458281900e+00
1.177712026529333933e+00
1.741092468508353086e+00
1.464546831548344308e+00
1.568026247350465363e+00
1.108738286592586331e+00
1.534820335055243179e+00
2.425426981007892557e+00
1.433575183706498501e+00
1.017183795983473527e+00
1.319155534751725423e+00
1.527424050406795963e+00
1.190924325820717611e+00
1.136317285635192631e+00
1.782840858224795655e+00
9.520728812819735376e-01
1.157836193308287687e+00
1.338442598776539594e+00
1.607264649225783604e+00
1.452828264050974871e+00
1.234777828836201685e+00
2.097695350288109939e+00
1.945258043706959317e+00
1.954018383952496718e+00
1.597650237282346009e+00
1.466189428937481276e+00
1.206767479085807393e+00
1.127727828288587864e+00
1.400769349473361736e+00
1.445267911473110845e+00
1.870520043395053067e+00
1.376016232764728286e+00
1.380464597967470342e+00
1.573072622318365532e+00
1.309700987200815847e+00
1.656015491987077537e+00
1.775441141921024535e+00
1.557855380119165245e+00
9.865532670184479214e-01
1.598996812248890675e+00
2.311778352741081566e+00
1.878645141993326106e+00
2.094260728990573028e+00
1.454875315879886610e+00
9.731166908307030683e-01
1.707554801190136029e+00
1.452382717616924168e+00
1.783067401792309603e+00
1.560912716405755685e+00
1.741742006540455634e+00
1.665731929982913417e+00
1.530631817496477920e+00
1.543231160344819441e+00
1.244559299246975170e+00
1.482011317926827054e+00
9.269806701218160638e-01
1.335972094695791146e+00
1.719779245036817672e+00
2.116294016351783380e+00
1.728524670593759804e+00
1.887580698077709673e+00
1.660367524955004281e+00
1.417397386256173730e+00
1.552443781073225892e+00
1.291612075304431562e+00
1.600143111026179454e+00
1.342017112526021627e+00
1.550813282373215696e+00
1.775886284414145422e+00
2.008674559006799587e+00
1.414273435042307847e+00
1.197188363437684977e+00
1.554509596502934077e+00
1.717095903694551451e+00
1.622971003881672925e+00
1.521163690087391940e+00
1.547642671268180559e+00
1.413882993636977004e+00
1.619241076647768729e+00
1.395818707238678957e+00
1.458126276965412416e+00
1.998145421838531055e+00
1.540366163968911017e+00
1.461554914569733965e+00
1.864132289095477457e+00
1.759925974241266733e+00
1.982220199595481569e+00
1.959304960402209250e+00
1.346126513986948048e+00
1.635559293785530333e+00
1.153084413437911016e+00
8.540278978090732886e-01
2.141962156831170638e+00
9.529155840404176514e-01
1.288920152963926702e+00
1.534897037326226288e+00
1.771120314405103535e+00
9.703724441574267390e-01
1.470529847737580553e+00
1.730168728136663781e+00
1.219172534508300210e+00
1.150229202799058381e+00
6.119805664337137907e-01
1.910938803121982055e+00
1.820184802431917825e+00
1.606956161341731804e+00
1.872388491731703075e+00
1.170118643824376248e+00
8.074010574411688568e-01
9.275006975172425117e-01
1.468188470210908481e+00
1.091359979434242566e+00
2.261344794042595918e+00
1.549273993375980707e+00
1.487461116249322313e+00
1.141362143530184614e+00
1.649711516566892300e+00
1.421869608057037215e+00
1.589992522730589553e+00
1.091872116018006489e+00
1.403152282522490246e+00
1.237100602391993487e+00
9.789889169961378812e-01
1.772554083692936766e+00
1.376688774167122764e+00
1.285136228509615286e+00
1.563239033397643363e+00
2.114867838537539235e+00
2.257111847482803135e+00
1.337336907425377364e+00
1.886676648713117910e+00
1.183344023501556430e+00
1.450451957017376614e+00
1.547683182520549039e+00
1.755058870664322868e+00
1.947092149054763244e+00
1.332948911696760108e+00
2.048496298779652225e+00
1.549477461285936108e+00
1.785128498176495659e+00
1.822960318040644623e+00
7.282597465207082399e-01
1.429962190209025152e+00
1.709549703532742049e+00
8.710756693500223413e-01
1.780055307649177410e+00
1.428833107518466816e+00
1.802517927623056515e+00
1.716590045952434584e+00
1.157430354588202759e+00
1.153611835299311439e+00
1.979117410515405462e+00
1.406208355582836411e+00
1.663097093182972053e+00
1.870505856040937553e+00
1.428252034691227523e+00
1.585541143852585266e+00
1.144701419741771975e+00
2.334872963235560928e+00
1.541739876908706952e+00
1.476366963176476199e+00
1.836581616346279144e+00
1.494180764799184713e+00
1.554519279641067619e+00
1.325678181498762154e+00
1.628919810901232390e+00
1.253707575493225201e+00
1.757576524861202527e+00
1.494234339475396078e+00
1.491431318709628417e+00
1.571906642955294808e+00
2.046430318932645154e+00
2.168924774926148658e+00
1.663793636509698581e+00
1.296341660868333134e+00
1.486702663523725043e+00
1.364066548599923046e+00
1.942009850212850885e+00
1.689255927843194227e+00
2.152880321472899094e+00
1.853454367854721063e+00
1.368958382458916878e+00
1.919201672353186838e+00
1.514647497578920587e+00
2.331595519313163667e+00
1.454013583997024295e+00
1.487308533488991946e+00
1.525753672464154942e+00
1.831007317668422507e+00
2.016559331982977099e+00
1.413988161599401661e+00
1.430614619597395887e+00
2.236269030694512328e+00
1.273596577050946976e+00
2.088229541201986006e+00
1.739846836440399391e+00
1.491238439792684112e+00
1.158018032037971379e+00
2.016281336394690982e+00
1.686511412347027505e+00
1.758564196556130277e+00
1.952247390835011087e+00
1.236731384103937792e+00
1.697802402780308029e+00
1.843804883579957643e+00
1.573048101440293722e+00
1.380974905477507342e+00
1.711452563138957217e+00
1.235015101860081010e+00
1.607769960391168818e+00
2.343268459767729794e+00
1.009285241442885006e+00
1.854850854023542883e+00
1.223528730113302654e+00
1.982723564255199689e+00
1.537070786856739035e+00
1.794700446754809775e+00
1.635948573668530637e+00
1.507663449403396694e+00
1.567792263401551978e+00
1.923159554143138328e+00
1.985455724289706403e+00
1.656510402643594171e+00
1.489157295703935180e+00
1.739220287388476782e+00
1.470977537588779471e+00
1.995868345121262211e+00
9.136073702020917064e-01
1.483593022975461473e+00
1.687969056485405739e+00
1.202079517304960321e+00
2.136347511929069576e+00
1.630863631325268903e+00
1.786266249755349644e+00
1.848356262699372587e+00
1.553654506521899181e+00
1.543606676617544249e+00
1.833545073264372549e+00
1.684755020027415728e+00
1.625213730257886846e+00
1.199543938415656985e+00
1.643010582255535201e+00
1.754946721096501516e+00
1.549439370982484521e+00
1.221680195124372981e+00
2.003202966700849963e+00
1.470406463220321758e+00
2.337481147591535802e+00
1.561967550061992727e+00
1.804254237650874781e+00
1.580802619432377432e+00
2.338963416033256415e+00
1.507401387298474171e+00
1.786568447019516448e+00
1.384744358957843202e+00
2.111478673354947322e+00
1.796836567931954898e+00
1.934040634123635582e+00
1.165564415764539064e+00
1.474117054883565592e+00
7.772791105850154203e-01
1.699330743138251165e+00
1.364226164812833764e+00
1.938178639910393963e+00
1.728985778533115747e+00
1.876506134934663450e+00
1.578001881973306819e+00
1.468530943327360561e+00
2.136976617427862379e+00
2.112169426261388594e+00
1.291998746710136370e+00
1.275236552586810790e+00
1.304717417873072938e+00
1.882723551968785269e+00
9.187587293370037544e-01
2.031571415378201628e+00
1.897624018160180892e+00
1.992431260120846481e+00
1.633948827208472121e+00
2.316136604593487913e+00
1.354993602424306554e+00
2.371839001963416571e+00
1.651988777516002260e+00
1.220530441731002780e+00
1.994352393057498452e+00
1.381851314271093978e+00
2.439727259257104208e+00
1.403425361972078234e+00
1.486260171970917865e+00
1.362574536668098135e+00
1.320639042699879973e+00
1.582854786913218792e+00
1.590271850774136464e+00
1.605785242993903461e+00
1.729798161762765796e+00
1.466691326572818532e+00
1.699279794399568555e+00
1.374581832871783149e+00
1.453109748572738669e+00
1.612706700658353753e+00
1.338402792344219883e+00
1.998756968270998469e+00
2.391141150362885437e+00
1.583868389632594686e+00
1.436578644017559858e+00
1.434104750127547234e+00
1.826576672692745484e+00
1.392064085988645949e+00
2.065291213475866972e+00
1.808649385537747234e+00
1.278636594182632313e+00
1.569893675878827333e+00
2.230705856851195268e+00
2.317796832123922623e+00
1.598030480838056988e+00
1.460337095922052963e+00
1.627182536184975215e+00
1.708443470217759774e+00
1.570850190049616346e+00
1.818741488601481437e+00
1.578759407646395330e+00
1.800388091368031684e+00
1.502234729312539097e+00
1.917276247141222356e+00
2.150442036111069211e+00
1.325225824691174337e+00
1.234529057036416910e+00
1.733543211014544783e+00
1.892103342075606376e+00
1.729873658043584950e+00
1.628040053449681723e+00
1.778470887699080683e+00
1.825050466624047463e+00
1.592972913619615793e+00
1.721531657109829139e+00
1.234331583158058798e+00
1.387718865730175111e+00
2.140540322210083168e+00
8.158762056268360485e-01
1.744634611590796913e+00
1.425031268870581291e+00
1.526936040887815427e+00
1.384842064832076725e+00
1.772897681322367358e+00
1.591583268670453633e+00
1.573063771948038259e+00
1.347047015322536678e+00
1.839561352918045456e+00
1.216480343146193910e+00
1.764864672359304221e+00
1.207801974738707873e+00
1.549676609464514909e+00
1.815432990829906723e+00
1.701804574862804786e+00
1.757953166968625247e+00
1.747715922612636863e+00
1.959486446962473982e+00
2.155523446494952200e+00
1.526921232866519595e+00
1.752327673591272506e+00
1.383600913188568704e+00
1.336216933337601054e+00
1.791326991599905716e+00
1.550526336498158964e+00
1.546194666239450344e+00
2.061369756600322845e+00
1.216541071237327909e+00
1.778895532841868077e+00
1.676924820237766012e+00
1.325402627220183316e+00
1.756291176732274861e+00
1.347524150097118678e+00
1.379449414722904610e+00
1.838050676437599451e+00
1.471522227911279623e+00
1.916953833551750419e+00
2.009952678862860331e+00
1.684073654665965369e+00
1.142574234045179660e+00
1.622586202332559235e+00
2.240233134436387274e+00
1.133816276354578489e+00
1.062221247084301767e+00
1.061585754684834404e+00
1.713875133051275812e+00
1.514680523247319721e+00
1.219101688881543355e+00
1.755276957655424575e+00
1.732028527087178693e+00
2.009154827124088438e+00
2.409393483740777331e+00
1.839918153883522312e+00
1.870485460673525058e+00
1.573228167505721808e+00
2.066489291066347267e+00
1.388882343376424799e+00
1.788304773638544454e+00
1.454798108243981591e+00
1.973047598692412530e+00
1.312022527053787302e+00
1.133796156683753997e+00
1.642329097603524968e+00
1.536473990480806240e+00
1.133029728533083924e+00
1.989486863966443142e+00
2.056421904606339446e+00
1.399181988582696823e+00
2.003040999620573803e+00
1.718715067540246277e+00
1.505701410939704665e+00
8.791190726034614489e-01
1.494301055533075351e+00
1.624670047625734526e+00
1.304574540838379093e+00
1.132090820798213882e+00
1.801166162611531618e+00
1.904676620692002054e+00
1.346712519574227329e+00
1.324512122504754474e+00
1.491979402250890541e+00
2.097006115198848164e+00
1.810848328778965621e+00
1.282604885693739982e+00
1.571939544909947806e+00
1.628304270716523616e+00
1.593972336835804526e+00
1.133494821573900024e+00
1.445036429262954503e+00
1.825663169700003419e+00
1.445963258727742451e+00
1.595403205289502191e+00
2.293090169065872264e+00
1.698867690278239584e+00
1.384372667511852617e+00
1.310145439757746555e+00
1.073953379718875389e+00
1.463378347617750652e+00
1.796189584671154194e+00
1.554971658361777864e+00
1.718939322359745336e+00
1.401933980517047651e+00
1.734747915098767468e+00
2.044754052548934276e+00
1.762267516452129090e+00
1.491655156608521438e+00
1.756424923022727791e+00
1.449828807374538231e+00
1.472557190036110075e+00
1.782489003685601370e+00
1.707719193937502489e+00
1.846719496164503038e+00
1.708205080207135573e+00
1.862031761958874432e+00
1.121757888112447477e+00
1.813551660251451425e+00
1.476863949720836677e+00
1.034728662996930559e+00
1.947412847708001493e+00
1.757362083783870599e+00
2.025035564394597198e+00
1.564641203457449059e+00
1.719035098085410773e+00
1.690865682477042276e+00
1.637043262254115339e+00
1.728965931796980326e+00
1.348089332316117828e+00
1.413952339867885488e+00
1.800785802233788369e+00
1.302440465089439003e+00
2.091649069335580258e+00
1.704074736460130968e+00
1.475358469571821374e+00
1.369905125590542116e+00
1.600613344071638133e+00
1.878257845209594601e+00
1.389266450646326367e+00
1.854476033758201803e+00
2.176346361629090786e+00
2.299190561420128454e+00
1.731402328592409834e+00
1.732556408748451959e+00
1.279798799289949107e+00
1.095098614322195019e+00
1.906915383241170270e+00
1.431636409082664319e+00
1.267075276253993410e+00
1.412336752636787152e+00
1.721771561405321282e+00
2.664497377751651630e+00
1.265342909146636385e+00
2.023735853725201483e+00
1.068786769395892344e+00
1.714665837356454725e+00
1.829070260471360454e+00
1.541738620634441892e+00
2.171683433300407362e+00
1.729275693763110633e+00
1.751173527672559516e+00
1.857026023019892502e+00
1.469055338172981395e+00
1.683271273825161840e+00
1.243902019274017556e+00
2.033987492833834398e+00
1.808794016372400781e+00
1.677580334394601191e+00
2.160779099932709002e+00
1.509422208525625697e+00
1.811057485967752845e+00
2.000574562921270783e+00
1.463129998019076838e+00
1.678993615267321271e+00
1.901806884537294184e+00
1.596888338081983383e+00
1.258228545712995361e+00
2.111511974313108109e+00
2.205878277986703662e+00
2.085260660515902309e+00
2.373518948541916362e+00
9.729163015291419914e-01
1.832581358951986594e+00
1.501988890963238621e+00
1.417248471676993304e+00
1.852265082001749441e+00
1.438447919804595410e+00
1.555837390845834278e+00
1.782904861187631251e+00
1.811042565949899208e+00
1.484524938687519446e+00
1.234950153916597904e+00
1.583411491171021979e+00
1.338223259198823456e+00
2.087637094518218106e+00
1.989806540167000204e+00
1.817255752846059780e+00
1.493043237148482749e+00
1.405726845615265619e+00
1.157419367801188148e+00
1.688576262467892608e+00
1.933634826179877031e+00
1.895914757017717278e+00
2.530863737905908906e+00
1.750550153728919645e+00
1.234122825394476930e+00
1.852423383013860558e+00
1.491829753096695521e+00
1.431296899244247633e+00
1.662088886235672414e+00
1.594561024338565280e+00
1.459560607998490855e+00
1.756336013120799455e+00
1.431003890605471174e+00
1.578464384166885059e+00
1.721125981259709059e+00
1.031867305747836694e+00
1.286314975727428367e+00
2.222087288766067648e+00
1.639639651771493289e+00
1.728827883370359197e+00
1.707584467758295421e+00
1.643780616133044825e+00
8.941142807960689165e-01
2.028015012759458280e+00
1.525515748116336168e+00
1.834272633464509195e+00
1.882251174529572468e+00
1.415587987431236261e+00
1.514403832000989159e+00
2.476291203742089220e+00
1.432843050919802019e+00
1.198386547698401250e+00
1.452047521209947067e+00
1.977921584693167256e+00
1.446192101217646631e+00
1.741064202433329822e+00
1.409650433550527548e+00
1.552070003103661167e+00
2.030438595074412600e+00
1.614883504701713379e+00
1.894838679582367069e+00
1.880948360615166237e+00
1.316659987794234654e+00
1.341378310416475594e+00
1.669902812114566704e+00
1.189219203793772550e+00
1.991722871881927981e+00
1.789437491266065994e+00
2.030827135918997772e+00
1.105925137340762143e+00
1.168524188222594073e+00
1.778058124470759838e+00
1.333030251435172397e+00
1.742155934892523961e+00
1.551867984606248863e+00
9.907287617827388315e-01
2.151364448905433324e+00
2.202251058804475914e+00
1.162623242272099233e+00
1.863253167979326497e+00
2.001524320337555007e+00
1.522143101697184697e+00
1.649879644540263701e+00
9.731621412142149596e-01
1.708732000706913556e+00
1.262490228649397750e+00
2.082980563919376138e+00
1.067311181460181668e+00
2.404471953484995428e+00
1.318095176099720156e+00
1.863842804380372087e+00
1.887350066894091682e+00
1.166023027590843864e+00
1.079493058324972221e+00
1.855727510054515195e+00
1.749389910825304373e+00
1.107367191828953823e+00
1.690849924176038410e+00
1.602187116582888482e+00
2.067787747661408382e+00
1.432887712891785625e+00
1.706168521274074479e+00
1.648567896182864034e+00
1.381672537966028180e+00
1.724730000933293983e+00
1.648657152743176368e+00
1.683673497642613981e+00
1.805953496998024876e+00
2.211871671374122439e+00
1.839228049112036523e+00
2.153204387057742863e+00
1.393233728490226309e+00
2.666418132196347379e+00
1.935695079380242989e+00
1.623907580611619439e+00
1.410474071303155830e+00
1.550464117813604270e+00
1.368221685155097456e+00
1.834392512400726982e+00
1.373929565840384059e+00
1.461002244729178834e+00
1.104289855201660231e+00
1.430884308716224185e+00
1.863741462047461050e+00
1.495057274652037416e+00
1.728318767341546103e+00
1.909396146606438194e+00
1.779562588138798640e+00
2.060965386349163264e+00
1.759028526084372990e+00
1.388291757553264283e+00
1.736414796116025450e+00
1.803971987189084469e+00
1.436445468893043920e+00
2.074288166678332157e+00
1.182778175968480339e+00
1.190098767488844134e+00
1.746787304677068775e+00
1.819695261335120495e+00
1.772330494631471298e+00
2.035108244967037017e+00
1.309656893201978312e+00
2.031807312793047160e+00
9.526036529913710638e-01
1.136455130888000653e+00
1.573692371005432911e+00
1.537833251370902321e+00
1.573678166604091766e+00
1.451811688030233860e+00
2.059464453719987542e+00
9.032354514698360815e-01
1.440654930319982929e+00
1.829301339918737224e+00
1.491725233406668627e+00
1.996655412104171745e+00
1.834024078254446577e+00
5.968562746001644381e-01
1.603085274508360802e+00
1.299194349794967618e+00
1.523224759250532578e+00
1.801268838978367315e+00
1.982755449249375079e+00
9.505375488837034537e-01
1.957592341266175318e+00
9.326697973933616437e-01
1.930903397829860202e+00
2.164070980906070307e+00
1.171468763013419068e+00
1.720411663828575133e+00
1.561830850400235615e+00
2.019748634025121170e+00
1.378214126496179359e+00
1.781559208883754186e+00
1.146581243398417049e+00
1.765233087543290225e+00
1.735037748256888390e+00
1.611841232237791965e+00
1.214873686047431400e+00
1.480934791941914686e+00
1.467517705740850609e+00
1.579628577768770192e+00
1.552222040248856461e+00
1.546406060287676798e+00
2.265389146244122909e+00
1.937753781332964165e+00
1.448299703438513664e+00
1.563378984095264546e+00
8.858647272121978888e-01
1.311744517516877373e+00
1.887173264543468676e+00
1.453942092469000302e+00
1.600681502102594411e+00
2.171689657599019885e+00
9.359877020923655921e-01
1.198467107572590340e+00
1.446878147283512162e+00
1.253412417186593242e+00
1.388191284593368380e+00
1.720308895788615677e+00
1.553940104660841870e+00
1.948302446819546896e+00
1.801926826741508281e+00
2.591808345663138891e+00
1.779683909184802904e+00
1.654079083940812156e+00
1.475502582508223970e+00
1.490311846935653106e+00
1.702294057350721257e+00
1.459877211858584101e+00
1.637225764920260840e+00
1.662998489969929494e+00
1.557566438605843651e+00
1.353024916092636865e+00
1.157707430116490910e+00
1.052420426288124267e+00
2.083981892212301457e+00
1.128168906304077623e+00
1.855664697947893238e+00
1.731062291899199357e+00
1.475173398251077073e+00
1.385513294797362072e+00
1.808888395119674586e+00
1.563191663262295306e+00
1.443628702280540743e+00
1.761481691171230546e+00
1.821265455818955603e+00
1.635522847740439989e+00
1.040661842116273883e+00
1.485392456396673166e+00
1.501779377247216773e+00
1.476087382185518049e+00
1.988002093728986841e+00
1.012311189417757440e+00
1.197653006329124858e+00
1.704315787790528613e+00
1.427407266661146590e+00
1.158174910664227841e+00
1.951566702696906797e+00
2.190760279211066308e+00
2.399750787565980481e+00
1.908643189273991458e+00
2.143759856421292298e+00
1.515192537652739535e+00
1.828068893831135355e+00
1.295301300896881225e+00
1.713046436219508140e+00
1.480328174281131615e+00
1.713472314923625950e+00
1.999022450846525745e+00
1.790563824185359421e+00
1.661373566140557090e+00
1.506262468275951560e+00
1.582455415691284006e+00
1.105739807976520606e+00
1.608566137940334650e+00
1.912392803038211131e+00
1.391953054367017328e+00
1.277556589691983824e+00
1.586664484829942268e+00
1.411280603495080221e+00
1.234317242703575790e+00
1.559124977441686211e+00
1.787534735312970247e+00
1.151356731307920933e+00
1.367924530539733396e+00
6.638499476507222496e-01
2.461138044679636927e+00
1.266038314840917778e+00
2.047415152723805143e+00
2.159596179914056169e+00
1.994586379625125305e+00
1.466382879727489597e+00
1.672038513486024280e+00
1.405309451864422243e+00
1.967813017503745820e+00
1.935793457802796214e+00
1.470801068866214090e+00
1.180513751999815897e+00
1.547940288131074649e+00
1.231761045631136087e+00
1.830475316768511496e+00
1.690269165157900266e+00
1.825160910800037506e+00
1.262657134518778701e+00
1.439750999630570849e+00
1.851144374317513996e+00
1.917186245170216408e+00
1.918243900704343696e+00
1.619792683683946022e+00
1.330025584416447693e+00
1.802630507125539072e+00
1.024013190687026453e+00
1.437263301146170180e+00
2.075019715854687696e+00
1.627903150190468828e+00
1.648880771418678837e+00
1.522525913806000109e+00
1.425976279527330526e+00
2.369040589433777377e+00
2.198777179412284344e+00
2.235800750546812932e+00
1.921590848736420387e+00
1.371122863910500644e+00
1.749169908382391503e+00
1.335473111358763898e+00
1.526648981824622275e+00
1.941858099964647311e+00
1.477086909377503865e+00
1.436958904745553545e+00
1.807349603987242981e+00
2.178838313997027321e+00
1.667908698069544338e+00
2.083092447601022190e+00
1.839913366097972736e+00
1.232304845219946543e+00
1.934336310020313476e+00
1.973000742137527297e+00
1.857737014622971916e+00
1.786349289405487983e+00
1.361848071127047310e+00
1.514825209466398315e+00
1.441136938997533701e+00
1.091218247869341518e+00
1.499670557199948240e+00
1.150195350983112208e+00
1.980948618308583375e+00
2.154791739687437868e+00
1.778818007471270946e+00
1.492027002563501181e+00
1.650674580485364640e+00
1.760868209466885492e+00
1.745597752623402554e+00
1.662413602350404140e+00
1.656426567964339291e+00
1.801628604256109822e+00
1.405565313098573244e+00
1.707540671624907525e+00
1.696164696359278690e+00
1.686220004284207263e+00
2.112336267791374400e+00
1.383434241793464636e+00
1.295779471596498311e+00
1.341395591853792757e+00
1.713930595624901798e+00
1.870708040704158082e+00
2.026230653415312499e+00
1.635391462199541568e+00
2.004570294182873358e+00
1.749598688664723012e+00
1.674692894640793295e+00
1.110096879101086786e+00
1.593014119562192965e+00
1.749333892278287728e+00
1.291771070094073881e+00
2.265923481690447439e+00
1.442015724553599387e+00
1.725513029601637660e+00
1.383835913274023666e+00
1.118365796232468012e+00
1.723546748568267839e+00
1.337668842100236732e+00
1.569935489611396395e+00
1.550990565064989335e+00
1.723088124106542995e+00
1.797297832742402734e+00
1.394814520112088951e+00
1.381848363817377079e+00
1.907142512829139713e+00
1.526039963351327744e+00
1.397220264330243156e+00
1.827961309459718242e+00
1.584644743341080408e+00
1.146598891522186081e+00
1.613037154904083836e+00
1.713432548176222259e+00
1.755185677457763882e+00
1.945905315798184487e+00
1.563438957867849810e+00
2.131264544430260255e+00
