2.650514245033264160e-01
1.683407574892044067e-01
1.810014098882675171e-01
2.387597858905792236e-01
1.645476669073104858e-01
2.345118522644042969e-01
1.659334152936935425e-01
1.538636833429336548e-01
1.887819319963455200e-01
1.712792664766311646e-01
2.104979306459426880e-01
1.729945093393325806e-01
2.363943159580230713e-01
1.319050043821334839e-01
1.679826229810714722e-01
1.123776808381080627e-01
1.713661849498748779e-01
2.117034941911697388e-01
1.762448847293853760e-01
7.981123030185699463e-02
3.216878473758697510e-01
1.994837522506713867e-01
2.147133052349090576e-01
1.270227283239364624e-01
2.662304639816284180e-01
3.160983026027679443e-01
1.675990223884582520e-01
8.281674236059188843e-02
1.967881917953491211e-01
2.734887003898620605e-01
1.728220880031585693e-01
2.357193976640701294e-01
2.514973580837249756e-01
1.595563292503356934e-01
3.242561817169189453e-01
1.603321433067321777e-01
1.197910532355308533e-01
1.117308288812637329e-01
8.216661959886550903e-02
1.759255826473236084e-01
2.725936472415924072e-01
2.476026415824890137e-01
1.586690545082092285e-01
2.292304039001464844e-01
1.551217734813690186e-01
1.197738423943519592e-01
2.062415778636932373e-01
1.419912278652191162e-01
3.025874197483062744e-01
1.267237961292266846e-01
1.832924634218215942e-01
1.202160194516181946e-01
1.058444157242774963e-01
2.030891925096511841e-01
2.055246978998184204e-01
1.161008626222610474e-01
2.120594531297683716e-01
2.802954316139221191e-01
8.000413328409194946e-02
8.495128899812698364e-02
2.262826412916183472e-01
2.488433867692947388e-01
1.969797611236572266e-01
2.228754013776779175e-01
9.738436341285705566e-02
2.199502587318420410e-01
1.772610396146774292e-01
1.972277313470840454e-01
2.151108831167221069e-01
5.745292454957962036e-02
1.780157387256622314e-01
1.904192119836807251e-01
2.283182442188262939e-01
2.552174329757690430e-01
1.890335083007812500e-01
7.578381150960922241e-02
2.052889019250869751e-01
3.027568161487579346e-01
2.524518966674804688e-01
4.301211237907409668e-01
2.976795136928558350e-01
9.409645199775695801e-02
7.098158448934555054e-02
6.024229153990745544e-02
1.318582445383071899e-01
2.706416249275207520e-01
2.242332696914672852e-01
1.653102189302444458e-01
2.513205409049987793e-01
1.576429307460784912e-01
6.953065097332000732e-02
2.286017388105392456e-01
1.934538185596466064e-01
1.647056341171264648e-01
1.532907932996749878e-01
4.948794841766357422e-02
1.207276582717895508e-01
2.389720231294631958e-01
2.724671959877014160e-01
2.151165157556533813e-01
1.353792846202850342e-01
1.758779585361480713e-01
2.524005174636840820e-01
1.689072400331497192e-01
2.631390690803527832e-01
2.245487570762634277e-01
1.547103375196456909e-01
1.949232369661331177e-01
2.241316735744476318e-01
1.057170853018760681e-01
2.814870886504650116e-02
1.223137527704238892e-01
1.814076900482177734e-01
1.808494776487350464e-01
2.063686847686767578e-01
1.547126770019531250e-01
6.620460003614425659e-02
2.178973704576492310e-01
2.760336399078369141e-01
1.168590709567070007e-01
2.616177201271057129e-01
1.557396501302719116e-01
2.218719422817230225e-01
1.010281145572662354e-01
1.738415658473968506e-01
2.971292138099670410e-01
1.974760591983795166e-01
2.981493175029754639e-01
1.202640086412429810e-01
2.648954689502716064e-01
2.001096755266189575e-01
2.632486820220947266e-01
1.997859627008438110e-01
3.198886811733245850e-01
1.363295018672943115e-01
1.788080781698226929e-01
9.863082319498062134e-02
6.590744853019714355e-02
9.907031059265136719e-02
2.522899210453033447e-01
3.158452510833740234e-01
1.950749456882476807e-01
1.704363524913787842e-01
4.011031240224838257e-02
2.598620653152465820e-01
2.395049929618835449e-01
1.024959906935691833e-01
3.061744868755340576e-01
2.273797839879989624e-01
1.259583979845046997e-01
1.445179134607315063e-01
2.067284286022186279e-01
1.916608214378356934e-01
2.671615183353424072e-01
1.475258171558380127e-01
1.714559644460678101e-01
1.648644208908081055e-01
1.035794913768768311e-01
2.314922511577606201e-01
1.141258031129837036e-01
1.144476383924484253e-01
1.961027979850769043e-01
1.887015402317047119e-01
1.982997655868530273e-01
1.879956722259521484e-01
9.078340232372283936e-02
2.015720605850219727e-01
2.497601509094238281e-01
1.321488767862319946e-01
2.664315402507781982e-01
2.164583802223205566e-01
2.058331966400146484e-01
2.798933386802673340e-01
8.780202269554138184e-02
7.411865890026092529e-02
2.917504310607910156e-01
4.480591043829917908e-02
2.134655565023422241e-01
1.932589858770370483e-01
1.276652514934539795e-01
3.088621199131011963e-01
1.623912900686264038e-01
2.413801401853561401e-01
2.393081039190292358e-01
1.141476780176162720e-01
2.206079661846160889e-01
1.505993157625198364e-01
3.265072405338287354e-01
1.554894000291824341e-01
8.820040524005889893e-02
2.694724202156066895e-01
1.018885150551795959e-01
8.299921452999114990e-02
8.930218964815139771e-02
1.648262739181518555e-01
2.547623515129089355e-01
1.327148973941802979e-01
1.640508919954299927e-01
2.683621346950531006e-01
3.261962831020355225e-01
1.471428275108337402e-01
1.585279554128646851e-01
2.174152582883834839e-01
1.920835226774215698e-01
1.162369400262832642e-01
1.509496271610260010e-01
1.099418550729751587e-01
1.758286207914352417e-01
1.798637658357620239e-01
2.212748825550079346e-01
1.442141383886337280e-01
2.479713112115859985e-01
2.360374629497528076e-01
9.803395718336105347e-02
3.446512818336486816e-01
2.408745288848876953e-01
2.917522490024566650e-01
9.716475009918212891e-02
1.647532433271408081e-01
2.481193393468856812e-01
2.020699232816696167e-01
2.743755280971527100e-01
2.580952644348144531e-01
9.613929688930511475e-02
1.972652077674865723e-01
2.138741165399551392e-01
1.768492907285690308e-01
1.636993587017059326e-01
3.152519166469573975e-01
2.920233607292175293e-01
2.547407746315002441e-01
1.544338464736938477e-01
1.565897911787033081e-01
2.307506650686264038e-01
1.888900250196456909e-01
1.173793599009513855e-01
2.093617618083953857e-01
1.439013332128524780e-01
1.949236541986465454e-01
1.860788613557815552e-01
1.700862646102905273e-01
2.282427549362182617e-01
1.391443461179733276e-01
1.324506253004074097e-01
1.501855999231338501e-01
1.296965628862380981e-01
1.538881063461303711e-01
1.595908850431442261e-01
1.633728593587875366e-01
8.255212008953094482e-02
2.052857875823974609e-01
2.358396500349044800e-01
2.085381597280502319e-01
1.608926951885223389e-01
1.393238157033920288e-01
1.781127452850341797e-01
1.301326304674148560e-01
8.156689256429672241e-02
2.623678147792816162e-01
1.571044623851776123e-01
1.746852099895477295e-01
2.843698859214782715e-01
2.165460139513015747e-01
2.921117544174194336e-01
1.617824733257293701e-01
9.108962863683700562e-02
1.205120161175727844e-01
2.111881375312805176e-01
3.101795911788940430e-01
6.844127178192138672e-02
1.424424350261688232e-01
2.241063714027404785e-01
1.808662265539169312e-01
2.548400461673736572e-01
1.952790617942810059e-01
2.450227141380310059e-01
2.028248310089111328e-01
2.133560180664062500e-01
7.668484002351760864e-02
3.123325109481811523e-01
2.457799911499023438e-01
9.366562962532043457e-02
2.090626358985900879e-01
2.171647697687149048e-01
2.496785074472427368e-01
1.635020673274993896e-01
8.084066957235336304e-02
1.410967707633972168e-01
2.105680704116821289e-01
1.613090634346008301e-01
1.067154332995414734e-01
2.232847362756729126e-01
3.130444884300231934e-01
2.760306000709533691e-01
2.039734274148941040e-01
1.916691958904266357e-01
2.500667870044708252e-01
1.756142526865005493e-01
2.121312767267227173e-01
3.059275746345520020e-01
2.718158960342407227e-01
2.024013847112655640e-01
1.907104402780532837e-01
1.565926522016525269e-01
1.592652201652526855e-01
1.285783648490905762e-01
2.105453908443450928e-01
5.378123372793197632e-02
2.174557596445083618e-01
1.359587609767913818e-01
1.777222007513046265e-01
2.387896180152893066e-01
1.841290593147277832e-01
2.359875887632369995e-01
9.253845363855361938e-02
2.723691463470458984e-01
1.465268433094024658e-01
2.041498869657516479e-01
1.967728286981582642e-01
2.541955113410949707e-01
2.236900925636291504e-01
2.180631905794143677e-01
1.493327766656875610e-01
9.446088969707489014e-02
9.777145832777023315e-02
9.226959198713302612e-02
1.885137706995010376e-01
1.602218002080917358e-01
2.381978183984756470e-01
2.530208826065063477e-01
1.699572801589965820e-01
1.998460441827774048e-01
1.130260378122329712e-01
1.421091109514236450e-01
2.053376287221908569e-01
3.365006446838378906e-01
2.283643037080764771e-01
1.179942563176155090e-01
1.634194105863571167e-01
1.232408583164215088e-01
2.145975530147552490e-01
2.535128593444824219e-01
2.139513641595840454e-01
2.594806849956512451e-01
6.058426573872566223e-02
2.377007156610488892e-01
1.580096483230590820e-01
2.367186099290847778e-01
3.932901099324226379e-02
2.494896650314331055e-01
9.920108318328857422e-02
4.716663807630538940e-02
2.264755666255950928e-01
2.010860294103622437e-01
1.960867643356323242e-01
1.122794374823570251e-01
1.476196348667144775e-01
3.358027040958404541e-01
9.123498201370239258e-02
1.394408345222473145e-01
1.242612376809120178e-01
1.995541006326675415e-01
2.513396739959716797e-01
1.130569204688072205e-01
1.999436765909194946e-01
7.129079103469848633e-02
3.156160116195678711e-01
2.408522218465805054e-01
1.823727339506149292e-01
1.227031126618385315e-01
3.042326569557189941e-01
1.099535971879959106e-01
8.501114696264266968e-02
2.973546981811523438e-01
2.353775203227996826e-01
9.961751103401184082e-02
2.230000048875808716e-01
2.560166418552398682e-01
2.392029017210006714e-01
1.469894051551818848e-01
2.402050644159317017e-01
2.392434626817703247e-01
2.736788690090179443e-01
2.077687829732894897e-01
1.551515758037567139e-01
3.038179278373718262e-01
1.300790160894393921e-01
1.254648864269256592e-01
2.155390381813049316e-01
2.946505248546600342e-01
1.543709486722946167e-01
1.642754077911376953e-01
1.146512404084205627e-01
1.463191807270050049e-01
1.703738421201705933e-01
1.319070160388946533e-01
2.363452911376953125e-01
2.706421315670013428e-01
1.365427970886230469e-01
1.774707883596420288e-01
9.297084063291549683e-02
1.024393290281295776e-01
9.902235120534896851e-02
2.729213833808898926e-01
1.638919711112976074e-01
2.547061443328857422e-01
2.952699959278106689e-01
3.059259057044982910e-01
1.489044278860092163e-01
2.137736827135086060e-01
1.570501327514648438e-01
2.352506816387176514e-01
2.556210756301879883e-01
2.233240306377410889e-01
2.184631973505020142e-01
2.069627195596694946e-01
2.173324227333068848e-01
1.520300507545471191e-01
2.128237783908843994e-01
2.310203015804290771e-01
2.543157935142517090e-01
1.807619035243988037e-01
2.122533619403839111e-01
2.374109625816345215e-01
2.581615746021270752e-01
1.835119724273681641e-01
2.436298578977584839e-01
1.005536615848541260e-01
1.894069761037826538e-01
3.538146615028381348e-01
2.398320585489273071e-01
2.110611945390701294e-01
1.325847208499908447e-01
1.932719945907592773e-01
9.580169618129730225e-02
1.837169826030731201e-01
8.510330319404602051e-02
7.940810173749923706e-02
2.581512033939361572e-01
1.615407913923263550e-01
1.190228909254074097e-01
1.437479704618453979e-01
3.016698360443115234e-01
2.007429003715515137e-01
2.092011123895645142e-01
2.195452153682708740e-01
8.877088874578475952e-02
2.930571734905242920e-01
1.167132705450057983e-01
1.578625887632369995e-01
6.833625584840774536e-02
2.280307263135910034e-01
9.410081803798675537e-02
8.032871782779693604e-02
1.218837127089500427e-01
1.836473196744918823e-01
1.740219444036483765e-01
1.752867996692657471e-01
2.448321282863616943e-01
7.794652879238128662e-02
1.704450547695159912e-01
1.276032328605651855e-01
1.309247165918350220e-01
1.285353004932403564e-01
3.322462439537048340e-01
2.719298601150512695e-01
2.614988386631011963e-01
1.123330295085906982e-01
2.436827719211578369e-01
1.886803209781646729e-01
2.375583797693252563e-01
1.311046183109283447e-01
1.360086947679519653e-01
1.331600844860076904e-01
2.283886820077896118e-01
2.648418247699737549e-01
9.108236432075500488e-02
2.066830843687057495e-01
1.785605847835540771e-01
8.551241457462310791e-02
2.544209957122802734e-01
2.239240109920501709e-01
2.038724720478057861e-01
2.876697778701782227e-01
2.225251644849777222e-01
2.981162667274475098e-01
1.932647973299026489e-01
8.774302899837493896e-02
1.766556054353713989e-01
2.037854045629501343e-01
1.107926815748214722e-01
1.781788915395736694e-01
2.691654264926910400e-01
1.978690177202224731e-01
1.634462922811508179e-01
1.892864406108856201e-01
1.708840429782867432e-01
1.583140194416046143e-01
1.556829810142517090e-01
9.946444630622863770e-02
2.175347506999969482e-01
1.688234061002731323e-01
7.469556480646133423e-02
1.089012846350669861e-01
9.369421005249023438e-02
2.109530568122863770e-01
1.544987857341766357e-01
2.060214281082153320e-01
1.773495525121688843e-01
2.312241196632385254e-01
2.067646086215972900e-01
2.786266803741455078e-01
2.190317958593368530e-01
2.007097452878952026e-01
2.598306536674499512e-01
1.533264666795730591e-01
1.728238314390182495e-01
6.665985286235809326e-02
1.786614656448364258e-01
2.833613753318786621e-01
1.537441611289978027e-01
2.319266945123672485e-01
2.386907786130905151e-01
2.191695123910903931e-01
1.427716910839080811e-01
1.249006390571594238e-01
3.330671191215515137e-01
2.893133163452148438e-01
1.898900568485260010e-01
1.009452342987060547e-01
1.771726906299591064e-01
2.120389789342880249e-01
1.253867596387863159e-01
1.566690653562545776e-01
1.131748259067535400e-01
2.155836969614028931e-01
1.262103021144866943e-01
2.333168238401412964e-01
1.820998787879943848e-01
2.617786228656768799e-01
2.033278644084930420e-01
2.816582918167114258e-01
7.670218497514724731e-02
1.671473532915115356e-01
1.213212087750434875e-01
9.019651263952255249e-02
2.793795764446258545e-01
8.899519592523574829e-02
9.710003435611724854e-02
8.615417033433914185e-02
1.433954238891601562e-01
9.098405390977859497e-02
2.152702063322067261e-01
2.156172394752502441e-01
2.783788144588470459e-01
2.525003850460052490e-01
1.276708245277404785e-01
2.839542925357818604e-01
3.788363188505172729e-02
1.979001164436340332e-01
3.255397975444793701e-01
1.172281950712203979e-01
1.198317483067512512e-01
2.379134595394134521e-01
2.234249860048294067e-01
1.953824162483215332e-01
1.862602680921554565e-01
1.393284499645233154e-01
1.823896020650863647e-01
2.125649750232696533e-01
1.593001037836074829e-01
2.235991209745407104e-01
2.634179592132568359e-01
1.502958238124847412e-01
1.221121549606323242e-01
8.842373639345169067e-02
1.885750442743301392e-01
1.080353856086730957e-01
1.651494950056076050e-01
1.467288434505462646e-01
1.146709546446800232e-01
1.103745624423027039e-01
1.025783866643905640e-01
2.743268907070159912e-01
9.889584779739379883e-02
9.934545308351516724e-02
2.412096410989761353e-01
1.549559980630874634e-01
3.082997202873229980e-01
1.386913508176803589e-01
2.104379087686538696e-01
1.616150587797164917e-01
1.682079285383224487e-01
1.447722762823104858e-01
3.112717270851135254e-01
1.312314122915267944e-01
7.392460852861404419e-02
1.238776072859764099e-01
1.384449750185012817e-01
2.598803937435150146e-01
6.560928374528884888e-02
9.946216642856597900e-02
2.339446991682052612e-01
1.229666247963905334e-01
1.288956850767135620e-01
1.219039410352706909e-01
2.441342025995254517e-01
1.941070109605789185e-01
1.050754263997077942e-01
3.164952695369720459e-01
2.587940692901611328e-01
2.910746335983276367e-01
1.781880259513854980e-01
2.202717661857604980e-01
1.276376992464065552e-01
2.390931993722915649e-01
1.671818196773529053e-01
2.582438588142395020e-01
2.438618391752243042e-01
1.770120710134506226e-01
1.555128395557403564e-01
2.174150645732879639e-01
1.377348452806472778e-01
2.567840814590454102e-01
2.805632352828979492e-01
1.657345145940780640e-01
4.458244889974594116e-02
1.867791116237640381e-01
1.272773295640945435e-01
9.933514893054962158e-02
3.349340856075286865e-01
1.326320022344589233e-01
1.279235035181045532e-01
2.306686788797378540e-01
1.765299886465072632e-01
1.800065189599990845e-01
3.325774967670440674e-01
2.152687758207321167e-01
6.691949814558029175e-02
9.302829205989837646e-02
2.700265645980834961e-01
2.533590197563171387e-01
1.518442481756210327e-01
1.616050004959106445e-01
1.269915103912353516e-01
1.591059565544128418e-01
2.568436861038208008e-01
1.311200559139251709e-01
2.277882099151611328e-01
5.826156586408615112e-02
2.096526324748992920e-01
1.180886402726173401e-01
1.199471876025199890e-01
2.237334400415420532e-01
5.591553822159767151e-02
1.385168731212615967e-01
9.812983870506286621e-02
2.319208681583404541e-01
2.182083427906036377e-01
3.647838234901428223e-01
2.005185037851333618e-01
2.005350887775421143e-01
3.187745213508605957e-01
1.518203467130661011e-01
1.645275205373764038e-01
1.237774789333343506e-01
2.396697103977203369e-01
1.804452687501907349e-01
2.568341195583343506e-01
2.320602834224700928e-01
2.656962871551513672e-01
2.525602877140045166e-01
1.728795915842056274e-01
1.398909837007522583e-01
3.143145143985748291e-01
2.602773010730743408e-01
1.566221565008163452e-01
1.962695568799972534e-01
1.614714264869689941e-01
2.607597112655639648e-01
1.671044230461120605e-01
1.289788186550140381e-01
2.424499243497848511e-01
1.387632787227630615e-01
2.358753979206085205e-01
2.083251774311065674e-01
2.266708165407180786e-01
1.728671789169311523e-01
2.325863540172576904e-01
2.727895081043243408e-01
1.712905913591384888e-01
2.178286314010620117e-01
6.837242096662521362e-02
1.460094600915908813e-01
1.689252257347106934e-01
2.320735901594161987e-01
1.078215911984443665e-01
1.544391512870788574e-01
1.902437955141067505e-01
2.074184566736221313e-01
1.495933830738067627e-01
1.549234986305236816e-01
1.038402542471885681e-01
3.127009570598602295e-01
1.131122708320617676e-01
1.767584681510925293e-01
1.375048011541366577e-01
9.148106724023818970e-02
2.237189114093780518e-01
2.443811148405075073e-01
1.802317351102828979e-01
8.450260758399963379e-02
2.553953528404235840e-01
2.407392561435699463e-01
1.103924363851547241e-01
2.336478382349014282e-01
1.807278692722320557e-01
1.646283417940139771e-01
1.409140378236770630e-01
1.561790108680725098e-01
1.393595188856124878e-01
1.226025223731994629e-01
3.347961306571960449e-01
3.160751163959503174e-01
1.429962068796157837e-01
2.432325631380081177e-01
1.842003464698791504e-01
2.497733980417251587e-01
1.123368740081787109e-01
1.756690293550491333e-01
1.532606184482574463e-01
1.851069182157516479e-01
1.797576099634170532e-01
1.344043314456939697e-01
7.676438987255096436e-02
3.033393919467926025e-01
6.175297498703002930e-02
2.223826199769973755e-01
1.970098614692687988e-01
1.691892892122268677e-01
2.199151515960693359e-01
1.781004667282104492e-01
1.191648989915847778e-01
1.561474353075027466e-01
1.813694089651107788e-01
2.444929480552673340e-01
1.204109564423561096e-01
4.591128230094909668e-02
2.734268307685852051e-01
2.923456728458404541e-01
2.249873429536819458e-01
2.825095057487487793e-01
2.994355559349060059e-01
2.008199542760848999e-01
2.136020660400390625e-01
1.094124838709831238e-01
1.659557223320007324e-01
2.093079239130020142e-01
1.818666607141494751e-01
2.248553335666656494e-01
1.154055595397949219e-01
1.649006009101867676e-01
7.077638059854507446e-02
9.363488852977752686e-02
1.215571612119674683e-01
1.236860528588294983e-01
2.647060453891754150e-01
1.920527666807174683e-01
1.050130501389503479e-01
1.272114515304565430e-01
6.182330474257469177e-02
2.386487424373626709e-01
2.441208958625793457e-01
9.633330255746841431e-02
2.627121210098266602e-01
2.229356169700622559e-01
9.023969620466232300e-02
1.666826754808425903e-01
6.443531066179275513e-02
2.374062091112136841e-01
1.833765655755996704e-01
2.204148322343826294e-01
1.046164855360984802e-01
1.591448336839675903e-01
1.016618609428405762e-01
1.374370008707046509e-01
2.290626615285873413e-01
1.137743964791297913e-01
2.047217935323715210e-01
7.917552255094051361e-03
3.229908049106597900e-01
2.635765969753265381e-01
2.120977938175201416e-01
1.057258248329162598e-01
3.588634431362152100e-01
1.360634416341781616e-01
4.298855736851692200e-02
1.424731016159057617e-01
1.144097745418548584e-01
2.406543493270874023e-01
2.326854467391967773e-01
2.159374207258224487e-01
1.481432914733886719e-01
1.462327092885971069e-01
1.595637947320938110e-01
2.226692885160446167e-01
2.019494324922561646e-01
2.205804735422134399e-01
1.902039796113967896e-01
1.148795261979103088e-01
2.653084993362426758e-01
9.973752498626708984e-02
2.257825136184692383e-01
2.828028798103332520e-01
1.072426140308380127e-01
2.509667575359344482e-01
1.880768686532974243e-01
1.471325755119323730e-01
1.511080712080001831e-01
2.424525618553161621e-01
1.606997549533843994e-01
2.786621153354644775e-01
1.427884548902511597e-01
1.034595370292663574e-01
2.473186254501342773e-01
2.275554090738296509e-01
9.274277091026306152e-02
8.228904753923416138e-02
1.328588575124740601e-01
1.217009723186492920e-01
2.259638756513595581e-01
2.142052352428436279e-01
1.614552140235900879e-01
2.809026241302490234e-01
2.111519277095794678e-01
1.094922870397567749e-01
1.477276533842086792e-01
2.236011177301406860e-01
2.837628722190856934e-01
1.847904324531555176e-01
2.136711329221725464e-01
9.425293654203414917e-02
1.304209232330322266e-01
1.867012083530426025e-01
1.250166893005371094e-01
1.488831937313079834e-01
2.053829431533813477e-01
3.028762638568878174e-01
7.862505316734313965e-02
2.366538941860198975e-01
1.517519056797027588e-01
1.262239366769790649e-01
2.507043480873107910e-01
2.758748531341552734e-01
1.183026954531669617e-01
2.079052180051803589e-01
2.231365591287612915e-01
2.177213579416275024e-01
2.648955583572387695e-01
1.113774925470352173e-01
1.540893316268920898e-01
2.118794769048690796e-01
1.505007594823837280e-01
1.277887374162673950e-01
2.615986764430999756e-01
1.020027548074722290e-01
1.696578413248062134e-01
1.159906610846519470e-01
8.576120436191558838e-02
4.825876280665397644e-02
1.011762768030166626e-01
2.637156844139099121e-01
1.014774367213249207e-01
7.883251458406448364e-02
1.368945538997650146e-01
2.587088942527770996e-01
1.774056255817413330e-01
1.422759741544723511e-01
1.005029529333114624e-01
8.370190113782882690e-02
8.197262138128280640e-02
2.609665393829345703e-01
2.633636593818664551e-01
2.401351183652877808e-01
2.951192855834960938e-01
2.261654585599899292e-01
2.043357938528060913e-01
1.672639548778533936e-01
2.281318902969360352e-01
7.838442176580429077e-02
2.968798279762268066e-01
1.292369365692138672e-01
2.221462875604629517e-01
1.977867633104324341e-01
2.461505085229873657e-01
2.830179631710052490e-01
2.298602312803268433e-01
2.437836229801177979e-01
2.865020334720611572e-01
2.173153162002563477e-01
1.895479261875152588e-01
