5.291133958052876451e+00
6.138895350917365157e+00
4.701123330589716431e+00
5.215827794816290108e+00
5.362695013292359647e+00
4.633796915347862644e+00
6.173301113676785690e+00
5.377125892084407610e+00
5.473842029678102961e+00
6.056496904420604288e+00
5.517023987834842380e+00
5.506069276271420065e+00
5.375117309703940194e+00
5.055434409328092293e+00
5.348841445834700004e+00
4.862203793965630183e+00
5.811881924838711910e+00
4.794032804689022598e+00
7.017510526343452959e+00
5.894284058338234544e+00
4.935726687743757779e+00
5.668435408520270613e+00
6.129463225401257986e+00
6.378764098994212262e+00
5.975636332689279406e+00
5.661877100602379365e+00
5.078394688453094830e+00
5.665705455974369364e+00
5.513571919043116054e+00
5.960525342105722935e+00
5.540239109203747958e+00
5.446452309983003559e+00
6.045906941965231596e+00
5.641771045792093098e+00
5.852643961622825408e+00
4.730601432262964146e+00
6.093239211327480476e+00
6.234208420244387483e+00
5.855156109135245757e+00
5.995833894840801648e+00
5.761515843672856185e+00
5.571233758729079000e+00
5.472199742854180649e+00
4.973558326366985582e+00
5.270956991876645681e+00
5.241257900405693171e+00
5.142931068170485176e+00
4.447531458179081021e+00
5.595584103724724478e+00
5.663239780186164474e+00
5.442415609165345280e+00
6.280759871488049484e+00
4.939273569973434697e+00
5.594142835463959962e+00
5.379012512579137706e+00
5.394110165199138329e+00
5.222817598812136808e+00
5.804021233352621323e+00
7.184612760990278346e+00
5.334954025555509460e+00
5.948648029070642274e+00
5.902196448113441463e+00
5.867050744380859939e+00
5.079062477226497840e+00
6.231853825702178717e+00
5.277176985174773627e+00
6.756180456853236649e+00
5.221508213142214139e+00
5.481869223463476715e+00
5.643088279821148134e+00
6.320569997668139095e+00
4.464904146850577682e+00
5.717305901665189261e+00
5.981650613006516792e+00
5.746623124924286508e+00
4.835729487655502368e+00
5.155940413203893513e+00
4.873182467839743737e+00
4.821939527506957646e+00
5.409222387200312454e+00
5.674109613156574028e+00
6.114878227065432270e+00
5.787006349514301817e+00
6.672182590838593441e+00
5.228319587793555101e+00
6.237137180601069808e+00
5.313805469959469896e+00
5.616347529050126575e+00
5.142907216563981088e+00
4.646339992996158408e+00
5.190385869798804563e+00
6.222611835436059557e+00
5.368099756995946770e+00
5.786631850262465626e+00
5.742458322935855897e+00
5.700827628941512515e+00
6.116168154931017398e+00
4.887630822472071479e+00
5.721631752329044751e+00
5.431278631611906604e+00
5.286137625676716745e+00
6.499015138455525253e+00
4.367134057857551710e+00
6.238949861252378604e+00
5.614875887892289086e+00
6.129272931631482457e+00
5.435896667943403315e+00
4.722682444911573185e+00
4.665313680770734273e+00
5.154394000987624125e+00
6.196785325558815671e+00
5.716788364126823119e+00
5.515658271158445203e+00
4.800059944190310013e+00
5.411036994407215417e+00
4.637304500863373313e+00
5.626497838469727952e+00
4.658532629515219625e+00
4.677004880934395814e+00
5.601104793928694647e+00
5.186939921593762826e+00
5.555650693035479648e+00
6.199170525962170331e+00
6.045329083392914526e+00
6.285586899549906015e+00
5.693755453892022977e+00
6.504830286118191474e+00
5.678775022476875378e+00
5.258972437963898017e+00
4.653125440915762745e+00
4.374984415336408361e+00
5.305783698508761859e+00
5.620486264557151834e+00
6.087221913466655643e+00
4.592941767396864883e+00
5.580489068906081762e+00
5.613032455316249170e+00
4.694146261929390107e+00
5.642568980146914548e+00
5.407487185161383714e+00
6.165213025153392756e+00
4.965061621947492121e+00
5.868965559421884137e+00
6.359896507241240116e+00
6.463746631664217368e+00
6.610365336249591550e+00
5.052893745064281461e+00
5.356186362549985702e+00
5.967204956005015326e+00
4.892131815531761241e+00
5.783837513913699269e+00
4.849195860552013571e+00
5.007491905961116707e+00
5.404141527411871593e+00
5.665255585170704045e+00
5.614856754318514831e+00
3.995567066203962625e+00
4.552448267888414613e+00
5.394944241404895813e+00
5.097559857400131733e+00
5.666818036214221088e+00
5.361634712176237549e+00
6.486964063445729956e+00
5.935714231584497291e+00
5.473443899507804744e+00
5.279374836607890309e+00
5.057449673318247463e+00
5.280480658796673943e+00
5.960562375893941223e+00
5.140804740115008542e+00
5.059961263048090352e+00
5.107571412631942920e+00
5.967788766715858451e+00
5.997299693519852148e+00
5.342902450854819740e+00
5.071097521480862014e+00
5.372574976449554285e+00
6.215536736236068727e+00
4.412578283510218746e+00
5.490459621532489010e+00
4.855877374472728825e+00
5.583573502178217574e+00
5.932712777133914983e+00
5.258238878169860797e+00
5.472124047491407239e+00
5.356950889408306438e+00
5.917998130974542192e+00
6.532377835427261914e+00
6.150749200352728430e+00
5.168559142117178595e+00
5.616129552583061901e+00
5.464524572029413108e+00
4.998288136862126585e+00
5.311687922219770819e+00
5.063356428378030571e+00
6.367678146485331148e+00
5.888691789819897160e+00
6.199299806383333333e+00
5.600078950995689198e+00
5.782221319538964899e+00
5.079984513974000748e+00
5.243069019925087559e+00
4.836330077686282536e+00
4.892758969279041636e+00
4.767767496382385062e+00
4.970231658889945336e+00
5.857791358201084542e+00
5.284749859933547178e+00
5.361558512887643957e+00
6.055886249547091538e+00
6.071708567004874268e+00
4.393342785939085893e+00
5.179778355068631157e+00
5.148832889120567025e+00
4.967075391633418491e+00
5.985787993335223156e+00
5.944652505934068465e+00
5.245192094372505665e+00
5.251119063903591844e+00
5.330091682269434195e+00
5.143371774153060016e+00
6.326884918449218631e+00
5.351183070101137140e+00
5.624871129646270340e+00
5.068053863834732553e+00
5.659367612392650848e+00
5.936927175354591135e+00
6.291470347808926000e+00
4.710140721439179501e+00
5.128957476089461842e+00
5.722789016097666881e+00
6.557591917217139077e+00
4.938021415359497013e+00
5.655550603726329228e+00
4.961169971002893142e+00
5.711651530538333965e+00
5.556452563645341236e+00
5.532335394349257918e+00
6.541695571251548103e+00
5.040360653933758428e+00
5.323725862495407135e+00
5.051559359027047336e+00
5.566699928861139846e+00
6.194994001580532483e+00
5.345107828825934604e+00
5.175700405134506354e+00
4.937743882450948085e+00
4.639053503080333485e+00
5.083878236853074384e+00
5.382363462034750690e+00
5.876180676440785788e+00
5.346858104969308911e+00
5.281210945516154887e+00
5.299492680773730591e+00
5.505163946779773276e+00
5.887316175781187155e+00
6.156792699080701148e+00
6.152970787646732553e+00
5.686713782129232619e+00
5.823994082465059563e+00
4.858313517787308911e+00
6.459852672623791925e+00
5.665373856672386133e+00
4.086868032215614122e+00
5.304673825648888119e+00
5.627481528055547244e+00
4.719927598041850025e+00
5.510592686751528468e+00
5.490473717942926157e+00
5.202947319390944791e+00
5.977466285244190658e+00
3.929259049388535541e+00
5.611362892098563648e+00
5.968515644029585232e+00
5.941874245215434946e+00
6.551254891330353658e+00
5.661158764635763951e+00
5.239159660804649121e+00
5.546101548947911297e+00
4.812367749326667443e+00
6.772565046484467111e+00
6.388499550844166208e+00
5.326982221209587642e+00
5.217039476395947339e+00
5.582812871746327232e+00
5.664697029804878881e+00
5.938551436063805866e+00
6.413418714206003735e+00
5.050900412553995800e+00
5.654282182610611329e+00
5.674644305233510266e+00
5.936767038125770668e+00
5.592826690866567141e+00
5.477123962692854953e+00
5.931508223034756888e+00
6.477696325196895089e+00
5.703344151138979079e+00
6.237967775040308638e+00
4.775108707681685161e+00
5.265026462508547667e+00
5.131271792261494546e+00
6.295621183347877015e+00
5.720551747040964585e+00
6.440945630449538939e+00
6.546127175969651546e+00
5.942032950496299648e+00
5.331280531590270044e+00
5.976128018167341516e+00
5.505188051780402603e+00
5.355893904767095037e+00
5.424360348018256950e+00
5.024580724980419077e+00
6.143068784589811315e+00
5.856871979488681212e+00
4.703990719150981548e+00
5.400195824925668298e+00
4.611931615568781062e+00
6.051914238570311966e+00
5.847123393391892243e+00
5.480017695047841642e+00
6.869883591774375908e+00
5.446909054686560836e+00
6.092405506743274302e+00
6.455891950125389300e+00
6.463382537475445666e+00
6.335390670139107172e+00
4.985904729911223576e+00
5.015588844886348596e+00
5.025327872828432518e+00
5.695558927086862511e+00
4.232138911820922722e+00
5.321258218845176913e+00
5.796355379431694210e+00
5.682031015186485234e+00
6.201236870561989356e+00
4.855405180787738750e+00
6.495778633661606349e+00
5.749817231229232384e+00
5.108787641254942002e+00
4.749781093508952168e+00
5.562086431748373805e+00
5.062338814495126904e+00
5.420346454327251706e+00
4.763846164582929532e+00
5.302434435905913901e+00
6.058096048475626105e+00
5.877610023143033935e+00
5.427414863030459280e+00
5.883566286716828131e+00
5.394397230801176946e+00
6.556920337304534385e+00
5.943529862708804679e+00
5.497353491817234428e+00
6.180953682495084145e+00
6.690460617265499010e+00
5.889451316003632364e+00
6.128407491586457922e+00
6.107930383636162475e+00
5.150772456460895654e+00
6.199713504907850670e+00
6.209864716003501428e+00
4.987259073580516677e+00
5.191643926300675282e+00
4.945888808020807659e+00
5.500263351485784824e+00
4.655980352526198907e+00
5.547219990111321941e+00
5.927689737797012803e+00
6.554766486770376765e+00
5.810651953412800275e+00
4.797488172950078678e+00
5.413154870883975178e+00
6.295873356523666864e+00
4.785457381008032307e+00
5.696723252365523571e+00
5.182540267016387148e+00
5.912514352235604065e+00
5.279236337249276545e+00
6.030285126966363762e+00
5.703637229016645271e+00
5.838440941451725763e+00
5.834824415364495920e+00
6.119415061493208796e+00
4.790797565816733439e+00
5.988759553878111319e+00
6.159654863890994925e+00
4.679488090458189475e+00
6.051974108889262460e+00
5.129756511740832359e+00
5.695738582591824972e+00
5.459260544090213330e+00
5.069098471460004696e+00
5.523913033036556897e+00
4.909462885487224426e+00
5.134313490310596251e+00
6.426196897069257119e+00
5.038401262557861138e+00
5.612552623845199484e+00
5.043598529190144397e+00
5.227717165790171983e+00
5.951755005452090685e+00
5.267084144425033365e+00
5.840741873791905903e+00
6.091467514762239688e+00
5.382756252691901722e+00
6.246450031653417945e+00
5.717410172855051265e+00
5.141635794991716857e+00
5.401136987449280724e+00
6.424600087966002349e+00
5.476364581050898295e+00
6.090930479418299903e+00
5.218520022674732139e+00
4.419380030985791130e+00
4.483445419346201888e+00
6.198627676120001873e+00
5.847875566628187194e+00
5.039165868607891063e+00
5.677479994961636578e+00
6.219780303877956662e+00
4.779943328392269208e+00
6.059859496489858444e+00
5.691360524749164540e+00
5.161573377141317920e+00
4.960692039063067327e+00
5.857534531271220146e+00
5.421650454607287450e+00
6.062202214352184981e+00
5.114602944785290539e+00
5.261591398711110479e+00
6.030252395391279663e+00
5.937141304898635674e+00
5.067362988229386467e+00
5.412058088652536014e+00
5.528748076895750430e+00
5.027002858030106935e+00
5.984739296759647331e+00
5.363380173909253479e+00
5.796505720554199215e+00
4.662626077617636255e+00
5.524861192833470547e+00
5.147759129897618635e+00
5.910592667517118315e+00
6.222313047694004950e+00
5.677932680067158344e+00
5.661543263692740524e+00
6.037592034367933458e+00
5.448561410912407865e+00
5.050786329238710515e+00
5.145326065073358990e+00
6.641634117756481714e+00
4.913914242886938233e+00
6.015600752955039709e+00
5.468553428328427835e+00
4.210235791794909588e+00
4.944612400626810178e+00
6.014475218552973068e+00
4.916563766707747085e+00
6.421065540889450141e+00
4.945226959451127335e+00
6.093473931947364974e+00
5.585903363277459732e+00
6.496314216270220321e+00
5.360325617064876980e+00
5.601862892321864962e+00
4.991935462452972594e+00
6.111550889614820292e+00
5.942133819045691823e+00
6.349306517491840829e+00
5.735431007044340390e+00
5.361928997762581695e+00
5.472486617732685410e+00
5.782178169875289875e+00
6.315064661950023250e+00
5.004541124591154855e+00
5.287544073157094182e+00
5.877291089323247064e+00
4.603816692734125304e+00
6.387979383737987682e+00
6.745905560086977282e+00
5.242417396361212845e+00
5.710095687006311316e+00
5.260792745177681695e+00
4.929650095468153026e+00
5.603014659470405334e+00
4.904917745041067256e+00
4.115398505020510633e+00
5.716663410840458148e+00
5.719773065976261783e+00
5.268203849814423911e+00
5.494487155114965660e+00
5.375542997255777777e+00
5.970593035984713026e+00
5.830465935030743729e+00
5.848537625573782428e+00
5.822880509286071593e+00
6.140756188712168218e+00
6.690983356080685063e+00
4.893212579364064396e+00
6.669086751913646083e+00
4.664932905665934548e+00
5.596496594144546144e+00
4.254795660832390247e+00
5.012342328142624481e+00
5.694838530220853734e+00
5.562770830935259703e+00
5.033287212593114290e+00
5.714533030589290519e+00
6.635528741077261650e+00
5.567791334498033429e+00
5.863116171570306179e+00
5.937708879522787697e+00
5.917677229186761423e+00
5.046043916061249135e+00
5.911229731572471557e+00
5.073224221039511761e+00
5.467569832243237116e+00
5.529007022700334950e+00
6.091495007923459326e+00
5.705547926988164598e+00
4.473453282576004497e+00
5.083888316542672037e+00
5.691272372129083656e+00
5.494983684253553768e+00
5.442151432705124137e+00
5.257548576950484609e+00
5.580679523102593187e+00
6.137014385815800388e+00
5.438575192445423312e+00
5.232528683088052190e+00
5.875232467681484216e+00
5.067564958241461248e+00
5.253839200439797352e+00
5.811426608651988346e+00
5.528764740656917809e+00
5.203411881287581586e+00
6.216712603379914270e+00
5.004879293800074791e+00
5.605270163457286792e+00
5.546818065476465165e+00
5.542602265065474043e+00
5.612366705164771652e+00
5.738197127758303040e+00
6.036492291541984301e+00
5.642899137191305314e+00
6.005810717560438938e+00
5.521285172361243276e+00
5.294058870788485471e+00
5.283955844553733350e+00
5.717760658450711908e+00
4.438607529001710184e+00
5.423445416236141625e+00
6.876028515587351286e+00
5.398060876256317364e+00
5.953726339764867426e+00
5.283108448208864161e+00
5.456849259196270729e+00
5.594165130373014883e+00
4.958656699936993206e+00
5.188888197185701046e+00
5.584439638748058599e+00
5.300424189935893260e+00
6.565207436041055722e+00
5.115276828853881241e+00
6.189907492973698133e+00
5.688707082348622102e+00
5.230681958678289334e+00
5.342423822708241232e+00
5.673479269963825899e+00
5.297551262654181414e+00
5.195819682010887064e+00
6.040601135323276694e+00
5.787354132236446347e+00
6.368803521108578281e+00
5.301383498561950347e+00
4.460347264430380321e+00
5.311876156622416190e+00
6.287824497301256699e+00
5.408300892268811388e+00
5.979829974216341881e+00
5.923367109076353998e+00
5.812745543802573245e+00
5.720516387591275453e+00
5.883332504125438511e+00
5.430161713657627232e+00
5.879790641641874593e+00
6.129950760041237956e+00
5.955919659111155617e+00
5.323899062423751438e+00
5.434882259361236478e+00
6.383054804644833879e+00
5.764352722623823588e+00
4.925746067225172276e+00
6.229220959536870161e+00
4.489706652167156697e+00
6.178552594984017432e+00
5.205709034072790509e+00
5.692340951001738425e+00
6.148618695981903137e+00
5.142641818756226613e+00
5.618917762857570608e+00
6.373196227228360655e+00
5.871791484209770928e+00
4.936021572710155070e+00
5.662108237751208861e+00
5.551597265551792226e+00
5.380232655557538379e+00
5.847346469751621534e+00
6.210839534518441951e+00
6.335008509592506165e+00
6.185882517689359261e+00
5.597241582458489795e+00
4.719637301762436898e+00
5.699146151052484122e+00
5.473015828485245926e+00
6.154760275360657396e+00
5.249590684218788716e+00
6.649228704947861779e+00
5.786484558636732167e+00
6.293564299152831332e+00
6.408599687545672552e+00
4.921667908058921626e+00
6.386424505975899280e+00
4.964804869953764133e+00
4.596653779915572891e+00
5.784040116968232503e+00
5.898634943828769295e+00
4.840120942664682069e+00
5.105190641583577715e+00
5.693364730974728616e+00
5.696347180877497252e+00
5.627472094001778835e+00
4.680776937554630202e+00
4.795165493605368034e+00
6.327122475400671853e+00
6.123518127204604866e+00
5.806865028106034998e+00
5.782234076844879667e+00
4.706709190971024803e+00
5.577358620504503151e+00
5.143258588547769961e+00
6.046470865618943868e+00
6.484828302240298825e+00
6.476432991647351756e+00
5.733026415129264031e+00
4.861888171718732998e+00
5.774048219701876761e+00
4.649060558024585177e+00
5.371534168946594079e+00
5.460824949289944108e+00
5.365900836867730561e+00
5.253523346363358826e+00
5.646068617221390973e+00
5.182688968126141660e+00
6.143841137153965626e+00
5.784715815999218691e+00
4.858473699889128916e+00
5.422754404565870878e+00
5.687473895420754211e+00
5.554487059084873835e+00
6.477949835590017358e+00
5.959188955812069644e+00
6.562259676347968806e+00
4.740112059746310003e+00
5.218905599932996964e+00
5.651190403527352579e+00
5.874010279709472648e+00
6.199612816514374458e+00
5.284800118134822533e+00
4.935730131869732418e+00
6.189249912532290843e+00
4.508948485816676843e+00
5.551747279443702610e+00
5.339889760843869126e+00
5.835710683028443313e+00
5.483994277556907271e+00
6.437122516073880085e+00
5.856569082818618099e+00
5.379088105259046237e+00
5.447400869803916912e+00
4.554886070959496713e+00
6.094571816746497284e+00
6.438158922058184963e+00
5.075970054292852751e+00
4.489796014903384425e+00
4.569926889649717161e+00
4.916424761347474970e+00
5.507205132179104901e+00
5.983667085008067765e+00
5.526716182240144271e+00
5.456974223576420258e+00
5.673015643626547089e+00
5.469571273288226010e+00
5.117152117022427227e+00
5.438584547478369835e+00
5.580621591349376409e+00
5.343624116188742335e+00
6.183450697009019947e+00
5.558491938929651432e+00
4.979813409389316270e+00
5.064776743522202196e+00
6.190963203559731731e+00
5.743327263038358055e+00
5.303374502382933287e+00
4.112365865433761591e+00
5.263014479059294537e+00
5.434562560933189346e+00
6.253715553371469227e+00
4.759378886354816984e+00
6.340062246613208607e+00
5.471411171303462773e+00
6.786155352561929810e+00
4.941738056566487458e+00
5.819351989948581938e+00
4.684431982347346590e+00
5.425649718053707993e+00
5.372978758536011590e+00
4.828551102698594555e+00
6.476050106181169497e+00
5.122275367541449853e+00
5.881161948407462425e+00
5.101067591224202502e+00
5.908365594192904524e+00
5.740359026233596396e+00
5.276433806728221043e+00
5.593496756600027986e+00
5.919343919750360783e+00
5.813235149843466232e+00
5.411873733983826540e+00
5.451154249416614306e+00
5.978375601326437305e+00
5.617389544580142058e+00
6.106988805163314105e+00
6.625880835719535789e+00
6.471908103731514927e+00
5.423849625405735786e+00
5.289857402007652531e+00
5.610245672085677704e+00
5.074552682299075634e+00
5.723226687379828093e+00
5.626304173908312833e+00
4.732007506642678329e+00
4.462061323709431093e+00
5.492323062809056466e+00
5.110428165617740603e+00
5.280379094869658729e+00
5.479450699703362737e+00
5.858228532686272416e+00
5.482970362902363171e+00
6.036848286996710833e+00
5.705446565843585560e+00
4.927909740449250897e+00
5.332090719669564827e+00
6.173765662504806073e+00
6.076788550838417180e+00
5.465008763465422525e+00
5.426289775940661642e+00
5.795893836132604449e+00
5.892522675226977924e+00
4.978630593623411649e+00
6.243614515385560004e+00
6.370951343399902989e+00
4.664053166932427885e+00
5.953250774831154501e+00
4.510918602484011330e+00
5.161657793972167063e+00
5.201939667912379939e+00
5.745154777084272801e+00
5.511329897242455367e+00
5.889897136151325263e+00
6.350982887659483822e+00
4.900690373229219077e+00
5.474441634356106867e+00
5.567016935487539619e+00
5.720834624720196437e+00
5.298978783062304743e+00
5.945501760547342585e+00
4.073870356691821293e+00
5.909966588928082132e+00
4.505350141109520479e+00
5.913733361103870934e+00
5.614481646644095214e+00
5.713291140891286091e+00
5.040009838016573873e+00
6.401163270612036271e+00
5.545347385755457381e+00
5.156333270564377180e+00
5.684997044751867179e+00
5.306525084843644713e+00
7.027179007248157916e+00
5.518260793579557344e+00
6.409353171774940350e+00
5.596078605041996390e+00
5.248185098951748451e+00
5.012012075250399157e+00
5.864975402014368733e+00
5.791875394164649471e+00
5.430346939333714928e+00
4.342942501760115093e+00
5.145656776470771021e+00
4.739317284585016665e+00
5.554271041685670873e+00
5.267311738227613560e+00
5.510913259209706538e+00
5.874097758373258316e+00
6.727459753911584350e+00
5.109922133982466974e+00
5.517088588682629968e+00
4.824728029860701817e+00
6.507984354601709320e+00
5.246288438085778161e+00
4.862153265647303435e+00
5.466393019198705794e+00
5.199515718232235351e+00
4.900380933798605732e+00
5.612019169609879121e+00
5.064197504371797720e+00
5.734392842630527731e+00
5.285545426371450084e+00
5.043689867975974295e+00
6.139664436961768779e+00
5.670321279672028147e+00
6.292783538113269515e+00
6.400463372631837622e+00
5.924805593497696421e+00
4.383626181091464957e+00
5.997389156338460481e+00
6.115941323339376012e+00
5.565266261860427832e+00
5.701703574213044412e+00
5.584378444313677470e+00
5.602730358909224329e+00
6.146628932240985499e+00
5.229192153241633001e+00
5.274519744647196084e+00
4.558098489085469218e+00
5.414797924478660818e+00
5.134025927143540891e+00
6.478133473118953489e+00
6.052598225996439041e+00
4.822862513908790838e+00
5.444269312572998842e+00
6.105202283476584668e+00
5.526572645694139752e+00
5.553027055278643154e+00
5.594341914897773549e+00
5.388264028609859757e+00
6.175081167590422915e+00
4.116842323121153946e+00
5.278840665716667324e+00
5.496205839963788087e+00
5.410762804848182839e+00
6.240738138279581015e+00
4.553269508317578484e+00
5.174633388239830545e+00
5.506228093428702230e+00
5.680228839762241577e+00
4.538846319036000665e+00
6.282549428079139631e+00
6.285208129427180879e+00
6.645495635481341701e+00
5.188838364131479253e+00
6.727991853795725952e+00
5.748778873210520501e+00
5.347702386931083574e+00
6.385049858631831832e+00
5.775562169096979837e+00
5.775482800645224124e+00
5.389700541260103783e+00
6.175210467261908143e+00
5.311939330344387145e+00
5.086876439681014439e+00
5.379477699930838241e+00
5.921061104200576075e+00
4.494617892652252422e+00
4.890729623095444012e+00
4.703930300727827252e+00
4.719469144268074956e+00
5.121386758268635653e+00
5.448052898070493200e+00
5.359372713281394418e+00
5.199773699675037442e+00
5.152049782697116775e+00
5.840066229112638396e+00
4.288872856365899544e+00
5.292363576398275704e+00
5.587591217448630410e+00
6.731667536962615550e+00
4.437806694107993444e+00
5.262226374052855427e+00
6.303554716333221286e+00
5.797938971846545719e+00
5.021875897042714421e+00
5.470043136663681693e+00
5.388754480126121571e+00
5.566522242107725837e+00
5.670711863960266719e+00
5.044403942860171242e+00
5.598004119660298095e+00
5.515604927602169028e+00
4.926604989690718028e+00
5.497789436007317398e+00
5.759760038676163596e+00
6.370683877618625424e+00
5.440789368058118747e+00
5.322411111457556743e+00
6.013200142845772866e+00
5.127212246311014354e+00
5.573099559489138599e+00
5.934177907135929075e+00
5.433777612404118607e+00
5.878626924492288630e+00
5.497963348363277269e+00
6.122304424243191434e+00
5.871317785746215101e+00
5.090337601203692053e+00
5.446261877485182978e+00
4.933683619349350735e+00
4.919590286969556914e+00
6.368021058960640524e+00
6.285656962243893808e+00
5.722614464479518048e+00
5.967585962496633201e+00
5.563025369727411018e+00
5.147268458720075657e+00
6.139415798712218653e+00
4.895203860977027865e+00
5.850443380465483401e+00
5.218913460722229836e+00
5.653809225357308677e+00
6.064634800147900684e+00
6.263237358324523996e+00
5.657013915125692627e+00
5.916425901466530135e+00
5.576140437991029764e+00
5.610078023077685216e+00
5.736834658321736669e+00
5.992397436140536549e+00
5.513102105074747961e+00
6.181119127793100354e+00
5.304644218257807076e+00
4.712759974019561149e+00
4.965607355556164393e+00
4.988525437806751839e+00
5.352211214217938107e+00
5.756684756254904833e+00
6.212008031354733006e+00
6.068378007687643461e+00
5.364013289782353588e+00
5.469441163673137041e+00
5.562441270588389663e+00
5.485179724962692127e+00
6.106869848308480897e+00
6.121538053475100050e+00
4.591600176861375004e+00
5.496508794180889446e+00
5.702458881748643016e+00
5.905850982251426018e+00
5.504176811098674627e+00
5.278107528645110236e+00
6.712592140351103964e+00
4.388819246096494986e+00
5.484723024180631512e+00
5.082938368417141639e+00
5.228680953475669746e+00
5.646886678571188867e+00
5.695387794090604139e+00
5.074060873494804724e+00
5.271349897383713845e+00
5.997319679154539784e+00
5.157125379085032435e+00
4.923364942728988503e+00
6.645288091877139536e+00
5.287500876615198742e+00
5.614062181615199876e+00
5.410225187124578561e+00
5.482440520611549850e+00
5.291888030580776281e+00
4.834949233303690974e+00
5.604316571061680463e+00
5.684472650725811427e+00
5.349655419400832557e+00
4.635390919524518871e+00
5.440493225759699847e+00
5.779456932493334698e+00
5.779427975250189142e+00
6.096922605656764027e+00
5.179255299168555204e+00
5.504338822510776552e+00
5.790692369119188498e+00
5.314970872563645976e+00
5.450275541054330652e+00
5.383497349308487223e+00
5.282540781234601468e+00
5.657948181629860684e+00
5.968694288423120220e+00
4.722745702299586235e+00
5.210771105252357316e+00
5.516640005180171613e+00
6.126584795602560973e+00
