9.460702524971063454e+00
1.739281886327793680e+00
1.635679151519668650e+01
1.134271420237737971e+01
1.249238681587440958e+01
2.346403404242354540e+01
1.187332875530516318e+01
1.084784395582041405e+01
1.324688609710652365e+01
7.243184300401029674e+00
9.493213943274529498e+00
8.797166843206110087e+00
1.434256286454484730e+01
1.710674235545635824e+01
9.758969076746007332e+00
1.022084076516739692e+01
4.774798271155665574e+00
4.400773094724603318e+00
1.136349132195205058e+01
1.054048999272438181e+01
6.463631933533010354e+00
9.397408968863359746e+00
8.456449083993907934e+00
1.081311479714205781e+01
7.507917184029150093e+00
2.638177065466850379e+01
7.483520105735549599e+00
1.389071022084121143e+00
6.254874188870859442e+00
7.962298700220134862e+00
2.038040481746568844e+01
2.105733808523153172e+01
5.697452208223547920e+00
1.085370645761425656e+01
9.933617975748639140e+00
8.842527982469961856e+00
2.125685029140667481e+01
1.119080027803062372e+01
2.422650403749115000e+01
1.968435627874841387e+01
7.650247944517850840e+00
1.032634062171833200e+01
1.885113282166397397e+01
5.897527671927433879e+00
1.256044501761227394e+01
1.225925314359932550e+01
7.466702597873100977e+00
1.159351154877356116e+01
1.632787607748754866e+01
1.435491524601621016e+01
1.393633666664332083e+01
1.214719052344006833e+01
6.498836479780769615e+00
8.934782230275070347e+00
1.888857441885266297e+01
1.720775037172472821e+01
8.002211464343881531e+00
4.300037625454389278e+00
8.391002839256271884e+00
4.331858340124030704e+00
1.464278601252657275e+01
9.334380831155314695e+00
6.852274589037255836e+00
2.757263185447320453e+01
6.625556917781258548e+00
1.120667835242229593e+01
1.232217456526444366e+01
7.594261983660217652e+00
1.549890176968830957e+01
6.762462609370506250e+00
1.378929152276551662e+01
1.610128962052317192e+01
2.105507263439799814e+01
1.216236400444594601e+01
1.151226965793264156e+01
2.693106174532525099e+00
6.614011580941866697e+00
1.091530265532260913e+01
1.152831560187875226e+01
1.624155844813280680e+01
2.748987928404715397e+00
1.542420907518941675e+01
1.173842654191883383e+01
1.340261099355215357e+01
1.003086407793030332e+01
1.630133665283691968e+01
1.599495673130371109e+01
1.019742491916647253e+01
1.065699347035582178e+01
9.304820000838800453e+00
1.528162909105442857e+01
7.498452976319260443e+00
3.080820665834016037e+00
9.032533342799752063e+00
8.119482046405391173e+00
2.012588103325387934e+01
7.160905231160881179e+00
6.279678977403335693e+00
5.027226266146766598e+00
1.538997575066079015e+01
1.390223365956032175e+01
1.034215891753740379e+01
1.580818653819422970e+01
3.712812582631110914e+00
5.564584307607659319e+00
1.270353561438420442e+01
8.076522789175017536e+00
8.737414556477066441e+00
6.276298476631335888e+00
1.254883410141328426e+01
3.244364933271358442e+00
1.926081831507065090e+01
7.385486898065777517e+00
1.117325953353642198e+01
1.471452683682966622e+01
9.501380142201981016e+00
2.905595461193655638e+00
1.114078020537672664e+01
2.154672690433694626e+01
1.166223225564639066e+01
8.920771525824951809e+00
1.193376846303765504e+01
1.401552273869771170e+01
9.557950819343167481e+00
1.115133699414794854e+01
1.239327100990761110e+01
4.846645872456525339e+00
8.747528445585906809e+00
1.106778038006592446e+01
1.915260385005320032e+01
1.444908791679557858e+01
2.452946223714580043e+00
1.148357632644937176e+01
6.126430678238154570e+00
1.377986933319191465e+01
9.871568570911149365e+00
1.353260349935821338e+01
1.198387057386307752e+01
1.613227073657561661e+01
1.202367043502017552e+01
7.531164597445607178e+00
1.145129791254305651e+01
1.349960778064438571e+01
1.086986644384680289e+01
1.389717561246659194e+01
9.955289223889362660e+00
1.648615534562010509e+01
4.773321780422469018e+00
1.118309754225550634e+01
1.197123650256929039e+01
1.203680292462907531e+01
1.245540192777750477e+01
1.048863660266728104e+01
1.408299615314651376e+01
1.457857196674923372e+01
6.877126167466033557e+00
9.808914027348938802e+00
2.322839210978822067e+01
1.116784458263276925e+01
1.360774734888824078e+01
1.969066582008588284e+01
2.221678443435074968e+01
1.733963733970164967e+01
1.325891407776752473e+01
1.498716659586996869e+01
2.019090920229595909e+01
1.988075936745480021e+01
6.899044426403351693e+00
1.248181312614601879e+01
7.070620365841391752e+00
1.985844224834749028e+01
1.230092948605724601e+01
1.038177334518959682e+01
1.013733840215100734e+01
2.381953581912518558e+01
1.238693446072238835e+01
1.154371630636085477e+01
8.405708737643339035e+00
1.582525899919018642e+01
2.185237965648050462e+01
1.188794455682931428e+01
1.338988328476623835e+01
1.880128461683153773e+01
1.590772514673155946e+01
4.339200791482153541e+00
7.082900962292399960e+00
7.483859963094813494e+00
8.305105136672800370e+00
1.214493486293805802e+01
8.556584125361959892e+00
1.403052476507009594e+01
1.141657658765819505e+01
2.082258334931092847e+01
1.837799526293821017e+01
6.943501889536209504e+00
1.713206629058158725e+01
1.734217808981787101e+01
1.485297197793130763e+01
1.080178860358568826e+01
1.268809333971127096e+01
9.183962675585101820e+00
3.505603901218180329e+00
1.416365865949026492e+01
1.267122659796161166e+01
2.599075547047968282e+00
1.381985100407528044e+01
8.103844076945113883e+00
1.758481813265307947e+00
9.746917326865249365e+00
9.836671629790901150e+00
5.923572231175563196e+00
1.425456159064665052e+01
1.393248960086436306e+01
1.693164285047829765e+01
6.605908990566690342e+00
1.207543391594253634e+01
1.822457570212834099e+01
6.318544513739064783e+00
1.236766864992930337e+01
7.219587268334067609e+00
8.572213596534965063e+00
2.244043382527006969e+01
1.399261848698372290e+01
2.003470110029658002e+01
9.044155509466918375e+00
9.562318551058437421e+00
1.692195014986983637e+01
1.585920306700665527e+01
6.998371837297869824e+00
1.434864384247421931e+01
1.622022928315852752e+01
8.281149186116165239e+00
1.292890187573979155e+01
1.261778212611485372e+01
2.414982461433746153e+01
1.491644894720092118e+01
1.386028649824937808e+01
5.944755273302986254e+00
1.439297537560637785e+01
1.145048935064311024e+01
4.302538775317644948e+00
1.804116745119217669e+01
1.059686750251189302e+01
1.369187625266199326e+01
7.188055720446639540e+00
3.169565738378197040e+01
1.172933246837522603e+01
2.029258811067110457e+01
8.001041765378339221e+00
9.769636240518188686e+00
1.197925022710312071e+01
1.002182575669701414e+01
7.098785876596316768e+00
1.024394630633670111e+01
1.995011817726514280e+01
1.581656155784961015e+01
1.314757419235665203e+01
1.355433980274081662e+01
1.995442825715939605e+01
1.245338957973970473e+01
1.519593495716474862e+01
1.153337955613357124e+01
1.502583573913453918e+01
1.802646737638626462e+01
2.675834932992113124e+01
1.160890464189103533e+01
1.386723155941029439e+01
1.449205981070533333e+01
1.621923574814006486e+01
1.543591464313755246e+01
6.953309318515694670e+00
1.369875036279471914e+01
1.043034250085933401e+01
5.607201985286735635e+00
1.222468051666862188e+01
8.322278824734597791e+00
6.021626667113684661e+00
1.623478903968761600e+01
1.109732291088879919e+01
1.303441033057631948e+01
1.136102421663384909e+01
1.354798557546513926e+01
1.570844717929269940e+01
1.609069232655188486e+01
5.214046769564233408e+00
3.171927263702122968e+00
1.612676770458816833e+01
1.924954797139394458e+01
7.086805323463692297e+00
1.480919530832700914e+01
1.507285111735530947e+01
1.220439530780447868e+01
1.001476483789297589e+01
1.210364192258165517e+01
8.822724424271649823e+00
9.760345915287055973e+00
4.594102242974567929e+00
6.684790723506573329e+00
8.256043797736746015e+00
1.405128776061238405e+01
1.451761810812957343e+01
6.581725440686773787e+00
2.116628747980611180e+01
2.614969490018197718e+01
1.568043292285480383e+01
1.188000306443300325e+01
4.903712462990141852e+00
1.140651663924786874e+01
1.015307686034355328e+01
1.314218132077296453e+01
1.400413294287964305e+01
6.790923393007121334e+00
3.934338722058464910e+00
1.446108401502621632e+01
8.573994252208217759e+00
6.492848054078843134e+00
1.235909317378270522e+01
1.882274659682270013e+01
1.504662240060874900e+01
8.281067892888742676e+00
1.244703508969655381e+01
1.054492792632800757e+01
1.380060535087615037e+01
7.441986907562525566e+00
1.358822063866886509e+01
1.667603165632049311e+01
1.296250359462598212e+01
1.477357620556493423e+01
2.208051339304956784e+01
1.728529164211506952e+01
1.909346087171836004e+01
1.190058459076576014e+01
9.675691577781245556e+00
3.134404027192744024e+00
6.344804113376786958e+00
8.564382221632518721e+00
1.605971493381647264e+01
1.043477257812339154e+01
9.661467692605613777e+00
1.050939875100609200e+01
4.524540530214771650e+00
8.714898907857014265e+00
1.099468613981216691e+01
9.589053438083443126e+00
1.456126926957298728e+01
1.979477964093473119e+01
1.500188940389307923e+01
8.822371723469034421e+00
6.144936595923971900e+00
1.221741227493141757e+01
9.177684948429163825e+00
1.504474554242625572e+01
6.443369311677836109e+00
1.181052373464674154e+01
9.992882947022566853e+00
4.581921756343636964e+00
1.725792727292969175e+01
1.102504283674764984e+01
1.585096080035909161e+01
1.681942291377992404e+01
1.311021236885510888e+01
1.826841933447729360e+01
2.468597087010076407e+01
5.599158399379371431e+00
1.665074915588292370e+01
1.183358819249681204e+01
1.181889177876636232e+01
1.293955472204509860e+01
1.282880182086128329e+01
8.982128305019690728e+00
1.634057675358790007e+01
9.288292632219974365e+00
6.709004660008392129e+00
1.174551238106740136e+01
6.797693384633570979e+00
1.404176757141681797e+01
1.386954317483944088e+01
8.307523939270010871e+00
8.787271668315165485e+00
1.660986642070541919e+01
2.294918819980095837e+00
1.622981555684306798e+01
6.681375589245825530e+00
1.635357932023364214e+01
1.170138530475188432e+01
8.403340845053248742e+00
6.582551002942959251e+00
4.162708640877631261e+00
1.440385918619791461e+01
1.136379482482594661e+01
1.006525966919176973e+01
1.697599645360716991e+01
1.510716388451134584e+01
1.495052124063987620e+01
2.024095822029482861e+01
1.717328700900805671e+01
9.746255810361398986e+00
1.440992962857477266e+01
7.854059407714798269e+00
1.201392039842167136e+01
1.702153067964070843e+01
1.035070255987451304e+01
1.576110928695117330e+01
7.722963140017533590e+00
1.497156106818622590e+01
1.140723969535359927e+01
6.857553267452576762e+00
1.693054452798328313e+01
2.054099695099249345e+01
6.277537171818871720e+00
9.196255719525749939e+00
8.405496026756045680e+00
1.674273906561708358e+01
2.120950269960690449e+01
1.609915072002683090e+01
8.444799552336977655e+00
4.759267571263609220e+00
2.719542841226740837e+00
9.294667186322991270e+00
9.946867497784374734e+00
7.242377381064545538e+00
9.632425931613873615e+00
1.144629631570258255e+01
7.518934282535470359e+00
8.754481564355712564e+00
1.273697092736057890e+01
5.484659500514807107e+00
2.018877064101344843e+01
1.066328817215526925e+01
1.709296671580788285e+01
1.029412237114176243e+01
8.546448099392110365e+00
1.166553666994389360e+01
1.510677816066729129e+01
2.150454190045276448e+01
8.732873015955913587e+00
2.186676309806738772e+00
2.191100419470705774e+01
1.579090632549837458e+01
1.174563667924437382e+01
1.644505651779037336e+01
1.263718434833298332e+01
9.377688268081742606e+00
1.445827112054678132e+01
1.352719511586179202e+01
7.665160356336968128e+00
8.865932838035080366e+00
9.372138460274447525e+00
1.321257313861203109e+01
1.026913802510448903e+01
2.143359214284242142e+01
7.445329834842405958e+00
1.148912440777935728e+01
1.121711009778247536e+01
2.204685912730067443e+01
1.541363041885117191e+01
1.264236342341995467e+01
1.340835485245093750e+01
1.540122251129599817e+01
3.452734397216065343e+00
2.074949629481035629e+01
6.399973708950207119e+00
1.717373827010268172e+01
1.367746197708460620e+01
8.368348976446892351e+00
8.717715782265306856e+00
1.193333669251258478e+01
1.795186206846735999e+01
7.210374454769510777e+00
1.117258102749138970e+01
1.366102162964437738e+01
1.798801543237277256e+00
1.103394158741629028e+01
1.979156648957956932e+01
1.266572842373038732e+01
7.088965220249670907e+00
1.267750099380239881e+01
1.435419865674112394e+01
4.235870108728639671e+00
1.029578857093416033e+01
1.312963521713771797e+01
1.317242486492278708e+01
1.145425238244299848e+01
2.889302236496097631e+00
9.766510019567517631e+00
1.285934214342299242e+01
8.808595797149980200e+00
6.090595726753732286e+00
1.301634481697084844e+01
8.912961122857200991e+00
8.756238156940380435e+00
1.417903067911536397e+01
6.663837389251121124e+00
1.189442571586487141e+01
1.648322157688096112e+01
1.588203077131398189e+01
8.376594054723049965e+00
1.437300048149563914e+01
1.120601147421928090e+01
1.381672002598621418e+01
1.456901302621717420e+01
2.251753346816609636e+01
7.868351560986292625e+00
1.706828653949708752e+01
9.013705871405971237e+00
9.749316601178282582e+00
1.189885042854848507e+01
1.051721903641523959e+01
5.208407028164927510e+00
7.177898915816971481e+00
9.089044815506369446e+00
1.829389837072019986e+01
1.493145906905029996e+01
1.487107346907573202e+01
2.356761594307447893e+01
1.268418375266278453e+01
1.545046471684498357e+01
7.041322631340526605e+00
1.499108276711549159e+01
1.142042034002490425e+01
1.446454357022343906e+01
1.286965235247993533e+01
1.597337734602798776e+01
1.595809804448813729e+01
1.077756636423174008e+01
4.020881728505795394e+00
1.046984959953133298e+01
1.185504441609231385e+01
7.789762237698130143e+00
1.075403348517032498e+01
1.345438689557428624e+01
5.749857456247299936e+00
8.878113851876276996e+00
1.977526263105262672e+01
1.244701233863454704e+01
5.944481423715529900e+00
9.995824267987954315e+00
2.105022134025604785e+01
1.570456556683903493e+01
1.723054631010883853e+01
9.641200907420236277e+00
1.506343017663762573e+01
5.965450007374188957e+00
2.071078688099010989e+01
1.032771096759677221e+01
7.270499450665763419e+00
1.613182704568369275e+01
9.615581386442688228e+00
6.346550941176904104e+00
1.139524485214773897e+01
7.835563292514851064e+00
1.439371916376636662e+01
6.405769436441723030e+00
1.209176153826636657e+01
7.899761800984993698e+00
9.358236869190857732e+00
6.626231807186364620e+00
1.169503269648064325e+01
1.670937714431306986e+01
6.094486003488070125e+00
1.613931997702346166e+01
6.096575523372116834e+00
1.813786534890251190e+01
1.024688899098050143e+01
1.404671726614644989e+01
1.271754352091288354e+01
1.418678906703496523e+01
4.980697945005855054e+00
1.007590431802113073e+01
1.055118030566811349e+01
8.805594307503136875e+00
1.548443330881057989e+01
1.470109201335561799e+01
1.254249907789040108e+01
8.150417932583888359e+00
1.145584419850431424e+01
1.181220114980180824e+01
8.254837398254410985e+00
1.926559744352695347e+01
9.638135231489810550e+00
1.202916720611427159e+01
3.787329643298713133e+00
6.419990342476577183e+00
7.489518365970616820e+00
1.400472043068638861e+01
1.817615621351421140e+01
5.430622568140155870e+00
1.157905678326662802e+01
8.912527527646055603e+00
1.105828314692673686e+01
2.319629032939470648e+01
1.350450473588772127e+01
1.275365188147569206e+01
1.755773819918852396e+01
1.003965409936648889e+01
1.108075251906071479e+01
8.856597912415779206e+00
2.371105801077014519e+01
1.404948818035071234e+01
1.447069843867060968e+01
2.420065571892138578e+01
1.794163769604068293e+01
5.323130762502700009e+00
1.810333850940385858e+01
