1.916403439310372381e+00
1.600466377469304868e+00
1.728235462043425263e+00
2.329529417865420005e+00
3.136406669610079412e+00
3.631937956998076089e+00
1.493618157926391632e+00
2.740049336841122063e+00
2.227171504330180962e+00
2.521298710263831566e+00
2.623592892346389149e+00
2.910174765587708823e+00
3.126809214284249627e+00
3.180432662167849145e+00
2.545812013290671860e+00
2.709847736661503248e+00
3.043976669542230784e+00
3.575246264333830304e+00
3.715470401933801625e+00
3.861046574589627856e+00
2.816984903850415112e+00
3.286119961115692156e+00
2.438194240679649294e+00
2.666538957387538655e+00
2.252984502704580727e+00
2.696481272629716930e+00
1.298517859122207074e+00
2.396868483371330516e+00
1.894687970110258357e+00
2.342855542151210724e+00
1.746143747344740316e+00
9.650356221690884473e-01
3.066243361060611683e+00
2.816047799094635984e+00
2.512088652597711746e+00
2.118343471283549828e+00
1.863855745186382196e+00
2.694772492884400350e+00
2.698710605290231435e+00
2.551194408392252200e+00
3.886628973657022978e+00
2.224329273980976129e+00
2.852308054616192301e+00
2.353232398172426798e+00
1.964917735522738296e+00
3.229200310670799823e+00
1.403365825736158090e+00
3.639539754146040806e+00
1.830016150919673290e+00
3.437716706227288199e+00
2.077316680365558277e+00
2.268624087349531138e+00
2.734624086446058033e+00
2.365724539094218759e+00
2.772278331725993805e+00
2.202347514859726463e+00
2.709158047183182649e+00
3.260665676483509134e+00
2.314926073692014086e+00
2.648019061429721432e+00
3.281474956249775143e+00
2.496205268978750613e+00
2.157199533919859302e+00
3.304241449077130355e+00
2.458185845394032842e+00
2.763090705665156133e+00
3.237968116573403332e+00
2.291175314305882171e+00
2.859254637519870634e+00
2.676103586089298325e+00
2.431590710824216295e+00
3.542175282006042814e+00
2.615731707424964192e+00
3.088062323544693122e+00
2.587088443289095263e+00
3.189260325374505545e+00
3.121763837523609197e+00
2.913499491080018711e+00
2.762099675732752058e+00
2.036994465294945655e+00
2.850270049002422201e+00
3.054351879389023861e+00
1.500205052178586351e+00
2.134737852648454393e+00
1.843039600964911706e+00
2.244778703961640254e+00
3.361500439113020100e+00
2.549472598236966814e+00
2.685860201990716956e+00
2.440719158043108461e+00
1.951373070630750384e+00
2.958814123953982023e+00
2.761401983947424199e+00
2.999686310936346079e+00
3.027804087069195127e+00
2.947096716936673744e+00
4.417583132699325787e+00
1.911114146018959792e+00
3.806689815566364654e+00
3.686930957146041798e+00
3.754086680691809175e+00
3.412648948914218217e+00
2.564512529774993332e+00
3.647868849670456104e+00
2.697704087634652748e+00
1.298568931467524168e+00
2.635584462072017686e+00
2.639377462770231109e+00
2.514951831182235864e+00
2.911576653205147913e+00
1.626101493578648860e+00
1.413383242390068739e+00
1.881063812919126388e+00
2.605548361795174017e+00
2.361012878194994613e+00
2.461422979210640349e+00
3.330887442022786082e+00
2.562974279751384810e+00
4.038279075854037892e+00
2.323259582983907112e+00
2.535854279114698517e+00
2.594578645043123633e+00
2.869992526496927709e+00
1.891635364557701315e+00
2.958408244126764508e+00
2.103303350661096971e+00
1.988398636958423893e+00
2.942473683912059546e+00
2.169004624648029012e+00
2.720569986689186592e+00
2.635698983556104213e+00
3.094025219183261122e+00
3.520137597521486583e+00
3.167730904382503709e+00
3.568955844298912883e+00
3.526520574618610127e+00
2.806715780824111661e+00
3.050632340226496986e+00
3.397112146250854448e+00
2.301660649231645817e+00
2.361068754508983236e+00
3.585313937402910600e+00
2.038981090808412056e+00
3.405153362111975390e+00
2.530622543620553611e+00
2.076451960848811229e+00
2.470971316601794143e+00
2.763776305992076576e+00
1.922943700193653127e+00
2.535902670174097651e+00
3.241072741088373288e+00
2.527788989333735525e+00
3.053440544236502241e+00
2.216433481496999480e+00
2.240216250256305663e+00
3.524416485964476209e+00
2.824072542056291546e+00
2.169394762449378788e+00
2.464952563237887695e+00
4.042836105055664930e+00
3.269493688992429536e+00
1.983435924343622592e+00
2.058494040674607728e+00
2.514837470727556923e+00
2.011991864860426471e+00
2.450930944447736515e+00
2.047271184214925377e+00
2.614223802608063973e+00
2.402398690349174082e+00
2.714266891224068612e+00
2.203386402806841282e+00
1.449078919205012417e+00
3.390616323952476030e+00
3.606189102051565065e+00
2.951412484689885041e+00
2.861608227101556157e+00
2.289774742591888845e+00
2.099187169611585801e+00
1.414175158269352917e+00
2.173997459859727588e+00
1.491866295406877319e+00
3.307481159828666417e+00
1.939797319121551400e+00
3.102018747472125249e+00
3.951696288565673676e+00
2.242247894952644760e+00
3.266918985321603408e+00
2.640090060875428968e+00
3.002338280424780237e+00
2.684137238843125051e+00
2.880018764597795933e+00
3.015583088487078900e+00
3.100215952439920652e+00
1.964935582175507678e+00
2.850379352135989919e+00
1.896951745424270142e+00
2.446637058185993308e+00
2.175200106587901416e+00
2.236607549019355545e+00
2.222221515112739798e+00
2.154045179641260521e+00
3.013220283326428550e+00
2.437016703490177960e+00
3.143509764153561648e+00
3.512206196393979685e+00
3.172930895648244043e+00
3.131958798731883320e+00
1.305069129564822239e+00
3.242348539600060420e+00
3.598210378085854533e+00
3.131556563013037309e+00
3.421065847061198095e+00
3.323823758379731874e+00
2.151267779731831808e+00
3.268991696694070637e+00
3.366598024096934427e+00
1.836936972372664512e+00
2.632849243684120655e+00
1.263592068606264718e+00
2.217581096789815298e+00
3.510847412714126037e+00
2.341845203455163560e+00
3.090675765635686911e+00
2.256747772526663365e+00
2.193854352394394525e+00
3.169726273463107979e+00
2.391801605087968685e+00
2.063886779589075182e+00
3.655807228624182947e+00
3.719745515936579316e+00
3.085451652426559388e+00
2.378962853091382446e+00
2.875467548683695806e+00
1.694685199848786405e+00
3.171363914971860876e+00
2.665327680299708568e+00
3.245918351108298072e+00
3.740725389084960995e+00
3.132348042834787183e+00
3.151421881572237016e+00
1.355619126563702537e+00
2.161480677343268209e+00
2.376204716796600280e+00
2.575660701944075814e+00
3.846699830356235417e+00
2.693740781627253611e+00
2.045814253591124121e+00
1.896726341016323758e+00
2.787158789208587173e+00
4.012728103548777625e+00
2.026613065248196843e+00
1.528991218491393633e+00
2.444236439972041541e+00
3.045051516016837656e+00
2.523942942447834792e+00
3.307235761412873121e+00
1.451934941591939809e+00
2.594833640077350179e+00
2.379584594222022176e+00
3.775578057090253292e+00
2.927017624223243963e+00
1.748775561773220799e+00
2.226206446259994198e+00
1.809457198236108733e+00
2.996616479659674592e+00
3.005923914247380591e+00
2.372788884594517089e+00
2.289268970574061868e+00
1.771111479576680470e+00
3.569102100691198043e+00
2.159880862987129113e+00
3.225307124514798840e+00
2.946748155959605153e+00
1.617057196791892970e+00
2.583362201445409845e+00
2.231534342254941183e+00
2.348137257625267260e+00
3.067875132050875475e+00
3.863844736322693318e+00
2.393101679025994244e+00
1.469522668494989359e+00
3.870697659176146388e+00
2.880641904933623376e+00
3.027520315603908774e+00
2.786915925258712790e+00
1.426392280933560075e+00
1.462258685265328539e+00
3.241450678098397375e+00
2.267736825137055323e+00
2.469545179287303327e+00
1.837538664616410466e+00
2.150443788205140372e+00
2.714089936233540445e+00
3.739475005597552748e+00
2.959771586744012861e+00
2.067511188189240290e+00
2.476705213759788027e+00
1.477245161889600755e+00
3.052984501992017652e+00
1.824035940007153078e+00
2.355307085213504514e+00
1.636463564103875612e+00
2.684192399817287633e+00
2.537876290139423396e+00
2.391057204524406732e+00
2.380962511827500183e+00
2.920664764611517583e+00
1.874361388582724830e+00
2.657144996218126831e+00
1.263117188141504643e+00
2.099065023701764954e+00
1.996331057655120755e+00
2.287882587614627372e+00
2.578768351229907996e+00
2.369179281572201035e+00
3.831941240817315020e+00
3.479908642384486939e+00
2.983193924357614879e+00
3.105167805381991997e+00
1.768296253276310681e+00
1.579605677605005365e+00
2.789010300579457979e+00
1.835031455966124270e+00
2.353723216245503735e+00
1.705255522226421627e+00
3.244795689345880696e+00
2.087887694072426026e+00
2.841556620980965508e+00
2.701222525619845882e+00
1.953326344974830597e+00
3.544481069611045143e+00
1.734263975801831004e+00
2.834616240040130020e+00
1.632215138508611441e+00
2.950369677500169097e+00
3.481817336516761507e+00
3.813701983424786057e+00
2.821249944316770009e+00
2.260720675304618954e+00
2.333210992320022381e+00
3.205131341203415030e+00
2.688081010262661774e+00
2.373097664931265616e+00
2.778790211463999960e+00
1.667966793172589890e+00
3.384258207222694104e+00
2.677972337694181526e+00
3.762832419338819623e+00
1.897062203832804883e+00
2.937160097551517524e+00
2.829849809980351072e+00
1.699632228474249551e+00
3.284357937129941174e+00
2.715677038964793066e+00
3.134027059593665232e+00
2.172742633134527868e+00
3.058520599379886296e+00
2.558844684916140366e+00
2.308782781668959228e+00
2.554967277084274180e+00
2.211401986204154735e+00
2.780108721646430858e+00
2.542300304728306592e+00
2.529313868780008079e+00
2.726316887837222591e+00
2.367064103740919023e+00
3.065828825561553117e+00
4.329106143178036881e+00
2.753850296056482350e+00
3.064389500184614867e+00
2.598422564792218115e+00
1.598681275800771351e+00
2.170112374095369390e+00
1.585200262880812616e+00
2.041990221635716640e+00
1.924956906674617718e+00
1.867961194255222779e+00
2.244332024970773443e+00
2.763755369355076930e+00
3.278334591241069962e+00
2.572531335970737576e+00
2.801647852477402889e+00
2.822579798015636410e+00
2.773724821751535785e+00
2.277516037097176316e+00
2.921362743365878867e+00
2.545226853711742621e+00
1.958549520750525019e+00
3.102591925722189892e+00
2.166356494852725856e+00
1.706423767575339534e+00
2.261079203644607016e+00
1.720506080622478562e+00
1.881678633645999854e+00
2.965599085313584737e+00
2.953429510087800747e+00
2.543978497241777603e+00
1.596478282720284803e+00
3.166715452076949600e+00
2.356045030377809990e+00
3.160250393431489169e+00
3.170694545099649098e+00
3.309366221647867423e+00
3.143226417175930543e+00
2.565400725631662215e+00
3.054614041338562735e+00
2.863394525016091929e+00
3.506271850322486117e+00
2.252133568950902998e+00
2.324170032836823996e+00
2.408118535139051275e+00
2.095714566173098703e+00
3.453619718114889992e+00
3.558152210054854159e+00
2.241671494056071356e+00
2.603500313750958473e+00
1.485890149959051332e+00
2.348155490088989605e+00
1.766468080009405028e+00
3.005999665414425426e+00
3.218784195157539774e+00
1.616503886597227657e+00
2.223329788074556390e+00
2.725634843992903456e+00
2.265208876770258950e+00
3.013181324313496390e+00
2.456477794964058159e+00
3.758044252595582613e+00
1.902440838543019597e+00
3.112528419198660412e+00
3.078253120633763995e+00
2.720096825632563053e+00
3.280895535816197306e+00
3.082562988408606763e+00
3.043131702094451274e+00
3.456764814050852674e+00
3.265693748075484848e+00
2.224031276814277369e+00
3.126348392233172291e+00
1.982862572829044101e+00
2.626175159453053798e+00
2.358804875004153256e+00
2.557374892247922027e+00
2.449397406128560828e+00
2.744275521437160581e+00
3.324321412453446811e+00
2.749449467583271467e+00
2.810600825260926694e+00
2.521150273215978288e+00
2.635487749948457470e+00
2.835548403876775314e+00
2.898192469505962432e+00
1.385420849441483471e+00
2.764619449321149336e+00
2.777696119413527232e+00
2.087060641732151112e+00
2.018122774351457149e+00
2.455701726437473198e+00
2.658515042224364855e+00
2.523795553127293978e+00
1.721473280515717130e+00
3.160644261196773552e+00
3.215486127557873886e+00
2.043616497425354339e+00
1.878391544365296983e+00
2.437129726215236936e+00
2.977102405996954637e+00
1.888654038872510377e+00
2.716815358381960976e+00
2.688855576287208837e+00
2.869055137405991385e+00
3.015115162859780096e+00
2.911745168071394385e+00
2.886378727522152410e+00
3.507414854827577422e+00
2.242674271471423175e+00
1.903888336723321473e+00
2.542755932707930544e+00
1.711738089002965646e+00
2.831933400414858859e+00
3.056209569246933100e+00
3.470699617228836686e+00
2.932562060486885613e+00
3.351346384724748440e+00
2.063181209695403417e+00
2.164326724104315147e+00
3.984992130385759168e+00
2.451230944982811355e+00
2.226477536127317247e+00
2.448092696648254130e+00
1.685233259146741380e+00
3.114185842116789615e+00
2.420467139414975044e+00
2.018891469785354609e+00
1.467610472396938981e+00
2.088529761118325556e+00
3.777039415693331126e+00
1.851956464244441936e+00
2.210521964504569947e+00
2.638424538150266230e+00
2.948644681205382145e+00
2.919275535269262978e+00
2.804981766077530914e+00
3.088994794484954287e+00
3.149420109147914815e+00
1.865958774579575596e+00
2.737607333441284485e+00
2.452017871081029643e+00
2.644306619799622560e+00
2.634927503860081455e+00
1.178509230633750127e+00
1.304580717402346934e+00
3.849090872852294343e+00
3.351724093522118419e+00
2.346920553508592633e+00
2.276373900109446513e+00
2.427894914925240233e+00
3.837585658815339418e+00
2.559304658405018973e+00
1.362974431157554678e+00
2.980884659862735209e+00
2.533940472055268955e+00
2.576555682552193804e+00
2.965049682639202100e+00
2.645348661339726792e+00
2.418099208185346072e+00
2.694780016309303416e+00
2.939675488739949660e+00
2.394828530019494472e+00
1.829187030733844921e+00
2.774542592363545168e+00
2.508114854402378580e+00
2.019326231863047383e+00
2.979868028348796827e+00
3.073055862524676218e+00
2.992988180093625772e+00
2.865150123905269020e+00
2.927475380873246102e+00
3.042888187633186359e+00
3.861898941602602608e+00
2.283416966724711727e+00
1.468370252457742220e+00
1.681115619073878298e+00
3.402764511280835347e+00
2.377483035158100666e+00
2.398889967734857187e+00
2.118303075883684716e+00
2.499973209061270740e+00
1.621167238897601504e+00
3.223690476252906389e+00
2.810542909052630378e+00
2.722254249789495706e+00
2.289285441223342321e+00
2.737868576141342380e+00
2.425635650913400276e+00
3.157599890352897010e+00
2.682941828045517507e+00
2.750077531509899309e+00
3.241399181246587435e+00
1.042425123402518583e+00
2.479860117080086468e+00
2.317342342660356103e+00
2.392282931768114906e+00
1.216886135420353732e+00
2.211354741805740431e+00
1.755972806894348537e+00
2.614402362850290373e+00
9.291459057574898983e-01
3.754871945371120123e+00
2.822114819806315289e+00
2.982383317173730397e+00
2.224020681195057580e+00
2.636277321391702344e+00
2.964131289256278556e+00
3.029539994340967102e+00
1.749244625505659068e+00
2.409401558868763171e+00
1.771236527177693532e+00
2.532908328906905648e+00
2.923214984566063546e+00
1.866115875286578296e+00
2.838945308586902971e+00
1.371481306180615700e+00
3.056533001543396910e+00
3.342430946003209336e+00
2.466008379129506878e+00
2.071637994256195103e+00
2.932640811935713021e+00
3.446078713161256246e+00
3.163350823435195025e+00
2.504376062019821436e+00
2.712422679445762430e+00
1.911286145777366885e+00
2.157165809601777173e+00
3.008588740872518930e+00
3.818845634749685303e+00
2.272090487764147682e+00
2.060067080696533548e+00
2.620230476519846530e+00
2.502013243678763654e+00
2.710304823554928966e+00
2.536194671256945643e+00
3.052947774074541432e+00
3.011947172486559854e+00
3.310427585294695607e+00
2.329750106352292072e+00
2.317206794044009754e+00
2.935003212634358594e+00
2.883920717910227971e+00
2.297139604060142837e+00
1.905043378732475867e+00
3.365404619687292431e+00
3.169484534501180839e+00
1.743487833446387913e+00
3.867262093896802089e+00
3.018274816845460951e+00
3.328725184373514612e+00
3.251586823803135129e+00
1.351642340653771202e+00
9.261546925718685541e-01
2.324226314483919698e+00
1.909628510534396861e+00
1.867807786517102331e+00
2.223121116400430530e+00
2.492914231487024512e+00
2.810591785267229969e+00
2.093171509790118900e+00
3.265172903375750391e+00
2.731611803104051273e+00
2.166268893587326883e+00
2.125381926377294395e+00
3.112186915656264929e+00
3.986792226793932858e+00
2.972406437121084988e+00
2.683088344495102362e+00
2.368325791411236114e+00
3.921618217949260465e+00
2.977987088153010831e+00
2.897133440359566769e+00
2.875925719530577407e+00
2.722390753669365449e+00
2.283042487268505560e+00
2.257813142438214626e+00
2.753152906438424807e+00
2.412304995759075865e+00
3.099654180107840773e+00
3.116125474682922558e+00
1.508531440620938913e+00
3.747390089226300791e+00
3.445202729475060899e+00
1.227343697130658828e+00
2.475479697497419362e+00
2.236633685654519699e+00
2.554227167129898390e+00
2.641857573743374932e+00
2.530657372199323518e+00
2.709483908399585417e+00
1.923415181456360479e+00
3.152315460738712716e+00
2.539174031626457051e+00
3.925119171596464618e+00
3.707914519349685190e+00
2.132228922213420752e+00
2.017465788018903083e+00
2.914152396159591429e+00
2.401191664818240312e+00
2.131949668308807944e+00
2.809606447984958066e+00
3.136938994967552574e+00
2.519233078507723267e+00
3.547184856515043450e+00
2.205512729763293489e+00
2.024180171844346177e+00
2.664292723701953580e+00
1.558996648415955644e+00
3.693477851417997115e+00
3.440537049730555630e+00
2.476322374880760790e+00
1.669345966292782979e+00
2.314481151791397018e+00
3.109697112574915767e+00
2.459729675992340159e+00
2.558489302262016540e+00
3.150652190374152450e+00
3.110028466770764499e+00
3.241316318606034752e+00
3.150836997453293709e+00
3.250864713751121737e+00
1.752490720699547699e+00
2.178102050750950536e+00
2.474546064290610303e+00
3.150399932115675483e+00
1.952789132091360402e+00
3.180561089545517195e+00
2.951577174528407177e+00
3.172054587383814628e+00
2.017439001161170697e+00
2.968285088530630667e+00
2.348891276122060390e+00
2.188867751597152633e+00
3.373321246128830442e+00
2.677971360049131277e+00
2.570948645472458161e+00
2.870870137822896240e+00
2.728541987213699116e+00
2.360091806111841439e+00
3.665404116192421125e+00
2.412440267455943310e+00
2.126742053160997514e+00
3.399443227583614391e+00
3.108758254494351281e+00
2.662401791925948835e+00
1.869575726551355288e+00
3.530815548233528833e+00
2.478126706837465054e+00
2.544304981673404242e+00
1.628220168048865935e+00
2.522383058954549728e+00
2.899279523167197503e+00
3.095238140858158626e+00
2.739252137650774355e+00
3.397158498700303841e+00
2.522489118554796850e+00
1.768057032885721469e+00
2.301233834092150765e+00
2.424438071553991048e+00
3.637596264505013721e+00
2.629309971788071465e+00
2.141087483058019103e+00
1.295312417981248077e+00
2.144455179005274381e+00
2.719033421411011009e+00
3.285543432831145694e+00
1.673932836908700761e+00
2.794796417253933019e+00
2.421740892762141328e+00
2.636600664212509937e+00
1.614459271915793082e+00
2.828179336212751416e+00
2.167295572912753432e+00
2.297068287258446695e+00
1.235859936986347440e+00
3.003916568448438795e+00
1.724006013083155597e+00
3.755296379675409746e+00
2.922579524135508589e+00
1.857567981827874082e+00
2.991183511898328984e+00
3.755146614232623747e+00
1.945745872952250544e+00
3.086461410200209698e+00
3.434266313198734100e+00
2.484848709284136703e+00
2.810943010037830536e+00
2.391001775659858275e+00
2.119851174563895935e+00
3.516820516056098800e+00
3.662537082227641072e+00
2.752836571776029917e+00
3.448480036142783867e+00
2.950564776628872732e+00
2.387304757373056141e+00
3.432961264888280795e+00
2.593732129775026429e+00
1.845243037892533522e+00
3.498667098660788177e+00
2.098158449665253666e+00
2.429943042755719596e+00
3.550214557460140696e+00
3.122955245880142172e+00
2.421051920958010140e+00
4.012565613040736778e+00
3.064086541445245171e+00
2.853691784052124980e+00
3.425012621056732431e+00
1.704264464042775540e+00
2.276366233675498396e+00
2.934823574930196521e+00
2.165031119328830300e+00
2.291463756987337952e+00
2.339992591088297047e+00
2.824301465263051814e+00
2.074406580438195480e+00
4.204015496865554091e+00
3.095626389649723809e+00
2.980932277959840171e+00
1.632978266325872063e+00
1.071016062399163804e+00
2.483143317512228165e+00
2.280854402257650015e+00
2.412618476637931053e+00
2.442395403320665626e+00
1.731592949235060797e+00
2.544424315547599402e+00
1.983200669994569010e+00
2.812870041898425377e+00
2.535739364457715084e+00
1.883506785812752549e+00
2.551112671783200891e+00
2.563577233540789813e+00
2.979979727981837634e+00
2.323569759182499528e+00
2.248533015816865266e+00
3.996739195561123115e+00
1.247415787358700401e+00
2.676103971869842724e+00
2.660738967690575940e+00
3.552130067971121630e+00
2.280776121586520322e+00
2.847777395287309776e+00
2.200700224283772766e+00
2.443323556561644239e+00
2.335898005411290335e+00
4.392460080234293684e+00
4.371402682912244764e+00
3.142994083028132657e+00
3.640115826328491622e+00
2.687022365409733826e+00
1.529267698956908728e+00
3.564387824227600365e+00
2.069547629579568948e+00
1.474624150594930017e+00
3.418479390691091968e+00
2.941961373835825899e+00
3.320868972461672897e+00
2.325959218872053036e+00
3.329285789666663220e+00
2.854618742636359396e+00
1.106983152073683474e+00
2.750688910237505169e+00
2.115207166722681276e+00
2.399868393363514762e+00
3.671245499436626591e+00
1.222544913368001085e+00
2.999937819161528907e+00
2.109695738117366659e+00
2.861772926789491578e+00
2.508145505697343847e+00
2.969311680100090278e+00
2.120670638012504661e+00
3.540212074377232288e+00
2.769366773283923333e+00
2.578386132850263746e+00
2.084344668616630702e+00
3.202337460758053034e+00
1.806568938761471177e+00
1.529503759078002734e+00
3.910979733326171104e+00
2.901774416754635766e+00
3.017312434004780997e+00
2.374774146659541785e+00
3.561770206249216475e+00
2.136535309558381890e+00
4.449493617925746491e+00
2.920155044907639219e+00
2.533962952109627853e+00
1.855152286159341246e+00
2.461055915217201129e+00
2.680092120233756869e+00
1.585197066520878106e+00
1.472923385189122580e+00
3.007251652362871841e+00
1.782138180494540869e+00
2.201510394818617211e+00
1.426299199518762828e+00
2.487279952271340022e+00
3.059602771944283095e+00
2.552145415359049707e+00
2.958232663238241855e+00
2.154078336937707672e+00
3.124426711762042341e+00
2.131864061610792227e+00
1.640181319257572268e+00
2.377650587408487670e+00
2.545730990399780680e+00
1.633420640633572507e+00
4.203354912188331127e+00
2.778320515659332468e+00
2.048670817340815020e+00
2.393060627183893896e+00
4.125427334580463068e+00
2.719623071143489668e+00
3.547580163586243618e+00
3.111335088709849206e+00
2.456003213923199091e+00
3.068061368522739585e+00
2.497707016537766389e+00
2.211253870970400381e+00
2.413139582712449105e+00
2.185258323979332840e+00
1.553622469476786838e+00
2.516698259163295592e+00
3.455786250137130367e+00
1.961305626310115846e+00
2.466708081458534263e+00
1.918008468472491623e+00
3.360627698697520316e+00
3.777635338524571118e+00
2.338768850805022836e+00
2.592649045142493502e+00
2.567420901427307278e+00
2.945025029593835164e+00
3.085728215013252118e+00
3.922117497306691014e+00
1.718827790488445917e+00
1.797446925012742058e+00
1.828920801253459683e+00
2.583888773361886493e+00
2.576977253094139275e+00
2.522367544822915697e+00
3.262570219108317016e+00
2.160432002513231975e+00
2.303944826494350728e+00
2.245350254393732925e+00
2.184620576506561829e+00
2.358859218846293349e+00
2.850410013594586900e+00
2.584094436807800044e+00
2.985592256990838411e+00
2.024376564479758667e+00
1.667707258795102510e+00
3.275079410670493019e+00
2.541629969344922024e+00
4.105323813483606976e+00
1.497639084393095787e+00
3.255132188204738597e+00
2.494725723857361466e+00
3.106398619640053926e+00
3.186018769932083661e+00
1.704155094169094165e+00
2.591058572072663324e+00
2.492559292566362217e+00
2.351080932052600936e+00
2.998462525231139875e+00
3.691622386334696415e+00
2.198028275837558887e+00
2.958552302751107810e+00
2.115099842949462960e+00
3.001236437427030612e+00
2.051678106149059211e+00
2.746126857699647150e+00
2.553069421710157272e+00
3.282498443578651948e+00
3.008607207920905413e+00
1.230158784948253814e+00
2.752408887994731046e+00
4.103447530444516822e+00
2.590352336228309404e+00
2.928916515806459397e+00
2.303751840432153308e+00
1.475240671368771350e+00
1.962640770324874939e+00
2.013301226552677736e+00
2.571064978398480694e+00
3.353036497728778542e+00
2.171377050611998705e+00
2.835868140773028845e+00
2.994829988307252222e+00
2.788083725663386581e+00
2.486971894896968571e+00
3.095297898597354713e+00
2.610302105949745766e+00
3.112474366012104365e+00
2.675414437453834893e+00
2.291555269276560836e+00
2.704108228410532444e+00
2.383036966950831115e+00
3.028109567831272830e+00
3.098776809228707130e+00
2.090667196837464825e+00
2.435694215226411607e+00
3.456042216196890671e+00
2.491779241328841099e+00
2.414855823103868815e+00
2.039375243793628556e+00
1.215176190890211450e+00
3.320166003938576083e+00
2.612434112395693120e+00
2.449496314046174295e+00
2.248728554143267999e+00
2.567857101536136444e+00
2.466402808067758468e+00
1.764351311154626734e+00
2.967076685587851426e+00
2.696488759008194958e+00
2.492256268421717991e+00
4.488525031458141079e+00
2.517071723316532061e+00
1.603815718362911813e+00
2.570569783304264000e+00
3.154025952544296185e+00
2.019495876442884974e+00
3.041156750083684024e+00
2.533082204340843635e+00
2.403665163612377142e+00
2.997152504342032842e+00
2.700495505267224594e+00
3.664837198542227892e+00
2.845562036177785803e+00
2.080510600441136226e+00
