7.199942539374635686e+00
1.106985680282668749e+00
1.112970124795764626e+01
9.277928779353333155e+00
5.514062051243002749e+00
1.498032435611187907e+01
5.499919846567404846e+00
5.669529803603844620e+00
1.038072068640235734e+01
7.954740019994208211e+00
8.520372096249580807e+00
2.066105280476191908e+00
8.110754508064923485e+00
1.379460045829622850e+01
5.222033202726906964e+00
1.043011098630980982e+01
2.108012408339192678e+00
4.290737360277150358e+00
6.314236834596708370e+00
9.220132658919084179e+00
1.291166660984595982e+00
6.533677920850200493e+00
4.687977365140008956e+00
5.239049473743820684e+00
3.085348081954107702e+00
1.460314600706085741e+01
5.373409979425698424e+00
9.694185801812026382e-01
4.473197907820921415e+00
4.377714516042986226e+00
1.344054836105772921e+01
1.095132528416239204e+01
2.897367279175332655e+00
5.966839509671896913e+00
1.014733931836983460e+00
4.713000390001893969e+00
9.694134100526442310e+00
2.778052251212732138e+00
1.211483380407040045e+01
1.234128446391675382e+01
2.463901890981693210e+00
7.684601055694079363e+00
1.551897148885728761e+01
3.071777236051947302e+00
1.024542581992979073e+01
8.704244954333704598e+00
4.506790272327596547e+00
9.727683137728202922e+00
1.173205548772874707e+01
1.099577377058392358e+01
8.709878870796615047e+00
8.578918828874527946e+00
3.510318024682272053e+00
7.600895738351911568e+00
1.953328101321509180e+01
1.487393734811137058e+01
2.801261685643685162e+00
1.241260981659294327e+00
2.433238770750429492e+00
9.868145760748284756e-01
1.035427323935829236e+01
5.672548432772770433e+00
2.151524859038584481e+00
1.536042963744995049e+01
4.025251951489876134e+00
6.204761719496651118e+00
4.157999140860600740e+00
6.133821391319200345e+00
1.515682231144497294e+01
4.755549442960164797e+00
1.057446742650981442e+01
1.146811568336674547e+01
1.395304395398446928e+01
8.952198455370272256e+00
6.761832717931992143e+00
1.357743573989405705e+00
1.939223299926317867e-01
6.940869865948831041e+00
7.981760660469370272e+00
9.688541479019306735e+00
1.687099380201103171e+00
9.262776898423220828e+00
7.807089974083727846e+00
4.292380003832096946e+00
7.733337894941400670e+00
5.644925595966769016e+00
1.363669900956787906e+01
9.170254087525080422e+00
1.606425402211525855e+00
5.883196132904737752e+00
9.828003420359697984e+00
5.169084647642148589e+00
2.161230328584990090e+00
2.550335398087024252e+00
5.826665789259569017e+00
1.272648854735260926e+01
5.412560887780941243e+00
3.076865213336737348e+00
1.258308771194072417e-01
9.562176702613244927e+00
9.944431174576562782e+00
5.015903171508575120e+00
9.547147245561207640e+00
2.392057640993039414e+00
1.994570549425392914e+00
6.758472015747270412e+00
4.743540067511501590e+00
4.222866834717728501e+00
4.422876822226502469e+00
6.493097921126352645e+00
2.783358455974010770e+00
1.077565840944605213e+01
5.774847364313891340e+00
6.061724269412433586e+00
9.289040178613488408e+00
5.956050700682825827e+00
5.933623234604482599e-01
6.273526847466351697e+00
7.921770762880513850e+00
9.970416249314313362e+00
7.757675772413651138e+00
9.185019362717742553e+00
1.048662826357317179e+01
4.497359355244042511e+00
7.293338995656063695e+00
6.388451676003862545e+00
2.091258370002852196e+00
4.210104139377384591e+00
7.069435730641258964e+00
1.331371320738303510e+01
1.212202355553702304e+01
1.261395692633685339e+00
5.487807887606654944e+00
2.761022414224235444e+00
6.270124601990476165e+00
3.935302355762261506e+00
5.597065600094834892e+00
1.404759093493084521e+01
1.145390254204361646e+01
6.545769854052160497e+00
6.270957551086254078e+00
5.003449508055255457e+00
1.168377239887970731e+01
6.964068079096003672e+00
1.044791990297797568e+01
6.706345716296742587e+00
1.008057350751359316e+01
2.386439684521926896e+00
6.901669189557098072e+00
8.687654628184359851e+00
8.337795624715376164e+00
4.817901535481469821e+00
6.953248914200975683e+00
1.227402901278921821e+00
1.039387986409334097e+01
2.556529617459723625e+00
5.804859982980620003e+00
1.247568423063083110e+01
5.327193938169515697e+00
7.642162622502672420e+00
8.993429253309175309e+00
7.359717691368494741e+00
1.145555419588013812e+01
4.367818117451334636e+00
9.590289513682801470e+00
1.123357476783961140e+01
6.744589709727629945e+00
3.609759228569496603e+00
6.867659322894285268e+00
3.986010450588167942e+00
1.071800648021670099e+01
8.343648549377810753e+00
6.524154488019791032e+00
7.209456576214027912e+00
1.998659656617395441e+01
4.938733496531767742e+00
6.566178294151892025e+00
4.664542301616359410e+00
1.002792409250961825e+01
1.402755864100815764e+01
9.967278382685410776e+00
1.111022348340805443e+01
1.397467523820078128e+01
4.933245896824330678e+00
4.114459990022748315e+00
5.849401753020911698e+00
6.557682301176089856e-01
5.095678091083262196e+00
8.809268094136559313e+00
2.851175815140526204e+00
6.006444138251897158e+00
1.002470290392642482e+01
1.435177399318777702e+01
1.212445736962716047e+01
1.289485824541008618e+01
1.143088856496461325e+01
1.222797334385009727e+01
9.731727856709648350e+00
4.531956862330786429e+00
6.674740996952337468e+00
5.753050559136824837e+00
2.334690701345857544e+00
6.673856060801148793e+00
1.191680143484926369e+01
1.788352625852413835e+00
1.004590485724096638e+01
4.213745734255551767e+00
2.258403150358629485e+00
7.985411546024799634e+00
6.663787326569501346e+00
4.400623098970264380e+00
9.846178519097284365e+00
7.460994381452183966e+00
2.230625334726633824e+00
3.886862629441168782e+00
2.944498206661021467e+00
1.076132917024755109e+01
5.952877075888286740e+00
7.119691052040136192e+00
8.526770214042427298e+00
4.296372627064064531e+00
1.353526881595463749e+01
1.098987719036433930e+01
8.721509933322526109e+00
3.594568879728583521e+00
6.889696487308050621e+00
1.231886698695160298e+01
1.024708912555596108e+01
6.200608849046570503e-01
9.890413820614231355e+00
1.041619632566933262e+01
4.208109903494652748e+00
5.807144458053076441e+00
1.746766837730220567e+00
1.308338604623210344e+01
1.013383077611680783e+01
7.859762910345954978e+00
2.449640534218351817e+00
1.142226425000473000e+01
3.801592690799860730e+00
4.037424112904459683e+00
1.185600368692969475e+01
1.491364348885950708e+00
6.490728438867368943e+00
1.274120343727680238e+00
2.061143067597205558e+01
1.027870492037175332e+01
6.234507150431510603e+00
5.529990522386122542e+00
7.743265563945201713e+00
5.414105960018085639e+00
1.886603917111126183e+00
4.079279363340416964e+00
4.535274426918877388e+00
1.403049915968642125e+01
1.171542576884724873e+01
7.674858663225253785e+00
5.784474376540145180e+00
9.458582433697236169e+00
9.993711469903708178e+00
1.071302602124226233e+01
7.129119535361290616e+00
9.270261581636210835e+00
3.938700175463712316e+00
1.972423214594244456e+01
8.002408337738204480e+00
5.068646149086781350e+00
6.765578196336024419e+00
4.727586715321344890e+00
9.100726589872728312e+00
1.329518833725431826e+01
4.244158655978629291e+00
8.270060469796161939e+00
2.556836358805238518e+00
3.344478907462707706e+00
5.631089988634675692e+00
3.958322194467368771e+00
1.245972255880443669e+01
7.755335735184250900e+00
5.007115164913346739e+00
1.198659986486139672e+01
6.476887623220261681e+00
1.078633401164337435e+01
1.144149812087960072e+01
4.357074251759883055e+00
5.631941189977180073e+00
6.856587905864818033e+00
1.620435588177796760e+01
3.178745147737427335e+00
8.335061244630312061e+00
1.036023563089063693e+01
7.741829692166372290e+00
6.450470168680562111e+00
9.590078245628008702e+00
4.258928550250764111e+00
5.120960835081315388e+00
8.516522893849365339e-01
5.281889628598808173e+00
2.963539058023168860e+00
8.773416954950885582e+00
3.714724203827929561e+00
8.934705893492367323e+00
1.676664440376174880e+01
1.730140685393947209e+01
1.026948314930152684e+01
5.232968651055859510e+00
3.205335184815490734e+00
2.930635312826138428e+00
4.885354542430213165e+00
5.452981730651996983e+00
8.168944238022811888e+00
6.157671214837961315e+00
2.664233393807006856e+00
8.817103716089855325e+00
3.995868936550867279e+00
3.199818056695968416e+00
8.386194875446605579e+00
1.033925323089630410e+01
1.093914196637691560e+01
4.634865276555486524e+00
8.265241264288505363e+00
5.602499423737694606e+00
6.961015987639599167e+00
2.161989412191938964e+00
9.732973782485617065e+00
9.734796413458541409e+00
1.075757060804969534e+01
9.145371399556536218e+00
1.449668217129798009e+01
2.373163962345632871e+00
1.099546611772756499e+01
1.095205206867380809e+01
1.499702295323385837e+00
2.173994907978086477e+00
5.213972711002580418e+00
3.368571765464112300e+00
9.730864142446874254e+00
3.920268501186476851e+00
6.444923129166379105e+00
1.866836210037600363e+00
1.771396751383774282e+00
5.339508145873467448e+00
4.116227416257438598e+00
9.448144150975709366e+00
1.125766780962126923e+01
1.132744191351206275e+01
6.980411378202631134e+00
3.847192364674679954e+00
4.965187044687175089e+00
6.461979990422091369e+00
4.660377171026545362e+00
1.100649006334806757e+01
1.773181088037365738e+00
8.813062795549662098e+00
5.546208035857466356e+00
3.302915200272101615e+00
6.131749444964636808e+00
7.870902278255522688e+00
7.192357447184796193e+00
8.885003199490977721e+00
9.067012814178026403e+00
1.309767294410319316e+01
1.829408902984663143e+01
1.706135690622675893e+00
8.748663874102451388e+00
6.038950236895882284e+00
2.763748484266758343e+00
4.216869479413447586e+00
8.963885344699296098e+00
6.370428363145151707e+00
4.729230283042284988e+00
7.207890682635999191e+00
3.682072644924980764e+00
6.549871683705651648e+00
7.553557481319853828e+00
9.616740944508178401e+00
1.050772269296972361e+01
4.340126703820155640e+00
5.618636419639349455e+00
9.840703653555092245e+00
2.018050815997082026e+00
1.359471517807938845e+01
5.100879014185600191e+00
6.219465024649730722e+00
6.266297462672368646e+00
2.901604699701474388e+00
4.116545724829887121e+00
1.322365273024221910e+00
6.453005300767979513e+00
1.092548247198739730e+01
1.190187703702727440e+01
7.205156661457467138e+00
1.040237025667797788e+01
5.365386234387383269e+00
6.618488524760337555e+00
9.483666092162152950e+00
2.427334757217888939e+00
2.964358425302642708e+00
3.658317785202195971e+00
5.386296704867928220e+00
5.607966210984270283e+00
2.653023412038756579e+00
9.748258493457349516e+00
1.660736307256452715e+00
1.286617958921846316e+01
7.979332360048088546e+00
2.169427090508732281e+00
9.432788995594929560e+00
1.169217872796124880e+01
4.192571678971887650e+00
7.075360788074980256e+00
4.040146590578052255e+00
1.195885424750420079e+01
1.709477789979198192e+01
8.455348666412785263e+00
9.807405377821929449e-01
4.755830441711381695e+00
1.409116059166361401e+00
4.667612712997182278e+00
6.289039110955964240e+00
5.414101571906050125e+00
3.313795027968644558e+00
1.008231923643064931e+01
4.339430461411758699e+00
3.500374875247701745e+00
5.040116049916665730e+00
4.103926052497362420e+00
2.803878445049975188e+00
6.184801422216947842e+00
1.055069195707427099e+01
2.535417617714419869e+00
4.054644516616313865e+00
1.207967320079099593e+01
1.016980534262568980e+01
2.253266208442656904e+01
6.930521439199019085e+00
1.912639430788564354e+00
1.553928003166374872e+01
7.004945629441052368e+00
3.746399804613874895e+00
1.232229598887172806e+01
7.973400665402634147e+00
7.886152291567272599e+00
1.218803161264484203e+01
9.778705466005419566e+00
3.636391612333328638e+00
6.805032963815770941e+00
8.426955725578814338e+00
5.646302390241472402e+00
6.230645076780699121e+00
1.541586374637150136e+01
2.965916262038444273e+00
7.134920951294124514e+00
7.385567596022679204e+00
1.240308222898215718e+01
1.506113967251469177e+01
8.849394435823725757e+00
7.539158749474615284e+00
1.009762132113816513e+01
1.622978115290063750e+00
7.666359553613530942e+00
3.928780630989699318e+00
5.870097638501613702e+00
8.994959299048606027e+00
7.261624284082968117e+00
3.492281314045969864e+00
2.438283946488501996e+00
1.197460783767256309e+01
3.391874690952358495e+00
5.839247909375363754e+00
7.318530826777193354e+00
5.489564423507072854e-01
6.829285067719559343e+00
1.064493308657586290e+01
2.782230202939220742e+00
3.111332997618718288e+00
7.739060304367743726e+00
1.091332147214626147e+01
4.276116725185956646e+00
3.368372467794938263e+00
1.149577551528876995e+01
7.831209396816047885e+00
3.598250688635936001e+00
1.204704334670138266e+00
6.494123326142316799e+00
6.676970879524859903e+00
4.668804072302958019e+00
4.047213406666503310e+00
1.009549612971950872e+01
7.465524022270650484e+00
4.819776467446851953e+00
7.663860775615916054e+00
5.415311652215865301e+00
4.775228618575718897e+00
1.130484921173327528e+01
1.227823460821243984e+01
7.435637477614053026e+00
9.911959656799067986e+00
5.717006201490326234e+00
8.452687734477997594e+00
9.295457413951785597e+00
9.917486714378441093e+00
2.521876628067619475e+00
5.728094454892846521e+00
1.428830372760351519e+00
4.618791971145684627e+00
5.232314805079741227e+00
4.998594579729880749e+00
3.243829969529338442e+00
3.526067551208780682e+00
3.857912608828941714e+00
1.053605947403691978e+01
9.322393692916808305e+00
2.641080162935836473e+00
1.823301849279344111e+01
1.185196282781826405e+01
4.759327225331467126e+00
2.735752290678907350e+00
6.046796785420974096e+00
8.893855281884032848e+00
5.941881410294147514e+00
3.180334893185490230e+00
1.362566617504439748e+01
4.585158489691550265e+00
9.396169423079747673e+00
2.926024485183578716e-01
1.371264260491299680e+01
1.088379805858162186e+01
4.527943498799384514e+00
1.119879965138489730e+01
6.156509419431773544e+00
1.160879799722564609e+00
7.834999600839536171e+00
1.069441209325022690e+01
7.034135102761870151e+00
3.513259984221488885e+00
4.815016242203311592e+00
1.156377552790270791e+01
1.039635036432823689e+01
9.750481606513901056e+00
5.060400583217460557e+00
1.078464852834561327e+01
4.413865589537525835e+00
1.205594869059576091e+01
8.111968126141739788e+00
7.474327344736056311e+00
7.591102756419676467e+00
7.666886706123682060e+00
3.795487429392195633e+00
7.029845098219305477e+00
6.624179283204582269e+00
1.264597388559757540e+01
4.640071234270977119e-01
2.030562005047091390e+00
3.546238230322354745e+00
2.902593793482846962e+00
5.471385977489206631e+00
5.398906404591575559e+00
1.526369294739890847e+01
3.550697090617489948e+00
9.536631713892031570e+00
4.476809403285751721e+00
8.452409289792024438e+00
7.217484974236097806e+00
1.223021719227748427e+01
8.270136290924108735e+00
7.441373528653618230e+00
2.923897059305608614e+00
6.896354628533862829e+00
4.537874436958089674e+00
7.501928684930596170e+00
1.245861455693739117e+01
7.870057859627491048e+00
9.774380045123482574e+00
7.261376840684324208e+00
6.859951494533275351e+00
7.758493903233770084e+00
4.246212505182218599e+00
1.604851146753585667e+01
4.473620750553623182e+00
4.416989388548713258e+00
1.812653897978808937e+00
1.344667796675999227e+00
8.719963580050503538e+00
3.096618094533857946e+00
1.096155707681705493e+01
3.432177718516339571e+00
4.256567079140324061e+00
3.176654076009081784e+00
8.955851995017406253e+00
1.624746409258686697e+01
5.598681962837483539e+00
8.963347413060770208e+00
3.665820963454221815e+00
4.657682670128082236e+00
1.515256173384181171e+00
7.704834622693610413e+00
7.088448623789669334e+00
8.055165863164361895e+00
6.229109390634087973e+00
1.172090392826060956e+01
1.159713524184655675e+01
3.840833130097755621e+00
7.615025472933159456e+00
