0.09418255963952143
0.09679527619413947
0.2818073099212834
0.1764451161375318
0.2654223523192183
0.13958987755650823
0.12415212947297007
0.05770778523757039
0.15814756156453813
0.09485216796582789
0.1494380886215405
0.07881736555037701
0.09562357825553953
0.1774567888698683
0.18016557619448353
0.21092401784506834
0.17585371936095248
0.08640814312349165
0.04797444429456752
0.10471650807564846
0.0924610866740031
0.11238251129953135
0.04994060411350052
0.07313378940588869
0.08751618242191823
0.2419683697825111
0.06934242187652209
0.08090957993787265
0.1675651384333098
0.21487769758300826
0.11571892010926357
0.10474403201176037
0.1215552018610924
0.2471466664921757
0.10927862598959644
0.16698463941186348
0.08903701307192739
0.1264955074735867
0.1329073333136152
0.09717114679556738
0.0948557678398537
0.11673037823101774
0.1031969212008997
0.23049125061229517
0.15125333054467943
0.24584261239593733
0.15860850081770508
0.15005335349086302
0.09566581331302748
0.0722298850927829
0.09784613690359567
0.1802764532622648
0.23219391990795796
0.1103439045340614
0.2321735152302714
0.11259053170246008
0.11199827489941477
0.09490442823445756
0.0688652735827532
0.07576652827757722
0.16513137461103147
0.08280332375751921
0.209824742459636
0.11137039462692064
0.05893073423594566
0.07075186237460429
0.10843981589582159
0.08682027002446763
0.13953301634845336
0.06772350464812246
0.1331682133036929
0.4381264234845795
0.14048583559086048
0.1262240868558242
0.03652985551622912
0.11886921984447735
0.14485602046992213
0.10778323685050921
0.05875484567167143
0.1903290335554874
0.13427702993123322
0.2714879324797022
0.12459138273804554
0.06310600696925024
0.08589322133204788
0.18849618026569503
0.0837515647168558
0.08834199252608077
0.10252923708186372
0.2303965877616185
0.09995997277349049
0.13673596020468262
0.2180779333605953
0.26860119626434226
0.13598171011032542
0.11772916993003338
0.09019915820976589
0.14428063951183556
0.148563982975766
0.25556539808648154
0.1510519780523346
0.19647666086827556
0.23885405537394908
0.13388412668714433
0.09820924218451163
0.11307496651110652
0.148304895857548
0.12738200982579892
0.0682675950033821
0.078548236865452
0.07842637527898642
0.11122160890087049
0.1450658691540478
0.18552739963160705
0.06329212766964874
0.056977148807804204
0.19566447169898712
0.12025576397426534
0.1224850941583537
0.21892857483765385
0.1390444723972025
0.08669374275588239
0.09950890670329861
0.03873879207892849
0.16798353940606298
0.08567605726605075
0.15416308381769658
0.06582417113014274
0.11506058569327453
0.08819866913270974
0.2061448372616824
0.06016288587455984
0.2612015384939479
0.09288961004289241
0.14897504614677612
0.1123777765254168
0.046960907311673655
0.20201591037493857
0.18347421944992406
0.03521937231940052
0.24575064012575204
0.1458628191178738
0.25455210824799396
0.07575298000373883
0.259659656720848
0.058282695144723555
0.12483922183343497
0.11239936128133557
0.13584899815355383
0.10579946297272827
0.16752048860693022
0.2163675965328476
0.15111091480989627
0.2125883465082587
0.03134213397599306
0.04974133228734634
0.07729163904734113
0.09260083266142614
0.21390385640001902
0.181874312458795
0.09171685636801634
0.09018767268033476
0.0876732411575392
0.07659459959112422
0.18140504840888177
0.17098909128290377
0.046423467330743304
0.06607635742147643
0.19992345160287048
0.08490685302637026
0.10746097172008343
0.08712780901045736
0.0679868828840861
0.2718880716573836
0.08600564040118926
0.21232792422768026
0.04361912031180349
0.24147526167125408
0.12308934662226668
0.16466301302376238
0.1313666034627069
0.15881727321807956
0.18297714839627677
0.1937566096641654
0.15842223502171787
0.17970416481537366
0.11362039276905504
0.07438186388855698
0.06119180343294315
0.20665482687202527
0.027954252048143967
0.11424697238163734
0.11447590917399375
0.1337588644637587
0.2104916400434829
0.06719946324922325
0.03451355504305795
0.2290407523576606
0.1516008006176135
0.23712145542446747
0.08124350155286637
0.0864343942374722
0.11022220200835556
0.2938257666969161
0.16967595753120654
0.19237389182731268
0.13357230662951336
0.1856244885367315
0.158423282555415
0.05633113292551376
0.14298633420315812
0.2408410588835123
0.20263932577404384
0.12591264392875193
0.1484829661885317
0.10629662449866284
0.08494846099668851
0.12690658282375036
0.19748514129467346
0.1763490660941343
0.11601793269075653
0.17565937380940624
0.04585466682538323
0.06875233841706223
0.12629143156081674
0.2734206596878429
0.1446769398999713
0.16337744256088535
0.13128751239935676
0.12769499591651154
0.0978924215365069
0.0871180101280462
0.23716595744877017
0.20687605692679895
0.13016952871694512
0.12987995388065007
0.13702736658358788
0.10005885115265208
0.07552309049753672
0.0970582086228798
0.164532242979511
0.0864583118370104
0.179814517930632
0.10544669245580211
0.059419799584291146
0.17986196849958005
0.07824834925019285
0.07750245252773469
0.08825186689139658
0.15299537771357524
0.06824742121872505
0.04131459194359934
0.11742871219869909
0.09263388544319866
0.07386378574717196
0.07873237833684635
0.08717902620283634
0.23503647934638905
0.1608252131879813
0.06880614240163184
0.13690535534516055
0.14931217754539014
0.1017897640255799
0.04312145114628817
0.058607552079895764
0.2109342843086094
0.12512804328798877
0.1282100240740435
0.11412350114323543
0.1220960283074324
0.13723061537608375
0.1126216147371463
0.1817041898524303
0.21638486574204738
0.1591331200486314
0.06398250138449373
0.11933591164192187
0.15369245867643316
0.07530134281175374
0.10853347726707314
0.10747670209800829
0.24139558308332243
0.06862266126441884
0.06920033769277449
0.14645901103888834
0.1871531072358134
0.12028288394741429
0.23679926659089298
0.09601695795011782
0.18768068040015035
0.11297926217741745
0.09025296244606651
0.055599498682800626
0.0998759446643554
0.07396036919393661
0.16130297669552118
0.06641249416952826
0.10508706155199406
0.15884520519438994
0.14661445036768256
0.1731399276851545
0.07911692435071865
0.19136520865656081
0.2132126310192184
0.12314248971512357
0.11171560534412986
0.17699542546829114
0.050301730271060364
0.2286694806113224
0.04228795248912745
0.14462646841759128
0.11597505511805485
0.07203489747145819
0.10995505268996954
0.12958102283843806
0.2609734134662485
0.09528218086503717
0.09984138940265042
0.08507239645043768
0.15982659834954688
0.05544362745311506
0.0830151292976515
0.1791883953082496
0.2239425409530231
0.09199056467983356
0.11156719601085562
0.07241083898359016
0.11979431183613452
0.10016685214734855
0.13853477527791042
0.12522962777448995
0.13661972773993103
0.09253628087697438
0.1115318418011003
0.07131678397361337
0.16484592574134443
0.1528546041011333
0.23933359203409577
0.07060393419593514
0.11215062072708479
0.19125642945934396
0.21336999234424694
0.19471386905028287
0.04416462475417395
0.19190131991463008
0.03547096532205946
0.2266636470719303
0.07675766284851508
0.15681947884347186
0.07917415737166761
0.04825392145288232
0.24792409339296442
0.02976951985823332
0.16784237240270286
0.07052237951085107
0.19217368089746462
0.17814969970457487
0.10220099522281323
0.08918596719924823
0.060105509963434875
0.1790143417619215
0.16730068120355213
0.12069506100290973
0.10751077220700699
0.16384820856000068
0.2225801943678203
0.14944315226132018
0.05440376153599297
0.09922715014744
0.09499986606642866
0.1922710614272046
0.08616140421636365
0.243340613262063
0.10984395046384794
0.11140382436631259
0.22238690132055847
0.18532575612984667
0.1189685744306834
0.09034393582730481
0.12337418286138087
0.18517970040986773
0.0641259351991113
0.1014261163635249
0.08812093021604903
0.1350857734771826
0.12554318689588573
0.21118387717245057
0.14534893620498276
0.08914622890696923
0.0888900784130854
0.2665748573800806
0.18751880034319146
0.172500968236595
0.11690577569769606
0.061466072611220834
0.19663272792625028
0.1594079634653122
0.2156594038834084
0.2105805331527077
0.08583256523572821
0.07934455586380992
0.24940442548089356
0.10160233952936133
0.1828855363151454
0.19576015045371095
0.12354357901198094
0.15348449332338363
0.08621327789334891
0.2031941123761702
0.2369397964056047
0.10740149117484289
0.06211877469163703
0.1500167714531321
0.0779306454341996
0.15411782967802834
0.07036945374016518
0.08426336751221752
0.13151574561161672
0.19826179996340015
0.2242205552492249
0.10039743632006845
0.09102456002556979
0.13284453572191854
0.12697284273378742
0.23773636099150758
0.11770682715680476
0.15213765242774566
0.11906457289208001
0.11990523146664356
0.10543943262465903
0.12111010914779761
0.13693307991439763
0.1848261552600335
0.13242001002834405
0.3708103458463451
0.09617840664315021
0.1333238557090686
0.2187212485504374
0.09722921821725315
0.08004581564738038
0.18755012726241688
0.08334171152942295
0.07110294239551541
0.07150852168593964
0.1078068664937402
0.07969177815466878
0.09753695691195122
0.09060462358289036
0.03228950029194381
0.2717214228408822
0.1594467132251579
0.15054469486129665
0.08666749075292014
0.07205033884594439
0.22601626093066582
0.18122848409422135
0.12636737827865602
0.09886600998826585
0.057404109067183726
0.12251175063208324
0.09924896924303346
0.1515298058622416
0.07844219055274036
0.14085077047472308
0.07699835726500039
0.1573634646309832
0.07145918369492864
0.07745148918582567
0.09903372115939003
0.1945516500597061
0.07264636910342709
0.03304987315839953
0.11405466980423844
0.10069009131499544
0.187753351760514
0.1410530058110559
0.2340847438573425
0.31791793601485985
0.09612020655055457
0.19129873367745057
0.09521497640429505
0.1169978604090897
0.11518025960433499
0.05426988982290736
0.05759685121179011
0.07892938194645763
0.048983526261341115
0.05004089215431482
0.05851987212752784
0.06255066555519068
0.13886926715157802
0.04055631385829146
0.2574641548464273
0.12840042577815372
0.1571841983857893
0.08134965403517676
0.29556304172603964
0.06395351858381465
0.14948713863918323
0.06879176568615
0.2739236423607859
0.17306096537311855
0.13296148644700648
0.09561205909065122
0.039664459750244574
0.10214685607516485
0.07460157983183771
0.1368333658116541
0.20105334584301426
0.04385480467831033
0.12416717860255135
0.19648687848935958
0.1343868831403377
0.03625890975450551
0.1269835535182284
0.08187295476521535
0.10543172752455353
0.12328017502389166
0.14134330008328816
0.08134752077191805
0.3260265643720323
0.286710598722104
0.2591064141640046
0.14014403288030122
0.10748219609972069
0.07321704376931074
0.14182483482524416
0.04051841834001631
0.11167320918777608
0.052301041076170174
0.1585222077010346
0.1548451680058992
0.03923253784080031
0.06437516479055301
0.05106587461599343
0.1691740025826593
0.09097610874789876
0.1479641504988456
0.12644354800302238
0.23685941021848045
0.15802135121581865
0.07205694642131728
0.18144027992852474
0.1307595261038181
0.1610740895205048
0.17667108282196933
0.1302839209696203
0.06797007103806095
0.1636359374802936
0.15338405067469393
0.16982957148531555
0.07172072197700935
0.11249940833575917
0.20820730688750677
0.15309619124179505
0.21056175839483696
0.04841661075877117
0.1623550293891082
0.17294288803072938
0.03138873877631945
0.10151633128406996
0.14420723000637464
0.10829125283705394
0.21606140204814167
0.18751976605283902
0.14694468812539185
0.07055599936825607
0.26230384107729954
0.07150731251235419
0.0895977231789179
0.27926268055718234
0.297589443911458
0.059320276685831015
0.036281789333614305
0.20999183703795513
0.166401992234138
0.21489407167525865
0.10175873159166879
0.04282859588480966
0.10998078764793397
0.0829856647074139
0.08156634256475429
0.151454816126238
0.10029976204737484
0.12851594668139013
0.19944689494772444
0.12792842305301255
0.09710366733947964
0.07154614563724865
0.11496990406238763
0.13930933038148952
0.05706303174010475
0.2050714323788918
0.11319046249386766
0.11280455113658523
0.07898583530297411
0.04077932223873319
0.0990934847474209
0.10504617110961881
0.33607275562305156
0.1576574916481515
0.22765743192921584
0.07719873107703448
0.11099994864425648
0.13193641125489822
0.11796025658562086
0.04976015225229149
0.0611631301387524
0.12478107157342459
0.12093503088861687
0.2400968160168987
0.09854704545343383
0.09883885970945648
0.29002610842785514
0.19349784183360821
0.14492637303424993
0.11503700786830248
0.21336078258941024
0.21464115601294628
0.04739547735662248
0.16782175306159958
0.15630200984262488
0.18999444886017797
0.27382683149209464
0.05835972996228454
0.10875748641255704
0.04869874604002959
0.04968398678108693
0.16890647277883866
0.06720442852022818
0.2632462089003595
0.05835875206981616
0.1330533265209345
0.16440904810282062
0.15477508431653186
0.17092021179963218
0.15107898053588836
0.1180846729962828
0.12927878572567675
0.14501925590953682
0.11158315165745782
0.21837446366202193
0.11311971639733247
0.2868823810206569
0.10516945014162822
0.24790439081143936
0.11719039157094403
0.07651836003952554
0.2066213774974621
0.16789300016682873
0.21393090470868503
0.11720159756234622
0.12205617788969736
0.31375361423972964
0.032588804176712415
0.14567883232751339
0.1416822976270064
0.04351216485819408
0.13299063464266322
0.04050515068014657
0.1099247826620047
0.1562327782390921
0.16370044844466855
0.0936474894542512
0.11283869448543567
0.19939844270105844
0.06085093812698604
0.10185888108324649
0.10281718550688458
0.12046976258757533
0.061280836092173656
0.11596777447093058
0.2243410263734067
0.07636744161853219
0.13719009884524172
0.09805728576233837
0.07674809726379234
0.13878017000771412
0.059301793357521254
0.10460044804663551
0.07663946262786966
0.11697046652966736
0.12184511088605222
0.20969641642608575
0.13003888211425219
0.18448860480622306
0.07317331163515538
0.15656053946351475
0.2206552469748975
0.17056536258450244
0.20758193161927896
0.18253573018698882
0.044865366609695125
0.13628447804896118
0.03583013524227519
0.2805104179125242
0.14568992669259012
0.19370555010780055
0.11317862352396242
0.11746789085507882
0.11542080522814184
0.04636600609071443
0.081348043103472
0.20622038716532756
0.30282273332387816
0.06711813875076311
0.10068746043625476
0.13519458527366013
0.1298862807157649
0.06565429615118754
0.18621687371258439
0.1776988998577431
0.19735632442906412
0.11416130080971675
0.07176939070802736
0.14641566338618578
0.13554269873780586
0.19154780350693618
0.15040155619525256
0.042154073948866756
0.24613808337035106
0.2527952101967258
0.17375138988589808
0.1437322066248608
0.10984384993981423
0.18842357080393093
0.09791649569710795
0.10049087699012356
0.15758039101389176
0.08800025249904614
0.19800840413646462
0.06660485757700035
0.1080802789865683
0.08062028016066021
0.1056969773840806
0.0687718334547874
0.04411310673198553
0.129930828444282
0.1591521767648063
0.11853221924022259
0.22270370117308497
0.11690818153245147
0.07503926611509515
0.23723362448387042
0.11615632863883585
0.06941077634919422
0.054640417861104296
0.23632670056877522
0.10929611966671397
0.15163789275216305
0.2214731432353592
0.09683842410177856
0.21969999585982083
0.18223374057406164
0.14878464959603394
0.10026645261094314
0.09957327828070864
0.24313614416007323
0.11881672008725529
0.10258020208970578
0.11960869355949315
0.12886671009602946
0.11131629312579312
0.15535702196533022
0.09377730330262271
0.1168555320297389
0.20583887684618649
0.14664497588011985
0.09684798652638449
0.19313904823438083
0.09991465711352315
0.16106422793409023
0.20937538588736146
0.1046310544194925
0.1897345024568224
0.07359005756512005
0.26491867767326516
0.20264589738239577
0.296342633169183
0.14885878628853436
0.08722779409191346
0.07556939577799865
0.0604129329742498
0.055592945988686734
0.06490936502501007
0.12059755369990799
0.1149674218348781
0.06553320748595674
0.08873107618714654
0.05503386708415672
0.051680999301415786
0.10787016289491558
0.25842100900685544
0.06810251428531044
0.08779314275136639
0.16951519494905437
0.07122244410805738
0.1799101407351559
0.15976615936487637
0.10913407402951614
0.05096909848705069
0.11746691323431348
0.1600804511545634
0.20635510569391446
0.11890462263066318
0.10482146482300929
0.10114055247489596
0.06919222568075867
0.256113557900508
0.20919553489034898
0.07829875379519662
0.09083074811931297
0.18371752254135193
0.06245301301311071
0.05841863970280984
0.2119073965275659
0.19528274941860668
0.1566969348834225
0.15658869265212563
0.09256640194144398
0.21401714973726
0.25256412759264674
0.22885475551176582
0.15406731659998807
0.1304058519637776
0.06618109054322086
0.2007340220539454
0.0835519024544254
0.11367137677121707
0.07398261334203766
0.09969833549494755
0.07050419561872845
0.11553431120182937
0.1220565882108056
0.12203664548846332
0.0754840023164107
0.13315945225708312
0.09154545225379378
0.19514499310485742
0.20597507397164
0.07793177668585186
0.24967627703323703
0.10057300673361871
0.08271977811121341
0.2094925921034832
0.14321199222760214
0.13947930140372744
0.04249849651944632
0.12549411344428932
0.09720960710687568
0.15588616743296235
0.20386896782174876
0.2469357857199402
0.1955121742298936
0.15006927094033987
0.13254625346944923
0.20700178568712396
0.19399374891336302
0.15008085884482045
0.11324192275943892
0.09392208636674454
0.112497670279806
0.09606313058594386
0.1395171300731211
0.09272970376803266
0.0805218512146015
0.06269018085194787
0.06445594723417376
0.08982458494012206
0.14870717728056515
0.17236465635186465
0.08140371373493156
0.12608513481292802
0.09298617577968692
0.06324416823316824
0.20158775706737248
0.21472200422564514
0.11048836412995498
0.14476711754936558
0.07453888627622764
0.14679773580656016
0.25309556750479295
0.09962560106830312
0.0985517939412015
0.1055904989725953
0.09541054655494988
0.1270475544173433
0.08440375848543615
0.07381381433691357
0.22379881346327937
0.07599273298393493
0.08174971841974711
0.10300205465047507
0.16980035039831856
0.11573925456975123
0.18578056493373568
0.06920231328800833
0.09257810849523967
0.09509385762351012
