0.39295803681976593
0.5062943133046629
0.4287072076748869
0.5035818201605036
0.318129869403062
0.33257021639748024
0.3156322510126448
0.4664791990867727
0.4862629523614536
0.41890948549525453
0.39957493145066814
0.3620520521819675
0.2750710482679863
0.39568052358830325
0.3394960371748448
0.31670350012148735
0.44171076893870775
0.3415876490855926
0.46901268890114195
0.30777113815518825
0.24116309399316468
0.3352760569861963
0.3563496626771034
0.3548871381512533
0.3326029894561584
0.3112164845397773
0.5216160359487618
0.4239443823705716
0.5174206418929385
0.4334658493894267
0.3106582164618162
0.39024865622721067
0.2526650342892279
0.4015641269981187
0.3482714003075323
0.4181785764122835
0.4183624635615088
0.397056718432935
0.3906332334465991
0.3578092449030944
0.403140544904661
0.3344928548646348
0.271560751612113
0.44142998565056946
0.49085386406713266
0.2790520439899186
0.3738644072238349
0.2402093265560268
0.43792595081646224
0.2954505524399102
0.3967597799354798
0.49653466149500447
0.5199389578307401
0.41190602310042357
0.2515150831363135
0.3787715019042666
0.3055035144269487
0.373132906279869
0.4398298491379991
0.31607667179360843
0.3337758029671152
0.3445478178349489
0.45836294381063597
0.5730518972561337
0.4655167228770778
0.5098611224230146
0.3897839355888079
0.34005365632028395
0.40140583365271915
0.4498652214920726
0.3544824925016501
0.6957088316559199
0.35032351250983457
0.3874151898968118
0.2980951585168027
0.5033410586513313
0.3190306284424986
0.30913186356732775
0.5316254525372969
0.32425846214040666
0.4473120294803136
0.3230192991087465
0.34191172318533664
0.32207655002067254
0.3621156685014843
0.31988755482423026
0.47287305905730437
0.3618259211306821
0.37006511641141576
0.4213223390834282
0.38355863645981
0.46914959938807155
0.6954580760850004
0.5694866368454975
0.3127158049858295
0.25866589143097835
0.25346265840148263
0.3610064766960593
0.3972428327295608
0.39581648658031204
0.3609914976572536
0.350571651856841
0.43453895667475556
0.37602057647271614
0.33204263715970905
0.31799046163115335
0.41101867235292117
0.3184910754190923
0.3362399475462604
0.35302139104279456
0.2845837493779162
0.4315860731338411
0.5866786898889588
0.3788462393405792
0.34734833069916127
0.32359845288625133
0.3830240581323422
0.37111631309141907
0.33221437709713325
0.36830414566744785
0.35135913755398757
0.45581534358564063
0.5355164845294826
0.531905049713082
0.3411215299665809
0.40415621265316537
0.4091196928138966
0.4136236459627866
0.35752860529545544
0.45560369634950276
0.501548170638287
0.3060099764281049
0.3767378747564218
0.3583958483223709
0.3323769790408912
0.3672751776448972
0.3761485554696058
0.32173392059160083
0.36047086233080794
0.3267035748769974
0.5280136941601753
0.4373582828051037
0.3026902798194422
0.3340276663092623
0.5369196894691081
0.3559643347684568
0.3989627293247764
0.3284704599742374
0.36819393002005985
0.3843319024125364
0.3895159696540864
0.5491436471448834
0.3438711291709109
0.40193613542865864
0.4357634565199325
0.2727242936417068
0.289321583994228
0.35007594242131596
0.4904237233985615
0.4626915096268627
0.25842174710409255
0.39057949105270806
0.4704369815132788
0.32164173249211525
0.3502630694627141
0.3301272958299212
0.31825735824166385
0.29586089682407
0.27923198694876794
0.28684572432798083
0.42412366005242014
0.4105446194271554
0.5258812057113108
0.35438417857620547
0.4481660741402569
0.5060051417050884
0.4107550282481428
0.33149876857491417
0.32010110738301517
0.4072740214974003
0.3679815582278214
0.309261882198215
0.376692263483845
0.4561463152027379
0.3835357866963779
0.574397042292875
0.38896700794121725
0.4746073312992378
0.38940371614346153
0.3444056264639852
0.37179391366927256
0.5014906029476751
0.31405132718240253
0.4135321463877326
0.23788561155472113
0.3145274602048381
0.28432637861937676
0.4236544924241377
0.4068819484310442
0.29056907426179335
0.3986692771620782
0.3928961905699085
0.34005265633331166
0.4014226721933465
0.43700748704603987
0.36557386286871885
0.31243394697815585
0.3715941172138839
0.39410908164656994
0.3327026085983883
0.37358226947655293
0.3453335124553702
0.334200227875981
0.41906154592691786
0.46054752975612345
0.38469140762202414
0.5898138137613325
0.372916769675398
0.4502158334070874
0.42699950836836786
0.301672394908421
0.4712620821970917
0.35700494711708314
0.36029705089599734
0.3759208796316017
0.3845025266262284
0.2933575607903025
0.35152583219514594
0.3577820056687344
0.3785320296953385
0.3589949299780107
0.3576652217888129
0.2511575479023469
0.3979164747143389
0.39420394090116917
0.3016936843324788
0.3414267077845972
0.3757600904864523
0.4841150571906366
0.3409400288255407
0.35344339893965326
0.34172328875374847
0.34414096093423213
0.3858146975771141
0.3763297061406864
0.2984866962284514
0.3851534622289535
0.3187949929850752
0.31738963508472445
0.41456115694196444
0.32573665056294354
0.3828230768404571
0.35757702350142967
0.35039361976471844
0.37831708741915504
0.3754820987536378
0.4118008918563456
0.523039140770077
0.5061614146791209
0.2937360809193827
0.2985366160888205
0.39026869268876113
0.2827856596846131
0.3192339912329832
0.4217951903092128
0.5048560669519249
0.31795300338500193
0.3045676830702419
0.40396912960574527
0.47805359501855277
0.4473326529678082
0.49946020960058823
0.33900402493767096
0.3435960557645611
0.32051135188304825
0.3424632088819187
0.3578157148326412
0.38884083957524196
0.3543980096117213
0.41495584652852574
0.2985235408234811
0.374700033505652
0.40731234906974245
0.45809950140293465
0.3543143443871565
0.3764265751116183
0.4777596602043153
0.4632135408060776
0.3986369060777502
0.30464985414451085
0.44344122930584917
0.31568383186192356
0.46460904585115353
0.3411767130145189
0.36697340747235907
0.3030109600609513
0.5165370293155819
0.3091324987324781
0.33968280973104936
0.3116742462844366
0.3737495898822493
0.3346400253190112
0.38202808329183996
0.33569218471146334
0.46026629189986157
0.3496733859417196
0.35190820442147563
0.6238176820410151
0.3538707213377524
0.3179773890458134
0.42414027507789137
0.3515345483189491
0.6309642997181361
0.2892051518491559
0.356038450116329
0.33889606291743113
0.4261855977142605
0.3311232455623318
0.3179274064471758
0.381261241009746
0.3343316494874683
0.45470018901039133
0.37237633010339327
0.662518065887632
0.34820006906745166
0.5749664891632049
0.5296449676374918
0.4438484071872019
0.4057166473532554
0.6251235134706048
0.4025926525114994
0.33650430048925734
0.45359183997784985
0.4019201714393247
0.324564041277759
0.3280349302746685
0.5041632330371915
0.35958957603167774
0.40280573521256596
0.24520712117792648
0.346930776003954
0.40091119095673217
0.3187558406070412
0.36997510159645347
0.27771657664613797
0.36000063704012786
0.3392722784004123
0.42567914221180747
0.405815631759435
0.3271710182413898
0.2797324505604099
0.46448475463701255
0.31012926557010506
0.3843919905704413
0.37206824076660255
0.34783270487687695
0.37085955178312097
0.363870591898852
0.23956742868212452
0.37154717916825253
0.3949720807688683
0.4917191440155321
0.37238336930556315
0.43026439532948396
0.33521590819590963
0.45105917438576953
0.5550113576347822
0.7327765496604768
0.32836681273868573
0.35631875881893776
0.35683941618147424
0.3864481160558877
0.4124852991987363
0.4096938225033152
0.3228683780873255
0.4235525169055938
0.34043820205134495
0.30554211256320524
0.41959120122830135
0.49294152963305776
0.35876982422932563
0.32915292592389933
0.41319926826452275
0.32564312400567424
0.24416141702360977
0.5674716368342908
0.3351751539001966
0.44361997861131963
0.3469069282875567
0.40672753859322414
0.4162311304311143
0.3923040149587059
0.3330488885429184
0.3311165358541979
0.3384721544965788
0.39408281868998735
0.31564976288252267
0.3389457274201696
0.45562442391188945
0.3152445971314249
0.41407676157368867
0.7198316324543287
0.47283830734094656
0.28159872392236085
0.3611610336509003
0.3341711248233727
0.33885824846235296
0.5721428915286517
0.4689517807508792
0.3196831892104621
0.33497507979526825
0.7142515113943629
0.3568050595463529
0.321522962859173
0.41822347889168116
0.3491020540450115
0.40324540401121356
0.4366227979944848
0.401442876059226
0.9833327758101928
0.3307368250850373
0.4443055596407877
0.4288765395405443
0.3549553294834872
0.35243352247732046
0.3273839433754797
0.4189148411027245
0.4583973412118345
0.34785223204580235
0.3997079025604056
0.4477703344609503
0.2459697078886711
0.3160464164952404
0.34011867762667297
0.3939106323157274
0.392134510865894
0.3320965862260264
0.29510848769543974
0.38406436387448445
0.4466980917011853
0.3493807132123925
0.42010764874695433
0.3261049831157922
0.33436571525036024
0.3374574023422383
0.420791802976754
0.36671984004919617
0.3128416284391657
0.44052681409780203
0.4706893219353002
0.3364712683831897
0.3368449863907116
0.3274822296043921
0.5608943167164324
0.3406815491696095
0.40679235256658314
0.4102137211011849
0.24577533388231917
0.38901747004856635
0.37299385936299745
0.40800008397510484
0.35067376312528586
0.3956127349568483
0.33762275154524024
0.378305273878174
0.3311018893382237
0.4032677119873829
0.2957911954232165
0.37238037061250806
0.5576713286698716
0.3478475953622787
0.3086533747557336
0.2989257029542328
0.43067319615659894
0.29199318808244606
0.4152206219638631
0.5441817792221264
0.2788377422790904
0.28244090593515353
0.2949684100538703
0.4019759660265271
0.3758551333059637
0.27705321319487003
0.3983073932090361
0.35558017122110014
0.3101242520096869
0.5142744491538033
0.2970208011083786
0.3191049563477946
0.4450231291670316
0.2832090753490945
0.4037304043183328
0.5618999390416457
0.45552779247694813
0.38044936677771785
0.33400968434210804
0.35555826789717043
0.37022503238844956
0.45520294402219136
0.29213163052778973
0.42768817643613516
0.4065671922258031
0.5065782119018631
0.3042040762488637
0.2925569428738624
0.3750188980199857
0.5022739404491255
0.32909546667262385
0.34663334629105363
0.26868450650379616
0.49533084413770345
0.2994412885119643
0.31475055090964893
0.5872568125244275
0.3748133329331632
0.3458471875799868
0.4471954832559567
0.38774160719507306
0.2668986830800293
0.3011255026019699
0.49328651771097626
0.5014683038664707
0.4248667726827262
0.4083882393129016
0.4422265412949782
0.3994225959410973
0.45902124772767966
0.3230833785650576
0.3268091850852386
0.3317933218608412
0.30600278443276335
0.3840354531780873
0.49705901054232055
0.4096135203615352
0.338018453443674
0.49655938886556966
0.2741109011281168
0.3510520333103418
0.3183705653547126
0.33715694001321306
0.49184563153477573
0.3458026421081663
0.475405030665031
0.41601878756070204
0.5003172898321816
0.39926034128139626
0.30799626365415256
0.333242547952103
0.47012712269529167
0.35882504961493233
0.36029588677824315
0.4395095912858707
0.3158896510861297
0.4581443400991215
0.3802118515808532
0.29515887475304253
0.33869317655109027
0.3312700749512175
0.4530903008245175
0.4040291098327043
0.3520481849254445
0.4281651847016604
0.33528817778919145
0.4005927879054238
0.3866971424643151
0.29500161404309255
0.5472713976238401
0.3658524631470926
0.43359579982820395
0.3617580245735518
0.37699826065775066
0.3019744324078619
0.4273881763620383
0.3653563426113134
0.26405006950700394
0.3840679722869175
0.3770294669919365
0.40735319782969015
0.2555699012770806
0.45784718304493544
0.38265809270478585
0.31437552123513585
0.41188277786054195
0.4246389930784317
0.31452796087308704
0.35500584074575486
0.3649965689247861
0.399706121157676
0.39285944200748657
0.4490831312047859
0.31709810419170825
0.35820707162316057
0.36667832363551406
0.3706489615142913
0.4787640566111747
0.33658617281393216
0.3511504172190521
0.3253491777664745
0.31778744540109094
0.33726035660727866
0.35076533160099876
0.368940971354157
0.2651760895306623
0.3468694096554746
0.39973999065804355
0.3431255250552977
0.33277296051737615
0.40900138908227696
0.4001500674936691
0.3794346219387578
0.39130839218874713
0.38076036049289413
0.3692076097388612
0.3802672568169101
0.3845084052867911
0.32706043622980907
0.3200782419077675
0.4372725860333155
0.33830139266882453
0.3061848833035347
0.3213145228966448
0.3228163535584299
0.3758011505010098
0.37355493157195463
0.3847967159693495
0.3306751834942085
0.5067410740097487
0.41924565210334297
0.3963927842316345
0.40007011780561147
0.4351735272225232
0.4217671028673801
0.48809205280869267
0.36634458481497323
0.49644987303757426
0.340465747177961
0.3986418183085608
0.384320976915317
0.49752821642352507
0.33624704512358744
0.39124201194038777
0.351468371109073
0.4565566498071425
0.38876967175892607
0.3891281492387246
0.5275141924692104
0.38274448440504766
0.2815758384581968
0.3173943833250894
0.256704603731178
0.48842719103153326
0.3212719438540901
0.3487816145027679
0.32319162944993196
0.4288598259059352
0.3556196272547589
0.4324095895142987
0.4623223931110559
0.37869792433498967
0.2737260984753872
0.43569782037311205
0.3227933946401848
0.36133487045819007
0.44277073152893964
0.4161293434702361
0.42075105107614075
0.47802034390489545
0.515785661535011
0.34400271225599016
0.43462895301077675
0.5177787526529554
0.4092746888155464
0.4606767274746182
0.3268586460686118
0.20690190776291129
0.43315512035448983
0.3532697547790102
0.4278222298943592
0.28040532867885937
0.3446722367290807
0.30927315292556545
0.2918632918123965
0.3376482972207578
0.37684809951707315
0.435435962998629
0.5252210763329254
0.3548107614177443
0.4550207134199494
0.3551244773727369
0.5763217225183211
0.32485955555242974
0.45080656225689936
0.3035095992783626
0.3564950613341253
0.2614234140525512
0.3999654502589274
0.3513449701334143
0.507123985617048
0.3904828709167138
0.4032227713133351
0.39574842305297425
0.3069365447994884
0.3902547711669545
0.4143823354643709
0.32237555310882543
0.4296531452911392
0.3550900309884987
0.3225772927806034
0.3246847968623435
0.5114289922628902
0.35204147037904593
0.366592152866155
0.31031885682997334
0.3610932541427887
0.4232470651418199
0.3816055250149144
0.34655773988220695
0.34830881839018596
0.3351222893055148
0.33064683732474986
0.3290156631387304
0.3352754158743684
0.4638903379809927
0.3930042255339311
0.449646699431139
0.3813262600668629
0.36759375625154106
0.3820392329320692
0.2793287002950188
0.5470063030653225
0.32813867996899376
0.503535579554411
0.508792462165534
0.5181774317955451
0.43621511396650353
0.3466097872119432
0.33270822201068295
0.4045413372157121
0.3676529004936265
0.5082994372823227
0.4565711984348291
0.464607075202751
0.3227938212328124
0.34486778383735317
0.352426440838062
0.4482996678909502
0.3850149532052607
0.38875936793339905
0.3264238291221035
0.32145092265497804
0.3653965183726908
0.3878134545618824
0.5201413842477081
0.26834450058722326
0.28844213510848227
0.40965507486700936
0.3936868981506901
0.41044836084887143
0.30141774992993764
0.3989396268269221
0.702284794786805
0.38159829036364157
0.3415566958169546
0.2995750170918208
0.3430957617620397
0.25795167539823194
0.39028943706037755
0.4928093308570546
0.5402941884868951
0.3185960372073334
0.34758305100243864
0.39361411279040276
0.3825325617333067
0.3941288334384041
0.27975351460059816
0.38970931661590064
0.32423808220826367
0.2925924898735518
0.40668567733936706
0.37718985342792516
0.3495168591781699
0.3060197633162472
0.33419394516303486
0.35057895159245794
0.589640052515714
0.3509875113467833
0.5106326022988775
0.2464513602164529
0.36435988749793913
0.3512863672820699
0.3913269796596204
0.39015978847665106
0.40866434073194424
0.3214866381875736
0.4264841295312441
0.3277274418991419
0.5611543960587251
0.4226566853669526
0.30121344199212874
0.4224346219587855
0.40093988166286354
0.35478880023907655
0.3314327968235208
0.4509332611902603
0.3159974039263732
0.41202523117210954
0.4723734673661376
0.28812471918172017
0.554957639256918
0.3532033199210782
0.32349341650441155
0.40807357356853896
0.42866321008275815
0.43624359117113487
0.4271940405282331
0.35237433725649847
0.34915967463906594
0.38942022984538066
0.29977147511254276
0.39329032417978904
0.21763981810080185
0.3993692849409568
0.3810643663141073
0.3561359458815265
0.4405483955222883
0.45818669590051464
0.47191553922807356
0.47311507868576386
0.35550796535264073
0.3998850308381013
0.45201971922582534
0.30265637363818043
0.3880014257091367
0.3924072129696578
0.30010212602521064
0.30137104564822575
0.446179726855898
0.7074018815725751
0.4350788342742608
0.33670912520389945
0.3515036249104884
0.31194194284363164
0.4180702375825337
0.38009059995977085
0.444879722901758
0.43043899991378154
0.49719462808953513
0.5135590662084121
0.4409529735155667
0.4687048624723865
0.6819008593910167
0.34236529065582977
0.5127893959653262
0.42694670167608734
0.38815480349822545
0.38028813369475767
0.3416419595763904
0.415492810205447
0.393037882265985
0.40375076806425503
0.4073651498098774
0.47838224268426127
0.3531390172702363
0.3661026523679807
0.37399448228877485
0.3768574068618898
0.3983203078037557
0.34481695121074346
0.31676627892187265
0.2941769517135251
0.4539740088729901
0.35886367574051975
0.5779661342340058
0.4543675230308128
0.3677125961752546
0.3191278210662867
0.33008255919753465
0.6929364746546908
0.4600762519934721
0.41067524313405435
0.36279775285676746
0.41805425346582137
0.38005769518345534
0.34834546864989435
0.4348461326902871
0.4219254745633762
0.30854924490088914
0.3501328229188619
0.4002595402028357
0.2966457570246329
0.32198029319429106
0.3699620438161337
0.33532436703114005
0.34592111286401533
0.31192933287156527
0.39911807341421845
0.30351282376030303
0.3302561266266911
0.5332546161996092
