0.19130607774929942
-0.13023414520513327
-0.3875964463079752
-0.5175599411882993
0.19204453943202812
-0.38178501722716257
-0.32094988626908044
-0.09397072880072486
-0.44565519678987753
-0.42665668037918086
-0.2555445696038641
-0.6134449196714763
-0.49447734219490463
-0.6395350512048626
-0.4483060141250786
-0.3552352798922949
-0.5646017296183627
-0.5883619297526655
-0.5139834808887856
-0.36015382698832055
-0.5015994397228899
-0.489803907331495
-0.3625852796911217
-0.5523157286399892
-0.4244153071925437
-0.24803586494873367
-0.5113754164482934
-0.6139923122211478
-0.3040272208112145
-0.7646350312152231
-0.03611275408426794
-0.4088263755640465
-0.646991251733162
-0.5958317974875222
-0.4145378902292148
-0.2977657405812056
-0.605372484738865
-0.4663069374307942
-0.6072046922205852
-0.3134192688947225
-0.4793281686339109
-0.5583899541287944
0.12193885868030158
-0.616717793595996
-0.5971646020095351
-0.39831530525757686
-0.663612733117544
-0.5708161576062561
-0.3835300291295408
-0.3953199364563115
-0.5544638208600429
-0.3309573648754985
-0.5017405759266981
-0.17457498506595198
-0.6896973110308573
-0.3133068125980224
0.2138865259451226
-0.39065387313853184
-0.3885324238898681
-0.37347245067974405
-0.24274340730552543
-0.43522418350961856
-0.3348934679952099
-0.27945097458832346
-0.0229438557035926
-0.5652583046203729
-0.11873791062843765
-0.45805231520344264
-0.052139188631797326
-0.2958643686640331
-0.1090916815552391
3.023333507334134
-0.13257527483160825
-0.3694011540992586
0.038812011235995245
-0.2530913746829833
-0.375090021397892
-0.23170682309445692
-0.6492225699143924
-0.11005661714821158
-0.46705081585081587
-0.672471700727473
-0.5948913477297237
-0.6735307164364204
-0.3566639512320141
-0.42882762771353733
-0.42459617696347146
-0.13729713132730936
-0.2143795195000916
-0.2293146314573801
-0.4057563726923583
-0.7006842979789725
-0.5763097990364983
-0.36939208427097703
-0.41685446919148533
-0.5729762822034953
-0.5185785184941585
-0.48597456573524506
-0.3609598771459988
-0.333772871883913
-0.35649492489186685
-0.23846180866571828
-0.17031701019766668
-0.3924780749278551
-0.6252094002776049
-0.40875462599152373
-0.5894151588277824
-0.31936991092073197
0.02700650156519164
-0.40052719410218574
-0.30219549694582104
-0.27889684561989286
-0.4553936321875496
-0.5631471413820667
-0.340505785774328
-0.6843716135373906
-0.49892698724356943
-0.013993655269651089
-0.23840112017852846
-0.6087673883094857
-0.6292128946189756
-0.39395077914876636
-0.6905045131335206
-0.27911304594654873
-0.4553203002614192
-0.2646623045096459
-0.5358057465211401
-0.3293730978005083
-0.2638326443090059
-0.5028741346080117
-0.42869917836832266
-0.5195415069808547
-0.5479914052767043
-0.3974784664959506
-0.29879974399444886
-0.6181688348385316
-0.12523057518026792
-0.5124227827071854
-0.36513569108508875
-0.22992000609099086
-0.5946382825294241
-0.41856610484773077
-0.5042907557423458
-0.44807319687045455
-0.698325546647033
-0.5082233127928859
-0.32841845664280034
-0.20462983227159895
-0.3346788576514901
-0.1741933274701192
-0.29976032941956376
-0.41332733331268545
-0.2199921616683503
-0.3763282822475969
-0.2013713867691491
-0.31301195736978193
-0.2826908147538129
-0.3459820993733698
-0.3342281107882251
-0.3713493517906656
-0.35803080336104715
-0.5257384338634776
-0.49009181800318097
-0.6553500078013174
-0.5098491078429498
-0.2689206614858052
-0.16114160165937017
-0.523724099258366
-0.5734457842754899
-0.38462276815016716
-0.4224782644672904
-0.4668427585638901
-0.44568356540536846
-0.13779475884020156
-0.48239556670551065
-0.24175842862711547
-0.1582137720688073
-0.15044158866148397
0.11588891507581119
-0.47834823519041875
-0.457814618723468
-0.3106707233933142
-0.29907602801341815
-0.5351436313529675
-0.5417444477057041
-0.3392380870668882
-0.3860575204907229
-0.42216912051348504
-0.27182843251072913
-0.16864877162473382
-0.4236572405209269
-0.5730282585734916
-0.40795922581206057
-0.36924591939088713
-0.5549624435860625
-0.6015700141111717
-0.5480401125699065
-0.36941808438602575
-0.27534964489920627
-0.3969036763804967
-0.5550898501785622
-0.6073976443743653
-0.37541776326219994
-0.37007837775641983
-0.5998198925202767
-0.650991930924603
0.45414783618530596
-0.5499278557654705
-0.4742223658711164
-0.23559157700526198
-0.48118486012068024
-0.2575684039917433
-0.645186111047405
-0.3126999719073053
-0.5057710188806837
-0.6804544282640778
-0.6937311677812891
-0.4768588029494898
-0.49038884364042384
-0.5045490560367203
-0.4490900633128781
-0.2660975025931541
-0.5006547555291427
-0.419480834500001
-0.5053567398452055
-0.3022439417742989
0.10872237014147242
-0.620731183180817
-0.25086674655770175
-0.43991207547230493
-0.2644220329422527
-0.5304742340521361
-0.11670069435521102
-0.09935890092938365
-0.36787329324128243
-0.6640343854509115
-0.27565772053724413
-0.36209366171965146
-0.23359755221060854
-0.2979484357805376
-0.20495230483463953
-0.2789082200286377
-0.4859283378889877
-0.5601409174486337
-0.4016599201282295
-0.40188245961846464
-0.5848363174538039
-0.48073042799076193
-0.5167144050958044
-0.26636950370015505
-0.302313680973918
-0.4527460086637546
-0.6314425072952741
-0.2483657111177843
-0.6550064975035907
-0.4441575554922974
-0.4485416299116649
-0.31836366273461697
-0.6587161457969967
-0.5878568770928935
-0.5881331384936929
-0.6159980334567093
-0.43638540721665564
-0.5935119789101655
-0.29280749177539145
-0.474627365600402
-0.44029787950185123
-0.24573993645611678
-0.08656300118541248
-0.5608519247570105
-0.6874438600655846
-0.010221905932587127
-0.2568335837344626
-0.6544133703518842
-0.463729790281501
-0.3953095422333557
-0.47771455223880593
-0.46730104883880275
-0.3366943931203594
-0.1126324713861806
-0.1436687360899614
-0.4478476066176896
-0.571687421933215
-0.4232927196880561
-0.4054568665915625
-0.26385976244002285
-0.628406392225302
-0.5832367668250213
-0.28831203634901875
-0.5429276110744846
-0.3261650052414655
-0.2547698796834491
-0.5552375343451449
-0.3596658351828937
0.007343867032849338
-0.33728162020098557
-0.3913426728378921
-0.33263347955132594
-0.225277880959094
-0.4001398275460265
-0.21747035629487554
-0.2511498993275295
-0.4686077431144882
-0.44279389741478037
-0.2735527027691702
-0.4347024019632562
-0.24468069546393864
-0.6040020532446697
-0.6378660401112505
-0.4701534742827924
-0.5541755951615215
-0.0033595192252618973
-0.6419788254875349
0.12084319558965856
0.08991765766793156
-0.4185262083560554
-0.7555373719135197
-0.025955167761626846
-0.32281371913705753
-0.7098259942029471
-0.49890808601823167
-0.7113393571710628
-0.3622662300145179
-0.25993962206699267
0.013824327640715351
-0.42239804560501004
-0.4962534576953716
-0.1414849509017835
-0.5920312553048889
-0.3527633793464764
-0.24384659074815856
-0.38771800706102577
-0.5674401566772171
-0.5295121173863309
-0.20456177838429906
-0.2716218608174797
-0.5487245273840123
-0.5051973140789148
-0.36120506733334734
-0.4672888923100609
-0.6065370206951894
-0.31523733729717646
-0.5619980612178748
-0.5166002986560478
-0.39922958817782045
-0.3697112835952269
-0.5946187233749383
-0.5232576885673029
-0.49967160218461687
-0.32547571554224813
-0.25566653316990096
-0.2850768649347167
0.04839990012828341
-0.22269428522999074
-0.5747502647639006
-0.4295766928699116
-0.40364897424036456
-0.1975465742755657
-0.14362281926984902
-0.6550674820401978
-0.4987817014997083
-0.45622786073242017
-0.5345136481314056
-0.5081018531610518
-0.3634831299428837
-0.1717554566588378
-0.6736449767901371
-0.7125914082576539
-0.4049973343808749
0.017683804810214004
-0.6728019889952256
-0.3780588085891823
-0.16116121839310477
-0.17868057509701654
-0.09929145189217561
-0.424428135883733
-0.31348627565375314
-0.04470594568889329
-0.6681075971736848
-0.4398329882401189
-0.40742053624543956
-0.6138291300073953
-0.5494684079153516
-0.13612763046503762
-0.3997659447069164
-0.6804584146515533
-0.39598973069432836
-0.0489429716352656
-0.14265463754008342
-0.27182235708337116
-0.4980746154403169
-0.45413556891786044
-0.54662596046924
0.2928887112226737
-0.5728316899576742
-0.5796612111468765
-0.5367066548413699
-0.14215936027369114
-0.566775726287753
-0.3145470627698259
-0.48969311496969803
2.668557454747139
-0.13630005698596073
-0.5401099086626935
-0.6524367450956218
0.16476981441607702
-0.5694625435148645
-0.47829447513138906
-0.5079549118201279
-0.25626025651445383
-0.4959167676964928
-0.27669386743893676
-0.46079469162142794
-0.3839422956062944
-0.5588314495320298
0.16124089979897738
-0.44330756132082055
-0.4249669267787641
-0.6706220473052776
-0.6640059833682646
-0.6484542243842303
-0.022280355827059135
-0.27527420742784564
-0.46573102664249066
-0.3275331146600706
-0.1904621617184935
-0.6550776184468283
-0.19280568244748747
-0.5832830034343853
0.30295980199300854
-0.5037503765029592
-0.5515641720519768
0.03916864250498674
0.2152668323389771
-0.3967793416899098
-0.4898149887018313
-0.5520157732258394
-0.05254403326735837
0.18900480964113112
-0.5563774983094146
-0.5052981750084329
-0.49353001354826226
-0.1656278944417426
-0.4056525729489873
-0.5610066777731354
-0.5395423052511507
-0.1814598518116105
-0.31671971554332096
-0.44139907854008065
-0.7108973835533922
-0.10524534938078313
-0.26206560199218704
-0.6001252920659644
-0.7250649855089785
-0.16106395445173477
-0.3880219611877802
-0.503097085109714
-0.11165906209833087
-0.2924630611227592
-0.22615652070800438
-0.38698916097952624
0.07138457666631351
-0.3381240313395103
-0.4512755301256357
-0.2919636445405154
-0.22853483685500076
-0.2709402888820675
-0.6737632422860643
-0.5672224439551372
-0.6933111523675953
-0.2077114652770358
-0.355449546941642
-0.579476179058954
-0.19995008719796412
-0.6945877693751509
-0.16367529603220485
-0.6597336118322829
-0.628830905328085
-0.3534652907803416
0.18043275872122821
-0.36795883208911545
0.11751246108061748
-0.4136349619274288
-0.043545823768320675
-0.052862338413312025
-0.35417264254460856
0.39651035630926906
-0.29945568014398816
-0.4070581352511434
-0.38914452157622575
-0.5618307370839701
-0.3794466403162055
-0.5870457588714064
-0.41090093340567757
-0.48713124326034873
-0.14165425098728412
-0.5077242958987964
-0.512668434474908
-0.34766485461463875
-0.41909123842901846
-0.6178986145591415
-0.5171570317852233
-0.634792581699506
-0.26958270965493764
-0.38259887802984865
-0.5970852394130454
-0.3638906468524639
-0.45571683649557276
-0.3344431436232486
-0.5533154566001824
-0.6521405483338372
0.14500673649268533
0.04122261516357549
-0.3206919848282539
-0.2589108593098028
-0.5216006283328138
-0.4365517361823636
-0.17802286927266897
-0.6433296049402325
-0.3849699867302823
0.7468988581761541
-0.6514467648660477
-0.2382877816518577
-0.25707476953327096
-0.33441442943694066
-0.4788160898750636
-0.7150965632681873
-0.5050332979682511
-0.1217493596749567
-0.692167006535522
0.35408700049128466
-0.42573549731097077
-0.7096414868600189
-0.29978081267914347
-0.6021962041082886
-0.3955349070646028
-0.44589791838475024
-0.36836148732949436
-0.001646123579716532
-0.4496937089565266
-0.42769620788000423
-0.43925163168273523
-0.21767081973547958
-0.5150619940278902
-0.38762209564373035
-0.3892943376213876
-0.2557336542112002
-0.4280552865027751
-0.08136912285919647
-0.4695269586196497
-0.5117872161674353
-0.1718485488615797
-0.15666743145131506
-0.5526770579975028
-0.13684588214768903
-0.3942587634050535
-0.3916976766230705
-0.04046986627587482
-0.3694035462800107
-0.32942121077894554
-0.22634606251429176
-0.3857885555382835
-0.33779433603131326
-0.47385587147297703
-0.4085318967557875
-0.46954165770065925
0.08312311357478025
-0.43006123849350714
-0.23138103778836042
-0.6248153730625653
-0.35455824346930587
-0.47571350776143834
-0.3547310651097235
-0.16079530658823904
-0.5646484176489637
-0.5449359982575065
-0.5136800864436107
-0.5110647063270087
-0.37331346966014917
-0.06644512187676793
-0.3780462432749812
-0.08527404648627782
-0.3009586296624442
-0.5843335325762105
-0.4808793529429472
-0.4301472574249938
-0.5561196038601456
-0.4739297902533379
-0.64237208035442
-0.7089824597860886
-0.36439734607875185
-0.442888733774042
-0.6743872058936833
-0.16458579662146072
-0.4677936456214864
0.06411168955949689
0.43810059136951807
-0.2998221567307326
-0.15303374346517407
-0.4626539369123289
-0.14990710915924058
-0.40855398531922776
-0.366327343730991
-0.5055324937197959
-0.241792162181231
-0.5922306166444308
-0.4633174241117352
-0.3707671037937836
-0.2100119398498751
-0.33143971397554306
-0.25361541540841265
-0.5263597588705622
-0.5735996230828384
-0.5348905980639173
-0.27025375699404364
-0.32018675494940224
-0.6190530907451088
-0.6335569133195628
-0.533605097104209
-0.4288173360540319
-0.1147684702158796
-0.6043112394253621
-0.22471382324433556
-0.5394393727069472
-0.44804687712576935
-0.5585335792296503
-0.4003957165944207
-0.3018675285938031
-0.26714834339779514
-0.4937397768994784
-0.5320312592504883
-0.28762678456240326
-0.45015514956051134
-0.3708722592945662
-0.38255599324704553
-0.4243371357257023
-0.33136558853395043
-0.39219724700849345
-0.49651938355729675
-0.3541987044789155
-0.28092257317509745
-0.43429608561279714
-0.6760045477933989
-0.6573641681642115
-0.6119360323026246
-0.16129090466180074
-0.49935176200754583
0.1278517009849697
-0.5010366192922466
-0.5201186451077462
-0.046161035796395695
-0.1490400037051586
-0.682018457115314
-0.5401093520026415
-0.5594336021500734
-0.638314555690061
-0.6390591548091341
-0.5729210716916372
-0.20049205760910657
-0.16712319966358674
-0.6727405275681573
-0.20747248335877677
-0.41503367397352886
-0.4691859121699685
-0.6025922761349072
-0.5923968386175202
-0.704558399126831
-0.48640075000272537
-0.4845348444357624
-0.037987694652280586
-0.5598289001568053
-0.31241064686548864
-0.540218054632067
-0.28270586224041705
-0.47024183924303264
-0.4058758960178342
-0.37935324000734955
-0.13823061758771218
-0.681028000745487
-0.008189109115778116
-0.25288343388334084
-0.5733014866965004
-0.49295833164659986
-0.6050765886102353
-0.32509461651347804
-0.5059062671020742
-0.43970319765193977
-0.499035874916896
0.15811708149244516
-0.6335030954130456
-0.45743009685478625
-0.4328114740481144
-0.21729587595821093
-0.11193097566240932
0.49186856113506183
-0.41197731392901016
-0.36274456886859524
-0.5641838989902727
-0.26414229601670136
-0.6799335020350671
-0.7025634384251019
-0.47774271066221075
-0.5613352212232753
-0.030835252692705855
-0.4798683568400801
-0.2323496565821306
-0.5518964849700031
0.0289201762712355
-0.1610416530043578
-0.6009977685103892
-0.38281068868729623
-0.4635265659441232
-0.3257177661002783
-0.1361201649687777
-0.6149420048637815
-0.4110036367493679
-0.25097015529343336
-0.46715973591606835
-0.3757052736774166
-0.5775975765986255
-0.49413838364897805
-0.41806975005098684
-0.1878576434228903
-0.24946299299963576
-0.4199915340850545
-0.3936125539086464
-0.4688374464337787
-0.563882972723714
-0.116466039156142
-0.634407934703746
-0.09377403146208359
-0.6094942092607127
-0.6387779845415765
-0.40364265527156745
-0.23500714817597979
-0.4250271680227644
-0.28832715014327337
-0.6069147954600299
-0.6292565782506275
-0.3324792251187409
-0.3640401510807829
-0.5745557331207596
-0.5501880471359283
-0.5677161321056873
-0.3470650182843705
-0.45376160466549575
-0.490397996949237
0.0824968582472998
-0.42553796143728906
-0.5540054663508867
-0.5161099933348698
0.06994399304396791
-0.1902906343327607
-0.36124964959820594
-0.5842082631323635
-0.43109508117808215
-0.1745983405598803
-0.21433732927490182
-0.4982306071256312
-0.4992865960009396
-0.7109697128510413
-0.17283901740694763
-0.3179894205784918
-0.30842995306290333
-0.4673915441987731
-0.6802116072486398
-0.6443553915106776
-0.5708448000792077
-0.4381183256119123
-0.12155382566190431
-0.49758313105525726
-0.4201455359578909
-0.19648861031624104
-0.5744364867641325
0.007689066779018263
-0.328545540226274
-0.2912859061667884
-0.5082831295436248
-0.6692358575878353
-0.3748384342916195
0.20926705368451443
-0.22662194604460834
-0.28694750712112704
-0.05644139565579731
-0.6988520302685837
-0.6202324116884027
-0.31701517113487765
-0.39975411590398907
-0.5891227080115639
-0.3274639600849313
-0.4045174016474632
-0.34349161485905105
-0.46710869822166073
-0.5189120123221256
-0.4173498325811617
-0.29169104405624535
-0.4714238406458143
-0.6079168828945467
-0.29580566948403625
-0.6023170891895442
-0.47456543676101465
-0.551505329084716
-0.29563007893901005
-0.32266578057455025
-0.5352183506308187
-0.22191520459277556
-0.5640118775178257
0.16135964626358026
-0.6300824488804662
-0.38541097527147583
-0.627287519334686
-0.2393403253956404
-0.45831610550145885
-0.397576742968824
-0.6636393296526265
-0.5339169616098683
-0.3490296167330034
-0.1878068070657425
-0.2016226739992089
-0.45855735846224
-0.1743120553224127
0.036017727074776525
-0.47630013005281735
-0.42760263690359634
-0.5550277457171802
-0.4735487070568765
-0.537951895202781
-0.3862908316570014
-0.595774289318385
-0.46551157625373135
-0.5119214411938842
-0.240246806554132
-0.1729636611539657
-0.20087194263733033
-0.2958987226423751
-0.5391094224687848
-0.20306717633979557
-0.6867707760923183
-0.5255078062178059
-0.44131057912183635
-0.5033449421984453
-0.20230971744712883
-0.5038985895261205
-0.346568332584955
-0.5301610414505317
-0.669922791451606
-0.3864902165592606
-0.38567644016231045
-0.3569452969953483
-0.6104014588905631
-0.7358870630435292
-0.40261829012841566
-0.5526373300352718
-0.5135655877398432
-0.4981019281938003
-0.36721338202686843
-0.41127526080243
-0.4342314560601651
-0.6636887507553199
-0.4801791562725791
-0.6505466696493485
-0.22492418100471429
-0.43274806480594513
-0.5009529705355796
-0.2604685846999077
-0.5469713122257729
-0.6446351374934557
0.028372191866182127
-0.17930971798506715
-0.42286156332721
-0.6005853581025581
-0.5058871285804235
-0.691951345451985
-0.42262508646529856
-0.11443372507373117
-0.5222895896296081
-0.5409924487594391
-0.6520284407217177
-0.3765437081281783
-0.550824115684613
-0.3699089352621523
-0.34317524129685145
-0.5923633066669611
-0.3114985765031424
-0.49778131665007824
-0.5138964865359709
-0.13989193815866913
-0.4944426370603424
-0.07666954692450442
-0.28292036090235567
-0.4835896978212997
-0.37994851922441253
-0.5133543087095309
-0.08483248742954484
-0.4909823648783834
-0.3132668209954205
-0.46381083637729265
-0.13114545018595142
-0.7652987479285582
