0.7785958616373824
0.04025073042214391
0.7027993057584246
-0.13454743456153676
0.5664044490253414
-0.2989558201711889
-0.08207801254998275
0.3233073062138197
-0.036376912654584405
0.2553005574435104
0.8659366584025256
-0.007907171598094424
0.845490509623633
-0.40093767554409665
0.7542484902542806
0.03143201240677175
0.2426388774270292
-0.31424505135283676
0.5815733977446361
0.15718730231662675
0.625827639075543
-0.0034978777542235898
0.11476692953714217
-0.06998044750186815
-0.02337406067525885
0.025696063149766267
-0.3139691129853368
0.11454891346142936
-0.15079502690316113
-0.46915590330515966
0.8302774032615365
-0.001731579511504262
-0.3354160570658721
-0.3344075952141384
-0.17724363876197208
0.8897525297794778
-0.10087892832918834
0.09638913213478519
0.1720746855311541
-0.26602933301989057
-0.08115481737296582
-0.2070404453854802
0.1614462031598774
-0.06023282538808185
-0.3944607231618749
0.43949548769149754
-0.39321100787876523
-0.0639685160858148
2.326071474468814
-0.3606265433457965
-0.3503159109250866
-0.4929814226006688
-0.22732824165843124
0.4125946495745815
0.03756424010431826
-0.2294380161951496
0.07818156640091789
0.061055828400710166
0.7535165202802232
0.014900875348196714
0.2934377231729574
-0.08998763264635416
0.0467204410402404
-0.004479244471474617
1.834736088867687
0.43875217447664516
-0.02076135922365503
0.498523061061053
0.5137944569368124
0.2925610394555234
-0.20905344457090722
3.2576081849976513
-0.43061750772140334
0.119021716389807
0.23684107205956362
1.6579223401373944
0.1256258322122035
0.07280569640684983
0.11497452166462148
0.6425285747750983
-0.22072540792540787
-0.39262817242390424
-0.24663654916879665
-0.23563367835959365
0.42587435470288887
-0.5229517996688496
0.5516440874013052
0.4969273620493026
0.3516918265525616
-0.13032957164247697
-0.4910127816907628
-0.30669254597336065
0.4490518695167741
0.14261862704769293
-0.5775839313260714
0.8675709248212241
0.10857141223049457
0.19518369692230192
0.16041516733239336
0.6429447964987326
1.385157800757582
-0.3887208669230905
0.11892548938794585
-0.10656142142296561
-0.1191811913836666
0.6450311309919604
-0.14222434013464913
-0.218770265564261
0.22996276881471475
-0.010436753305147957
0.31973239574438994
-0.3546700641419911
-0.2718712303062058
0.6671477362409315
0.5459821508414858
-0.06666471955557524
0.28425709206060346
-0.1515001347736839
0.4880477826153545
-0.30854582257831886
0.30199862959665036
-0.3651103556566667
0.19123270971991466
0.004705299653293579
0.2625681345345108
0.007053449094370849
-0.14662934722232238
-0.6606852624643093
0.26544045805621985
-0.11262864725277429
0.3011137311216456
-0.25200226888399807
0.12821959715247744
0.12282980261465125
-0.623105420930688
-0.1743021801462777
0.7328098456513338
0.004948274182049152
-0.5032014104018208
-0.1915467640783818
0.4222837292659907
-0.14285534733481642
0.40745943487049047
0.42677181977739637
-0.6408614258568514
-0.10056750673406878
0.2809562450278441
0.5312122305491641
-0.20337324637330206
0.3474909528684093
-0.03661605537920218
1.1310688720993574
-0.26567252333559654
-0.18506395009772944
0.11719168850430146
0.11007636026908345
0.27590893037623415
1.3458976828753555
0.5411137927071532
0.4733706204143362
0.554504732108072
0.19399544700590024
0.5744814138662482
-0.28490004138090097
-0.09500829789991949
0.054174411665854946
0.48987692412467776
-0.21676727977391202
0.5142693763109907
0.052693464627059344
-0.23885831029238466
-0.0977674763364256
-0.23385045728036924
0.582733458845534
-0.009772890343132536
-0.19532674583179632
0.49529156135955377
-0.043936749695911964
1.3743027731950663
0.629704001189945
0.29038819272675237
-0.30962667466584587
0.6821726933629274
0.2902042022317146
-0.22781528226200962
0.25067565668504405
0.8914113748166722
1.5246743832721192
0.42624470848011714
0.3822813529424598
-0.25969911264928863
-0.18603022007630463
-0.13727754982278514
-0.36346682743675895
0.29401238925418594
0.1742097860858698
0.2992763207391842
0.07642401013435784
0.352787494466164
0.1879510030889076
-0.3862241582918744
0.19992110344764136
0.7118004248977392
-0.3815088056529449
-0.0092240759258284
0.06389602713676318
1.8392802675210922
-0.2620330290240076
0.17365930000824398
0.8588254120659305
0.2960488528927752
-0.03179253959836893
0.02291241428342099
0.13542941286268337
-0.411929846131778
0.11363595953130276
-0.5238413383485773
0.2752706161611828
-0.41907471350073994
0.3895146307477938
0.27621561537358935
0.10602380086940845
0.3342725648795353
0.6840619514831798
0.20946231991161338
0.061210671931263706
-0.17875622517418088
0.6417447156509851
0.6678632528818154
0.6867519862613906
0.39655724034430184
0.08028913227362117
1.1577028692718074
0.07833321878317176
0.6024117906981845
-0.0021246756491275667
0.11442425023571318
-0.6218346965571729
1.0194324085672628
0.08458117172352371
-0.4242361003189545
0.2307069452716145
0.13614275094163367
0.2875262512215915
0.3152354043847973
-0.06716439932717562
-0.0024070543601026517
-0.26071660228887195
0.018652724266406222
-0.42220450088821576
-0.2252598812992725
0.2722738939910017
0.2845776172569771
0.43524768871838687
-0.16113124957253272
0.4842694421836349
-0.4005994313402891
-0.18095690047271915
0.05282935431623985
0.30038199181446124
-0.20884952106739738
-0.38340334261412706
0.5721143480153451
-0.1181250905298532
-0.06838569080043956
-0.21158961225978054
-0.5513473189550268
-0.016788119042760962
0.9553189157958699
-0.03486699349911426
-0.49671540378405526
0.3048420040850655
-0.0017767108848605953
-0.14292566134265042
0.011140772776164626
1.1894478908459787
-0.48880996801705756
-0.22169117470904182
0.632463647665689
0.6695152028979923
-0.10700480262387264
-0.20175500572284474
0.6001184738848179
0.2472456947267088
-0.1108304371843777
0.28449736603697606
-0.031903637545768734
-0.13660348152550847
0.2661859111008248
0.18669520907576725
-0.07630532025028812
0.025600139571817143
0.08728765591378128
0.3160407623462246
0.3315903984021116
-0.11011321738775257
-0.04117055603028816
-0.1132256440471801
0.07915672769530734
0.2332731587923815
0.043916177655455725
-0.28376489826497564
-0.24497654685760736
-0.5816764695638991
0.0852278130277246
-0.45808610536813865
0.15045331360860198
0.31109428406396095
-0.382590000204416
0.2666857767069269
0.23325945501570072
1.5111690245718539
-0.33176637131153347
0.5466700849197407
-0.25831290086185965
-0.2880602764672627
-0.6653693208409699
0.9094089359904082
-0.37588315698615543
-0.1491814724598116
-0.3472491378856095
0.12089310186817802
0.19112334261420222
0.11459186800991214
0.5905916617343477
0.48214314270355496
0.0472153399361464
0.12328219806004391
-0.42327448862443207
0.3228334065782228
-0.14530259821379327
0.014849594852268904
-0.3224057518543169
-0.3231558323800677
-0.1429225548113699
0.2511246893563392
-0.05697937399284793
-0.18001808819414114
0.05462956154541065
-0.08598132040130346
0.6635258266995875
0.15990588065061404
0.048532872608747446
-0.40183778260983466
0.46037480968325195
-0.014948438140772399
0.6400162477465581
0.6247843942149175
0.15793951308962836
0.2751964404447771
-0.08417308192790908
0.7008838553159326
0.9856012535622346
0.4149501848840787
-0.4422149262552178
0.31822395316705626
-0.3871636022056173
-0.26015651594298983
-0.531090296606688
0.037656110658078584
-0.0013001343692170598
0.31636305723766645
0.07630756526258084
-0.2384902783417812
-0.37743996785413286
0.6022076621504497
0.08626700363762077
0.3330161481085966
-0.48568281938325986
0.21454342386930417
0.4971471085704498
0.18785504308924886
-0.22534300856508943
0.5341472033715292
0.0705208094464218
-0.12320074692456003
0.47507473032780984
0.9101013454403525
-0.08570005490067463
-0.5356019529486908
0.2285299139599649
0.04652164253824684
-0.5692364727779654
-0.22009021358235992
0.08796660745034689
-0.08169396246399878
0.10447756425105809
0.6854380178966158
0.09799496429872705
-0.35021314841231227
0.30866280813911395
0.4679062944191887
-0.17816892237104415
1.1046784030586378
-0.04627905464519629
0.08548015377142207
-0.235619038727847
0.4444190160549654
-0.6551381330527377
0.12475625754017028
-0.3785555920877246
2.5183784601421877
-0.4758165829145729
0.25926668467525454
-0.2676373337390532
0.7722587189289742
-0.20285922726587877
-0.09183394581496021
-0.02460265490801539
1.1846509802158427
-0.0007133112559430675
0.7282348940308588
0.8494229486049443
-0.3620547876746662
-0.22154386694801384
-0.07867928617874434
-0.05295439890923101
0.03889338919032933
-0.24361674022502636
0.7852607441462153
0.09983611404962807
-0.2609117142186747
0.10018030077447372
0.49381834432176913
0.5417630083705257
0.3347154800431499
-0.24282195539792462
0.017766748218385316
0.20925659284325632
0.1540759873394368
0.16108465414641684
0.11559585852268783
0.34882578751270193
1.090635485461771
-0.3080405298875593
-0.40110770516929073
0.5169253206882194
-0.08053939502988869
0.666067737456266
-0.33389412239837696
0.23907635084399895
-0.07612026617266211
-0.06599249729723028
-0.34976887032741266
-0.5544015704361338
-0.402674398476718
0.00843557124964165
0.27460798791823765
0.22124666422921743
0.04875260502650296
-0.012782060890277376
0.38662250350845173
0.2660639102412155
-0.3054061967791091
-0.12236911108795509
0.8248854375689124
-0.1871376807483828
0.6796209347214431
-0.1993361212688532
0.61263041098385
-0.02203934162986741
1.2868645358694502
0.36447465357491116
-0.29023365972886755
-0.15654028332886025
-0.30381935824097556
0.09962319730324165
0.13236945236337566
-0.15110587422810792
0.2418675397794349
0.5144900257268027
0.5406467857693429
-0.0412223536764157
-0.10682834030966856
-0.5912127430898995
1.106368171987752
0.4163730905293195
0.48091709613277595
0.33387158081455093
0.4581688687990251
-0.3054275407971544
0.03943295778135449
0.5123403100100948
0.8292954264524102
1.0634230128356321
-0.10388693866586536
0.47916496645828915
0.22169032609529885
-0.04404174566087714
-0.20949661889058557
0.22666130829593778
1.1184143931360264
-0.22329065822432845
0.013010942522150798
0.510792901158661
-0.0070648749098979795
-0.3831978434986134
-0.31804443934594034
0.4032882202279492
-0.2471546901099766
0.5821681215130402
-0.4184648253644212
0.23169364334116666
0.250372623092336
-0.4840717445064198
-0.14839020071196254
0.04432077310215272
-0.3112018491041401
-0.4752067676271763
-0.6143074170268449
-0.4286173832833368
0.7500452748031291
1.3134744589327985
0.8244982205648443
0.6734863869156568
-0.04034765348525541
0.08142352545658561
0.12144378137349145
-0.00392772977219169
-0.12813454549844852
0.9820924723706657
0.6895410643351833
0.6534698009222808
0.2105712346294868
-0.02001695292090486
0.42672568244098696
-0.2572130914074481
0.1408103086724147
0.067683399938262
0.2795133023720268
0.5929232015675141
-0.20434097527793715
0.27393162141295313
-0.09797823484928142
0.19389614149425363
-0.2136500046407541
-0.5041144645834343
0.8337226542942557
1.3106957883325971
-0.4731361036423398
-0.022489605039515227
-0.18036174151732356
-0.2612267201222071
-0.11768266458529125
0.4618595745067017
0.7119302332660941
0.1781219636181125
0.23643175697970237
0.27900959179121115
0.2640415311375827
-0.03029432265628977
0.24224831729088303
0.9125287280335052
0.30040520323295283
0.4388255586973769
0.2076862435947969
1.1026233086306927
0.4823151370824936
-0.5414783003213156
-0.1592497233036204
0.43982163902130134
0.26639261677346565
-0.5667547031143982
-0.006455040219398501
-0.26449096543518924
-0.0382208669966157
1.6514458989028051
0.2668600059555405
1.1606675325210796
-0.60695612712922
0.17464540972822754
-0.15726138237407292
-0.13442256360186147
0.7511312286506441
-0.14452588560366647
0.27197341012499493
0.10289605348337433
0.16566633910348474
0.06413449774005764
0.48506302426953285
0.02707321875143997
-0.18435544856873587
0.2851432357143428
-0.38335684399282727
-0.11451548291935171
0.2956261102956724
-0.07982947389790232
0.20194458351393696
-0.284011994030921
-0.16285470607207872
-0.3224255167519207
0.3917790434627889
0.03127228078156857
0.5562766291641735
0.19126432132196244
0.5793327254723178
0.2959915685930089
-0.4780706545902618
-0.1931103677711759
-0.4024330422839204
0.28301607206032453
-0.006779006304645692
0.5311488722353344
0.23409531265841316
0.4006142159437444
-0.3738782621850625
-0.4655408815881109
0.5332626668806111
0.8833297151970076
0.0833103367789668
0.24156143971457553
-0.8006645283691709
-0.07438722076228167
-0.001985147858374315
0.06678766098715713
0.21164240798299655
-0.12103575516858607
0.21867731203578644
0.08465348118989319
-0.4072292847296677
-0.10139695121524239
0.018718382434430813
0.6425835920068568
0.14774969048040165
0.005261024069831301
0.8556645663528636
0.8080985968674953
0.9251741286440507
-0.03467540923854951
-0.1539800768004942
-0.2917032739328636
0.3497734827384419
0.42736221314129
0.0921131236097871
-0.1792312886888013
0.8683923397485018
0.4585670767233201
-0.09372119248565777
0.1528499800942781
-0.18101608484043108
-0.025970213193012046
-0.09029890577240793
-0.03284117999959552
-0.2321399533850073
-0.14551801083838062
0.4158749635350408
-0.3587208103615573
1.0477442036364866
0.051118997844652986
0.5201638555461905
-0.29049782818230757
0.16056887906945624
0.10439039433538239
-0.36250692544029006
1.057197684802153
-0.10417698282353166
0.35260315976898826
0.32229635905944815
0.02691417300983933
0.7158578537303323
0.1071309769454984
0.5360915272097752
-0.2287034870114673
-0.24079529838131036
0.39808805370070177
0.21964220251781338
0.049237287933635354
-0.26183734315895046
0.8145734492813029
0.3044252235309378
0.14907718656704724
0.10495571088568675
0.01893762450831006
0.012388470487826122
0.14074649548995144
0.35819818157395206
0.14253400406211367
0.06680405944254794
0.2318348617957237
1.2355081790146825
1.2549076252456042
-0.09891493624431241
-0.35759743815369793
-0.1644362944882655
0.10910448424930547
-0.4092939060987124
0.7705816693955356
-0.1738560034826801
0.8220769452583225
0.1569868497732283
-0.12014784900236146
-0.03305671363136522
0.9600236145896149
-0.2780066320554063
1.7342962535673085
0.12571864340218003
-0.1796657429599422
-0.3431625498797012
0.9772796185736242
-0.2679532221212195
-0.2947077437226302
-0.2540511814622522
0.16293144691830538
0.7945168112829518
0.18465668856686157
0.4555108329529607
-0.294772908501928
0.436794635348807
0.4115858950966133
-0.046272543532338284
0.611598649690787
0.30324889672206345
-0.25534453069196594
1.329340078392717
-0.21701220671859056
-0.1338359126140189
-0.2350539843924681
0.19542238176687834
-0.3928018710138591
-0.14532308643491906
-0.005103533256542856
-0.08035120174529625
0.44400637939234433
-0.4365802668633803
-0.017882852901942928
0.20093215454157887
0.2162945596610385
0.4865393419455004
-0.18786198199821139
-0.12394565700743138
0.4218935485556857
-0.5104448923299821
-0.007827348639375557
-0.6969699955051752
-0.13688884799348405
0.2775037133268063
0.12604160643715134
-0.5542553601375699
0.7031021464288679
0.46793650210542276
-0.2933926583378542
-0.26684013960240816
-0.28536710668285303
-0.5498772623786932
0.10481440081035799
-0.1391159138910068
-0.43650371621826933
0.5958532841257974
-0.28731081578626855
0.013516630460509169
0.8910360228483153
1.0722664541716895
0.1570853515209
0.3637360423285368
0.26941410691359047
0.07491791345015995
0.8981286931525638
-0.15050395219867674
0.0354639232289216
0.033093949434524185
-0.15187808095535651
0.29774558491904635
0.7973517192783288
0.8277949242295143
0.29523037203760094
0.021687879308256264
-0.0882217242288427
-0.22594908652320772
0.4362205535391066
0.15240760985662402
-0.42918296898649133
0.2313159428230741
0.45960723874406717
0.12480040638634858
0.44335332089439955
0.10320063139101404
0.2665103565285012
-0.007111156941211024
-0.0865019091000435
0.02143825306843808
1.7853665413747548
0.637088664252373
-0.16637693114721422
-0.15607191201761184
-0.1987316915428412
0.23006711842877195
0.05807675091522387
0.27860061753077303
0.3720013563819255
0.1613352353030113
0.04954136013071348
-0.3381921373989253
0.20313943387370878
-0.6512080686859659
-0.6463799679720484
0.2007531543152975
0.005401572048036321
0.37805817555385535
0.2875280415127687
-0.02151057401812686
-0.2880680881629677
-0.5341613864166331
0.6628707770728272
0.23510641849727884
-0.17255828864903597
0.7455688965122927
-0.3530184187986847
0.46170965109665946
0.3044987372755442
0.01573316778002862
-0.5940277237831112
0.43972828071302467
-0.47793686295531335
0.5089971955105896
0.24552532591267612
0.3471730650219382
-0.0225355364425447
0.18625771942187222
-0.40004033415294404
0.09914953544311873
0.17287630402384493
0.6122437216610166
-0.7347771850200389
-0.18171007114418114
-0.36210050955349804
-0.4110173740074498
-0.18006986257450802
-0.034801491444394844
-0.39878278246854554
-0.2316446628251377
-0.36060919005156805
0.6201839466937151
0.6010239286311125
0.6021331815068393
0.8448721198489375
0.25751536483221066
0.22616047088923746
-0.3082235370793983
0.19828839364760148
0.31086591398981267
-0.3470980044228451
0.10871496419270184
-0.35931724276982924
-0.3396790163202946
-0.1888326864641976
0.21305104105940173
-0.3322485887636551
0.971725446334844
0.0395531154714021
-0.12727700864077987
0.37181215988471616
-0.48016576466582933
-0.02987423495269624
-0.19058568486627306
0.5743762237060094
0.0352419460023477
-0.2066909812642383
0.5297529048042354
0.19669704913891203
-0.6387670019144458
0.10166657345786032
0.07075188421463532
0.16830863147122344
-0.01280642736391691
1.1513118439937735
0.05910904678367883
-0.20625165166662507
-0.0515288278326267
0.25500529959963475
0.029540092868262608
0.03354404345591941
0.2912220087505451
0.12316635959301997
0.1573466682038276
0.7107113382935303
-0.3208567836125272
-0.4290243780535042
0.13582792904297708
0.8568628193871786
-0.05447209603932166
-0.21563236644252
1.0039283300698327
0.09868857752821071
0.34441737175787746
-0.3655134366557657
0.04401855186288065
2.072684293585834
0.17290351451558209
0.23312588185109434
0.6762194097319854
-0.3170530986859719
0.24802199888880308
-0.1790862861497631
0.18745700358143563
0.05275366015069327
-0.43686150671833324
0.8906424378128843
-0.00025847834478637895
-0.34393412815319463
