44.99936637483475
46.08659436485722
46.72764831007305
34.93376982200167
39.85972754294489
43.281653949517825
48.340126320648885
43.35680054309922
23.886846625156856
32.147043662880534
42.89249260624702
29.79826781609514
37.15412091948465
40.03603230555422
41.67302398998127
39.41617263597759
38.04624134654527
43.95572359459492
40.38210258626492
36.81899304113255
44.02699684735752
43.08438281620112
44.94983431041962
46.51519639455255
41.770501550743155
38.6769359613647
34.85723933861367
44.362620674504136
36.607554624593256
47.359589804806596
38.424358904488216
42.04906569789026
33.34413179265849
39.40722747974963
44.7061227871303
46.268954062001534
47.83335871993557
38.70819253914197
34.67324508302079
35.46143452371758
36.54612545238291
43.4979949708224
52.09859529104679
43.85202925303772
39.24016796328191
44.0813106533905
42.12751175039706
47.598180615326484
39.53214773796893
48.114464907865006
35.573706945693864
38.576679667554195
34.62927734393731
43.13527883310606
36.884006744165674
40.94824691712029
33.421100139703476
39.660446888398525
40.406411930689615
39.22862338973976
43.33308928059709
45.23393754828901
39.611367304937446
41.8264138474372
43.13400673794435
48.46988498224146
35.3498265837796
34.32692083722788
46.60652714596631
54.399536628487965
41.68901342905643
39.48901871438569
40.84629042756937
40.41626902027424
37.46470734742572
42.92911279395762
41.570792507748834
42.38532704522437
42.67480429957909
56.94481721400165
46.38428876335176
29.822438938926766
31.246520280584114
46.738017447757336
47.57921159354809
41.125384385367404
36.68269959112591
44.2433230653888
43.550205867341994
42.64003399491074
32.313436566061604
39.743424998018135
44.63559913506956
45.38778528180715
38.74657192381367
51.63801903681842
40.36521890735743
38.423377852894646
45.85598838236286
41.83735879465767
39.673466823186224
41.701142206995264
35.50410626837399
50.766174371733825
44.53015218986226
44.50691398047495
33.30712295885219
40.79767204988268
41.073430146201765
44.25152700863966
39.63136732787279
46.229314795815746
38.83592837576478
38.19741300524779
39.86898602061195
47.080809576536
35.44084634607939
39.07971329895214
42.377266749989374
39.88033542591408
37.73039761212898
40.36792947215809
31.548868443010083
41.7673844024697
40.33504592067412
39.974367908447654
32.50108352317856
41.39423352433999
43.19879485815744
43.213680308204296
41.05112638993658
42.017972059729445
44.49206728154966
44.11888887902194
38.95248670620566
51.97935695943899
46.029717262217304
45.732898450307175
39.62973811270778
47.317049246829576
43.298869567212215
40.20047591741634
35.69859756115519
45.627842462946845
30.226352762941197
47.542576820379495
50.63983178747664
42.948123719303936
40.019423564066216
44.207977073711845
38.207205357525936
43.03620839232486
48.73061362890856
41.7720369596442
54.160449220140485
44.19934876784141
31.080027394041867
41.32651160407258
42.5992382400307
40.66875770639155
34.69821574208638
43.5634069717246
43.30971365254772
40.91740412687454
38.218375246429474
38.153468885043544
45.028021425131755
44.34667764554571
37.82959967424002
31.69163219900007
39.89153328188734
35.71229350464603
40.62314318655684
38.14650893317051
49.090694428650316
44.32825316975116
43.942441545735356
31.10050197228698
52.2435470349326
37.20979900138287
35.89872775715668
36.91303545182927
34.981999874192695
31.853540694874926
44.00603538394648
41.34139817257426
44.23909635782441
50.48989773156589
40.91415933293061
37.212954335794855
41.292017858387965
42.320234783991374
38.70826892117989
42.6995256263739
37.7523516326299
39.83718729154697
38.64820371523122
40.56952137682094
42.30742803943513
37.36067794452769
37.76487774243594
35.44430474960265
44.83049001318987
46.079005309521975
42.31573223882312
41.10705483209461
40.418165567238376
36.60469253228625
39.51918346800615
41.772031674464614
39.10503618858818
37.992904348616705
38.53166650511162
45.47764726745537
43.61803744816962
40.001909911545575
31.30937694012123
36.09846305892862
34.77031442100205
42.00107366839843
46.03045359069582
44.807693304374624
40.48000678682827
42.499982777194845
31.82556448733154
39.52692654694957
47.57584330953791
41.92445200856508
42.259574871192775
43.75932403435591
31.36983596400048
44.640303218184464
37.92168857861701
36.4939185638655
42.20430795189665
54.17569638531483
43.77215222084545
31.974418208687474
44.02723289715594
39.656334053211765
43.39596079795244
41.50378842860495
56.78836413947922
49.099322985119436
30.600770506932204
35.03804518203678
37.21700039770192
40.60084860275367
41.706360172168736
45.12314935138563
58.534427821162254
47.33001110155815
36.25765892515228
46.141448381340375
38.676304692738974
39.679217652526006
39.31011904943359
34.382586253194916
27.779760060091988
42.9940463317691
39.85752262297174
49.973302901158135
37.62627208240088
42.29431935753222
36.7762124523116
38.195784179829
39.765531617796896
43.32297805836043
45.801277041097755
42.23478769547762
38.65460465164882
52.41577343303369
41.18256407673637
58.6472232378339
43.564049549789495
38.93000469015186
47.14475030440934
33.84069094181328
41.731506028271184
37.21123290813306
32.421090308861906
51.74064873038126
24.312454868264943
49.10673056335119
45.73858835015176
34.915367403292166
38.130650289298174
42.853095285536526
41.586396830954314
44.08966460366121
50.15743678968114
37.41493136565989
39.52611916914698
37.01097533694393
35.52273083939056
43.56282206055194
49.7057030103199
38.000362625204325
39.42849380920013
41.36642218443244
39.81830143575831
41.309432706000095
44.34746797716394
44.17147222849133
41.606215656162384
42.920991023206824
40.853593046036025
44.48703701542018
48.51642585757558
37.7018968223496
51.92588533819968
41.98376820559578
40.74970328230392
45.12828140165214
57.15149312283293
41.74668430725248
45.24572249570693
48.23390867867825
39.38195162176544
38.99325970552905
48.0117033236817
41.199276006545176
36.970637624004404
45.56634164871914
33.54997708420137
39.9670917201825
41.417691451789835
46.42234499637342
53.293535745581686
50.796820261642104
48.338641426682706
46.08046972664517
38.156086903725246
38.65285747774524
42.86142014431344
43.3378034729972
27.335440057855074
34.4202530164788
48.073129181565236
34.86699957486119
43.87078694834014
42.455638837691495
39.13243549072433
39.82962651432117
37.99537579892816
45.198381040248684
49.33993158606406
45.75827087344829
36.3864709568206
40.536325693364034
36.97198307310497
36.727198382218155
53.23979099492239
34.00450779556695
37.231627311887266
37.80746078578727
53.60828554682673
60.542669767030674
53.848060460189465
38.826869380808304
45.473245853644116
38.718306362287514
36.84046978245269
44.11591896447566
38.85104051141223
43.546355115083514
46.1167833120201
43.16863567309607
36.41882694708322
38.85881218307331
32.382513012151136
45.261772663225095
37.711913697485926
35.026922746858794
47.516560747738446
42.242705307419335
45.23655671497952
39.529890325686594
44.008871354402494
49.45653396513901
43.39959572737379
40.114004343699
45.80333568981892
36.297844441333346
36.92788618575994
38.76518785732343
36.01669252786393
39.179427489074385
38.03945265252156
47.79357995548667
42.65484385180746
36.88853256943117
48.756947595532615
33.61209686125852
34.623497337960146
40.07221516996596
40.216909669491386
40.900338783379
42.74806629498664
35.31802824023819
44.71507848958675
42.34791537403497
34.776254601909905
47.82185789938519
40.88472072579995
36.77234493281312
53.479787681895374
49.45843138796238
34.16728993339204
39.715134763848695
40.67835799736058
42.13079636135489
41.416087981781125
29.74423489071016
42.81265475834939
42.79436442240542
36.19486624759215
44.023716637129276
46.93270079969444
44.72312141234372
46.96589025553678
51.30860227443728
33.479703789865916
33.081865175724566
42.71179577669017
30.84255343636362
53.267947313168726
33.06385644094362
35.05440323749561
41.88273894929037
31.837393486250203
40.717836744297166
36.099459632668754
37.89626026087216
44.4992414730483
37.549054994690295
47.071567230610526
45.72247542135411
43.496857775701855
48.7356850640727
54.14239507827368
47.4823941486422
40.71345692780941
38.4227319969065
36.78316431269105
38.81390532973076
50.64817781276784
45.53601650074928
29.85186266475851
39.61242085797429
38.22208238379483
39.83239618072189
41.22875960521935
44.91393134436146
46.168664979717654
32.46527724190586
49.32276489608262
38.99960575150252
48.983899509888595
42.952914833898745
51.060770783762344
37.459722418021244
35.506886689936294
33.92063916180189
29.54164394658408
37.1984481288559
30.774300636214345
36.355890179742374
45.32656991859676
42.88827015998715
39.90389126556404
48.82917146883322
34.42814192691701
36.99971290120718
37.396711636744904
38.78743272278761
34.62382573883482
40.526220865017244
36.744346746978266
38.93393754906579
42.2961889525153
40.288440263494124
35.34370043082129
40.474136183782264
41.01750116015693
42.04107023521118
51.51023753851427
37.806968286171724
40.46164808412153
37.23941548437424
41.819401617184525
35.169854617522475
39.448379761516854
48.29669309837841
45.18981919191071
32.322117867617
42.026182742816545
48.92362103666618
42.63042568987117
35.671579406031036
39.731423092463615
40.050543851937285
45.55305211426992
39.05066676856356
40.098748223182646
39.00374501581425
54.17742846999688
41.22363604008937
29.01112803238151
52.136564861171756
38.811791052580425
43.962139268572166
24.195549328525573
39.943417242565545
32.02236661019443
40.175752224631424
39.53120801645189
64.9517771264598
38.29661535182931
43.35118271367335
37.378236375164256
38.95146042722611
45.84089949900214
36.06520903787515
41.52911262961998
43.928917885869346
46.61425689694252
42.547571704661074
43.50380198739495
47.46121091689425
39.64909717447357
35.07441668151131
46.21167418801833
55.07381526739183
36.84776119360092
35.763283405143106
33.530930295123035
41.25839117977796
40.78340521020241
45.11735585247051
41.03060517977362
39.70448514958008
34.97947096121525
36.56806941722452
36.26223988755713
41.80317230993455
33.59435510363031
36.77652203752951
43.72327469037304
43.50941819947187
46.885373894303754
36.93899428329764
38.65539954740216
41.14714440901773
35.75169737252101
44.12844721255089
41.53542366540285
52.433886568324375
47.29636467580571
35.97318050833798
50.11797684113126
41.05436095807151
41.58323395276383
39.33899611488439
51.1707566564704
45.75933134339999
37.526753888330646
36.22911055755582
44.09863777706858
39.02694618149014
40.822302319829184
52.63664349619375
46.96373715315603
45.753150076874796
41.39991746461264
42.803915075153256
39.6067675264097
32.97945445794181
39.3639393432022
36.6852282836487
41.923675906061796
38.382446108734214
32.997882751975176
44.01152057461475
38.85013280291882
41.70633134158189
47.18488981778025
46.644561862384904
41.48276168600091
33.91079683989217
43.994255845413875
37.3788903121219
45.077724624839426
32.37322551247614
36.20312266273529
53.45179832359874
35.162200611075754
32.26870110923152
42.04804183761628
32.32190455247107
38.17634332938226
46.740412747951744
40.281250962707354
35.931008868936544
37.47540050670683
39.7198544483824
39.47682559355914
28.481922968832734
35.50368933810178
39.84798037634457
34.24464745789005
42.18857316231837
34.41409057994732
40.07181497974402
35.255888524965286
37.7285143849046
39.66391146431135
43.923826476980494
43.3398440492422
38.92336568627486
36.28027509218774
43.198773280814784
40.17430657896971
45.50633274404095
66.60443001162415
38.92173490159805
39.65388225963357
36.25883236060652
45.32579707122344
36.89965876493763
40.97538712367773
49.375822938809556
39.78684663765929
50.70332986485475
41.77391815372208
47.00667483787229
50.1091152485906
40.29354579467642
38.2355410402937
37.84870226564852
39.41195378807593
35.26444209865498
45.18681182273073
46.57152037464414
35.96215070733219
38.46315627429846
39.29248029793796
35.97425685738817
44.314054158646655
38.55998324623595
39.738960433592986
40.826317072071696
41.49619770173006
40.614566655980035
48.673342995028534
37.77912154573304
38.23343096266747
44.452965832476956
42.228006636515204
38.04938521174719
32.25488368107742
46.58949910778238
37.63469369526935
52.31921025383296
41.4365631704039
37.83364659867637
50.247705378395985
35.64352247419187
40.43592865755161
43.09026670117634
30.99742911796231
42.67410480886927
36.13023098423431
59.481652190726656
53.90223486713142
34.890470934947366
37.41299896627922
35.97627286309767
41.18691206417122
40.47957182181741
50.09883076156827
39.33721594636703
39.81099834514287
39.4912527188765
34.93561634149359
53.84896705134463
55.00033280291132
29.025657771781074
26.591271240932798
42.10572082650642
38.52852366828174
37.12716723236036
56.28287132777451
42.149969666467626
41.77884874119012
29.827460532664308
50.53824365249106
53.865162989993884
44.490588777940296
36.69612878270023
32.62620346835953
60.684704599789576
46.43595919351288
35.11946768615361
31.753042769050335
34.93904410099762
29.009506151714387
40.876737803687945
35.88913350433333
41.16428528687677
45.68648055873446
34.08596571226867
42.42619395601637
39.43511361049999
35.10608977176157
46.981104942502476
43.04940455565812
39.015639021804915
46.601235886503225
42.96564018277777
55.354148818091915
32.897231553451704
36.06993878251932
40.15505955099096
30.629346211105364
38.78652472818891
46.69004303977461
36.8823571257739
42.49170055654247
43.62202410499741
43.24037754954023
46.049352210235384
44.50421835348894
48.1155468979315
34.610365665754756
46.89119960234608
27.28381088789909
38.12817660989407
42.18659042793588
46.30244327894248
43.04118048244756
47.93500716593029
49.47536659810218
41.93991247732457
35.38737209571135
39.886976930643975
38.15715353724959
39.033524148271134
51.19039585354117
45.369035995066746
34.80056227001921
42.40772658214995
39.7960448435682
41.82714890863836
46.79914939277624
38.633346149771285
47.230869275891884
36.68386259522654
29.02505322882806
37.6323461890281
53.906328302017506
36.75183055380801
32.64723508632682
40.64310311854163
49.10271451332413
36.83104808319515
43.88403235426507
50.43919936899541
51.997513185231156
34.76073772657819
41.78332683476144
47.35426511196736
42.87722765681825
41.96374668406841
43.51070561906047
33.71039839368184
30.31601746254322
35.00730408475898
28.77197518510043
37.29341282146397
42.71663640462717
30.92151052697721
39.902981689006495
37.25144577166858
43.77883045949331
35.319596964286475
39.491405661158744
34.65867615339212
36.86972143943613
45.388405136601015
48.98178612615481
34.72990653668363
51.14710674812059
40.894429035346484
42.51126275517356
26.89976462997887
35.03464820388308
38.86553637703931
25.63829531386897
38.1057935374232
40.00263490408894
33.11096187465001
54.317700927698354
44.99057232031801
41.993963775900546
34.74779031925503
45.92008275015011
38.03824192418733
54.23637627915
48.176035510594346
53.2748287192034
51.856135073886605
38.6036320491285
41.648147558146924
36.087299798370324
36.976702433172676
36.0049789693963
39.500271239138236
38.361610049489975
42.431730705678234
39.920988900536244
43.73607434209845
39.4924230187335
31.48587041671129
41.90573729808971
46.07502124928084
39.66299551823318
39.53887523498754
42.16474974169176
46.76377085985783
36.06432473819459
38.715173298423245
30.529493739377557
37.67280003223799
36.673476177839206
42.73062814716133
45.8617928994405
38.41001986211007
35.87805236934131
39.842356419516676
41.88238479972096
44.59028703205059
38.29617143717652
33.43879994247403
30.128576914406306
40.713189624645175
40.11028450274769
45.384914626564495
59.77131986165679
38.31898638794341
41.202428694556346
39.24241604761612
38.10124548583939
32.77354145764364
40.94215548067605
46.913095157645444
38.45721688694321
42.352676791796654
40.7973328133562
38.9020544832657
42.9066948275371
53.71043705638295
44.52994140496257
41.88110640973282
52.946584597016184
45.17620971853082
36.74051845435363
33.12352213961979
38.79577502268457
42.61212665886635
44.14990086932371
42.58363736544956
51.331605077089414
29.042398400811326
36.07998692480775
37.00856722466109
40.521771563885814
44.22645663746516
31.470246758309944
43.27952999464032
35.24011620782888
39.68688033299892
46.353586535856294
39.03364454538283
40.79889366333258
43.02240451946458
48.26872412433836
39.408824944174874
47.97363421050984
41.60815906895701
41.227958565468526
41.79623115107292
37.388354391186304
45.12458419403705
37.30744163041879
42.11124183634929
39.98926480431229
36.34194690030238
40.476242604398365
