0.2440560827309961
0.34280127914157243
0.3426244970201345
0.31625547038635665
0.21519204807976838
0.23413914435807334
0.35564464811056445
0.26616313991934004
0.26720760712335
0.32869982413939514
0.25158657419009767
0.2456993121476421
0.27543183174469105
0.2468314311106872
0.2072976781282868
0.30542173803343486
0.3997621797222245
0.2062344051561772
0.2688653640404605
0.24935857345873721
0.26073698700190867
0.2740912054138084
0.37872181323433746
0.24632934224191558
0.28025491204883224
0.3089643878276723
0.29672924705212594
0.31627139423961265
0.40382963283173495
0.2623812201317899
0.3357553255464863
0.2918077121191294
0.19375499541843094
0.2935057433191846
0.35091100698889505
0.266336863829549
0.21982206669647866
0.25943488792651415
0.37489487108117775
0.29674553222438366
0.2553371868555084
0.23321489188459762
0.2284705325368957
0.370917998591191
0.3114420573916659
0.2410632814472225
0.3885181442919801
0.23175021825965683
0.304963844314589
0.32472946653230217
0.26697537308242614
0.35716036205608664
0.4872187591793915
0.20823947079023872
0.3061325240387696
0.2659314250311296
0.18728786406697343
0.2643106166099318
0.27630570900117457
0.21430824038374668
0.23884725439497098
0.272784586573058
0.3964535392479729
0.2961490342257565
0.15711365110897202
0.2645114169265057
0.3657767322342596
0.25827621761957503
0.2553867201320207
0.1839189918101162
0.2679043224987209
0.6364658991306209
0.25301526054304724
0.26932162591965125
0.21123880888630686
0.23066970897865585
0.2469220779585599
0.31747299477861507
0.2629494327381225
0.31921225508257794
0.3730815941313637
0.3123451436887041
0.24197050372737489
0.3357417515850608
0.2006507619194492
0.20808511790388723
0.28212369954614114
0.23540098168423623
0.3410640814878802
0.2358521257192481
0.27136362972556866
0.24314704955483593
0.3021417261031092
0.3228749450064245
0.24552904454405544
0.27585732963699355
0.21439296960790125
0.2377741693937053
0.32548968405986906
0.35346488098456846
0.2652132162399785
0.30075573664209393
0.45705891690354405
0.35044573858640116
0.2854768562468901
0.20994682503264905
0.22983079022157016
0.257982443133542
0.23746688330689256
0.25939686289813074
0.5220351733447406
0.4431805642753802
0.284249758123404
0.42255154310635595
0.19024807014172238
0.3226972052626352
0.2384308059301351
0.2048104506417612
0.2486871684746038
0.30478237925566076
0.2245449912967851
0.19079883254061494
0.33910471023902977
0.2799799978718552
0.25689397886548965
0.4865395470847543
0.208224370564151
0.202438842112518
0.2597441918642654
0.22690138531940543
0.34832562360558905
0.23793703724070892
0.22371295070509767
0.2240982790695002
0.21335225078476042
0.3285580729014282
0.2609996411155586
0.2638050501291946
0.22114823422915214
0.20796645977553999
0.22549877938754406
0.2619710233127629
0.2282526235648553
0.2805398185371517
0.3433944869372062
0.20954034539560681
0.37908828705967773
0.21099318494642533
0.30646440068398634
0.2513657842001678
0.21153862475521995
0.4045669047383483
0.25573536287658954
0.3125624838607504
0.22288839331372373
0.17575593748030077
0.3318440742498458
0.35551096152783734
0.34183042503132827
0.29929811276192225
0.3371014805511251
0.26583458732136245
0.38639017646079316
0.2926039571092866
0.29033092214293155
0.2565715555873181
0.16609625116892626
0.30476291396067007
0.257398232501488
0.3594270644103993
0.2630062677001591
0.297732264004948
0.2657438251744328
0.2160842679799061
0.34010016826380346
0.24221289473661714
0.3291157633658064
0.3216642308974533
0.3034180833046539
0.3066908899191974
0.35005022234167815
0.28767425732557
0.27556558379430546
0.3452400119350505
0.213800887035697
0.2970795019512416
0.2470990633308987
0.25058604938889323
0.29693390721150803
0.3476382231534893
0.1922224048010805
0.3590742629277148
0.1809436452397692
0.25076774473196384
0.34096565270802215
0.24210509565044944
0.2729924241474354
0.33873731412877284
0.38868486054616014
0.2590632730585049
0.28262832530673576
0.3200038750519102
0.3192616674982271
0.47751708292595796
0.3458643471402399
0.40727502186496267
0.2129733644549673
0.4139598253382109
0.3021933259794596
0.19508040287983766
0.33858434302604395
0.2451272515682388
0.23973335146856398
0.24714406335118413
0.2755905365119891
0.2712603764106353
0.30295903054407625
0.23444172126812532
0.26500942434453395
0.25917032833726683
0.3067599332529875
0.40620498118361636
0.2514587704107615
0.2502353374962046
0.30768640170768474
0.2599415726722356
0.30450669343797454
0.24095365557484344
0.38985727492639555
0.27895960001203196
0.2493106373740801
0.26411103838096023
0.2199023640679224
0.2121081028066302
0.3124787292923261
0.20853110529168564
0.334428370053959
0.1996800417734467
0.33258433687831235
0.2469579151872081
0.2212368207169496
0.1764465633798884
0.3808605860764722
0.20213073358249556
0.20851924266666608
0.19976583646737603
0.2155428270566693
0.22687062560139673
0.3421706156264835
0.22936276603218136
0.34758159274666395
0.30444541234029615
0.3844594843948882
0.19486831156190867
0.2159430008796983
0.24743389053155362
0.34558383927446956
0.42673748344232115
0.265260465615703
0.20783378138951467
0.24782842131708568
0.36809634924964474
0.3357199231639703
0.41016438898021795
0.2705069833450898
0.2179226012083887
0.438601109608205
0.2627498148565914
0.2806583577348111
0.4050763206385575
0.26176136003137707
0.2610961637119502
0.3093589629021251
0.40063771057501824
0.4310795364079415
0.1868804222222979
0.23815088803294063
0.2110030064630107
0.39130001214868987
0.3055348354646799
0.23893554620904991
0.43289614126896786
0.28131290837882666
0.2723029117336421
0.3369108062380248
0.2585096679756086
0.2335405676430073
0.4303730131920194
0.23073766419535446
0.22159741357951734
0.22868196525588813
0.3300508888820577
0.24289791001942315
0.29024244333934074
0.37060626858949003
0.2884836017269851
0.30655847905710026
0.2864717961071917
0.30845908239350583
0.2716184695255122
0.27622383540657797
0.2288590514003719
0.2702763133271746
0.27060827998158793
0.34248465431320363
0.22218581914827296
0.2979982735877382
0.32248020509410913
0.269785752641321
0.2651146189682139
0.2374579695911558
0.1923972223374599
0.2607856435203522
0.2765536607176639
0.23414117753462815
0.40714955724388485
0.30505454040523466
0.2549182162116889
0.3532953075985047
0.3024681618840322
0.25139356741062446
0.2885060413348249
0.22058183166034134
0.29847598969327543
0.19090822925765605
0.25964678672999314
0.2615238939019194
0.2657873457888342
0.5035751557412578
0.21402871221064385
0.29994643479596433
0.2619786755804011
0.3014757112372407
0.360871903229868
0.24862950133137274
0.22727933788887275
0.25948617952499536
0.32555728070965495
0.2902773801282063
0.15577830416549843
0.21027976675482063
0.3216204141593962
0.21646291083346886
0.24023577547937444
0.28177785166552294
0.4048949118884067
0.4079449858763064
0.2970873371118478
0.2659970036493085
0.2870296972857069
0.32404975707422096
0.4300852362250033
0.33484214445786803
0.3565424487210332
0.3274976404303538
0.18746009503583624
0.3706545777386243
0.23928271862595404
0.31417866918574094
0.18540376843807693
0.3451018290474881
0.40928590722398833
0.45373818609461014
0.3605237379783333
0.2521913651812439
0.3988893757403239
0.24540251167588423
0.5361563298318225
0.29594031646559277
0.25517208917884515
0.2157783456423514
0.24584855518289034
0.2393822998100443
0.27122420143476345
0.22349907880404948
0.2689776764254924
0.25146677215447727
0.2577588727627445
0.28487528572131854
0.32209247792709583
0.18281270816199197
0.26132951124076353
0.32379772010850716
0.45119665656698793
0.2324039014531354
0.24009789874706686
0.2490983895284841
0.2940188729474904
0.2515552785443694
0.25475440367922564
0.2816747945373036
0.3663995465645484
0.2614338314003057
0.2058409273862201
0.281563634559105
0.29938264691022254
0.3262944938305738
0.29819542002120014
0.39223745287341133
0.30939701575807066
0.26590157817239785
0.5408589815242228
0.31225436490989034
0.30613601905823956
0.5218971122643693
0.30489332061007773
0.2228462919945368
0.295101530952148
0.31448083527923426
0.21856546000340793
0.28353853842703614
0.3899899705604538
0.2895615227693884
0.214956689387283
0.3551733409488188
0.2606888003039246
0.3675615760894658
0.35597498846410547
0.3143033972494177
0.22312971617132776
0.23651365870460533
0.197512815398097
0.2667048311486057
0.33949119244167014
0.26752188049160786
0.23476021406521277
0.2379334910760729
0.2038950323298898
0.2735141787992782
0.2275810771943538
0.27622771251737704
0.221897355879396
0.26609580834977187
0.2184690890549956
0.4286461942133361
0.23055077995001244
0.3896528352074211
0.23163921575440174
0.27059627213130333
0.31760058783887907
0.30107559989939936
0.2965425046304867
0.2461292390167839
0.24680936433928694
0.25826798117995126
0.3170907245424065
0.28834457813278364
0.31283534994702744
0.2336710777070048
0.2797219161047661
0.23273364497318863
0.38632224738914217
0.34604689483549755
0.23043819419344283
0.36901167828845005
0.28999970217335064
0.24116019251364584
0.32264565912722803
0.2304937394981819
0.23330113177974807
0.2875745042996767
0.2793398358995931
0.25808501065850725
0.336694973826913
0.2798668580089376
0.23481263311158745
0.27569078552534615
0.20769277311663956
0.32660152024401395
0.4131847613000351
0.16746227772638517
0.20879050756651968
0.36094092488466223
0.2341769029131963
0.2563668476703065
0.2751765645826631
0.4106515022955066
0.3758845462162591
0.18763661754475816
0.23299105663684178
0.2689289067930978
0.20526801778900466
0.3437086916180891
0.35064229862734436
0.1947089881558553
0.2844855544877332
0.2679294286559916
0.2602660251303852
0.2714839894451731
0.2546159560670014
0.2718418243835951
0.2848700572416937
0.36405850708365844
0.32243831059081474
0.2905441055283562
0.24940386480213114
0.25745227445163366
0.2572253533226626
0.31482566053753613
0.2849750085692528
0.27235244462738895
0.19991601403216422
0.29841616151503664
0.21242598075058883
0.2208978779687904
0.3468664456934215
0.2781135972940908
0.38597971235607614
0.2725343356443914
0.21870084922191263
0.35090747635651875
0.46164338522702963
0.2543876320295983
0.23186770371723964
0.25036188212406535
0.22640652204501407
0.302955892782125
0.2588965876425777
0.40924128622710887
0.2579931623104094
0.3334970225235391
0.1983230682433533
0.2902743818707474
0.28593656464958916
0.2829903072281997
0.3226865246115756
0.3294313466766696
0.19732019748888785
0.32873933363264696
0.2170737197804052
0.25784133234912987
0.25894572754358147
0.3141005239010979
0.23883987895753103
0.41477185162876695
0.2773497258872146
0.2768545236824406
0.2181263440981491
0.26555372695304214
0.24573560981806006
0.26834883657921244
0.27072530773995995
0.26166719028292296
0.46425824734086996
0.2686400571309472
0.26288712778864637
0.35355950854129536
0.33876865922013116
0.3189051351912112
0.3672373572066836
0.2010549253610941
0.2694762932435376
0.4015974040103845
0.25447820875436866
0.19828617503694163
0.25836369172520246
0.2647283048103079
0.2766926870889826
0.349062794852208
0.25613393531674306
0.23580175498914357
0.2353912640688039
0.31555171295205137
0.47529967195175177
0.3038022125790613
0.2683046513287334
0.2919064581580322
0.38685371517047884
0.40622111281564965
0.28815545448383184
0.4809121234626674
0.30413694243585293
0.2762400474064493
0.37415683131353156
0.21277374105290908
0.23571243873695308
0.25267968217437375
0.2849102105545015
0.2125049051501078
0.30542470840283564
0.22843110909841793
0.20755587161269254
0.3160140404134879
0.20898373977069987
0.40124763714130296
0.2995392525891328
0.4456498364769821
0.3413449413784976
0.260533586345539
0.2103810546643066
0.2912253698548754
0.2722133573446426
0.29429499721844615
0.24515820646582084
0.2769444762964746
0.2587248287406552
0.3224476528690708
0.25707462174402756
0.1873640507998551
0.3370238984290243
0.25092117901987676
0.3586159483328955
0.2623350575922879
0.23768137758434033
0.3214985084495103
0.28823400694712714
0.26913083346341266
0.24980798163570547
0.25592024151235354
0.28762211108442814
0.27892049858131923
0.28481429919925066
0.22247239741295322
0.3375687034442137
0.2688419164363482
0.27583674863484814
0.26610809493966453
0.2714003336099513
0.2254607556051769
0.21998037807991855
0.27584554079964857
0.2960533331567542
0.23780722999862164
0.3773884553341475
0.23824559103002313
0.288242222437478
0.22429415309675496
0.20638523794663455
0.3317271151890564
0.25991436302305965
0.3770687847597277
0.2894885569398672
0.2141145229484922
0.4209835878101539
0.2429389896992626
0.3765105503925822
0.27710326511184263
0.23411719112501714
0.2426126533385288
0.37566676132980004
0.31032989523122195
0.21020248302185585
0.37674281600580845
0.35823923432011023
0.2985495858120702
0.16937299148372098
0.2930877325440394
0.24257687153614815
0.2517263912571369
0.23934857176999766
0.31805121763230915
0.21673239189238533
0.25329571270805884
0.2003454634611167
0.30203529566320564
0.25766352188407865
0.20570090428502505
0.25155229662780915
0.2671504467656204
0.20723526565536496
0.36039164292455744
0.2311917598311161
0.2918381994007928
0.28299769563491484
0.24742668763248035
0.3130555015838192
0.21212929648338255
0.2610179943514722
0.2047386668714718
0.21579177727295554
0.36489069519671885
0.21504819533210812
0.3135726890493081
0.26251870537273364
0.2614690484318546
0.3020693534938959
0.3935440196321458
0.27106811168274886
0.3254494374587711
0.3386456636453327
0.24788690560545726
0.2454532423151304
0.22196057108152142
0.4119394913323288
0.22325940019349116
0.288113289496971
0.2911463459089253
0.39558744099818566
0.3165146324461273
0.3156200875943358
0.3014989706783978
0.24760814718721547
0.2285359331130079
0.3257076979112406
0.1455685372682722
0.3052108423169685
0.30703377700075146
0.28086351904293877
0.29263012901716373
0.283669213188122
0.3376367565680456
0.2315116115663606
0.20083341219693363
0.2970598772296438
0.39257167530335274
0.29160398182389463
0.3341898190263532
0.21709842909536373
0.1881471491426977
0.24588823645620767
0.2570098073941319
0.2686753677148497
0.2911060414460555
0.2395580462633
0.3014647705122426
0.30905338750390227
0.26252367568249385
0.2854245845063263
0.22652337896031913
0.2341674327794844
0.18970136134383017
0.3048771641200393
0.2767863464946957
0.2949324493595419
0.2628708624165082
0.2882746932126795
0.2188241616162894
0.3055624272053026
0.507806123539791
0.3389117624593681
0.20750402712320656
0.16617857454125745
0.21414450895201648
0.32886717606050825
0.23292428731913445
0.31031668995715644
0.18127968689287777
0.2489268965092803
0.22954007097347345
0.26822296202216306
0.22496270254382397
0.37698848553235415
0.23619926184154166
0.2591550529453674
0.27037422753734186
0.27186482611132734
0.25857457411748686
0.2612158876577087
0.25261388985605054
0.2826757215904025
0.2583943211607907
0.30466066554856724
0.2525557756560797
0.18577970680041123
0.19744341422531217
0.25808730422783993
0.18312008042580036
0.2841937052481409
0.21120013188553108
0.35990119319760794
0.2513147315265726
0.21098397051234824
0.23219135333714538
0.3862460777138292
0.18507553320782288
0.2658440845148237
0.17647619426065606
0.2518694270157558
0.2918601497643024
0.2191090400635238
0.3527859357603616
0.19611001735309266
0.3238719638843416
0.23997910915559664
0.315230404837755
0.29896549572890097
0.5076570332473859
0.25721960866207294
0.26566696851721255
0.2875396632689455
0.3336940774867361
0.22625788292744844
0.2927335144781956
0.3043800502498954
0.2170326814892245
0.23810212052338428
0.47915182483665597
0.2512726852612614
0.24530317755714207
0.21710636509095507
0.27628021580824935
0.2457893814049221
0.28981204657060994
0.19602029156811546
0.2657650184953188
0.2508798350311812
0.25065112387034905
0.3316267973099541
0.2791831794553771
0.3055511469561979
0.3323112429994249
0.33656943422530305
0.19807877559635978
0.23615960763071212
0.38343636178659996
0.25262015225893975
0.21948877640489736
0.2215503148535222
0.4108365737719754
0.2549287772233394
0.25473008781277434
0.25214571704351774
0.30541584248459996
0.3145944544439536
0.2938879762954023
0.36174641861895845
0.3247214005877138
0.2961791065647244
0.2558586713601455
0.26136386296752817
0.2717573444935484
0.18055477429223607
0.3864299153030795
0.38783741241553804
0.2968556731334519
0.2595861773305422
0.2409928720481901
0.30332037630536196
0.2771033470994887
0.294203017309768
0.39171452406357044
0.29944603603291803
0.434140942913008
0.3102376509846554
0.2785022727076864
0.2135356252865625
0.27007393774852373
0.2786103781365411
0.2523202500137572
0.2996949044913623
0.30449970719757846
0.3186229340691167
0.29467795007240005
0.28098135705679456
0.2683911056931981
0.25863664824937704
0.18105463379776748
0.40761127322170726
0.25702647479936364
0.23538967090169646
0.3099863063282782
0.2153780925948644
0.3346220815309529
0.19410250897850012
0.3168147411070081
0.3941438300903898
0.23692141083969992
0.381935149348866
0.18685614428196867
0.2832027297118591
0.3082595954283637
0.2705840695035189
0.23789680380758013
0.2417826798027147
0.2622851127080375
0.2929668827082474
0.27980696418174045
0.3062293780804647
0.35895771699946677
0.3334793100471423
0.33307193166942034
0.3051808601094987
0.3799996823836526
0.2504224113962219
0.2778503842912252
0.42536552597403454
0.3032631047707059
0.22972325754321696
0.21723043285099441
0.3155691217657838
0.315513129898234
0.37134428709836165
0.3441692535043279
0.294629236285174
0.3673970173398302
0.3684066732856387
0.2123409941125102
0.16426268814549314
0.23929319143624372
0.29174420909066356
0.2681440860659487
0.3520002315382423
0.36988454612263005
0.25564583158626397
0.24658472075242077
0.27148832828097624
0.21403041754323926
0.2403251564340128
0.21181030573666754
