0.178284122756359
-0.5845427746034557
-0.05113673465880764
0.05335098728967382
0.7719013886811319
0.12721586287123082
0.8279083186295292
0.45706766637287877
0.02360601747264504
0.741964392177905
-0.22150639881417528
-0.3416928907551564
-0.19353205240320154
-0.5610900658245351
0.0981839184664201
-0.2570470872600791
-0.40732114044398654
-0.024461295559163
0.7147960443198812
-0.17229334554285164
0.09028222066589693
-0.18763209776378906
0.17418660082866572
-0.3077252376126408
-0.2093861113351908
0.002512548441991251
-0.12655179658622065
-0.5755748499445921
-0.36752533918512337
-0.3841247401333974
0.36341811074822855
-0.02696553900129977
-0.419665557925603
-0.041801572041960895
-0.5416097134336347
0.2630002690945838
0.28520080981645535
-0.4426686409703582
-0.3734156322824077
0.4494991445624207
-0.3163588616807388
-0.0934352464773332
-0.17475196947614602
-0.23725111236686022
0.1049542100631485
0.3605291554496813
-0.4288323873637153
0.42657024923850284
1.08221866432488
-0.09456688574703039
-0.3141301223649797
0.3612641934868381
-0.42500099967439176
0.2972489061818887
-0.15511772054937306
-0.5767034860631517
0.4164078418959821
-0.4106379965150482
0.08553828434089472
-0.10855474852484999
-0.3923823630544608
0.4921947296046773
-0.009624031270476069
0.043409590716840966
1.4983643984052883
0.2990911607824434
-0.17386817958903886
0.1558608217652419
0.43029924025706195
0.20791341440198
0.05680092842081252
12.441300829983817
0.23632607529292557
0.6945631045802602
0.11745326961034505
1.881796469110876
1.1420844206421439
-0.5390019995360192
-0.13897304073984168
0.4567476627552867
0.17191794871794877
-0.4538721052252825
0.0755187767314022
-0.11113006787961222
-0.269530534910116
0.1802286746022214
0.5362228087621933
0.15797438371787006
0.19750820981958533
0.018445039652379758
1.0524102308475791
-0.11999942061253674
0.48409475796061757
0.11686145457771753
-0.3912085531144193
-0.3404569104351521
-0.2954547079354231
-0.1486658670414856
-0.016865671242478734
0.33761743682459067
1.197565161614673
0.7718390501782671
-0.03810722706794314
-0.020805402817722304
-0.10399353094841633
-0.41821314151000416
-0.34218513788861865
-0.06868911101622235
-0.13364328449441534
0.08938007164045779
-0.03631772040422136
0.15762486349429505
-0.3817202597814035
0.9033472640717075
0.17469819183374166
-0.5136495844596364
-0.42666698592662206
0.2561218354102304
0.22494585074496243
-0.19629952901740189
-0.3308508579986339
-0.017128576388708953
-0.07490383170442952
0.5175366184985328
0.024036727170298058
0.37401357303234123
-0.1535574904597361
-0.3720372752659157
-0.24011210802427488
-0.5691384354258696
0.16321342025603583
-0.3722828627027762
-0.4142275322603443
-0.17823339500349192
0.21357407667813072
-0.2932803830643837
0.5676560438038158
-0.44801996675423506
-0.5115067284879922
0.5500429514160724
0.3379584812305045
0.43730440028656536
-0.14831895928967584
-0.358283938446785
-0.16544660209942785
-0.17203645621932767
0.8220540970564838
0.2518922926167563
-0.15291363010134798
-0.024600268169956276
0.22078504863528006
0.11272994259292003
0.27462864523821356
0.4676827942168556
0.22219647357687922
0.0926901677816435
0.10825625660163625
1.0684596153638026
0.39119998686565194
-0.27018373311351673
-0.1493144695496544
-0.06339408318429235
0.4901841902397814
-0.21849794113058044
-0.2955486707423062
0.5579194474357478
0.5957209924833847
0.0733780943803052
0.637501185820746
0.27360936822893217
0.09293991091784297
-0.47506338720019764
-0.49610874207439903
0.3277509116041362
-0.6485245250950319
-0.4810942891750972
0.3393237318830649
-0.2810249087735998
0.9821117134103228
-0.2388401341993487
0.9133107790429075
-0.02985927417836341
0.1796728965414807
-0.3404501873309162
-0.4563809803346052
0.29002424523933845
-0.3150444966517662
0.7575991284576693
0.4616311950954358
-0.46176033359200425
0.3412966121220471
0.5502862192880085
0.65542519945415
-0.30467676187760984
0.550425533602481
-0.4291130087217806
-0.1367946798616101
0.35385854017294494
0.1128840170348615
-0.19543789618948737
-0.3566380998904439
-0.1398010104739199
-0.038313726733677986
-0.14775222341044766
-0.36772801431503604
-0.15526160250809476
2.130251430650194
-0.6161409801726968
-0.41055522769294783
0.15778148033097059
-0.1698444709754445
0.517557498899005
-0.5271151067587092
0.5324168955875617
-0.13584691559148457
-0.5142733948542878
-0.5554600907287025
0.2667398319343751
0.109726890461751
-0.14115051501325096
0.4928911618900289
0.4708576764748471
-0.3048724867925962
0.16647789889050388
0.8194949043486724
0.25560359809251054
-0.09528570218725406
-0.09566149125791679
0.041681234770215306
-0.36424038064181047
0.09334923182284843
0.03653590535092443
0.9624053530551154
0.11185632355074943
-0.02367760475589079
-0.3304603085378802
0.12006455671197858
0.30313588850174206
0.682795654763127
-0.17304014043913424
0.293612770019759
-0.5432986555495013
-0.03152423501608995
0.08483117531211842
0.05816512266021904
0.06121682490201396
-0.1275757808915601
-0.3928811101859063
0.12913989443951518
-0.6015749835598259
-0.07984366899658556
-0.2971915994763266
0.03033050440193623
0.7672637588555447
-0.15719627020495638
-0.04351045162290484
-0.6605314875826218
-0.22268347257680454
-0.35150411246792074
0.2508756046136675
-0.4243626879197978
0.4051117388878841
-0.07700224969590456
-0.1067342622903329
0.9695170387980547
-0.6624881151286335
-0.04376116562669913
0.3291777188328912
0.003355016087740496
-0.42201236241178697
-0.2248102425483743
-0.2170703980628287
0.13980737446409738
-0.23637670534897265
0.039554201893764185
0.8482978565276884
-0.19355543710021325
-0.7310763414739323
0.5430097740900756
0.5703187020694439
0.5428502401311935
-0.055816683987210514
0.43138164137258184
-0.2902145586791004
-0.3320780938047785
0.3355492735630642
0.22504465660609782
0.08897944523075475
0.22092748468200712
-0.2713206068032315
-0.5848655124590612
0.11424748597546969
-0.22518155089956207
0.17488002409338796
0.2765399293790349
0.08933287043073504
0.1620795807735957
-0.13768908607834035
0.12921632422901183
0.06673808770178476
0.38108079201990747
0.5694063746024429
-0.42749348719314156
-0.04762138895888521
0.05625891495745427
0.26024630348668465
0.7386159674207615
-0.023873958272125864
-0.45881796985944584
0.19890323863533654
0.11305465402771596
0.8131093947578282
-0.2035300805706246
-0.033556513461358815
0.6874518226609307
-0.03196834084621191
0.1302277551488728
0.5683561870076166
0.004443004399715532
-0.5619310110926994
-0.02843660165924087
-0.6561418438518212
-0.3334597890825345
0.313566605033364
0.2134569300284389
-0.5803573954685296
0.12275461496484281
0.02476976414331923
-0.43246019840127153
-0.38594043559279423
0.4205278120234284
-0.09805454407479723
-0.5191872129938659
-0.3121663055375061
-0.2652568039120624
-0.015516960612862004
0.18459796944104664
0.054303787029764544
0.4263679384020673
-0.3506684114643472
-0.4013015298154702
0.1264823304240304
-0.5582471359243061
-0.5367923292551937
-0.03033195733054381
-0.28845134380907617
-0.4930530836270941
0.8141239774435176
-0.17314866649916175
0.5731237968589044
-0.3779050716634911
1.31877796335353
0.6709691861316068
-0.36439427706872407
-0.2804749170744802
-0.07588430877156899
0.13588441793213443
-0.07772330077188633
0.17278366609152906
-0.2971436059033586
0.4391893497216259
-0.3502554997455579
-0.37626390263233456
-0.05815349010301379
-0.10142125436721958
-0.3344350687162538
-0.19569466192081023
0.2689889795534847
0.1102654395465642
-0.0622674324173887
-0.30738700837133626
-0.2937499842831745
0.3721501979674389
0.3223844799717294
0.34966616483381363
-0.2352165374512394
-0.5633694360016687
0.7261250510316238
0.16215866600527828
0.31151841407178954
0.12755615064288733
-0.2828853065683879
-0.4288717856263189
1.6120344184998125
0.34725598681951325
-0.4685543610355549
-0.3188756803734525
-0.28329778664896926
-0.29298609109579976
0.6267701212925781
0.411921091559859
-0.18969868508841364
-0.0024844471604171933
1.0683905748569056
0.2779713768886998
0.044843632700655466
-0.6416094851328012
0.6141897095205561
-0.03206791290575392
-0.046104892226306995
-0.29476091670073046
0.37399788231734993
0.12106926384499817
-0.09488696797285202
-0.3572572468852919
0.9616747960334548
-0.26716474721068734
0.34967507428987255
0.07180346712003162
0.5759954763259326
-0.3801230258500744
0.3886427671233298
0.7567899302266193
0.46477448431165574
-0.052507547790801815
1.3558035164069238
-0.4311971109793565
0.16343803324577727
-0.4328242525020202
0.17200070989115004
-0.34485810433725095
0.5059668130755329
-0.25951291472592913
0.1798560608004976
0.4916581527486513
0.2400977909103699
-0.16555215824180233
-0.27689061756577216
-0.17550325230126232
1.0888755244286097
0.02244853102791415
-0.5169911750399555
0.6626585375032933
0.35256534225514186
-0.28862742607084
0.5414594326077871
0.06727710237671934
0.4083668206081689
0.6993586186871663
-0.28391267187617397
-0.39678736347457916
-0.1649005539119455
0.5177205661411884
-0.42056022633025864
-0.49961690163722455
-0.0075487232748787155
0.38482351698432116
-0.4072958932522785
-0.48426739252344964
-0.057341943974030744
0.6815362811370735
0.11977345656383272
-0.24804894291874066
-0.15242881472407308
0.19809668927794796
-0.6324640520774428
-0.23816924832723374
1.3713708982813526
0.3096067082954399
1.0286729471453042
-0.07797805432891732
0.2635967468475152
0.2108431893423654
-0.2925636133279406
0.22888996888169982
-0.2068004335237848
0.32230288966552423
-0.26478875245381367
0.023824952576561358
-0.5848762473640133
-0.16775026096676895
0.7287880474812011
-0.14970874816739316
-0.4506438602023113
-0.4287650215344356
0.7937024903107001
0.40552339906006596
-0.06630686198920589
-0.015554742162093804
-0.3421934726263319
-0.12893629120833178
0.6783619697449088
-0.33466040426244104
0.6648646603264298
0.3034291757652304
0.02310786630424382
0.6518937018063791
0.555261934178983
0.01956812554541186
-0.09517021030885515
-0.5178167682122449
0.11763311803078515
0.10549711339351257
0.08100578661944091
0.05144578955605586
-0.4390384050226114
0.16435946357528125
-0.17978367145239704
0.16656002265513112
0.7165033710959464
-0.37861909719441555
0.4936832635220155
-0.358268639799104
0.2247887413180006
0.21616047573073988
-0.19602922240033638
0.04032935866140276
0.05602181979465059
0.48092601684353636
-0.2674806197708078
-0.475756213390797
0.8480040279649024
0.8727956823304636
0.6058059059160235
0.8070103196088225
0.0606379423450632
-0.6143647096320682
-0.1648510092918936
0.014332147200404198
-0.08769099228731955
-0.03235212478407213
-0.10650200619397766
0.4211918419375397
0.09293297113194979
-0.2963064865766216
-0.3758137704231776
-0.08623305215056311
-0.02456627964316142
0.4945778860513429
-0.006580295204253751
0.7962748551284667
-0.1466517335203963
-0.32500751445427384
-0.23558213180953896
-0.5354631082145574
0.4168514374306035
-0.5119450962169394
0.0892465311260901
0.023019633034889873
0.19689094631550877
0.06501691681790978
0.2275645980461283
0.2796453337600116
-0.3284562329147301
0.30407071186789314
0.4309214162916156
0.5541269054804483
-0.48267004431387994
-0.3970125825133633
-0.5994410098442582
-0.3800679028587519
0.1741967798013109
1.2122569054220638
-0.26931028721345934
-0.25015389071948435
-0.27168118739211394
-0.27535382947643205
0.4990611833669169
0.022255921342937548
-0.33067876222343506
0.7190849765175635
0.2342608425307011
0.4998382863583877
-0.4031640637821188
0.15991620651936791
-0.1225278272266672
0.24946753419821538
0.0449546213700333
-0.399105283773476
-0.19873151704726555
-0.16558509550593628
0.04556753989415186
-0.2996763805009409
-0.21534396397224403
-0.010973283570447617
-0.18673803509776857
-0.2280359347437376
0.024242195177262244
0.42542696223992116
0.8967089813145351
0.03483814574492899
0.5555000435264773
-0.13738815322110745
-0.24441123729826664
-0.11249516629116174
-0.027815462878503824
-0.17754113090083848
-0.4233058815755137
-0.46922455517091266
-0.5577930891167552
0.37408156714461993
-0.23904827265279632
-0.08438171480844177
0.15913801622494544
-0.2226654232070024
1.1169995195937132
0.4069933836875694
0.22017377828025556
0.40074439202218604
-0.6962167018645407
0.4821488439118991
-0.08151468554770613
0.4103597411129225
-0.3629056786563179
0.5207528162996528
-0.2819965074682536
-0.14729511286602393
0.1737243975928025
0.653537702372106
-0.3409256406921092
0.022938115281324157
-0.667875051838021
0.22836352992678616
0.32037130354064447
-0.035547348809771014
-0.4106907380868912
0.037138372415706944
-0.3825975279389874
0.1713978632273481
-0.1688130870211809
-0.2746721190944675
0.15995871455390334
0.8804428794525878
0.06708185376162687
-0.47230173544409193
0.9584421873606137
0.8430122792973764
0.42540309288821043
0.7028557001049793
0.15982435572528736
-0.039304955301639855
-0.17489497291820377
0.4050625179429856
-0.3109612329202415
-0.12734271243669107
-0.30030324261598756
0.12872671582907458
0.027070113574324508
0.3722297870376246
-0.6026203897832737
0.016994926686348794
-0.35114809660462404
-0.5844656005716198
-0.08824743471607797
-0.4282382318563383
1.4305842513480755
-0.33364046496078537
0.17787346243719812
-0.6801972763759919
0.4602083555348879
0.7325221875899709
0.03368778206806172
-0.1604149390691796
-0.21994750656167986
-0.23520054166371596
-0.2364608161480929
0.5259445559189934
-0.06217140115546841
-0.052183808287501604
0.21824516113959985
0.007960551554321245
0.7573826429485412
-0.26200691681618427
-0.14783769321512397
-0.07685239915024596
0.3548465027171203
-0.2511492513482404
-0.7357861947172775
-0.3511727963134054
-0.06695795267548084
-0.3507848102486347
-0.04556719697083484
-0.5876531997090523
-0.18705898780728125
0.9878366386623193
0.3996860291094707
-0.2681528804755355
0.44531176167272124
0.06262604191435904
1.7652236674086075
1.5514150542059848
-0.31058545696257034
-0.5811102186219635
-0.5443562746811587
0.7247028093556247
-0.30162556154942544
0.5922951751127129
0.009547795761635187
0.45345233318075223
-0.14441769917483802
-0.4129402101372395
-0.5348089900084647
0.009909435151330729
0.1777914618479865
1.1396436739733238
0.6972473503235321
0.141947271773046
-0.0356631021338229
0.07507414881344475
-0.614226838316586
-0.22212187650064918
-0.04483374623699898
0.35144619928485105
0.401505648583388
-0.5267380002661902
0.27401083565916934
-0.3184791223409097
0.2479581193403906
-0.07045508025722434
-0.5165829858062627
0.7059114669402801
0.15083666852541514
0.6173025568981715
-0.03373769592367172
-0.32599827370643336
-0.16854154598766807
0.5306259061984316
-0.07440978766518862
0.09943578105806669
-0.27743706945545016
-0.07069084674935033
-0.4135973251974067
0.011819353624371936
0.5612596120851893
-0.20986557575183734
0.40760924234900375
-0.3621858687528606
0.13949985734854048
0.2093547536174074
-0.024018007145466466
0.4474663839509029
-0.6226467931702276
-0.052957895547566684
-0.6937324901945089
0.5451272273085881
0.31911625004182487
-0.6502824456119072
-0.4729473507039711
-0.47210701517870685
-0.06886285746648242
0.5200755403914835
0.43125767037535484
-0.42087088650465737
-0.49070882566170204
-0.4410326262781768
-0.6573252814230346
-0.16482628274860384
1.1673480425687608
-0.24334014170179347
-0.2331113727535725
0.1562365685169151
1.097168776859842
0.1718967157876027
-0.03696884928050836
-0.5813742098087014
0.2772619961985935
0.9518468775401551
-0.15884464229108217
-0.0015662627691040822
-0.5779309534875585
-0.0025341942650837007
-0.13623723617199174
0.21926283321670842
0.9145265159882772
-0.20338910587404552
-0.22877837282332464
-0.3454943316635909
-0.15709460599773625
0.6378192596209415
0.4290125783792614
-0.11367350532819541
-0.10661895560378566
-0.24444749849070121
0.5465200742237487
0.3442004724788589
0.37137706839941603
-0.34089945095082125
0.4752814915582279
-0.3411731336035101
0.19346248605255478
1.0103257817101094
-0.03969924025321015
-0.26526163394223934
1.883058669377177
-0.33360486686834195
-0.11220887987039208
-0.36040637539366616
0.32709884972035264
-0.3068950239594471
0.03484548687575188
-0.5904750213763853
0.3066075366547191
-0.08577615439432387
-0.3281702858448964
0.07294220410540107
-0.5718279189367367
0.0474957199805057
0.07558167528903202
0.725154653191634
-0.14202679626953896
0.3049842604417799
-0.6289128789266137
0.14857421738827317
0.5251892352526872
-0.22747314227522167
0.5108018819139948
-0.32413113903666735
0.4841823442006425
-0.112125292827916
0.018737624029885967
0.22965648363360938
-0.13839038693900496
-0.3713487130444766
0.7167539937525406
-0.013344995816993869
0.0653779560957632
0.2557548558696605
0.672990869005462
0.3666002187352141
-0.4661556335574425
-0.050352624260299614
0.5809950558881044
-0.32228149799612493
-0.2944768618236407
-0.5587385148859174
-0.579747394977009
0.15547863920730653
-0.14683320567960875
-0.1699816814408303
0.23948291456177906
-0.3380069239495437
-0.5225423321324093
0.05325803282631481
0.07894447832281815
-0.28278503107563074
0.38786353076462865
-0.39090888323713496
-0.17453706661895696
0.39950597313455677
-0.13983558266860105
-0.16184700133744717
0.004555084960125253
-0.7364758114914349
-0.5786573811278767
-0.32094144473876846
-0.03231241735272787
0.7855863465476087
0.9131589093282744
-0.24728602641643888
-0.47467479601825086
-0.27702100558684145
0.7003355879161516
0.05776694702631157
-0.2703615334621484
0.5713659551954647
-0.15065214555888873
0.27318307539819076
0.2785968831863559
-0.2473376451368719
-0.23994915906777553
-0.26107460432861695
-0.1591012821667716
-0.034098684484533286
-0.34034370432856115
-0.5196838367253428
-0.3569084777807066
-0.3382982224327491
0.7055390068111992
-0.09831600273849293
1.0114655256808196
-0.21563680118711842
-0.1699471599938187
0.41474598946170194
0.20872434862808406
-0.23668999622547363
-0.018979449373289825
-0.25926724227695097
0.11067657065774902
0.5863232854688408
-0.028484310133300317
0.20632862708121394
0.3795283231385051
-0.33237100711670603
0.24025073378611594
-0.5982903455140054
-0.13225222715585647
2.2838930348258706
-0.11911027285094032
0.3224849697937517
0.5897638961216141
-0.41158175263231084
0.9652258613535505
0.3867374214536624
0.11591096309025052
-0.40685661267591705
0.10541115192994813
-0.10778804831126682
-0.3543619070940402
-0.14946487755477814
