0.39146134725219656
0.8483030994210837
0.5167659795790821
0.5161847799635281
0.30163618050724844
0.24879197575290787
0.17778961749447614
0.23193827916563042
0.48115160063218404
0.2341825112996612
0.41334522286714026
0.4828333821254683
0.23125831229459481
0.4681495896563636
0.2958096194842832
0.4629225931855536
0.7114536413650301
0.3103852740858168
0.27635787658683625
0.41489111663748296
0.384163741426927
0.3428032464844118
0.3183050501759928
0.4712725568392532
0.40958573265119924
0.20462226435257963
0.23052530747127994
0.3989973411496962
0.4213104036249708
0.39958664523314635
0.24501597178203524
0.3446602639459889
0.32882497334081223
0.32454601091860225
0.6151197694902933
0.2670685745575699
0.20186064044009444
0.5023394863876273
0.43911539038352665
0.2479882193302509
0.4392110042801211
0.23473547973169945
0.6965107826347887
0.3612602721344159
0.43743426149314535
0.2276694737502075
0.43015806084260094
0.16840593469402862
0.36159361705680887
0.21859184447720822
0.2168019143803618
0.19332660549515998
0.3221013930766429
0.2607748166106508
0.23667237875075753
0.5601027552621042
0.2872125499494275
0.520941629941443
0.48750653840321173
0.29020128170252685
0.6360958247839789
0.2158664746963269
0.2830474672954617
0.2287313240081841
0.19132290396978155
0.1944852960787389
0.363638721091267
0.23635459426579816
0.24692098191348424
0.24083982540013485
0.42193906602126147
1.333678014080596
0.2529026346726173
0.16487625270010928
0.24268680147223282
0.1940304935104987
0.26221779033853826
0.8019148682588867
0.35604898024566184
0.33433718977737426
0.40402093940801825
0.4624792347020603
0.32847402409668536
0.26972557188580254
0.49729349730218697
0.24279866308837308
0.20720837140571907
0.30087855130448043
0.42168658682186755
0.3298685791541327
0.23087988962684713
0.30504246616096004
0.1892864600016614
0.31608558368422174
0.4613025011336241
0.4072108650872832
0.3036006004719964
0.2699314904751213
0.2656003362141232
0.28930063578314164
0.20390129382642724
0.21850188443937837
0.4399009746392173
0.3451584154318173
0.47920606987324255
0.33666489515755704
0.2999200173065362
0.3145422452488203
0.4863768024117446
0.19267252839973945
0.19865651803039522
0.43994828889565474
0.5735205196647031
0.331405676310725
0.49325327762300725
0.3989165945112472
0.5359519685168264
0.24312483140706842
0.4300242741839465
0.41953339999990075
0.24348086006180442
0.3047762240278429
0.2063147685866171
0.28237373770908597
0.29522972531179015
0.19924747330310238
0.5018964756332319
0.3630300725679417
0.20330239216119933
0.6550435438163115
0.32336580592125275
0.21743226149250874
0.32760159836455516
0.22724953155373537
0.2248720842390413
0.6100589440069788
0.23021782914581107
0.45739025176342335
0.7375068315869395
0.39069251983803177
0.2393910664769958
0.29107925013387737
0.3185299379967679
0.42276039631216716
0.2611316300243775
0.5497672710987028
0.277722305711488
0.21507242858705536
0.41625277770945474
0.23959476185875161
0.23972383913660034
0.6611102773167362
0.22172981181254287
0.20628714719720548
0.20351663463508166
0.3041814337633522
0.2231715015493926
0.2440865464207973
0.26571921187522346
0.21956336459620052
0.3919071303977409
0.16778247186891773
0.20614006714118846
0.24517947805290796
0.4304193110356542
0.2861681286441495
0.17786425371220424
0.294376530275334
0.22164630193755916
0.19983045021078444
0.41135439210410363
0.720394200357187
0.6118458096081137
0.33543580996815736
0.7903381845614867
0.5161160254269216
0.4420640829414397
0.34102947309031567
0.31083254891347945
0.611425279103859
0.24392433496678279
0.20774423960954486
0.20377264062438366
0.4986283966150117
0.2606760098448565
0.15771356834041347
0.4109386785279268
0.3163581879186882
0.19218139371815246
0.5499888153552432
0.25038043004483773
0.21191445047198662
0.1787529725230224
0.4337059692392798
0.20709313439014013
0.4297789919590259
0.32683575576205826
0.3138210436485438
0.26245336336263253
0.23655287568866173
0.34151803335883113
0.31310132863574425
0.2869069991187615
0.4348847915662142
0.41491345572039606
0.20291542834871246
0.1765809615993829
0.35765147754483095
0.7391089067203322
0.3841091353453851
0.4353167720823974
0.33077509155337764
0.3847786027108362
0.3980235850439682
0.27921426824081247
0.3959541794942273
0.5826293297009676
0.22622196924828064
0.3352245322038878
0.46482007881224274
0.17258364571099638
0.22599646128481646
0.4501426224232238
0.401466475140598
0.22417447766276166
0.23170411421028636
0.6477315587217488
0.3581576252404969
0.2910142901603864
0.5856211594886258
0.1834621794181638
0.22016612060984156
0.14302302771696448
0.28411744566721703
0.34497502568973865
0.24723071660724444
0.4402934132424684
0.23095170532837608
0.33143779103010546
0.38241132090713476
0.23441458174804786
0.3603089446141996
0.29568316877219947
0.1934568177648231
0.3131266111815342
0.2461514214303235
0.2151441193114825
0.21242006238405214
0.2302711955843335
0.5153636417931226
0.17592563906775693
0.29954803443971645
0.19961335773687533
0.20567000441909022
0.19249452533398276
0.36892841910908053
0.45095339051733874
0.33944233435721505
0.3532800690679593
0.2554573848531652
0.24919161021922637
0.18038518559659963
0.31613504482058175
0.5443148783415634
0.17914450078084987
0.4889189923011129
0.2791987168320114
0.20232132048423546
0.48912265707344704
0.3631434624501269
0.4899820020408256
0.35701230758852825
0.312685014944357
0.2212786563682548
0.412130544994217
0.1882550706213754
0.2797645696407503
0.5058911174594317
0.25363091381709846
0.3487389340663083
0.4295971360440431
0.22444702556824342
0.2015963694202103
0.3408896934924731
0.3131290448009716
0.4063985227415158
0.21051319064561352
0.1941553583610834
0.35619270651662677
0.2513097470985386
0.37391227494174395
0.17987546980232993
0.3715640487598856
0.30585739959193353
0.18984850338850226
0.18940886975164908
0.18701562659601087
0.279547659643098
0.20902531024043006
0.36752116764687165
0.29308009600524115
0.2531856750099495
0.46819269763084864
0.2944544375833279
0.32546608201755706
0.2109326983967158
0.27576422716249155
0.28894671294503604
0.41830054114207804
0.15094999400841738
0.19565994704958903
0.1584890790537732
0.2347248269301094
0.3956498435593482
0.3043424505993805
0.18984303103830263
0.17603356782463275
0.36910523147944063
0.19600291087642072
0.37064871266715077
0.20388159643608886
0.7657963996646004
0.43042935892375694
0.26092307557831523
0.27373147351461746
0.6231633021284725
0.25323998048303686
0.23434465965528728
0.5277013400625166
0.7836537586538719
0.21276756640810532
0.1790125963578946
0.4450432267768507
0.512876928382312
0.3628901112194332
0.21290892342329923
0.18471915645203688
0.3250155306213706
0.3380829643252687
0.376605769151098
0.24921784103264558
0.36907321837505347
0.6644491270653038
0.593352658460102
0.2903710480167423
0.26711899784926746
0.49942567359958195
0.3209112046981212
0.4221764877337898
0.23350830761990068
0.3174404608607151
0.28231013983768977
0.16645604989930737
0.37914921860705225
0.264479844579482
0.28316723634805996
0.20873773528121675
0.3493563486083657
0.26837975493679145
0.2573944403927975
0.22624054765885673
0.37176532960931874
0.515520943297931
0.32388076398087773
0.33185669308819243
0.2693028985959687
0.493737384998067
0.33713004802874513
0.17749621404923335
0.5513021004346911
0.5389213656725418
0.315992008566317
0.21086373018575258
0.18763435385204807
0.16075541799627996
0.4137923017688058
0.6748230196332304
0.4330770244499243
0.2490295032845774
0.21473162004727636
0.2958045362014982
0.31577981854193016
0.3964597424168208
0.29439038684967817
0.18151537112285715
0.2953579113332888
0.41533495425518596
0.5429831206953794
0.3955241865358095
0.1954895609443368
0.24730339864139625
0.4220338262423837
0.2912291485159558
0.20673626483593258
0.23670537363980892
0.3072241744510363
0.7253742388118761
0.1980190353271417
0.3806185680232859
0.22299199460793176
0.403823214667471
0.8470190068631728
0.4408662552891112
0.18297258986799747
0.4169690710982046
0.1566659820011237
0.28753424122497323
0.19567008453578189
0.4174226930609337
0.1758276694569675
0.5026182371353259
0.351763875955046
0.18702400630969102
0.20086501099505255
0.367850898333281
0.23332418881584888
0.5242203659274962
0.23717181609202576
0.2443224071591892
0.23040555221452855
0.3065163254008123
0.21091892835856235
0.3982152140682399
0.21065646342157934
0.25100084113292054
0.20499362640578533
0.575015628434443
0.4678237212573977
0.46863364733047597
0.22785969612591433
0.2731706912608913
0.4455851630672191
0.3610100336543751
0.49271529366467465
0.417410976159621
0.21934127242997062
0.3971471570286443
0.2643521285750878
0.3387323417408495
0.3990600227381852
0.3978888406181957
0.323468873608014
0.23038510446879987
0.23707069637971012
0.4565035571034072
0.21223738511244963
0.2128812436337192
0.37664116299975575
0.5972937027461953
0.24221237023608333
0.23266709864146176
0.18934891616087612
0.23192587604439943
0.5337330173121279
0.3805354785789934
0.6041791411771602
0.21723744240047077
0.17330061248456308
0.20938296287792335
0.27309399451443095
0.5513759718547803
0.30063532389596553
0.2115962134836035
0.5292625018601828
0.3236360049802383
0.2676100499520211
0.25213980717761464
0.18775823970228486
0.21141956964559433
0.6400900613958301
0.32523951639853793
0.17245826499824632
0.22465015754753506
0.35144380919089035
0.3927684872890417
0.14678258793029395
0.2816188928707206
0.395738521511807
0.41716260277111855
0.8494020795711315
0.2314995412580751
0.3502440768973279
0.5813667871403003
0.24674629923981256
0.40717960443740936
0.19755111127613587
0.1439655740925746
0.23012442599168062
0.19754522652746664
0.24506029812550933
0.5065255196256403
0.5199343354754936
0.23386867347157567
0.48224222370844144
0.5589660041487131
0.3932366604603832
0.24198283409835544
0.4127995002804598
0.5179235523580606
0.20356591573458344
0.1865691044252357
0.2978540044440706
0.3201887685639288
0.26656803280860264
0.23174009709294016
0.2909002364142074
0.2848306240423331
0.2712832405214708
0.2389572816497034
0.3963614542740442
0.5185379316236958
0.2626792355536482
0.22851649536459603
0.3258576706228826
0.1572512975724853
0.22848663382834264
0.3778306053082865
0.42406963956720856
0.33320314722867356
0.23334575093826618
0.5506647878282794
0.35437091617340294
0.1445257733578321
0.2331468903269246
0.4711153692028547
0.4203512711126113
0.18902464766294208
0.46000118258424183
0.3097975733882625
0.24944759636348562
0.3029758974396792
0.4272368344753955
0.17042986502900667
0.4374907285642721
0.3991703700008705
0.335013970952869
0.4732491097990995
0.2991379563957261
0.2905701959459797
0.1947147639268046
0.21965567396830177
0.21621675917280198
0.1941516873765632
0.44771091947782127
0.17530312357379368
0.38763544807377653
0.1938805607713785
0.4215705689528591
0.3162595590423969
0.5779303139112181
0.5731891730733651
0.38225366844185765
0.24843958176836933
0.3533139855250792
0.6169751648730664
0.4118122252908639
0.6461709187597426
0.20643609688183848
0.23322326597855156
0.38452379729586833
0.36110320817292363
0.191926068344554
0.24257661389547222
0.5075557342477219
0.2498394896843975
0.23652742059319623
0.45703390969254043
0.20243992897680307
0.6002624725822228
0.22063302810051466
0.3046663682552058
0.2583640004801704
0.3675064233776196
0.2822193103210249
0.17688690096018295
0.4121883798677416
0.26187801270814
0.38385901511380655
0.13167363092016
0.38746235457189876
0.37258318076948704
0.29251865716722064
0.49054888347413605
0.28077786033475405
0.21422673751877053
0.29687581194561147
0.3855771329988447
0.470294715944414
0.4197517215095778
0.418483484830045
0.3537001836778652
0.37047643292402754
0.22500724494474686
0.22095921385683756
0.35417544024202735
0.1879999175059974
0.5521417176744934
0.2575079165048035
0.2689025014606361
0.6743512123162771
0.23485574614206864
0.2823374649804758
0.1788803697443956
0.37872202757667667
0.44474286368130533
0.24901646795758353
0.5607425643496433
0.19936918848651441
0.36377235919715606
0.4066423150340193
0.25695084378022615
0.6375375600276274
0.21697975537439695
0.29894323343090984
0.49902659989998593
0.5544444057640117
0.24385194072377483
0.5483253492756097
0.21841704404217194
0.1807335987310941
0.6296899775879828
0.19225608350785692
0.20072938402105053
0.38741596685875146
0.8063462550493218
0.1507141808021196
0.32901004617503515
0.20948223921851733
0.35627920115963996
0.4102798260954212
0.2898211381728038
0.36680833375695443
0.22314536655279038
0.23038697061766858
0.4695435799435871
0.3549066723962597
0.3852931906531754
0.38477998417392784
0.27300059751450056
0.3598633306837234
0.22155567466825318
0.4399347429626612
0.41385962198238974
0.19118754632343155
0.25062178701662463
0.21836644870307187
0.3421189888806675
0.33806020904278505
0.5930184483120782
0.16194393473612412
0.17522781912853844
0.27434663343113425
0.31391046275836326
0.5573281103574543
0.5855481556529691
0.21659989252916495
0.30515565951879114
0.2156398866952664
0.3349835886779938
0.19533489733487286
0.2370468014504513
0.20414927827133253
0.22577574978788806
0.4471558036251724
0.2435121500942197
0.21340190049099567
0.38550562090826807
0.6446690317740467
0.3257406913036804
0.24146566094421018
0.6368904692652972
0.2554263737735003
0.533686084703567
0.19193211064542487
0.20410915563332743
0.2386752734884158
0.22146065439167054
0.2515818956200452
0.35131927656106055
0.36490399349664077
0.2485042078831419
0.3379465888725085
0.6288187889217691
0.5945022525920365
0.30071735959584844
0.37620550524754615
0.16780834147698834
0.2644018348239466
0.4412385311181478
0.4390186905423126
0.5367865101751956
0.6219549894517662
0.2746496248661922
0.39396238482654844
0.18173919196544402
0.596914849765056
0.2199714419879439
0.24012472467007223
0.46865010031673743
0.510755762955533
0.2700034824393339
0.4062252556023308
0.3073367241159691
0.29137483957236626
0.4092449381367808
0.21941378518715732
0.6836965953163294
0.304266153184399
0.2052041143190862
0.4852248081207419
0.22539034423503304
0.20877699510594705
0.30008827210600986
0.39295682683077393
0.2677530301991999
0.28539710332158036
0.3829877563829387
0.36413855835864634
0.341380226850352
0.6110147626576304
0.2796398371893676
0.5880070428093052
0.42165002877510105
0.23012337504141223
0.43897907830580046
0.27249414695739094
0.7839546045993778
0.4491212400730432
0.1845284341984218
0.2360511941269554
0.16150740320360318
0.7509092108492813
0.5120240567424738
0.6114368516472325
0.1759381578062563
0.17091470392557848
0.596197650775021
0.4251666501963538
0.35480375751237303
0.45724415058320134
0.2805059462213589
0.20687055976311994
0.4428272234209155
0.5135819351988027
0.5253214534169376
0.626802561338938
0.37007255020211466
0.2650224567970788
0.3482776750807796
0.4526875139460373
0.2573942447649712
0.20028396722862435
0.39152612146567034
0.46604015241575913
0.6050106487063998
0.15939139374125005
0.24496791618041336
0.45171429906900906
0.42940665423741164
0.19922663922872683
0.3750104684469093
0.3533337485339319
0.284561820764162
0.20251121632140442
0.3385477256120334
0.5212283962533436
0.37512685140939517
0.2878650286068211
0.2493955588808981
0.33727785517929904
0.2675057699729402
0.2936758227341636
0.3785766420498311
0.21001126355346164
0.3290001495169443
0.3710607893979343
0.29812916343807344
0.2602003235885836
0.5317032100088519
0.21089613974080332
0.33233990329557206
0.24238089708367339
0.5749873581928241
0.20296887659081128
0.32650824178080046
0.21169899173875922
0.841930779439497
0.22618468638850137
0.30725876718716955
0.3584221213400325
0.41638783105165167
0.22133837119259273
0.2838569066044977
0.328618006864036
0.21926586826255987
0.5272826631472205
0.271947166345354
0.30007961385652654
0.3303395786507615
0.2198939818126109
0.178322657078142
0.4628852685557285
0.3368109147041313
0.26950331111275866
0.38772205580369723
0.27024366564061686
0.6178500970140729
0.2733940924958785
0.18845752752458741
0.19804489419155924
0.20186265286408162
0.5136649251824202
0.3692051922179602
0.27086648410986636
0.2028232302590475
0.31896675568778243
0.4293641730397082
0.16355572113302902
0.19726478987349702
0.2423161149544018
0.3946092314351121
0.13587714032580442
0.4936157418442478
0.5556598556967789
0.5775219376397721
0.23946737926593392
0.47021316931922014
0.39333621123505336
0.49849420455716786
0.25383285900996516
0.4300277030644148
0.5961179125481808
0.4314929027410723
0.24521524402363948
0.5109615114567168
0.27213497191576835
0.5193945250562748
0.48343758475819115
0.25396488113881427
0.23923653959498936
0.20172749162651704
0.3102056673762423
0.5675497325414313
0.6007586226814655
0.42175102949300275
0.30478946317939604
0.2811388571842737
0.3273791279703069
0.4235004120075263
0.48267829920183664
0.35682712235677877
0.20184901437493652
0.39966297857704847
0.296160685655783
0.3202566341607608
0.38612074514388445
0.1771801750831324
0.27401670767291914
0.3220919972368231
0.31802329273217844
0.22303522334518314
0.22114901545925572
0.3200039999156841
0.44913003266474505
0.6500989133532141
0.2487161225415924
0.4863375625067305
0.1730437507257082
0.16677014363918932
0.17552569103011378
0.6204776468807992
0.3436016817381422
0.2683172050421715
0.28434990854428777
0.17862026224141941
0.19272964479743618
0.17831090578233116
0.313382627923928
0.17574239129067756
0.2833767229776169
0.3118642465231355
0.23105313747808398
0.37802177896056843
0.20937386117717116
0.30215304237574686
0.2938442764693705
0.2374361534211561
0.337501303062647
0.397729844270662
0.4096362330831723
0.4082402448054247
0.2406993567575787
0.3051291276936111
0.27023440302921153
0.36152384110739383
0.2084221971096418
0.29398743028648033
0.421180645699753
0.25599383368430206
