23.03291763032281
25.078614544148515
27.262939643957996
22.03699635245379
25.51326938775211
23.312253438729737
25.17234830114238
24.182553021375735
20.135689504698888
17.202320299962473
25.246791811733303
20.463858277232944
23.07789243584938
23.205348395879557
26.636346424332046
28.65926705232738
24.05413583557741
22.167830841447373
23.856611275864296
27.55422644782787
26.09285025372437
24.61609047547492
25.121816577561727
13.390109933399318
24.127876583841605
23.7069977161751
22.111718650082825
21.617447015661174
22.095179185457894
17.185041448402465
21.6449395153086
14.676653742502147
23.39498730604198
25.593971199993
25.94912559860474
37.621099241838834
22.217143532865947
22.15851165690125
25.97093890018261
21.10604257249955
20.014089125140032
17.651354999860192
19.008249944062204
16.142066504746293
17.546701283815473
21.534199071605045
26.885476805097912
24.899099701708
23.238282089544175
20.428324458034943
22.19765361968803
23.224630375839183
31.266433695110777
22.02676450515579
29.399000870663517
23.25397827207687
19.562796780287417
18.36851122973263
22.019855282334493
25.27961809461565
24.177906986626123
24.053198255492195
24.47913944588661
24.414178176956515
25.7116108096842
21.726705910340947
19.83566114414741
24.583756413523986
21.922398586418545
10.440010614970952
23.58115835839054
18.44472620525896
21.109632358472624
23.677127173400613
22.080443968551577
25.880391046677403
17.892560837653445
26.81429284834218
16.190503771451883
24.109967443926536
19.891873765524707
23.853616120994236
20.89288085982082
24.49029749892644
23.777172123899476
26.25732746204752
20.247149671252384
25.307036662074267
23.46675866008876
25.67500930783702
30.45338788139255
21.907510888765962
19.880236243796503
22.337919837823176
17.8820290342812
26.882699498203092
22.1339455700476
12.688823392194529
48.34241757613025
26.53919773746461
27.228738500858725
12.39007160596361
18.39918799585718
18.97863659866441
17.65137207182881
24.55065201442296
22.58711423280186
30.795715340002772
32.38403250564872
18.182009703044894
30.94932708122431
21.802344836414377
22.44293744235033
23.680251247295008
23.34522133308736
17.14270443567672
23.385214100965747
26.44943582722023
23.76300329746574
22.405350412515265
12.73010693551479
28.942581284940424
22.25579046182899
16.480350143889385
23.012797120483864
14.446290688148284
21.710012954826833
11.73958620923802
24.30598250001099
28.48156748267311
14.110190348786961
20.058253039743708
17.26054129575035
23.448646138961113
20.403059569791512
19.2182916501372
24.03393550888193
20.36772016977225
24.412637883015993
22.10145325729185
27.57847074966131
23.09056405866993
20.694415709956445
20.54500740350984
30.98299800119707
18.7572914200268
20.47950025931604
21.901051603489794
22.608187635137977
14.006817744192103
25.549390024011238
24.676909183534185
18.949259854852933
21.81362496035036
13.6263364409742
24.558253162350187
23.25041361483888
10.592702963955755
16.375351938360136
26.766416161142413
21.721296400387512
16.771079618673653
22.319622282860095
27.763740616832358
27.579625241688497
12.623253458023516
21.593000729747683
18.190741140180045
23.516684788096676
13.958807168627576
23.679704444394204
26.216445063500156
21.34182268841033
20.54881345710971
20.147748155744562
26.096444144161886
31.25591976396454
20.893535735257185
19.775367564706922
15.679034543925473
27.72616807955082
23.4014033537157
20.809839202504733
14.587580435344197
19.997276612084445
21.757559208977746
15.251912247599817
19.855980900271458
26.07689521039605
23.046217054200103
24.977619492618654
21.76136712118397
27.066241355230883
22.728445709410366
21.9695016801761
17.64824879225714
20.496226318416433
21.81124325786646
29.251793213190933
12.858904550213472
19.20055899533825
23.200745498600043
16.194122094025445
20.343632396891934
21.86822549997207
27.481867227123775
16.94769574303903
19.30262804307653
11.635495060170566
23.992423368299043
24.3663519861658
21.588552307077126
17.851583389131136
22.2411547308295
21.771449288150805
23.507095952967973
29.319222165062108
24.677650385205816
22.116730711567936
24.847468708138454
23.46221330144224
18.67891861406926
29.25094312680704
23.03296523140851
15.92618933230379
28.378433662729535
22.804828882385706
21.281231363438213
26.035636261676554
22.71928656605909
30.424368919774817
23.76615746824084
23.6291085965503
21.89296215869556
18.30633617056826
21.398091779760268
40.62312539071284
22.003847172743445
23.15805215176028
23.4030679134068
21.521982961903916
24.259986366776143
23.387347925872024
30.985353840982725
25.38158309081566
16.191349869378364
23.41404583697472
20.506804861277896
25.49764406506904
14.979940298938306
20.176018205619112
21.440600024505574
22.60148244663575
23.651476010903902
20.342512985097823
17.158483596756426
19.913573509022573
20.845982784464965
21.345728489789096
26.673201582445575
26.177832664777043
26.875939178758262
21.215363852870276
29.523486101315132
17.45982941350109
24.149006252550965
14.275213294840949
16.036850473665062
26.722948159673628
25.048084673785542
31.822158418160562
25.132442028668144
18.93085325578264
20.281999928904753
18.59944187330171
22.10565681640339
36.65289312253253
25.383092524076524
19.232817303364715
21.855572869629626
24.274509393645083
18.05441532271969
20.479900711736843
21.11981875457979
28.798709691591142
25.531833626476015
28.724919068910438
16.72060097181514
24.216087058596674
17.10299063359496
18.71278419109352
22.68795774558417
36.10451217963898
23.509282339579496
22.660728565437726
23.55954971544021
26.766365103149877
23.226465260912228
20.197684635205192
19.17364147147763
22.080007986725168
14.194888108344594
16.69696534947762
23.43463259782525
23.603783049855217
26.428341722236414
25.817578468613018
19.426650933058184
29.55613423334841
18.68206566554708
18.424362965630337
21.331015277084326
21.670734426264787
23.007836674821792
16.00393847628776
22.08428411357559
19.637171546252286
15.613194172557044
23.08362618021638
23.47202565851687
20.94165308835814
23.845901357335954
21.356718859989098
28.05640644563069
22.627097899678965
28.498182228068085
23.90103361694958
18.01128084502286
25.070189905401598
22.454738449822308
26.822372000444073
20.08471194000354
19.85094041687202
22.517759747953765
28.107318115101624
23.398437490472297
25.336558463152766
20.84315848098709
15.03396333202299
21.77733775107407
29.72559476737709
22.996022747169114
24.111056334216613
23.023319422206782
25.638522525344992
21.299375140814252
25.784399716608583
31.044553974250114
31.829961527506175
20.17270393018669
23.55026511756446
18.085572945983966
24.181866157290163
25.108889910751127
24.611670119005854
16.77281196756576
13.641402279158049
31.175144892038848
25.300693253606727
20.482249681351426
17.929755103089022
17.654551522041654
23.48915689316138
19.025439446060304
27.493383106905167
21.876210565936752
24.838189735898396
27.42394160457999
21.49247423473019
26.330875578643237
25.240020944948473
18.45404379887224
34.05487212698414
31.863487688770523
22.297232538971187
19.661174453929036
19.404603409402014
27.715257389386604
23.745308055820495
20.966778145998763
19.93675131977609
25.1314460953678
21.135744448205173
21.879304308155007
37.09074502181271
24.694716874582987
19.561449186784156
22.129411393611953
28.830644590046802
26.06361684935969
16.69523332145825
20.008705792315265
21.90260208836547
22.121837118998037
26.22873450269408
23.015256309853555
26.506792810012133
22.093808755632114
20.403315689888547
26.20775695351598
25.213287851508017
28.419059277235625
29.452422637882794
24.24756858117019
24.40238168555457
24.83194182537643
17.852708059033283
20.738968661598523
19.885217276604713
19.25380759878899
28.166228184320875
23.321067852909184
25.09845039394036
23.036652198001057
20.51923379148817
22.141584675539328
21.214761471259493
30.94070623980014
22.2861622074867
22.550376946696723
21.571612892981605
24.164108427029976
25.92241694574179
20.085920456032266
27.4073029388546
22.575708654121918
25.4134711766371
35.54670183361753
20.082421899222105
27.0636243374023
23.74039603546344
23.601720537008
22.39523131548369
22.151307400250282
23.303059069364146
17.696654839145975
24.54210715863281
24.255228292302657
25.007613838522023
22.411910708443717
23.582585103857166
24.685172287030355
16.707043241288318
20.834837844760646
23.668929222813055
24.00547122320338
22.101880694078286
28.411759673530497
24.271971894600856
23.102090865685128
21.52870127308865
20.865345801339913
24.439947374114112
25.578091649423552
12.70027702862357
22.068755872934386
27.472614013001287
28.19179558777412
24.84304843194518
24.920791434309677
23.512054233625985
14.229420726639143
21.064157382829343
18.231640205747077
22.350301404641243
21.386550044397868
14.13179768083013
19.630722035759703
29.58510049758579
40.85490576037828
24.556895809097064
28.767708738576022
22.292489212402153
17.239670269410766
18.759206188668024
21.049230434023723
19.658145056990378
20.67835544446839
21.74161538508617
21.841441348904468
24.257890844200567
13.936540234438453
22.606560598140504
14.887528599939303
17.17121265339382
15.099420409094789
24.040075969311257
23.44265013197448
15.612859173256009
24.992704538906068
22.01927610307198
20.919488610335023
20.4211690139444
19.165518719014205
19.134593631172187
22.302656993562387
18.142427913203495
21.585519737724994
19.708143356826447
21.253490230057366
20.183604452837248
30.535603689268587
18.92839052526886
24.873174110785303
24.891575093217465
23.639830791079756
21.485859265100512
21.975874730776624
16.796922703240643
23.48720470715194
20.230739877838175
25.20080590531618
13.344537427285944
20.68806666014561
13.315706195293698
20.88562138513316
20.064191566909763
22.710013886183166
16.539988062621703
22.17084034869749
23.1260445994591
17.3305349563436
16.73734365164854
22.44420250790566
32.89237046312452
15.983263463648608
22.669715203767723
22.631756891182377
22.93908865286961
21.935262500919244
23.895401212514276
23.69965572247126
22.425597151685224
24.32852999149813
29.734529787335003
13.377688106622612
26.221764350476203
15.898801208695408
24.615423138676704
25.686054370547698
28.399576895234947
21.851193381929228
21.16865599847062
29.306906822396304
23.15521870664084
12.770714904416671
23.001242259749137
20.889727937187455
29.686003181967713
19.245752706335548
14.433332846838121
21.969428121335838
22.730192909154216
15.617094250581498
18.352070090736092
21.751544159322943
20.00706725490373
22.143636891154276
35.89432417532515
23.277055913997486
26.783300660049772
19.448353715307608
20.122606942860436
15.061653345537596
24.689039706775567
28.19633256359003
20.888324326178115
28.73781926241471
32.090168851507066
23.12529199219226
16.961986925776078
19.205306749168383
30.03316210194959
20.19674496416016
26.094677913233987
24.98485040128408
29.859614713983603
29.85153932049058
19.883400438405012
25.00293724691517
24.93992950304848
27.65655344631513
15.864093644109268
11.426220615595955
20.03114917884846
27.17309830388946
22.001861625394355
20.195323612904584
19.584685687516924
44.42093862071985
26.54152546629214
20.539623740488135
21.54382545102145
27.116165440047837
24.27654181223807
19.913559459879526
22.11425391611044
21.77902848717193
21.32789247846958
22.93439532368936
17.85218638686051
27.645491021172127
22.993637271771306
17.249563690520855
22.957604282137638
26.854087191765696
17.40572748715322
21.94891619730908
20.638910385595217
27.46252846392539
26.36196218038582
20.55714765265913
24.17574672029744
27.126569825182653
23.417564412647508
26.88327227017735
19.929094977371793
24.015731792900116
23.810200567927954
30.56902105856698
22.775969936726206
20.64294366575556
25.345656814152512
19.540025925691133
23.224925754798658
20.936682928398284
27.123283222325803
21.649276461394113
26.64334679003256
23.437964525574824
19.56682181246231
12.2761368717288
19.69659830863507
22.933949489734566
16.047850467694612
23.258947252143017
28.677519673269426
14.4559184918498
12.514430156582936
20.66155202265817
22.21438273752331
24.03116008222916
20.288785997593493
25.273307839571842
32.294027117617034
19.105192833409237
29.8489938182934
27.150840895363213
24.23788778737794
29.01065579355536
18.76814678385843
20.25615009392876
23.218514792176308
11.957846952988191
16.878112275998454
28.233142979850363
26.230120756940284
35.306508953263645
21.274832955119496
21.145171389804766
20.207119965681766
23.32956944439505
32.936778564641735
27.62339158969818
29.203423167206005
12.78505080788084
21.142921508173767
24.287461193509664
23.81398165360121
23.37936508465986
23.37834978718538
28.93606019903454
22.30606170722685
32.897648489734955
22.174589433299825
23.586849895937313
24.89116859389396
20.051959246533237
22.62698625739324
21.586004983005108
20.577789049609837
24.51739155742733
13.470242744155493
21.263729190046973
14.170700525040175
21.96149584612934
12.449675903184708
26.371617905866017
21.30048835552914
27.38782988650899
25.463932006817476
22.267466966917354
25.84501273960174
24.029576738513846
29.616906534363096
21.1898623168866
16.346026755030138
20.3996113285164
24.27086565617027
21.53220695813805
22.685035152137488
23.462006385143894
30.87191824245303
22.422219675697058
33.016091502345475
19.66508760988699
24.07255969672568
21.159055364800093
25.466234184274715
62.84602966331339
23.88532628667391
29.091239159450723
19.94449330346337
23.50026393418546
33.22269501180665
19.977753391485887
24.890042712547626
22.260475098754668
20.328374073995924
26.140776140617294
14.06142693462117
27.145851431026827
25.346372849640797
23.009340404962156
18.4655302886823
18.064875120352298
22.136082272793086
15.271658070531757
22.945273469685453
26.94742083590685
27.955585317751193
25.92954688814042
18.07247602537633
36.16950656817825
15.965203958387132
18.81663838639244
23.878430642984007
21.90426341431624
20.24175030401992
13.383766778348122
22.795853061432737
21.95646966823753
19.067811352945125
23.086037221373672
31.370560208682804
21.313286949469347
27.900862701555095
31.30048993816178
32.72351009827659
24.911330108708313
21.91976296068383
24.82508163780235
22.538121884099546
22.79208905971284
20.719569183576866
15.044050584143783
19.766147648576617
23.96130724458686
21.512672899724564
17.515931657800138
22.72733131675626
16.235742283609294
24.73950679426649
24.05284650471827
13.695257791180664
28.797662381115142
24.83918958188553
24.860794357903075
22.661073977455672
15.552944970871618
20.482352689823777
22.70687701222214
20.90252892772005
20.597338539712215
24.619181364842202
23.159979958014315
20.15326649723513
22.2861705192516
25.312908355514775
30.77010236883246
17.197740896266005
19.997586281251237
22.265688226752562
23.690555933331822
25.052319632199165
17.23690326998798
26.05149296663722
24.820894218969563
29.33515644846721
21.057476145974384
18.92954142663648
13.892718329894743
17.854941441851786
14.794134364101597
17.360069767602965
21.34928699160439
37.68747450458843
23.771006215093415
29.53461532987573
25.382621195285612
26.70091640170106
34.11700418622268
17.683751197129308
25.555445679931562
22.04846274935744
23.018367590655643
27.763656960607705
20.794634182318102
21.444906044897845
25.64533340656906
14.527023977663633
19.842215820449052
25.308648463381537
21.755802216122937
27.917363526089186
25.017473060978677
22.6196131566414
25.46963520486017
24.100211024861782
24.752425334795866
21.20530979181196
22.99460397823267
15.673520411839633
22.16355406505361
21.484645386771668
22.18922620960482
20.395171574256132
23.598975976866445
37.547085435561534
21.63127105647897
20.445955553391148
24.202050068232506
24.147244674974036
23.331696174326044
22.14208084821849
19.2744883115126
24.73972814863402
24.635584199376723
40.402431250232716
36.61357591204469
21.284906867124324
20.123674364207357
22.356749773396082
18.42135964066677
25.898321632715824
20.607183753329952
21.843867780850903
39.04665829035769
23.444711050541546
22.401955785846017
16.69218923993662
62.90962083354374
20.43044270470398
26.38403371669661
34.33856984975144
24.384738083171285
23.3053929975844
26.264981745141714
22.220706690696638
26.87441468609724
22.116835050031337
20.830785193077787
23.46667946698419
18.098857790521905
25.71800144102676
30.75528573108427
27.279345467820175
16.677997186865568
18.575305192302988
22.36829963177095
21.99380084226889
21.60966756561512
24.18531417113098
25.178689504868295
30.179254180454087
21.142951461153334
26.376656709814082
21.4578323513063
26.911960267433276
16.16389030788687
38.008107592750015
21.318215403290008
17.41172971114596
20.60530074808787
21.68228267116556
24.091916904640016
23.330420012757408
20.845924230685096
11.492686310691683
20.452950538425682
29.09446246977131
31.091330462681775
22.320826617986537
19.32730883834029
27.29612359694077
23.39339279736758
22.881244834302453
24.952689747762253
24.78367813110379
