0.43850024805509674
0.30104703862380633
0.34606862430732516
0.4179314102401323
0.477060974230848
0.4345285758409015
0.34269229752221814
0.3766197114658334
0.3848115415593791
0.33979234044205636
0.4145203428593627
0.5301114295510585
0.27767071648228736
0.47569040994503275
0.4436476088159861
0.530592398269397
0.6210498187676664
0.42220288671489375
0.6772471385615785
0.3903804580407031
0.2737176515723841
0.4063954205511997
0.3711138791249668
0.379493115200475
0.41158702766089705
0.40468743697782605
0.41027870594500127
0.3386211322096441
0.5470863598756399
0.39754549335270484
0.45637071975487137
0.3377116669650401
0.3549251185982036
0.3647651482592075
0.23342140583941046
0.35098667505923664
0.422194112425986
0.3712528380147861
0.3003650378220647
0.5180905478850779
0.3585576943652534
0.4621864804188456
0.32904122758294024
0.45462488646907756
0.40084757553736405
0.3194168085377894
0.3862214735232313
0.3564707201173393
0.39791702281947583
0.35290357724875343
0.39524511522154687
0.3361362674654706
0.608752725220082
0.6395248440014963
0.5205856220373861
0.3631559590964175
0.5862054094788722
0.3789816158360669
0.36500655334131876
0.33775813696834983
0.3217191325378905
0.3185432095565586
0.37702070322442416
0.3913325725100997
0.2559197203474801
0.3528341522804094
0.4404408616137777
0.3681874980562758
0.3035092550857605
0.408081986573589
0.34211380586460727
0.17411915438621348
0.34739528751475673
0.4179849953939108
0.3747788890346661
0.3447244437465105
0.4043420080580672
0.7161552165772528
0.42753892778728814
0.42808615849387155
0.386431388818955
0.46224805388414775
0.34097116050509163
0.44612110769365265
0.3286478803163687
0.35963025185045705
0.31803804544788794
0.5014466174603287
0.6413739386329921
0.37607019540585374
0.5384392948359473
0.3442456972438935
0.6062875107591247
0.35109948822019765
0.3325784397162186
0.3933861922635287
0.32634741524720184
0.5418787496121137
0.6532364236825413
0.40314686303514896
0.34252940044098523
0.36989779591883526
0.4191289296601215
0.4869366233830417
0.4220311346625136
0.4011396362445161
0.3210271432061157
0.48131782118240196
0.3503386612767648
0.2996673574079047
0.3699952989639728
0.4705972362432616
0.4102580647319939
0.5483040201765627
0.3165138062731483
0.45320799323596694
0.6492784903389099
0.30238143810422957
0.6509189009025955
0.31511841094045623
0.3861024561436742
0.3490861299745754
0.5726477434920556
0.48277819974556074
0.3453283135205161
0.4757556763630621
0.2579972479937726
0.33353187760397457
0.3606030112092368
0.3796000664744521
0.3634972807797138
0.32582754059343677
0.379732283066961
0.33688543634463747
0.3530890199219769
0.3469716220524796
0.34287487622342455
0.4112116735855732
0.3926218327157278
0.38142482870530087
0.7372603621359626
0.35898282582144037
0.34446975682454994
0.4416158261410526
0.40861812425257793
0.3603026202858806
0.6179672925091497
0.3295216539692822
0.452412478731747
0.4062927501106436
0.33935524107862586
0.4102921896440258
0.4915436837935178
0.44331335596695504
0.3037820957482381
0.3383277694083919
0.43147281891253647
0.35663092859360807
0.5225478833476142
0.3575178352788102
0.49358096316684114
0.35937229922664304
0.48243967618802214
0.50736675601975
0.43426342482815844
0.3277771416383573
0.33629080919745136
0.33769737333767974
0.38356948042441386
0.3136189904780675
0.3679124574258959
0.44854057951936277
0.5401139712449924
0.29997147312747036
0.4709162052295498
0.3182129393460119
0.3970441105355863
0.3668199816057186
0.32431265892268457
0.4925820652262583
0.3694159012918528
0.36666901128462626
0.49090696681541135
0.5035235665788501
0.39555118691995933
0.3040153160162249
0.45856804494062137
0.34029278197688073
0.7315683896849694
0.4299068729596506
0.29017231109527625
0.3777080018472703
0.37369055485960573
0.37450489533832737
0.3369906878806749
0.328943573660274
0.3475834524816929
0.4337579576714115
0.3204690821695327
0.28946919314566244
0.32455572831830204
0.3459897702654544
0.270467517059301
0.2823131052513243
0.34971243827865045
0.32562848920986076
0.31962314198656844
0.32516893233111666
0.4502954980673991
0.24975980737737785
0.473665953136487
0.3995711943610041
0.46195569028251643
0.4598986683870784
0.3712700567608586
0.3764807236422341
0.3287152184702987
0.37725475727753455
0.4177972863890046
0.3549918641058829
0.41391503915669764
0.4736018082588629
0.35743279705174325
0.3728769289856655
0.47736882555031873
0.36682180370304146
0.34084554789277854
0.3692382975102896
0.45895600552883414
0.45106739606035207
0.31915112725936795
0.44791509239853267
0.3015568444287473
0.3802705037366555
0.4236905901803793
0.5052268832894441
0.4670123967032878
0.5258220715473236
0.48918560018612134
0.3462542606592944
0.3503289000553482
0.3404467820403194
0.41858224044678205
0.3534587314967504
0.30595279480946375
0.4352359575297008
0.35757303236201937
0.3992201581306087
0.35687297787174727
0.413812510666305
0.3649123008990197
0.39085305754290484
0.4765128406567737
0.38005241942629014
0.30198841076345356
0.3300602041952104
0.400950757922915
0.4352651304539686
0.49215277190398654
0.5414426100813057
0.29987733657562554
0.4223558072886152
0.3425954217011304
0.4015173525177132
0.41312279617754344
0.3351907542348104
0.3760862475145454
0.37366398323516803
0.3007605680404848
0.4153410131365859
0.30180705907119104
0.5008771233611108
0.4339059448636783
0.39740642023631334
0.31642182045507217
0.38742180553388594
0.3731901435016966
0.4008164802855924
0.7013092532609245
0.26247008492553536
0.4659542867842078
0.3502125761358332
0.3728763177455963
0.2684784253386784
0.3412418401366717
0.5260925936825228
0.4787415626451083
0.5278104528209961
0.7014862650577042
0.32412802823463555
0.35276297712646704
0.29662211110043574
0.5435424669225696
0.30188326658047304
0.3871025496660863
0.32868711306850235
0.4558694251922242
0.31396168559422494
0.31532406774853405
0.4245904611032619
0.34849655840999966
0.34528452069095245
0.49922439441837774
0.3396791948515875
0.4416959284588856
0.3519246708847561
0.5842035439629831
0.36427489669179713
0.5166539451419454
0.42289354027605724
0.41312142058127976
0.3258832870465235
0.3786903997943838
0.3578588485918012
0.4534651338132316
0.4288874045431092
0.6477141748105647
0.5126281715553586
0.31582709689413413
0.4436748818222781
0.36884164067129677
0.35911827328957757
0.36108681998401737
0.5824248164337749
0.41821930403529994
0.46433596048767795
0.34671446408985823
0.28610090624521917
0.39131391462936504
0.6864882388589202
0.39055234505452024
0.5055625000406807
0.3769957365827842
0.4710112576227376
0.273805722215197
0.3104985355064212
0.419834543669552
0.4011654399525739
0.4178471783594939
0.32400816779768854
0.2975245963552257
0.3786700307662468
0.44454136086550455
0.4199587455648702
0.39090149890089254
0.3679092201181369
0.33137239408805447
0.3974849591433437
0.40363193267466363
0.37916244322321463
0.3238636091366045
0.5176692424674463
0.3885719088026658
0.35857810408920765
0.32761724500191286
0.5100801348004405
0.5943661305225068
0.3885512932531289
0.37779848270167377
0.4875518053136273
0.36967755686300513
0.40159999421362863
0.6258104020345611
0.6079369868614898
0.3450768464690662
0.4953242472106454
0.2969161065877112
0.705682831372185
0.37332345152332236
0.47885589285194247
0.4105763734032717
0.4088644362802168
0.46808734071408253
0.19690335972424053
0.2970353898475626
0.4194218156829408
0.377776007064356
0.2840020232616414
0.5355190894426763
0.6008754314462948
0.2761880992500449
0.421154985044399
0.39228695254396656
0.683538985741747
0.34595923469402856
0.7141408603634488
0.3833513273726825
0.3408596342202235
0.37037464489761635
0.33001987250868847
0.34901972163047607
0.2856418097483655
0.34950609743450906
0.28081158951929763
0.32914072268128974
0.6750764665214413
0.39690574150211283
0.3451543072568508
0.48009944953447364
0.3170220594357497
0.414234164994128
0.4281221814526726
0.41702854887820334
0.27705834198422913
0.34878274692578976
0.348890980782788
0.4217732399623496
0.4378861763920119
0.5180336758173499
0.40767252036740836
0.37066041067344263
0.28627864290600863
0.39942303168374577
0.3733916205653288
0.38791051373128016
0.40498626001167604
0.43399248755183356
0.5143625768186441
0.3362458956279831
0.42187916525501085
0.447573999857548
0.3796520571573506
0.37645778864248536
0.4801686783935668
0.3442336087632891
0.3237415275700906
0.43699953601602687
0.42868527253303385
0.3262505151924534
0.3250412604013762
0.29016668513069566
0.33152270869790657
0.4040089448220126
0.43690911170525476
0.35324961138579386
0.32567505740820696
0.3761312602644823
0.34479122737516926
0.3237233695276681
0.4267764918706926
0.3934690626834763
0.31997000103161877
0.4347929188593521
0.398755269566282
0.38542884348210105
0.3480945927818941
0.5328156452936161
0.3565372571745796
0.40883993157510373
0.44244663672335977
0.3258611672223309
0.2557807808852139
0.5997834866944314
0.24310611779677602
0.3444292882682053
0.5420941698111678
0.40948621647614303
0.5043498883474978
0.37689801820383134
0.3850194195558313
0.4213109695636417
0.304656545788852
0.39793468405399673
0.3361435660229403
0.31942662216352213
0.34095811748307114
0.3469930772372646
0.32133024690594725
0.39559632144659507
0.4822712568571361
0.33790598673168604
0.3075310060754338
0.46995784679300223
0.8114879506222274
0.423635172105879
0.35721060978394414
0.3823156749927354
0.3871397143923919
0.5953915917725107
0.4088845602061178
0.528017660099003
0.37443985013797654
0.3570156465653201
0.37553558832544043
0.3735550373278391
0.35114175481744275
0.433541868256156
0.41579233363999896
0.4458612765046322
0.3972577652495495
0.30943514613941486
0.37555290640732225
0.36280359866036466
0.3643282139923965
0.4157488134494286
0.4086921678775968
0.5199777855611296
0.40094132709883823
0.7114152884144939
0.4170286646802775
0.3787294228831383
0.5093181874193855
0.3861982881934621
0.28972325127197984
0.30778563895912764
0.4784210241220137
0.4348692556085563
0.4218736365425503
0.569598875088347
0.324665258910656
0.37194336900234076
0.2981524198961398
0.3477707931647625
0.34897281216802295
0.5528242578128019
0.3476490687692577
0.36324196127565056
0.44653263182771347
0.42185994946355687
0.32843937275766416
0.4221707941792822
0.6265093607167675
0.47772567743651856
0.5190352995082541
0.3380601262916493
0.32289315301942756
0.3425766405024239
0.27088634243604
0.3364254186242484
0.3236732696931016
0.8464523052299302
0.35131387024978944
0.33345968841048085
0.4022808016549197
0.40201373964850673
0.3292101486453163
0.5415114324259707
0.4124512891711851
0.3301755306135348
0.34326248261497927
0.3534330337899815
0.41366872720048636
0.41722388743681915
0.47595704385385557
0.26775363105117833
0.39457994968957705
0.43457158687103004
0.5562575239552945
0.41885958686304287
0.3944940397781141
0.3361645622526961
0.3904928554129362
0.3055621351575831
0.3501218327131747
0.31701137166706406
0.3361351014420492
0.41287153093855294
0.4706895744735453
0.476612479770543
0.357169550724434
0.3204380938494089
0.43449836964980565
0.3969456754036985
0.5045604042139431
0.46052102307361287
0.34116134678141347
0.6164151214112239
0.5355753259009302
0.34024042215983724
0.3677671346546415
0.44639223407583717
0.562322443678213
0.29011839860600686
0.3668662366685634
0.38099624960943157
0.3909109259835177
0.39393419510394173
0.43108386222901224
0.3948529278887095
0.3571058113356163
0.3432366881919526
0.30677045721526425
0.4507243453113162
0.5557387715464432
0.33336547312029285
0.34268358751965744
0.3727622306460768
0.46743614658670507
0.31254315664650584
0.36306965534789026
0.33622457098437164
0.4901088273682361
0.3839730601878915
0.333119851680044
0.4519891702447674
0.3638851875055261
0.33676041642029214
0.4906782109651564
0.37984919820851215
0.3931411521015268
0.3615059466411859
0.3426861831798191
0.41928905779507103
0.388092662416731
0.42777287097997
0.506979145069071
0.3893239420475948
0.5034274793352543
0.3418133268622911
0.4608021558975962
0.32789558325741275
0.4522618161403461
0.3245699778909319
0.44175560361595
0.6311282372690802
0.5027807059574513
0.3895597856740746
0.38971291085054827
0.44972086083944585
0.35851474361034047
0.3660421656690601
0.47996793869686627
0.33736203347740507
0.49087063194669633
0.37617981183568355
0.29272795170170735
0.4188437545847311
0.4114973813174084
0.42999398621812535
0.35047518209268747
0.4749626798819105
0.394344216687517
0.4255976792183739
0.3698346756743824
0.3623511754698673
0.48291946310043654
0.2524839138494721
0.5372436361542136
0.4776093923736485
0.32031016360536224
0.42222261051751436
0.4656840290746239
0.39224322426101477
0.5614145379092842
0.4321116147790985
0.2538457481500468
0.5033421823255239
0.30809721870394496
0.26290967624073064
0.5020184827508841
0.5383692852543388
0.44220265781877194
0.36677392298050243
0.3123565960475767
0.5711608791300301
0.35958482313819445
0.3377174105894552
0.2970346770566819
0.5293680281630233
0.3297214462756985
0.25693357365701136
0.5209304031534499
0.3359277765245191
0.34404875815769137
0.38405341438693513
0.33241801550409333
0.438722132069531
0.32811317986491445
0.3495917659997638
0.4326391869082658
0.33579514818971423
0.36365324533990145
0.46717208295565815
0.38175077682887265
0.2747140104277333
0.48510622989631647
0.4153769755024659
0.4101573304707347
0.5132252814966409
0.3963544968143855
0.23379683322117206
0.4148783001810999
0.40403455283968254
0.5727699666656529
0.398087268917218
0.553789002503804
0.39083781312875976
0.38622180251544797
0.34843148102472615
0.4013130775850376
0.6949433012982378
0.5903783001439527
0.3122513892701719
0.536296611975782
0.2847035426219252
0.4565103867932601
0.368241226931702
0.4576881713245929
0.3211917233291022
0.4304961440785493
0.8992277892103157
0.4826896647141872
0.49357060864351926
0.2554181125675981
0.33975017636820165
0.32805432081822794
0.5613570886138624
0.394018911709091
0.2838821660683401
0.3198015938149941
0.40822522254448884
0.37522035856628494
0.45625488670938447
0.3418834277674097
0.42979428195442887
0.4201827362181653
0.4061532312461321
0.42846830540058684
0.3099157578707729
0.3256212470861494
0.4361605818739065
0.30634669201465675
0.3931689363480059
0.33751076007900804
0.3127781126294248
0.4124537344859867
0.43286219613703186
0.46015314612437547
0.4857697595389485
0.3439109750882724
0.41448862530989083
0.33714906269393674
0.43858990103958484
0.32866301619679633
0.3361227943750435
0.3813179085806998
0.32698466515138563
0.45620668522368213
0.48017463416775263
0.4599612417732785
0.4798214770160828
0.4556784853210961
0.3693387757178112
0.40545903561602464
0.33925464252907606
0.39524933372798005
0.3225428056902616
0.349692937794844
0.4400782728903836
0.3369668574128801
0.255136176368685
0.29020975911079283
0.546935815632373
0.24059281713136038
0.46146662699521485
0.47005117536915925
0.43692933868975925
0.31681082552924433
0.4333672930960687
0.3908703016621145
0.6079101606919595
0.2579090693512936
0.36878684845626714
0.3866786238704543
0.41930066763619706
0.37925736990356224
0.46123586856632476
0.41472325434682383
0.4632822384664167
0.6287078262030984
0.33415299943902954
0.35217284880742816
0.3418958164920173
0.3461783098891359
0.46156213763072385
0.40633096462288437
0.822762889637634
0.3998831879818466
0.442662395578891
0.3839195810108456
0.3993381304004755
0.32335222883473524
0.44651418897192247
0.3727122148428876
0.5097909243403245
0.3819535908868055
0.428580221562242
0.2320776949065835
0.3820779789193762
0.5300732614267147
0.29264325526903795
0.47287011526834005
0.3642618549742093
0.3781420927797446
0.28432096269539797
0.3104925975791143
0.3126052370833422
0.48353727462545987
0.40118987408445134
0.5489759350580202
0.3651855825639691
0.42822494772984343
0.3595078072776364
0.437789240764126
0.46813864521170917
0.3086518247402964
0.35968377858304257
0.436613670954471
0.5882674931434757
0.5125304051279385
0.371911540197968
0.33557734480506657
0.3151096951960527
0.3753173812489694
0.4674273991250741
0.4107126114012939
0.3945573959739061
0.5349703104737539
0.33500303803872816
0.3952309503910215
0.3031418062222437
0.5028102879378319
0.3975921753683304
0.3813037910842584
0.460466430417078
0.3591162056283264
0.3556091115826978
0.44120176435602826
0.3943497979423032
0.3496881427213691
0.40328254838766053
0.39542806289621846
0.41516626924588335
0.3937972404012305
0.3147545614101832
0.4140932861482002
0.6019951887868321
0.6119062890927953
0.39451342646950105
0.35661004558802634
0.4284065385312037
0.3394194598780915
0.536751567502823
0.45684866418353515
0.41288025125694655
0.4782640608846204
0.36005824441752143
0.329287833264578
0.359150763486498
0.4029401645429747
0.5196153781986848
0.3590329941947407
0.6274430388500315
0.32018388825455596
0.37966366693846537
0.6899996661219641
0.3860480113535771
0.2419564130630188
0.3089632318505705
0.3781707660296996
0.39622836869020456
0.5106060466374678
0.3861389798568877
0.4473591158135395
0.39762859332162237
0.2688759525435841
0.4755623269814335
0.35279591539232397
0.38235917272618314
0.6970270748978915
0.434650653150818
0.3362837620108852
0.3781641493897247
0.7116021939616973
0.2826928527827648
0.31228679904506046
0.3722050075514174
0.4793836927383376
0.3614298318729669
0.3963733941744372
0.3222251767902257
0.3567844591343888
0.4935764705880364
0.37424809775706974
0.40997324066734936
0.3808246507131616
0.32025895474869076
0.3425087832097125
0.3631039757180133
0.5233857256132497
0.4285980731587722
0.38390624272805357
0.24619160132529105
0.2952666658377393
0.2833601445066062
0.3437217142987539
0.34636968983954625
0.3805823297850805
0.3246082079860076
