0.3811347461394167
0.35106553124701106
0.38769438462060596
0.4088707222964609
0.37242552653156513
0.43310448610844554
0.3187137065953725
0.48047298434000585
0.42941391090087294
0.4800133848894544
0.49965936202273
0.41601463659711824
0.3632415235516048
0.5748100806591827
0.35441761218753837
0.35209609688934995
0.4405334954202023
0.29997362332115585
0.383491141033954
0.38271625051874436
0.49490837840118423
0.2749155878614624
0.33371307611565754
0.33901155235986813
0.4458485409449256
0.3098625256660475
0.3618171336061774
0.4464429348097427
0.37194428855782863
0.4193769419505037
0.3910468826014566
0.3705481670660923
0.2749462219252411
0.3486245514985278
0.5035822776580411
0.3796613440123032
0.36258452621192855
0.3084954255403254
0.4972358527992678
0.6098447709703321
0.3831818132202805
0.3924401779487189
0.42247211967529436
0.4700471833500901
0.6342238165696524
0.4108768917105247
0.36077518035306727
0.48874175262946784
0.3693756586133089
0.3791879964541494
0.4644255022232667
0.46903619354118326
0.6649303276226907
0.5984239788856821
0.46903207260628615
0.40616553370546526
0.28759805535862315
0.41889515244031034
0.3988777571021358
0.29019029559818044
0.3428739772109517
0.41951170227146267
0.3047060339149302
0.45949881973030127
0.46814846889808187
0.3655258970746472
0.38057843378229966
0.3899742433352941
0.28736205396690406
0.29009691087894174
0.3795223082800555
0.49797275256313517
0.4305314565511847
0.40112861606866973
0.31556869010912764
0.2901883814398896
0.43182031895869066
0.29536186759477956
0.4004857553755466
0.3597568067205204
0.5000520012625296
0.35424076928036796
0.4150596136082424
0.32348363972218047
0.47603978973549
0.42833274766090207
0.39414737409816186
0.36138593926831314
0.48060330743589097
0.5525736057421246
0.3576699519327681
0.4097262940085184
0.7108024363559117
0.37622361859975534
0.3214766363891669
0.34043499146771367
0.3827112571408285
0.3617918793225146
0.4113624791945178
0.38378459437076295
0.35095624024963196
0.4483537093447628
0.5728177059475726
0.40709916181412875
0.4375482071159004
0.35321445755121067
0.32332282867593437
0.3205147468314644
0.5014914706624829
0.4482362386561738
0.40130205637906563
0.5406489615070306
0.373576960931302
0.4859201317360982
0.40496816975950867
0.4241710142379809
0.3097252140637652
0.3729831566883833
0.4098201849742851
0.4049835792624487
0.3965063972706455
0.2603583701123875
0.38723328653631
0.300652069555367
0.3683211712127832
0.4181492157844389
0.4921698538265115
0.36519914086461946
0.31885764344663226
0.5140660808205898
0.3660960909411693
0.3066528661052372
0.3171108347954369
0.3028709928054411
0.44098857994006463
0.3168211309276693
0.3598109163552983
0.45491455168690575
0.378215115844726
0.4873222963724839
0.3098344756089653
0.3619510606452814
0.3768548183225175
0.31916706347795354
0.3973595702837669
0.32385160942560715
0.38617388361307914
0.28297980533989203
0.38204791032859087
0.4839055607974422
0.3381198894233809
0.504929615150028
0.49079865672679174
0.49320084967634714
0.3065393495076667
0.22630772080085643
0.3570287640388554
0.3901997549276948
0.4732331755136049
0.3656552629660958
0.36795420793180517
0.4438762377484678
0.5591255989038362
0.3741530248328087
0.43153254374242006
0.3927719863080405
0.2906859324690239
0.4217691566891469
0.6020150912966196
0.40992435952433276
0.48207555631353716
0.3723870743982436
0.37963942501111
0.42651844989121324
0.406695539342271
0.449539731432646
0.4002632685155665
0.2867665713824511
0.39859647753633476
0.5070884400845855
0.3942105090470111
0.3041202810659641
0.3621436154109026
0.4731460059430811
0.499412489364284
0.4041385679358136
0.4083660072973026
0.3679547540753453
0.6000698330781964
0.4804049808764101
0.4954575999707017
0.41165130785634696
0.4569379664101568
0.36994940546720934
0.34560435047519006
0.46602368909971764
0.30180055066400385
0.4167146005092988
0.31874493395238257
0.27213948361999524
0.36496453361430087
0.35533802648490576
0.5091724029053892
0.38867876670116186
0.48676517516835466
0.3315619629765246
0.30360536197099364
0.27603784771488366
0.3992424255125839
0.37449030595553906
0.3606343456575121
0.4011011902532617
0.39603878965632544
0.4188842677580785
0.5364990464419273
0.3762366439229582
0.3674075361628369
0.38922581817380764
0.3905638139806673
0.43196586269351
0.29606132218884335
0.34206581451399487
0.4117241366055922
0.47996626296521894
0.4399482438862334
0.3495388687356123
0.30400186331294315
0.34548778449101447
0.34221743203615146
0.40819324306417826
0.31715796174514577
0.3879277968204778
0.3194648727500172
0.39901729029362865
0.45343305828716934
0.4251790334593686
0.3574728322074284
0.3087650916567202
0.3873312321386237
0.5334869204741676
0.3922926913108211
0.37185390230312876
0.4509001739578889
0.3896186356326866
0.36525964507676856
0.2701183741700656
0.34427393852397886
0.43749285226674245
0.30191421038774946
0.3711855996739404
0.34658503845148986
0.34059892002075914
0.4393996460971016
0.4357586690282467
0.27462209349540484
0.3693729159579986
0.4286239588920824
0.5630887164180222
0.4425441726335384
0.5280178590761537
0.4303782402684071
0.35854145406313215
0.28641326165417924
0.34831647157000206
0.4054955066766153
0.3083345852858803
0.32435996562084174
0.2809572631473381
0.33976953226925083
0.4663365979790786
0.3906901586819989
0.3961782947394831
0.3880558382142031
0.37275159039650907
0.5439644597314237
0.34887878426428875
0.44191194255352073
0.3838723453498492
0.36727450998818206
0.28056857782017375
0.32418142728887805
0.39677908796092465
0.4584744400714083
0.4349907338073551
0.4100836830958425
0.43484500416417965
0.41862527711157765
0.34677345929133563
0.3464749312483533
0.3599344745107536
0.40730973097986284
0.31918296043798056
0.38588345214153
0.30523308026846385
0.5711835083523147
0.31541216610376066
0.4066127667953929
0.46297431759298074
0.3377691951282627
0.35055235521801126
0.4353043129121684
0.2923272739632556
0.31775681596195193
0.31760078128227553
0.4095803508279421
0.42326165258037934
0.3659978780117913
0.4965436956061214
0.43821598508942133
0.27478579916104656
0.3881297444743298
0.33644742809189454
0.4283408619828063
0.3528361874054367
0.3007095985040032
0.41355587714264597
0.40460740573263165
0.43289385334909125
0.2923008499491119
0.6128895315401831
0.3222755646644548
0.37130135209289333
0.5931444889779296
0.4037181066069766
0.3125146341455709
0.6000868246250841
0.4536615722821192
0.41010443764021876
0.47558035346045335
0.44616970698547237
0.2704635140040017
0.45391712961903474
0.42798544826150287
0.4499108963261497
0.5545033201407671
0.31796822117207285
0.35663624234790575
0.352932180264224
0.3239968630423787
0.228586113646146
0.43624501504645263
0.3902708268548095
0.31491155110883456
0.37835197521965974
0.3056289403361071
0.552818881398307
0.3535812333014417
0.3425036427820541
0.3834244679193805
0.5050849748133939
0.4036445990835251
0.5285316732413421
0.26755321727961157
0.5882533054842345
0.38220161638029104
0.24621249044546534
0.38582678483156174
0.3276120269799951
0.35679300167563693
0.43630010428328003
0.5170665676745325
0.46099929357853753
0.422352039139974
0.401374259228493
0.38686331578062677
0.4977304655861333
0.35901411835238545
0.3696033698638511
0.579624500940834
0.49314690961449764
0.40342928263795474
0.33892081187725365
0.29286522182084085
0.3558855895498567
0.26647392068151476
0.48903229689717903
0.35303021695552456
0.5937206764410424
0.3202068762941947
0.3695581867415847
0.24924494911770106
0.3109661313850105
0.42226137652690393
0.3833786870329386
0.27371607775872336
0.29286188703099714
0.3276487860313129
0.4041312934498849
0.3968126690093224
0.6094182925873902
0.4076755990036691
0.37218757144594583
0.4296859533767267
0.302286057517667
0.4443700882769776
0.6280763461549538
0.36368272865164897
0.5372447142698916
0.41522174913891186
0.314405789345506
0.438092443030938
0.13335312354526604
0.5176472432789568
0.32337170352106104
0.45577596140140997
0.3793757369823176
0.3472584760752606
0.42993741041318473
0.431653355811064
0.2888085841927493
0.3398872253739077
0.48254583391086286
0.45225317792957065
0.31158754750691153
0.48254326990555513
0.30334746795482254
0.38231686494602163
0.36148426378828774
0.3417537395175149
0.32835953269409013
0.40600619633220636
0.32679989266350773
0.3920965228600137
0.389400695237451
0.4494269173078951
0.3768655754715961
0.3967530348985635
0.3620405130330611
0.31725038395405875
0.559076453114902
0.4385096876034702
0.3471361954238708
0.44006202226560287
0.34750748002739973
0.5072266753623982
0.34512364703006987
0.39194989805740527
0.36753166991803904
0.30250431395672
0.41135494402153233
0.36905826077982745
0.3809871215711141
0.35828954112876416
0.3522759984545767
0.3925701868155442
0.4213351517984486
0.42554617282203905
0.3023595165983997
0.3760968240295974
0.3821530443270668
0.25214372662916384
0.32771332160175826
0.4257811214261695
0.5308228735846375
0.3300220410459556
0.3984011113892333
0.5782107717385379
0.4912480798790254
0.33978623191092544
0.42688582269933856
0.45248896064013033
0.3460043245633063
0.34110910225501945
0.3442981665963923
0.36222797614995766
0.35214408926899715
0.3387663071321051
0.4165227765380017
0.3577190176914226
0.5330842167731451
0.3620626693933166
0.3623626894269736
0.31818695567904565
0.3571976734555684
0.40558449030129284
0.345643468174691
0.4047683313873371
0.38234256158894747
0.31452756185013464
0.2600863686392884
0.39009758860687704
0.3248528611865803
0.3906659985237612
0.2338824566477823
0.41074745853008404
0.24981059689328491
0.5339363326755552
0.3654647865150866
0.30324361777486775
0.32268774833475805
0.3019540814364316
0.4420693745602875
0.4172475511744915
0.34214024060018544
0.41474249187547413
0.2824149330941062
0.47931405556418166
0.32076861352224273
0.3583945311306483
0.3069045992801179
0.38870150514660734
0.381113653652989
0.318900867849072
0.43818143834158796
0.31144781519302034
0.39730160113171464
0.399817420582888
0.4969924942401504
0.4112560999410766
0.38924639967578456
0.542513124204652
0.41476697454219846
0.36185079321052355
0.31938723282434434
0.274290708266064
0.28770468718794756
0.4019103712168426
0.40727358123220225
0.3066500975523292
0.3464524473992282
0.3606428440876092
0.4647172376021354
0.34469981073642814
0.5125605445917351
0.4829473089664373
0.4158409106148144
0.33801025504693943
0.32921873021141745
0.3395023458376797
0.4104825747435334
0.348663273210488
0.38728607089459866
0.3939809006727422
0.392858521917229
0.3846906239440594
0.4540134886411017
0.3593465670689277
0.3340130222240336
0.31380115193189384
0.28182611385028
0.3805307096796992
0.33657481690180113
0.39343642950047936
0.31932143468267804
0.47781831086021637
0.2994993162558174
0.26955703095267275
0.5164146344972469
0.5617687734201289
0.38961025595822096
0.44134183481636513
0.28969374817782445
0.34272965691405455
0.41988334264225124
0.3356140533374006
0.4649587884051775
0.4349968213048126
0.3058899661167162
0.5114007613304566
0.3007810857512034
0.2790722598541406
0.5396926742436902
0.4402604544052623
0.41476553820803724
0.42566918278969623
0.3549444013017794
0.42420933616907475
0.40929424361343725
0.30135398708587063
0.4518117103733794
0.5546608946581888
0.3011442895658342
0.6654577812645414
0.34190393930709206
0.2519080063234737
0.4769955180317929
0.36237955483431733
0.4339640405133586
0.42317187891682195
0.5818337054331069
0.30876898176346523
0.34041511969375843
0.35953064780527044
0.4240044539193703
0.5726946112130541
0.3815414298717239
0.3333577615557024
0.4130437331661241
0.49840262682488756
0.3992592454925735
0.3336934476362127
0.3328811564682305
0.473023169998464
0.41313261406487695
0.3922075800387417
0.30269561336586864
0.34511993153650605
0.36635039380075324
0.3491437566974985
0.44684633861968936
0.37787213315421303
0.5098779244795948
0.3684463406254607
0.35779951209137567
0.52640962859471
0.34111470308024694
0.34442166776533084
0.38718109628951236
0.42487954152347135
0.37544969682109863
0.2957414593999934
0.476948341235049
0.2622046519970817
0.6053148610592898
0.390995265208028
0.44043976444393895
0.3262982570827075
0.37068881947594234
0.44892082678004247
0.3079645150886511
0.4047300775079956
0.34119519404875376
0.3200001570803891
0.4487588038548925
0.4883146641988406
0.39876282670647534
0.35816398151838524
0.4586525518612831
0.3759577587934846
0.33442053933268723
0.42425158116504186
0.3941390216005956
0.29160683942881094
0.35379260103387855
0.5053961678097747
0.5367649922497988
0.3047752840081758
0.34372570135839176
0.3896355588786209
0.34789831041250224
0.35468789220821495
0.37917436035442115
0.3930678951089708
0.38348910025880584
0.42347807930153786
0.3467187001026449
0.5443981118994919
0.31347098922427064
0.5853177559449139
0.33604868306294344
0.4047016721175889
0.31201403936669475
0.4146213598562427
0.3576668793513104
0.46454438787325064
0.5504353654351352
0.35301860307708655
0.26145843240974204
0.35409214400612754
0.3185799402721978
0.401869995245047
0.3075914212015728
0.36923932567382745
0.348176372903898
0.5273958898171567
0.35587442819624504
0.3003893530456844
0.3502099810458251
0.3377469722274931
0.2676381929202636
0.3399337070993683
0.391246165256163
0.5276393084227526
0.3761269918891231
0.20673186173985095
0.43504853041385144
0.33329494337555376
0.3598007874110002
0.37641006528754445
0.3080807939627154
0.3554674145724321
0.283011755460836
0.3245899396264787
0.3968747441303202
0.423019301788015
0.5370408741023582
0.3467435007882765
0.31758103363644274
0.4861850953806297
0.31904774375925815
0.37395577351375703
0.28818615310556295
0.3289019458834092
0.3881827927567918
0.19346739170840963
0.43146180355203195
0.36357573219002115
0.36267251890928903
0.3746526546249514
0.46061761400258733
0.5067805751604482
0.4435736114311189
0.38191232514329226
0.31342066480500924
0.7237096225251302
0.37346687088600733
0.38260926150499397
0.4751540715344341
0.3114394888515487
0.37574857551131696
0.4997804906214241
0.42780238769548495
0.46139190075079245
0.33053636088259797
0.44221296596273163
0.3798866923177151
0.32473233127469386
0.6132888400985052
0.30110127850018853
0.4896344026593007
0.2617980229031164
0.610528390589604
0.59296388991033
0.30819087858355065
0.4112074963964593
0.4725790066809734
0.33532885532570866
0.4530925841221399
0.5062841283977808
0.5805417614792818
0.2622226424180577
0.38949404387151937
0.5217729855916247
0.5213317287142182
0.6325108950056167
0.3695871609250587
0.2601825472871205
0.43175090176906505
0.4289135931930262
0.3524366609159522
0.4384075852567012
0.7378561585687246
0.31211264917402737
0.4606380455565093
0.3367692827921766
0.5132030470258655
0.31419397310576186
0.308120592988996
0.3837924541487361
0.3830282258458991
0.3480296251140217
0.5836628441545311
0.4025214568648048
0.35560313877276334
0.3234778136309656
0.37180919208203733
0.4295302627898149
0.3791249659434547
0.3453142136078071
0.31519433568562294
0.4417418809553019
0.33674993368564926
0.38095768608441993
0.422444864302622
0.3728157598235179
0.37193255589472163
0.33327136789971346
0.44454170441166535
0.4217450351850313
0.599925899620639
0.48372616056778184
0.4345084630011816
0.35248330991210247
0.39623040302210877
0.3921840065350905
0.42477673335705773
0.33237710119756525
0.2998125490250137
0.5257640043341711
0.39637346824448183
0.33036427901849785
0.33210622580542637
0.45852393428198474
0.38850634924288596
0.4627595092345372
0.35102142696261235
0.4825708239479123
0.3368631030132939
0.36830113712508633
0.21463807647004757
0.3064053454967469
0.3649352390780599
0.5185195033708394
0.34098021899712294
0.46216757153758836
0.45004967460020784
0.2865820475524382
0.45666719412650186
0.3139985179310017
0.4180328321638409
0.3363882523910686
0.43824790768813243
0.37018308977687364
0.5843713373109459
0.36852954829980183
0.3919103977415817
0.3456515748463569
0.25991601615868526
0.41886223828967334
0.3574784400161641
0.43125362154257507
0.45367706418029463
0.49148449134818867
0.5583462675701565
0.33829816943148067
0.33222064810864355
0.4141923029291806
0.28554717610917973
0.27447611957361495
0.3331030147880195
0.39485387210442013
0.44303477443823036
0.6742387160303164
0.37191086128482376
0.41094303655693865
0.39033991855385647
0.47988731698380677
0.4547601274670946
0.3587654685858408
0.28839618952353063
0.3813544523660741
0.385032359309069
0.4607367549062764
0.36359364840752245
0.29198166533158365
0.31689302391383994
0.5623501146824401
0.44702249311566056
0.32117320036779956
0.3717101136664906
0.587380884551222
0.42644571471198484
0.46431039481032005
0.4396376212710166
0.3367683140700522
0.320833975537205
0.32330764369876736
0.6063097682592242
0.33094163122292714
0.6258180098322192
0.4211135249357716
0.34809735382057694
0.5183967301202448
0.322331703575912
0.4364375226215158
0.5103581675363
0.38197888450684603
0.35617513555349256
0.3807352675489771
0.3761974768252486
0.38279973563542286
0.28773848017980796
0.34553742175058666
0.30333305182157244
0.388779486705903
0.4039992312627487
0.40487089408862315
0.36074324685017223
0.4586605435709764
0.3331597564748877
0.38520007494114744
0.38298752235480826
0.3682471026690486
0.42681011714356204
0.2941672959148335
0.35882659434471903
0.3177718753034415
0.4016112177286232
0.4079692735196573
0.3451727834149886
0.39235876462734876
0.5609701347830921
0.5085676513983458
0.5676217207694052
0.38388574281763455
0.40580834169460955
0.36872651741137424
0.32344168309016796
0.47463467370868806
0.506109869544806
0.4103172923879398
0.43080119094721847
0.2834651990407582
0.31211756802435825
0.3162894663941583
0.4273253843791235
0.2953438291164926
0.37634277257158116
0.33072889989780735
