-0.6265236865537015
-0.32250946965036525
-0.09533105356314334
-0.7198518216741486
-0.3152943442544009
-0.21453717096952418
-0.5190000123142527
-0.3985252678227838
-0.40574512186601386
-0.3207256453824599
-0.3496521328558008
-0.6067614306173946
-0.48447309463725025
-0.5277788180390914
-0.37429557384959566
-0.4960855865123279
-0.40478988750935524
-0.5946869218901064
-0.48144544643390186
-0.37697804713499655
-0.05769150688042992
-0.28077729915220667
-0.3032509701693447
-0.5392385414078357
-0.38235341569812537
-0.3698208182585193
-0.6206840026135522
-0.6019185408096499
-0.4761491929051669
-0.6340141309134292
-0.3350036553601539
-0.17095686751680625
-0.40420073968917336
-0.5014943364647985
-0.46123516029746314
-0.16105214046350094
-0.601904044971533
-0.46445537713667845
-0.6320801944744424
-0.7334156120623229
-0.3918843921303502
-0.34849638664563914
-0.4484094896389657
-0.3835421939625902
-0.26879224810699465
-0.7243975809894346
-0.4590099445329277
-0.16330290089622634
-0.07935390250171352
-0.7475148037675091
-0.723610416417344
-0.25284566093286703
-0.6192040306871477
-0.37032241398795585
-0.6705800023746904
-0.2160847586545776
0.1510019980612871
-0.43666972999858367
-0.10119222978427353
-0.650938817730849
-0.29165762953950325
-0.39115431516860244
-0.6377968322826996
-0.5729941101519521
0.3252348337706296
-0.38321200007041545
-0.3877477352653236
-0.26551543997342464
-0.12685611453357643
-0.20535225596116316
0.1032376216148529
5.228062849089106
-0.4191789744969484
-0.42743515323958026
-0.4845094602938919
-0.35344101642331277
-0.44818653297157823
-0.37566727917033366
-0.6259755979954308
-0.3863489088801609
-0.2253370629370629
-0.5584078295996588
-0.4676972851793038
-0.4911982416485956
-0.3283727071357961
-0.2867136358668004
-0.5288041776642912
-0.40381173787174307
-0.42876351098543175
-0.36134246762028066
0.0010656315191431114
-0.6455948964241447
-0.32188634517955933
-0.3960945628765698
-0.5764441467407806
-0.49020063934508323
-0.49728689430540923
-0.3983988600832005
-0.5049722160539573
-0.2298034576693887
-0.08913944195480508
-0.44653213200555003
-0.568009580938472
-0.38630856837818744
-0.5145918930288915
-0.41301960547260674
-0.3471147616409543
-0.4065750565743798
-0.4457722987183783
-0.22669799050628137
-0.5095445607196523
-0.3423202204174878
-0.6306096089875594
-0.28874821077607105
-0.3985566862804714
-0.5502938794912803
-0.48756532357994165
-0.4434054199755334
-0.08123482179972433
-0.5844958695771103
-0.7077235376930403
-0.551333906833811
-0.5275612225837848
-0.2511564117492013
-0.546072040996852
-0.2811073999550606
-0.3085837126595154
-0.4793809419221235
-0.15930849377602135
-0.3626595134960211
-0.6074428243894876
-0.739391692655444
-0.48648938862853686
-0.4131905730423809
-0.5412822093226498
-0.5504863875022178
-0.34633485713452467
-0.5341319005945839
-0.5753686155549808
-0.185998665940603
-0.44084794883098744
-0.09259643301534631
-0.4028618389525378
-0.32130799687260153
-0.6025271090370675
-0.40323087708940625
-0.5481081941129674
-0.32028099978509006
-0.33776314626891074
-0.2567438976917199
-0.4663352073532973
-0.4490924361480595
-0.49633613194892945
-0.6145803175271612
-0.5422564498268856
-0.3076157076005069
-0.5125457537135985
0.01071440167101373
-0.4971005926874518
-0.38734510079093126
-0.7088822085325958
-0.38803112856627403
-0.6081502543595497
-0.42875633433054516
-0.7043897059292267
-0.3824429156406687
-0.24656629707878014
-0.6070741807661484
-0.2732513096731351
-0.2599638358809605
-0.42393918901567357
-0.5314076958826263
-0.5987247989242629
-0.17361495646039182
-0.5416015734328009
-0.4323394525414727
-0.42648786843783626
-0.23600225642110462
-0.40307565401838324
-0.4317599616573289
-0.2635462022254475
-0.7661564592723604
-0.6002679154440923
-0.5459781793258284
-0.6255542510517562
-0.6246647603804091
-0.28886792784453424
-0.15773736147723896
-0.6445620935736
-0.6571581725989573
-0.46422619824041483
-0.3880911837069016
-0.33586697157264106
-0.6488904117292419
-0.32256478183966936
-0.6884520068051887
-0.4994837093114416
-0.5691391303502639
-0.3459956851668257
-0.5324367547768442
-0.6369545318732186
-0.6360235217534816
-0.16305767828265208
-0.6765665398724838
-0.7029349332491271
-0.41957393226088296
0.16940857130864262
-0.5329964354904684
-0.4543809350583414
-0.24265153012717325
-0.5799861250040335
-0.47707983186983394
-0.624693255051258
-0.4743215802800596
-0.6483635972428208
-0.5121741700894366
-0.5374479712981954
-0.643660122307542
-0.44017834268255845
-0.5886792710581679
-0.6491909420123272
-0.3073279135674412
-0.1756973405523441
-0.325207087481927
-0.6124163078543392
-0.46635199577349257
-0.2592027232748702
-0.6990264023447527
-0.3460594058348925
-0.38514737971078816
-0.5110751910324295
-0.5654194724873943
-0.18631944146999604
-0.5351382620449494
-0.556606256992344
-0.5700819323079019
-0.34634227666081535
-0.5264421847201459
-0.1146805758054911
-0.15591920819577632
-0.5676412909146076
-0.4180239998986276
-0.4788035761973157
-0.3698474087408028
-0.5425140590616425
-0.3799123825977782
-0.5276284055212166
-0.4732901354963674
-0.6636624208246739
-0.41526987178151975
-0.6083423461270312
-0.3488130210068861
-0.6414899203836645
-0.34822835799944213
-0.5214736794108931
-0.4274373644349468
-0.6732996623326536
-0.36289106339954974
-0.6906187646174272
-0.5923093141510604
-0.3702198883863722
-0.5915843664903061
-0.501359445536069
-0.6686485703525595
-0.2071001182972059
-0.5243282163000434
-0.41690670067058483
-0.4404348966683184
0.1575662187335014
-0.586124145239727
-0.5436457049744307
-0.1158938622353256
-0.3289658178091596
-0.447784086182514
-0.5528183535732399
-0.2893141150908671
-0.516202025586354
-0.619473711950246
-0.0002541400792642723
-0.295084589001503
0.09194169497481536
-0.28672415631394843
-0.7279737749210622
-0.4444629469364735
-0.6137816818397325
-0.2982480790524444
-0.5453430517058482
-0.5755175038377168
0.07465679168747642
-0.5603944872418352
-0.5902853831478745
-0.4137573169370657
-0.49961730514071484
-0.48425254846502863
-0.23048649998216642
-0.34280346171549403
-0.5184921112006663
-0.48906672415757246
-0.6400294775345682
-0.6859804913906349
-0.1815713481023038
-0.5393162916512085
-0.6931303816428578
-0.6781965946968067
-0.29929664059810135
-0.6391158063413623
-0.21398408230896362
-0.6775585457440073
-0.8186817084857937
-0.5338957883020728
-0.4918629710355339
-0.05196350130195143
-0.5517364916387918
-0.19726301271311905
-0.12776894306573658
-0.5031794235512486
-0.5043524996301205
0.12039199788944012
-0.4543945996573626
-0.5762477847574565
-0.1376763016609972
-0.5671864144791717
-0.3262330440937346
-0.2616664229380055
-0.1967616318517128
-0.48795909154091893
-0.5835234935111367
-0.36236790155294557
-0.6578162782597323
-0.5615343428973887
-0.4057128205281102
-0.5801520373022594
-0.5366015121841436
-0.6279175489006767
-0.3917703638529266
-0.5803524522263681
-0.5211346993570598
-0.5165652979752848
-0.37691574402823586
-0.23211197495702154
-0.42532462849492747
-0.4288070323136522
-0.5203489204782731
-0.4158444892719603
-0.26268925386208636
-0.45958945557478226
-0.4325330983247023
-0.4189798964398827
-0.33826444325917565
-0.5339235258777267
-0.5835548166037614
0.12880880685627905
-0.13833782469069902
-0.5327204012832022
-0.5833975270656941
-0.6321243032503481
-0.4023208361594106
-0.20427451420709217
-0.4569208227206748
-0.3015936422236951
-0.3370515856359571
-0.4651837271484188
-0.582967302859665
-0.506763704150298
-0.5490302750402476
-0.3126263964421133
-0.41707599889470837
-0.45474815841164773
-0.4095078425320575
-0.6015395312423009
-0.5823631896717837
-0.4545343670394279
-0.5012205212745514
-0.3438688166272929
-0.25745687062350237
-0.5173507668816995
-0.528918205970271
-0.3142291869484659
-0.5928203362691784
-0.581347525169021
-0.041289740651503634
-0.3820791322898819
-0.43734272517438305
-0.13176634629749515
-0.352341234765641
-0.644802014868728
-0.5129620428697181
-0.4344530961077647
-0.3228631351500286
-0.11819883407406183
-0.3725961787129276
-0.09983672386856685
-0.5628788030574728
-0.30669456721031035
-0.5504525194485824
-0.47046368934449023
-0.656885901445487
-0.2822356343056073
-0.5818138971551332
-0.17164169537925544
-0.4783187747702917
0.839156960621187
-0.6533246127544942
-0.4767488730563388
-0.44467499354039913
-0.3794400257796136
-0.6283705021423719
-0.4028765456384402
0.013054265614956246
-0.5772993181633469
-0.44448783980602274
-0.24292500373157871
-0.5014045290914633
-0.4131155435683013
-0.4442859768529666
-0.14337411866704633
-0.4546963553862708
-0.7347024368732864
-0.5382820755889849
-0.43731125909900165
-0.4642553705446761
0.04245514084478055
-0.4995656390433132
-0.43227203210324255
-0.14738219426072297
-0.39375791473195443
-0.5943686807246896
-0.35489037317061123
-0.4931878154956328
-0.14619548158779364
-0.3872225071433805
-0.5319352373010909
-0.6042132399984945
-0.11842830482415852
-0.663932687628811
-0.2230085841849871
-0.5485568702819752
-0.20953037845618666
0.010947467679384069
-0.38922674505973404
-0.5065905704245648
-0.543044534151759
-0.49635242257997564
-0.577406337752443
-0.5112957914748059
-0.53826846513362
-0.3261925241824739
-0.6350643516328063
-0.4854227955287985
-0.6079412923771688
-0.40980210288868935
-0.3529962743391272
-0.6078584086778865
-0.45180077086258924
-0.6192131547435006
-0.18794858071190407
-0.6705813217406299
-0.2834332307121498
-0.5729131389388848
-0.4913743999559562
-0.3155640305098354
-0.14977117993006253
-0.27545265294518645
-0.5343146567951541
-0.6986529910562087
-0.3313580492114559
-0.5183473061986579
-0.3336427057346249
-0.7913637770134221
-0.390498087963757
-0.4501795944535315
-0.010744077696510913
-0.7176173949272656
-0.3526533735226035
-0.5418811672988108
-0.03624547654225812
-0.2809593504306192
-0.3715359331250254
-0.5546478397364606
-0.2881659933925976
-0.5701198128934061
-0.5649925027169054
-0.43250915244051896
-0.21774425468580516
-0.5895070417177074
-0.5435328479782182
-0.13017728024175215
-0.40082377851584433
-0.5232735608774569
-0.3942424903442701
-0.46194350778095544
-0.22994593335261412
-0.6033446586194533
-0.6638651643306278
-0.564916492818778
-0.39929994575603084
-0.5448716826662199
-0.39695494295068073
-0.44990868046407173
-0.1039605664555872
-0.5825885587677851
-0.2631955651804748
-0.4856192258272548
-0.16160675394204346
-0.2218120234914506
-0.5362591446343057
-0.5151659238572958
-0.7528812234082685
-0.43667056913025415
-0.7395292239977794
-0.3107328429282712
-0.03512329672210426
-0.35896388103368454
0.014690314446672868
-0.45347094899379514
-0.6285308557096256
-0.6865342717552186
-0.39399765032575024
-0.6854524735129405
-0.33264185920928285
-0.14871467339310587
-0.20881455818630706
-0.14019420387657933
-0.5010248111476164
-0.5740036685009171
-0.7283545314627563
-0.5613125669503263
-0.38798981884112116
-0.24173000392120866
-0.4806234049567939
0.43476112357678254
-0.6031224092851221
-0.5043442386237056
-0.6041323403964068
-0.5497727716472878
-0.2462315358145899
-0.39055371016705515
-0.22477369209890416
-0.1518067210021279
-0.505685362576336
-0.5730325329987314
-0.4233640126135705
-0.6436733375397369
-0.6644554095134704
-0.512186120799441
-0.32427495886319824
-0.5046413610712516
-0.5965308157088979
-0.19127072644806312
-0.6331042802059323
-0.43615584883189545
-0.11064168174965977
-0.24353594941532872
-0.46456926909091373
-0.22987158765845797
-0.4964361926250119
-0.3383832368804187
-0.316010258289064
-0.5190060969167376
-0.7049966632812509
-0.3659636593903361
-0.16667722180961209
-0.7125584749646638
-0.6313296775032731
-0.4438981296540115
-0.6050966861636573
-0.17250255419929067
-0.2561740183068139
-0.1295751128703074
-0.5585074255954792
-0.7348093453661205
-0.652080387218654
-0.31581798568515207
-0.440414809368442
-0.4034622866502944
-0.650980212829711
-0.6486447461200249
-0.24506765439564585
-0.25246301682907024
-0.41850394181498507
-0.27766071974631684
-0.4104773908337023
-0.49537606858073324
-0.4944650328750747
-0.5741936678993107
-0.3878205870232577
-0.6193074946021371
-0.6196425111358262
-0.5642420969067413
-0.5506042639409309
-0.3161573505549617
-0.39580486030865253
-0.4170778865803502
-0.6022994021806908
-0.5088034697019068
-0.23990313440591396
0.21766379764623223
-0.588873362889191
-0.3430703985811393
-0.674446343465846
-0.3391673350238293
-0.5649720212114555
-0.5035736879242804
-0.5548715233578534
-0.23483666637922251
-0.39426614448230846
-0.49047810724987706
-0.4906131935563864
-0.013384321223709323
-0.4059376090310204
0.060065837287845696
-0.7443018244979976
-0.3815259239669761
-0.5457552048799894
-0.331644830502608
-0.31762276145619583
-0.5761119831413903
-0.2578723219551802
-0.7084980184447325
-0.5615660156423697
-0.48450749592118253
-0.4772364722437095
-0.5377388749936464
-0.33210432511122295
-0.3745421943109651
-0.4503980643857538
-0.4389614704949478
-0.339328573490395
-0.36003880243976977
-0.15244090784642716
-0.6472618554259665
-0.5946650582718835
-0.34176119184182074
-0.20076263107721634
-0.6225424873382105
-0.06544895233507758
-0.15069373928387128
-0.5990262500783118
-0.3554007973828303
-0.5680101613179661
-0.4788477122156465
-0.438523493543505
-0.6708534527503589
-0.5840091395406047
-0.47670066942939116
0.4176583631819698
-0.611897060039768
-0.06575761545189879
-0.5318164875946003
-0.07123711906168968
-0.6229987357141962
-0.2213489178707003
-0.6189544205653205
-0.6669319320159608
-0.15163820456441493
-0.6486573868695775
-0.5213832617147534
-0.1561358698075808
-0.07296495439806747
-0.3563220572603348
-0.48578482040327853
-0.11209111033483155
-0.5901955430740827
-0.4638227103019689
-0.24476511795309963
-0.29725535031820294
-0.3697169588747941
-0.6230255197148246
-0.4017289718877946
-0.11711805189646635
-0.4627072006325247
-0.515857919811237
-0.4580695698111833
-0.3872803176919052
-0.4958690470928631
-0.3172625646021565
-0.5244695167673918
-0.3125127458603932
-0.48112439991516875
-0.201197199804168
-0.30431728556531923
-0.7145130788098938
-0.5710302994147213
-0.7651976018929805
-0.06348727094845887
-0.8321600182823052
-0.5276747681021527
-0.5869179464490623
-0.012016269048276814
-0.28420030236231114
-0.199579041034943
-0.24602909648990953
0.02788296290662265
-0.2469697452285653
0.11466239601675883
0.04900702775025229
-0.4477569774692886
-0.6902621547595601
-0.4719436922101051
-0.7667268587900973
-0.5462002271531702
-0.3847549459351842
-0.46706885728271064
-0.30881739928886054
-0.4976022714898182
0.06088247657776488
-0.5478220553233996
-0.5350701800608504
-0.2949219930383303
-0.4657903039947322
-0.39881971267287886
-0.4497326954891108
-0.3953574530010285
-0.05050657689786169
-0.3852718124619489
-0.5508224544574358
-0.38666295385366667
-0.430190436762575
-0.38247173700318543
-0.46418962791771345
-0.4926693632637754
-0.6969061779617196
-0.36197169606800206
-0.40155879414152196
-0.3446991954595961
-0.6313933938057549
-0.3901455533518598
-0.37511528228401575
-0.47904702468651283
-0.6767241160003703
-0.32435511688156554
-0.5951202388606002
-0.5557976541556625
-0.4930514934517175
-0.35951320836379197
-0.5491461166821117
-0.4036370335210029
-0.5539146798720826
-0.386672047765842
-0.4006088965013707
-0.671599846759451
-0.4353708204731699
-0.45311522077660543
-0.5618272700678613
-0.5292449525543454
-0.4010019415205248
-0.23288351797944687
-0.394363536579546
-0.3814258935458627
-0.39373103322474
-0.21499093666880537
-0.29813090689496247
-0.5136429734894048
-0.3346775135488694
-0.5270436324851067
-0.5010813125825142
0.3595183373172458
-0.2552857887865948
-0.1064712929620172
-0.6508493380710355
-0.7257526993704269
-0.547930866293359
-0.718785731645454
-0.23769189824895803
-0.7580141996557659
-0.5656553554764824
-0.46608621144213025
-0.4366990623333431
-0.21879881517988772
-0.5002371797288298
-0.5136964117039264
-0.5203758200572847
-0.2988133394196113
-0.5471542440032938
-0.43767492250744827
-0.010309910310293553
-0.5335120295968141
-0.579499138702594
-0.7107943698295206
-0.48679092685922254
-0.4139749370698065
-0.4837834460068244
-0.3515995892030151
-0.07982918005462764
-0.49897002393197837
-0.5216689721245916
-0.06553842341694237
-0.36908994679147794
-0.5688834105579977
-0.33671173984210145
-0.417345349260504
-0.35561915561659135
-0.6798381053692145
-0.5101625618654512
-0.6013731256369196
-0.46854246517481796
-0.5188117791135048
-0.47714894846375666
-0.22294532188257682
-0.5429633521607776
-0.37960142533794144
-0.4618433261302177
-0.39726076212166983
-0.4469751772316723
-0.605067922227321
-0.017861010777489663
-0.3617968663455018
-0.062119676026354924
-0.440369525976923
-0.5055820203347171
-0.7197655141283529
-0.46733433793517937
-0.6364672907925062
-0.389432401782549
-0.39290171141446545
-0.3343911885573628
-0.503740636548652
-0.4005224082514934
-0.20184761446755045
-0.6521273937871609
-0.20334353896326596
-0.30147341365736197
-0.6264830002388725
-0.6851197702499837
-0.5383450347514477
-0.5654287978351221
-0.4973688230287994
-0.6192423260472514
-0.7309306096041316
-0.566597274550122
-0.6642675392409868
-0.24827889982960105
-0.3954572928364041
-0.3685800080344731
-0.30207855380399734
-0.32238875550686463
-0.4452850159145942
-0.43318935221275123
-0.2697317983733338
-0.3572301369737631
-0.8040427983103142
-0.08028362537006267
-0.7561277521594465
-0.34648502255019076
-0.47436265397153077
-0.5196256167441595
-0.5062671337478741
-0.3895967812739773
-0.3527514619757528
-0.6699650799718275
-0.7081993506370382
-0.5362698254305538
-0.5116712063848257
-0.5451212655589154
-0.32390411937577956
-0.46056475805399766
-0.4215974956205957
-0.484899738036612
-0.7541206758238288
-0.46534615607744273
-0.44604188803758177
-0.28684202624388194
-0.44114570627889405
-0.6159160252114846
-0.21767333837960706
-0.3410628746985856
-0.7736670738700107
-0.40382738238885424
-0.2978521594952259
-0.31159240852821657
-0.4898030054704328
-0.5414197839810135
-0.1364683205614166
-0.4639655868111598
-0.3527326931565917
-0.5855333613666447
-0.4440560532793542
-0.26260701907406986
-0.1991546154340339
-0.7033893770267233
-0.48307610232996695
-0.4395518896532604
-0.5948873429722357
-0.2848136920150573
-0.6684942414332433
-0.44025628439300385
0.4733422939068099
-0.5038085472338102
-0.11606163022593623
-0.5648557771496168
-0.6793489428207912
-0.30575501621081796
-0.5510158384022412
-0.3681763022932407
-0.5456444261714791
-0.4623924311811182
-0.4980478506871494
-0.4429179484301692
-0.4591212483888787
