0.8674709706811787
0.7604864462293838
0.5602202071119599
0.86930963778584
0.6146526240645932
0.6812874821244502
0.6297356762370592
0.6924318155410261
0.7203125688476235
1.2178170125780465
0.656374544930928
0.6645714287199117
0.5984897775777284
0.8791692462979552
0.9848729874863777
0.6491898083720266
0.6783837694061569
0.7027522727615527
0.6379973269405939
0.645764754085147
0.5611847976867846
0.716186024330721
0.6402244614740487
0.548024687762662
0.6690220655087595
0.5207778422255428
0.5834215522657873
0.7822060447956097
0.7601698695800367
0.779906510881469
0.6384681333600878
0.7113867987355293
0.7879167011635133
0.8078501855903536
0.708376451201092
0.7797882247364867
0.7209164589034237
0.6943467311576416
0.8684651195314027
0.732810014017781
0.7515785302355236
0.6913264064616793
0.8317119375567219
0.847609289480897
0.9507638337568086
0.6947764360354406
0.7492350614272197
0.896535523470814
0.7933108549505183
0.507682864726652
0.7287157088418732
0.7662333475815742
0.9380448124367052
0.5388227991324199
0.6893467907327832
0.6743067408893524
0.5427312583880368
0.7285117490573721
0.6578259735655255
0.4913432864608235
0.630007900269416
0.657622862673322
0.5727717957832614
0.8711477191454878
0.8304423163844916
0.931148450388521
0.6978222573674082
0.8201143434699792
0.5250682049579383
0.730831893577875
0.7358704548010443
0.26738767168541705
0.5606345392728744
0.6114956949936541
0.5940352014893023
0.6442635505842278
0.6028392496630939
1.0413513462684232
0.6784074660232964
0.5942713566229171
0.9272436804520425
0.7520427289574715
0.6321487130564345
0.5674229648727948
0.657545344939463
0.7588655640994507
0.9901281369440147
0.5999853968106955
0.7571965955608353
0.6997726466580787
0.6858414908850327
0.6824149087934313
0.9293223932339373
0.7741625660380931
0.5607831721518226
0.7454761399915729
0.5098137926086985
0.641830045145192
0.7930542871513738
0.843912275612724
0.6462172475681087
0.6245961302088173
0.754888623301698
0.6892301900939477
0.9033140168380961
0.6870489813489449
0.9217749841421102
0.693298876605863
0.6028985156351543
1.0214781888076467
0.5605208045316823
1.1512553409892947
0.653056287733382
0.8372241031845129
0.5916483225774002
0.9453971846465035
0.6767818325314362
0.6603950066938118
0.7552272892464305
0.9389817821260633
0.6113368160397886
0.8246333784488584
0.731376484723958
0.9702239040415216
0.677206894966666
0.7518749676795843
0.6101445380176845
0.8167607148589252
0.6145385895882708
0.9889422036060618
0.6824416406636412
0.5354528747845121
0.5673479343684898
0.6117938254601698
0.7983257304431963
0.7773785462573986
0.6338664460562908
0.45458549976871576
0.5510127818311424
0.8167561975601006
0.609575236221636
0.7889859946856952
0.7341793852452226
0.9695697913702729
0.7863050276860564
0.580873039309088
1.0671664761593138
0.6040102710944295
0.7002816222094629
0.8565825285811598
0.6959891202273641
0.9839318771607325
0.8310371586831463
0.9477836919304149
0.61841014132843
0.7211983227385109
0.602365087583867
0.612818793431818
0.7712530881294675
0.6852627697536675
0.5900276497265114
1.2843683135782527
0.9185988719300877
0.6150146759859135
0.7345871806928462
0.5745134565263299
0.6090057501258967
0.6728124784976969
0.7054298980990975
0.6524535103132604
0.6726960814964008
0.8506146582336332
1.0240157361607154
0.6687758278775753
0.7338416895807265
0.7296933749775809
0.6880803297876784
0.6817277166353152
0.4642386354653525
0.8018164083968689
0.9225501814401275
0.5828454997599396
0.6471576777607437
0.8077829883950034
0.6199124884250704
0.6796462435338407
0.7064407256921715
0.6607314227069793
0.7500116549752472
0.8386058537812158
0.5401731566600533
0.6576445697999697
0.8090363097008461
0.659382987139624
0.5161816862516202
0.7147889792485077
0.6380041433127327
0.769657241315546
0.7650377384485921
0.636364638767072
0.6342977931053357
0.7944504138515355
0.8898578020420416
0.7412365931792515
0.8411211741152048
0.7918041857661425
0.6700470812282296
0.5694682571949754
0.9524406387781972
0.594384192581306
0.6450937980301403
0.6818729192430042
0.689617020237623
0.7822038527591243
0.6071070933310518
0.823657711490254
0.6431409913170376
1.0483140779761428
0.6140880452374645
0.5820729749612132
0.5010337686819751
0.8540809962680446
0.6095040846158727
0.7580300894706248
0.8325583010825592
0.7691623163687089
0.5905853147081178
0.5771051565197183
0.5290766144499909
0.7526428246834619
0.6341548488794782
0.9407633853430548
0.5468291667131315
0.6784873223522774
0.8650131029488002
0.6772246226614944
0.560612223401199
0.6745197956718793
0.9420441216377856
0.6273971794362961
0.7183548257925606
0.4883383639841414
0.6559932400795692
0.6886628352493959
1.010756346145632
0.745108363515365
0.9097902734690876
0.7241976717363655
0.9170935179645625
0.6845573910388478
0.5866315870596625
0.6290360862817506
0.8115749548281533
0.6541376083304186
0.8682596342078602
0.6187746741853487
0.8311915690349803
0.7860705272545555
0.800572455804243
0.8924749660133547
0.7480527644173655
0.7265102422664121
0.4835983349556326
0.6917016256465189
0.728920137467771
0.6994822768519037
0.5685308831060524
0.5505260911696311
0.6470244384678369
0.6765360857907255
0.702856080567729
0.7003776830063672
0.7540235114816701
0.788071435431962
0.8597386384756356
0.6863053933852448
0.6634646916771306
0.7743373138419373
0.7871426551480144
0.5826879160556536
0.8004516551976703
0.699454151613234
0.8527561004150103
0.7780792429266417
0.845804493755725
0.7615080175802731
0.6500193014516619
1.2156821697998985
0.6947387406224476
0.6865392562977154
0.6198094492202321
0.668795260254138
0.5789783098409734
0.6307807356848294
0.666784733201187
0.5908043740700245
0.5492228834770263
0.6659523742021269
0.8361337638336273
0.7262499933100596
0.5675214259778553
0.6271531200548015
0.6670239794209681
0.581515594016941
0.7905453614511455
0.7152036678453575
0.7417888908986972
0.6419641172592285
0.7758083812775276
0.5826537339879174
0.708796305649546
0.6136558290684765
0.6516344210558855
0.48603550284128283
0.6692286355477561
0.7235096005533832
0.7612883507338372
0.7554973130394356
0.8600732855106159
0.7692142577251888
0.5714468107189113
0.7867105203674046
0.6427322377918999
0.5743608290887924
0.6081713661249485
0.6393834778172087
0.7121348537922192
0.8244783783887619
0.7712718055704347
0.8562111414183828
0.47014727264233513
0.7145288266545632
0.7570853635602461
0.7490147986088442
0.6125027754101524
0.6640329046739509
0.7525514385103181
0.7000657480801771
0.6871012479156707
0.4071127934752619
0.6879618830544095
1.0715641441009913
0.9043758273033575
0.6688596350662781
0.5720938478938202
0.7437857881349068
0.7621099288880884
0.6560145585901594
0.7041316828887533
0.6676762349466855
0.48640426271618153
0.7881839194861439
0.641617968298516
0.7026415624529229
0.8438772562789165
0.9910558244701543
0.6946511774307144
0.7099729918315849
0.5390879062392061
0.8845395247752904
0.8199778461156764
1.4200916091662839
0.6529767817377388
0.689147724507494
0.6391698485191717
0.6656633224604577
0.4666728873128
0.6686377856049069
1.0491037202184257
0.8877126586304509
0.5970636289894514
0.6709575059292657
0.6694581695531217
0.7466007271860342
0.6229079406330595
0.6733872243348343
0.5722973535949226
0.7220029183923445
0.9226083832057971
0.7787710378469873
0.5704756145820838
0.9939065438777858
0.7851686179851297
0.742853093781052
0.7008548983671881
0.5928314233184014
0.6470818237002769
0.710090131522285
0.827785609333477
0.6068921618675659
0.6656549285918083
0.6675886501436492
0.5360565027006979
0.5050605519158364
0.6514134900728319
0.6338398939154847
1.2644089873661875
0.6493410878068111
0.7842359983707888
0.5443215657869953
0.825833821003727
0.49188758321413295
0.7883151547043833
0.64799597187891
0.6649080622622515
0.6734587194867242
0.6967717815901795
0.8164550525554376
0.6856252759420317
0.5852238097463237
0.6944399583925576
0.683606021682365
0.5922152271768572
0.7280078379687824
0.8117314932527787
0.5651737312809855
0.643427494829377
0.6549937689029613
0.7308884024609642
0.8253332178800444
0.6403857777834123
0.571990545212568
0.816053518513823
0.8086421314762142
0.7370046175567609
0.7901550678269307
0.7327375941079073
0.7463146069183849
0.6323420123795411
0.6287522831655418
0.6459588510540503
0.8374912748367769
1.029988085359912
0.6162861811253268
0.8412997377777469
0.799667247023503
0.7139944387307393
0.6416995944025579
0.6944307202385448
0.5966749692069105
1.0242751320019097
0.6470626708486785
0.5857439838856593
0.8392054129706576
0.6130066624784056
0.8098911461480949
0.5969165516546888
0.5028191823620781
0.627290518140891
0.7033454940311469
0.6295827615139974
0.6625983376586345
0.8057520224062267
0.6588105259603783
0.5859456827978202
0.7182608862070824
0.9654246198844401
0.8639591534414348
0.8229516606693095
0.6190454855517672
0.6389688823084783
0.6081104027820151
0.7059913718934986
0.5616140455447732
0.8134265675539735
0.6328365050184045
0.6912980439593919
0.4397011688487159
0.722058449331327
0.8290107929843734
0.5713219589553976
0.5240623055204522
0.845741872682517
0.7245502560041199
0.9390428222896084
0.8352620395337763
0.8479602852890094
0.7919668004254782
0.7640336097906788
0.7709801035112257
0.7472108877571632
0.7061864418984376
0.6763988037563907
0.6207563070545464
0.7132608644887676
0.6535030705639849
0.7011851517091354
0.700326262874699
0.6673793367634462
0.6060669661574867
0.6336082748533871
0.8195813096882391
0.6200441956100416
0.719728332510024
0.6751992101845797
0.6522078728431511
0.7385203204356835
0.7457220564569471
0.6977295173583898
0.5773211939560415
0.7985393596788868
0.6670274489583584
0.660023217053077
0.6386541331312329
0.7627377939117654
0.7419352341213943
0.7221644511100349
0.7629734787895794
0.6930257541723357
0.8322963050568614
0.6952364625313856
0.5570341038665795
0.594934961337834
0.7690124675688165
0.7098363718307872
0.5700299467245675
0.834680599226546
0.7463891439103427
0.6097257902392331
0.6372201758228805
0.7272960912960235
1.0167827287140063
0.6549193610296482
0.6266494273599661
0.8392286879501504
0.6373129311376537
0.5795427654866725
0.6699144267422545
0.5643506373458329
0.7334766170120979
0.6974195395665539
0.5348607994914101
0.597923418779613
0.7824650195659671
0.8076680407041553
0.6946050425682301
0.7135656691921823
0.6333153889613312
0.6611567967632013
0.45317319413145385
0.6109950542405965
0.5729956104993014
0.621261799766863
0.7891886085144237
0.7002702830171046
0.6694841518496499
0.8002831779867026
0.6818976351065476
0.708490641161435
0.7594848693411883
0.6629307244715923
0.7321055135824478
0.7796705432640267
0.6565322525998366
0.5779323162326946
0.58266705883938
0.6125005202074153
0.5747095149568
0.9594800569035576
0.6009392278348618
0.6204806462693515
0.742406675874835
0.7008186665338181
0.7883410960309595
0.7699659783937847
0.6252585672544804
0.9085002952489046
0.862467218054304
0.6750544238267301
0.4960628637710011
0.7017030629399518
0.7721934267608991
0.5402547958131846
0.5826424930087096
1.0256427800559376
0.7647740382758457
0.6265948038958427
0.8101842698857926
0.8905138835319827
0.7710910277900578
0.5818309814825928
0.5924053667279082
0.6515157243703753
0.7519521042685231
0.894428994806591
0.6710958386545395
0.7895536449257583
0.778058493169974
0.896343806969595
0.7132448927234446
0.7329373623894408
0.5933222216581697
0.7170738597845586
0.8520560794534545
0.7151720462153779
0.5806006769583206
0.5824416796635407
0.7403943120477433
0.7502405379012635
0.6449053234485833
0.616629174823689
0.6783307996699811
0.756413418710751
0.5868238483559512
0.6777676795280376
0.7286729556357548
0.8537317883658493
0.6527319021028348
0.7441505688819867
0.6754063518724291
0.6187250624333263
0.8250380056135582
0.5245357138451355
0.6306072630256762
0.7564691755955609
0.826262096925649
0.6935182576819434
0.6277009229017844
0.6755667893715204
0.6882639929521188
0.626238035156868
0.7171846934513616
0.6164756670603933
0.9928971728286755
0.6826116153293578
0.718948732068487
1.166216038217774
0.4683186935987435
0.8495563990147603
0.5675216950728021
0.8093555902621666
0.6859335635991949
0.5607455212393664
0.8561615848089206
0.6693772772839478
0.7767166807675481
0.5444418969791013
0.6453546662302548
0.7790276208559777
0.621063291811441
0.7405300891577079
0.6344723667993089
0.8651229770562827
1.1630444035410887
0.7950463417672637
1.0083073144520913
0.693211108761197
0.5394562764809911
0.6038538168834641
0.6292975927468899
0.8062805801064644
0.6943713626292471
0.8829414370656744
0.7026573610047185
0.6314619604622587
0.7015165293520612
0.755238607983
0.4552387752921078
0.957592139656364
0.43749852179556953
0.6919433725755627
0.8707974242353137
0.7184241796945444
0.6814940045327843
0.697232644629591
0.6656149946108936
0.6630128788636632
0.6627093760952206
0.6200091934977725
0.6240686521703138
0.7027435283027667
0.6658145716187899
0.8497709727024569
0.6176782353967494
0.4935400421418559
0.8214094436632647
0.776746746183657
0.7890971451863741
0.7593084650622094
0.6108012315868492
0.6261429237825031
0.8193704630391595
0.9317089815050558
0.6660270422125075
0.5440854018341518
0.8871601574584872
0.7385530113860891
0.589828749979248
0.5842614545350552
0.6511839244789298
0.7022819318353577
0.4815433182876644
0.6565213552700128
0.7603352805574667
0.47792357617365594
0.7569344479160859
0.7835695202110647
0.603450160453948
0.6267354957060168
0.8226153032461477
0.925014316012717
0.7382469111911938
0.5261389228473861
0.5171170923161031
0.6561490121943581
1.0926715267268827
0.5991621175224131
0.6123144578380105
0.5861154541917217
0.6459639162114126
0.8721760577847548
0.7500371214653311
0.6266507701761338
0.6025582333667238
0.6511122909826645
0.9130393324202992
0.7615000664950456
0.6339791581849816
0.7191719009093913
0.8033725124164457
0.6031122452528894
0.7900363040590032
0.6993996892756266
0.6413077268172815
0.6530248043536768
0.8093629859767887
0.5429002336333646
0.7715263633457621
0.7185136259612668
0.9451590636796088
0.6035485475574232
0.7677366670084146
0.5474705327371593
0.8312051506705207
0.8547360784368282
0.6225603950893592
0.5530578693532853
0.6956253553929009
0.5887686456069163
0.6596942969803813
0.6268341049513751
0.7604780328749258
0.6079984713883367
1.0928885501862633
0.6306987556377139
0.7128454956946233
0.6448633379115506
0.9100954171643106
0.5856889316591236
0.5924882409288406
0.7330661429935175
0.905219979017488
0.6810552051887322
0.6797056435122723
0.9708140308311519
0.6364177016836969
0.7171099625246257
0.6849548258487126
0.7856403663338952
0.7729041997941076
0.8019863310470566
0.8706164440809611
0.7698808742208441
0.7664269543930232
0.9686618530171908
0.7735957953474613
0.7240603843070332
0.8227359331379497
0.8451058358565114
0.7120187367206547
0.7252236521387269
0.7167117242223695
0.733264920942114
0.6980531521678981
0.5710424124735668
0.8531099238461731
0.8095589941292073
0.789756854799642
0.6882525996071576
0.6833036103647994
0.713750487429644
0.6706291892685909
0.6805405176945822
0.8499574260179014
0.5129782722723221
0.8076281442390733
0.6447678752934729
0.5719263358403932
0.7851871644733113
0.6113018589870921
0.617497483289046
0.9697847264688182
0.7720024028069857
0.7044985248219003
0.6142400857048775
0.6595200101978224
0.5678459261270528
0.7974820417333195
0.5832248214611476
0.7587690541286072
0.6132601288607422
0.7244533786185984
0.6015968415374968
0.7328849908464703
0.5537028440348398
1.0520823096927439
0.7091869734478764
0.5587976965580418
0.7711756207813253
0.8438950327298015
0.7371816547616418
0.6805737392190155
0.8027989884787244
0.8452079195606388
0.6952227918708016
0.6393200614309174
0.8381815300133725
0.5272583328873697
0.7577196577866842
0.7090556499404758
0.7198903870568377
0.8370842806486399
0.667515945128154
0.725667393759897
0.6360609505838806
0.7263170480847889
0.7241686390649876
0.8235495376569836
0.7070446784083664
0.6758701330892994
0.6839602203122142
0.49260555048300314
0.7807074515463931
0.6256112329155717
0.5792129245636485
0.7152393293294493
0.8004900087800834
0.7963023067054348
0.8380724755813271
0.7643167254507927
0.7638461510536987
0.8006927551627445
0.9142515526981552
0.7063549106381966
0.7530572043211228
0.6320030779807938
0.9520614525394426
1.0379544405567702
0.8132479457725937
0.5443541691096407
0.899711978978386
0.6123162408580847
0.8678531353995353
0.5774175313580863
0.7277701551595889
0.8440785775081878
0.6846465520252233
0.9101730730805905
0.7429797841260386
0.7812011898896574
0.7368014401700406
0.6884272702673788
0.7385612682708764
0.6761204745823013
0.8305054714780212
0.6905751022148386
0.7888942766775575
1.000347788747385
0.6708798105345399
0.7115470318424069
0.8360480875163606
0.6976138516642117
0.7747338982581082
0.8136905729379373
0.6836950284423915
0.6231449978947682
0.7563078377054351
0.8064503007899368
0.740404065643774
0.6247599030064029
0.7902883715715081
0.9720502042893415
0.8095123016489755
0.8226425650906176
0.5646552210316315
0.6951513707976518
0.6742673100014104
0.5192106137133978
0.6599537410690764
0.7699749536068026
0.9439212345044548
0.7998402623839452
0.7715781674572565
0.9562623505537073
0.6307741365458125
0.6527469503010688
0.5201963075961036
0.6185722881793038
0.5875203004946319
