0.406929897481858
0.32776377691665987
0.5101133532642077
0.49900884809386553
0.4149302539255849
0.3132785675676986
0.40380839426601167
0.40762693840933417
0.4363299711520423
0.38835634739553465
0.4570760648286645
0.3864340512367148
0.3813351393845844
0.455795761820784
0.5378430146968323
0.3994835424403041
0.3874222929017204
0.3733291111526785
0.3948537258934575
0.5168453752286976
0.3074072929794326
0.3691246578553769
0.3327282169531277
0.3193575481764819
0.3962503103049245
0.28841854484491636
0.36056260316960986
0.43975228108729736
0.5289924045438752
0.5292362120338696
0.3126059081685875
0.3586280517047671
0.4057672976999979
0.4416232680227784
0.26466241801219
0.5264019940900729
0.3894306043835406
0.33377698724308164
0.3221838350936437
0.5370713669769779
0.39977734586335
0.34331491225590116
0.3988976159895636
0.6125825738120912
0.4937878002697496
0.5553630573841047
0.3652572883902904
0.4711289468696065
0.410737675823655
0.4166197259302134
0.32314875510253566
0.4882075572473126
0.33028316824894355
0.37126902946514423
0.3389161977661001
0.3726364702768835
0.39039743092949536
0.4228960870611722
0.3675891080068016
0.3109915043255656
0.30651167594393625
0.37761206519291074
0.3140526859670417
0.6847129354981002
0.507907962481622
0.24748023639439717
0.39320745092633563
0.4913561708840487
0.3086414818440122
0.26917165851129515
0.5314567672631074
0.1836826121254666
0.33203881807131586
0.3559961217412036
0.3519852439260719
0.32258840085803925
0.43022523055068473
0.31505029415002667
0.5309868979720448
0.3418395030251063
0.44590250560015143
0.3512184337918844
0.3707774398667885
0.3075636383573588
0.32321700713803564
0.4069484550569229
0.3499251357316633
0.2874014038983324
0.3863670841965861
0.420242913643951
0.37024583974778935
0.41327943018047564
0.42020876837085824
0.48596742548408933
0.3322379479801764
0.4032258383445234
0.31666243401161526
0.4293276221740231
0.4039130077322642
0.37253620901939166
0.3746563711233011
0.33656887201292085
0.41392657311680825
0.5459548879933819
0.3727299971167953
0.40949646499779196
0.49187510391312494
0.3699654761059602
0.2658737306017752
0.42045847030964106
0.3216113723965059
0.42513389940840896
0.41819385443173457
0.42790774026883965
0.3303468003895292
0.6272513274323588
0.5014221374770554
0.5322381001970176
0.33781466609149274
0.5409953853449666
0.33212294610376514
0.3393530023156712
0.5692355531312142
0.47491120197125275
0.4338274093727732
0.49454153176632154
0.6281922694056807
0.44603110820607317
0.2999727142795013
0.44780790987497915
0.5190421649711272
0.30218443646615356
0.2980033999360143
0.3814666582695745
0.3853564192087453
0.5149362464582888
0.32049148602013994
0.3672284457836648
0.37124653796072726
0.3493054782480523
0.2907679964401088
0.34569024552652233
0.46395998196125887
0.39447993516795343
0.3851559633338089
0.39222767952261184
0.3340045800505172
0.3413004901816128
0.3487647017657352
0.3555014503222568
0.40956478084947584
0.5700526409435533
0.6094816895072596
0.5208826212989269
0.33886488786425006
0.3919040988396323
0.3795013183595532
0.3622318758982518
0.34879984602366587
0.32775600918323217
0.3111544874972071
0.33370877110631875
0.4066534193995877
0.3000516911931977
0.3584257096694787
0.32317894501544664
0.3204289589759869
0.41477175262590177
0.44218586423750644
0.3632695546694388
0.4811234838584524
0.4517723867866529
0.45760276799778177
0.36817795614302357
0.3895141625896071
0.31314450273613764
0.3404120755288116
0.29615493854898683
0.34378109505532845
0.5321886001234293
0.3167386211256357
0.3854545167217283
0.3904119758423243
0.5526580695815884
0.3512806935289439
0.380195303951914
0.40474486544666327
0.3039111396168327
0.3730027076958116
0.4461398922015077
0.42890453278876634
0.45804259964734806
0.27695314140408933
0.39094945092074207
0.32545864408082814
0.4729979658799859
0.3663789191808369
0.36832624278725506
0.3621551293580346
0.3481305338049836
0.3344418665453939
0.4888084709438275
0.26824328088403127
0.5142982290774482
0.48212655156378537
0.368276261576338
0.3226542564206286
0.33089195243524666
0.3675039912247043
0.3537532645198913
0.3665848539741274
0.4063314605749177
0.24994421698162525
0.4354777875426401
0.34720085987692684
0.37861786111852375
0.3276277781006572
0.3290409157638195
0.4388493725849386
0.3327781963094913
0.3435731677177148
0.4405853294308948
0.31456032639657766
0.3868053115595552
0.5592300368938279
0.359967416395343
0.3426673350908223
0.38971608786918943
0.40935497683677785
0.4018255109889814
0.31519133480895284
0.44907238456497084
0.4421043552435986
0.33939215859003463
0.3779863802869804
0.49082929207806064
0.4173569037003497
0.3882986105542258
0.3749649252450621
0.5072470030966164
0.287234696537795
0.355183447210185
0.384392332834702
0.32231148345774324
0.3354697920648587
0.35858351666251403
0.3277000065777758
0.5946480946308087
0.406794820878978
0.35965089183052734
0.3699548786309485
0.28714462931799417
0.3806915259275789
0.45839449952798533
0.5420301316785896
0.343178701009695
0.4231255298778736
0.47979424123811926
0.5655418898413507
0.3736416816394696
0.2964429783351646
0.35164910050531034
0.3287767036583171
0.5632175986232935
0.43966260555623277
0.41109661527465796
0.3863502787080823
0.4155258097967595
0.5271011148882592
0.3395879790086215
0.5124187814489398
0.44496186732251347
0.46118736057310206
0.503188045792022
0.5362959023938061
0.385549477272027
0.5276887907573395
0.40420744128427843
0.36949757747115836
0.35446196631310756
0.32769157969459156
0.3523135344260851
0.4583884483154759
0.41383058642941767
0.3121167816825403
0.4430881795440346
0.4046599466668408
0.4461224048422467
0.3869815608573316
0.72062931179345
0.3729975990195979
0.43495832010367563
0.365621356953144
0.3914636030772597
0.42454045235976723
0.40997664858763244
0.48923208472699425
0.351123211141286
0.34012058855780297
0.3603821443163106
0.28764737862604417
0.4582878265545592
0.3119145128790328
0.2953769319233622
0.486642759666829
0.400784596320276
0.5403489145280997
0.4826945737549933
0.621935131774361
0.29925809035931766
0.3557192062781401
0.36112552206894377
0.31349228111178984
0.3579349226052595
0.45550102294322414
0.44075415171874727
0.5124870861781863
0.511273183940449
0.321739129272495
0.7446165946288423
0.3763320095313512
0.3579455384003563
0.5063062375837198
0.44591347912451945
0.4938160030198945
0.36348170676151953
0.4650853671241252
0.41052529482419725
0.4657929666305943
0.7245836671161346
0.25988281016391546
0.36720236673722345
0.3967546809187385
0.47398773878078215
0.34734356235207886
0.4878255695227176
0.5189027299580138
0.3495799503940729
0.32264953099385346
0.2902023759764859
0.3677101786984012
0.4605951108794998
0.47461695566054446
0.40374975913918804
0.3881101578281273
0.5251206443165178
0.37038841201328876
0.47074062698132146
0.37011978006650126
0.3853942912341021
0.3087569597825203
0.3702725623144112
0.3949643449706528
0.38102165589818043
0.34558098801978393
0.39399524733902547
0.49985269883993827
0.43389280577645734
0.2737276555180835
0.36674250681306025
0.4632864098386605
0.5367908103512576
0.3863260676340852
0.49068017774963163
0.3666748541470747
0.31348190207542515
0.3434956170207943
0.46451428365051406
0.3482087041539174
0.5166097068356185
0.4290051859824088
0.33767634517247036
0.32071223370163504
0.5831830826325294
0.3203956465404381
0.40685780639965646
0.3682703446499451
0.33431927580376214
0.3374603801007615
0.5957378715700181
0.3182100559580015
0.5707484085263079
0.4679524272529271
0.41629629088440934
0.3027209829583021
0.3669305344343521
0.3913209916489749
0.32996893787123577
0.44284460085060073
0.37221710174404404
0.3398984644543887
0.3690248279846893
0.36782221126249703
0.25402855105369015
0.4831207387378561
0.42876454383105633
0.5845016254612101
0.5653082670243096
0.4043877550676727
0.4006192259869717
0.35151533935568724
0.5944311659101201
0.37488138068484106
0.3148722783706924
0.47331918284686286
0.42611550727467074
0.4076825086025223
0.4277541293940926
0.39702025071341385
0.4256029704115283
0.3742046479026013
0.5190599780556804
0.3742685109901988
0.46101855417205767
0.5613078558091539
0.26772224153172963
0.48148655696101156
0.3342622210416878
0.40639958862883707
0.4578980656850359
0.2797604695996771
0.3430467333727257
0.4482930245642623
0.46754580709131965
0.381174314193285
0.6249226184568059
0.4418222333019572
0.3315047842114346
0.34618151080279247
0.353641207295909
0.45426920330129494
0.38974315241251656
0.4703882269916433
0.34687538008634
0.5529839422437697
0.46370339872868616
0.3705172897220359
0.3538968182697712
0.3822826215277604
0.3935842566277349
0.3606659518289739
0.3180869184381684
0.330752156189593
0.3012507929503966
0.45549638681487137
0.317264393628514
0.45309003701641143
0.3797858408251824
0.37467282087748405
0.566742616553349
0.3365250269700966
0.49790956101363776
0.4975982595250783
0.3476548019799445
0.3682463572469489
0.4373441489715066
0.43802533887163964
0.3647232058034275
0.3262792882468035
0.2816443393202987
0.42498307045495676
0.34005622346686215
0.39609673388198063
0.36202216063017406
0.38689309605642197
0.37953955777774206
0.375570709687323
0.5014671648347445
0.39271854475169626
0.48887771428174365
0.32099259667423974
0.3446134587879552
0.4227464834587219
0.4074596695765726
0.4096680556278807
0.4399747003831732
0.4135508027556156
0.3592260891213949
0.3408491725495191
0.28822445929478246
0.3259163050402467
0.3162350575866801
0.36566090456743255
0.2745319407304201
0.2858009823862474
0.5021351452639126
0.3402037747902667
0.5913695758739926
0.3622862544370772
0.32497711154151543
0.3887381370072124
0.3330247681549311
0.3355997274742124
0.44133656522490167
0.3924983325630707
0.3726361411073281
0.3762575718873172
0.3774951906287031
0.497700006219451
0.41653921474030714
0.38251968949927273
0.48169083866892387
0.308417047993816
0.31189880184754304
0.30972325428087516
0.3728740981006496
0.3670299955653686
0.3448135911116935
0.3942817366056103
0.34984163486128117
0.45090802762154136
0.31164560904815475
0.3538147477433507
0.32278718776179866
0.3143504065877113
0.41612571579360796
0.321882606451506
0.41739474626708256
0.4328086124991606
0.33614290491566434
0.3351468333402245
0.402624198635799
0.3229084210996497
0.4605876096936968
0.5286697934464892
0.45607584672732304
0.34841704177202687
0.3735026776447096
0.369189602472586
0.36935987068418474
0.30585498009091877
0.3708397994503164
0.2851386411692681
0.3787919464598735
0.6558910448453146
0.3262598253311315
0.5212545635436175
0.394908735476049
0.3363327151397162
0.41168084552348755
0.30362550298667285
0.34226878241422853
0.5435293401920375
0.35555059880788104
0.458724298743609
0.37461668149302496
0.3182004041091612
0.42720066264690426
0.4441105284774576
0.43501170910228804
0.32596960107320005
0.4046731593291502
0.46463173019295045
0.3761892433793857
0.3436512054769456
0.3541116272373899
0.41005686394565793
0.4605673438741697
0.49143694604371463
0.42784363175604867
0.29104994306465315
0.27398263618428687
0.38475781443816787
0.4843079410791671
0.5483226494141422
0.3432355319960221
0.4702891502905014
0.347826690646659
0.3569521744497057
0.34612033600440667
0.4642628835432434
0.41805947956191997
0.27339096168534516
0.2978881867963949
0.24018446262967266
0.3634684137548552
0.3660708451685737
0.4872765061404195
0.28761298564388454
0.6635803287334432
0.33881868955962763
0.3479791214448506
0.31567936696166166
0.45776688264032794
0.31974737595038955
0.35715064962155085
0.2914506459032012
0.4524306982998493
0.5164605750006512
0.3640618904966273
0.4958916632614396
0.428314892529445
0.3822292809816685
0.35733187033126856
0.4245353098425088
0.4438994577135528
0.46411267026476133
0.4266139686884724
0.328573636954583
0.3261105695586954
0.47632955634930146
0.3917359618512314
0.4588624049969734
0.3331867618220921
0.3863839773497131
0.69077302911159
0.3639055331040137
0.34743467046694
0.39678139698676224
0.4296516452206647
0.5279411804400189
0.40509535135110375
0.37769749339572556
0.44315341283400406
0.6041406649350743
0.4690578399004301
0.30936321484113627
0.3800649794224687
0.3290847792542246
0.5083722619416513
0.36146698646143355
0.36489139112472374
0.3296537213426021
0.3541065748009294
0.41624657241571306
0.34893088322815574
0.3663389332981519
0.26698776504894384
0.5380161993837103
0.3768542625442061
0.4532879780372243
0.3772142942025599
0.3748620620224905
0.432293107760552
0.5555060445761713
0.39143036890211313
0.40709819024203864
0.3065116014345069
0.2858514945884081
0.6696766840444612
0.43262739914974413
0.3851222601367899
0.38380670543942075
0.30735849645773394
0.3771486913967103
0.3730573499991829
0.44010818521838013
0.28798339283344543
0.3591312007646941
0.4655586086068193
0.4747755682146225
0.43170698007030084
0.35895472063176304
0.34301472182972126
0.34606831165543406
0.34838317409804576
0.3727011289108681
0.3794569791747124
0.36891338211458014
0.35566124861332926
0.3946850281310764
0.5702389585692195
0.38424667069865204
0.3909034871300977
0.35194590900701844
0.4349111218112797
0.3774690224911858
0.2875050689285545
0.3586493907990411
0.28259055109038383
0.596627296344028
0.3756254740329949
0.4926510788295632
0.4616194190590409
0.41859478490024393
0.3779608545025717
0.38627984953233924
0.40262462341745403
0.5034918000647989
0.45977209680536074
0.30352732833716983
0.4885267932938871
0.32774005414975915
0.4298306513736295
0.48503557942871006
0.45350515086401716
0.5215062198974947
0.4479149169190846
0.39711319129881933
0.3136886755380111
0.3468864499183388
0.3243184340665949
0.33307047120147465
0.4669617382059589
0.2845643265466298
0.624254044632881
0.514987374434177
0.3642298527902597
0.603256351277797
0.38807444357364335
0.7072948424633866
0.30952297946285906
0.5291017012557906
0.2929308865901169
0.5206599236707111
0.6466159076367597
0.5030040790446183
0.41209256730403376
0.37030455501334164
0.3433227942857584
0.3337757963491255
0.4005986419569361
0.31537142438737187
0.33749985239971075
0.4096749134474089
0.5113004147285805
0.46908058858403534
0.3488818509520777
0.2650375502502379
0.5070017094100119
0.3305729794095825
0.4612546381631961
0.46795825896782894
0.4050990946284025
0.2847222467405726
0.4354855269424828
0.34159439055332835
0.4967995523667501
0.45148795692551935
0.4121911887659702
0.5035332667220286
0.511620681350483
0.47687283051644447
0.4679525050915169
0.5168096694748934
0.4063643361781034
0.3043002217849897
0.4256266456634126
0.35021086504228194
0.5527900356505753
0.4145119728269974
0.653317951568832
0.3999457012149627
0.4215161158453927
0.313441496670047
0.4235201386345453
0.36611859401183644
0.33481499761841527
0.34580311954856424
0.40886476873004896
0.31063128523857053
0.4427733569815314
0.5378823216806998
0.33867715752325434
0.3522245282830805
0.3481325049354386
0.4218788766443959
0.4118022670504454
0.37929398625339145
0.3625217316718485
0.43079597390326557
0.3553628075830719
0.4502439972954192
0.30112910904116286
0.30823744887079574
0.4007235728676765
0.468874116703862
0.400300611303095
0.3702477949761406
0.41532093468527614
0.6662694438313285
0.40986927427482905
0.3865074164014092
0.35009726877595176
0.3947406813375559
0.4398020816131388
0.35646789510961796
0.41434256381386525
0.3773096832158881
0.41608664161096687
0.42724081754779225
0.42611964371809496
0.3571269096183933
0.4147784505828249
0.4412357216800744
0.2950660769068394
0.35846926985161437
0.333236818339452
0.34144308922827743
0.255213117655634
0.2646823379173717
0.5001960024556491
0.533296200835883
0.3316176669132172
0.35246205345367343
0.30028698311510693
0.29318879194241587
0.4058116134107447
0.323221603355057
0.43845783054403564
0.3116509225540105
0.36008702182422425
0.4616926222129179
0.378880583801926
0.3333381038639143
0.3289650570139965
0.3814961292459905
0.42001479147967874
0.46083118762391484
0.46158032264817245
0.4028679288799214
0.35709078630849544
0.33952491819533553
0.459148348775978
0.39514255206039356
0.3568652120313255
0.43468314897907795
0.36281815141666834
0.3254678978375854
0.32419995661981427
0.3735644313995906
0.3648418591524045
0.46230183252134843
0.38608285643556706
0.39026122398162943
0.3603721790648263
0.33000068266301186
0.3045654048062813
0.4422989899707743
0.3034985862534667
0.4613167500733628
0.3566873229529618
0.48529639200865626
0.3747639494804756
0.30076197846723135
0.3342397187812876
0.45249914123304297
0.5010774001391842
0.3798559828629577
0.47547898372464087
0.3783821916706098
0.4933341168213479
0.47333936046866576
0.34588400742278735
0.45656920940792856
0.2736929018022565
0.44055431419964247
0.4455815581560525
0.39341945705895687
0.3221592065168443
0.48404751531200085
0.40238980022035986
0.5436772722217221
0.37385390872972657
0.40754785498006113
0.4163715787418723
0.6200862977351291
0.295040465042405
0.46444916812145887
0.4160439181154472
0.39653932453857627
0.3528262362068867
0.3168898814791875
0.32298924783939115
0.3517309703849256
0.3141790154911019
0.33224555224468055
0.3930254324325828
0.3279668329563636
0.3924044565777597
0.3838103599004201
0.372494792357335
0.38401596763931856
0.5487225308266672
0.3122067327452817
0.4238095619051565
0.5448024985916204
0.43150365858721523
0.3659175204803419
0.4676721266393274
0.32452071698922313
0.5458510696816274
0.41011096667010216
0.32863696738806963
0.4419432192374849
0.3290604743539583
0.31852079042322334
0.43210881874301643
0.4603565401952806
0.39508560782419716
0.42568082095490517
0.38939970440486205
0.26120111457075457
0.3596355608359103
0.2890021063041594
0.40030954580461153
0.25608070778404624
0.5201553266055207
0.32101545347741
