0.8535735048991678
0.016768950373946764
-0.38745897272867863
-0.01909421624007283
0.7948206722306805
0.3133913772568138
0.7862984587833167
1.0485143025021622
0.13911535315867984
0.04888250462052102
0.5587968682908693
-0.0035258814703676192
0.020703095719960977
-0.007547495930977875
0.6454049627864131
-0.07966466103356871
0.5901319552541641
-0.29900174617646663
-0.2055014223087064
0.4006863000467564
0.19546478393367547
-0.07180751570177762
-0.26638387844483985
-0.32365945336761764
-0.029720824309817352
-0.3032089690972271
-0.4576463716184861
0.04211889204205206
0.06331918010206421
-0.08837806803950503
0.4983578432272975
-0.13746657991156414
-0.4418314182821303
-0.023188117036431876
0.07980223288535443
0.5122863940744985
-0.3693708507183524
-0.00444999030630776
-0.2693709311425811
0.27867544306442543
-0.5984097232908435
-0.11246292098987129
0.27231951915891534
-0.0401081263325846
0.20215652712098806
-0.557210047929665
-0.004343357215409779
-0.05307900216747038
0.4327316441055516
-0.10062909970107829
-0.45172449416917526
-0.16016339309465014
0.29776130060494593
0.44869791246226126
-0.490811734333085
0.15183322900049134
1.6169212051672632
0.8048163483107208
-0.2904759764783034
-0.030977855922386544
0.14109688681990104
-0.21742614902517002
-0.5344110802322691
0.06766387860484364
2.097991276791495
-0.4276601431033683
0.1389049422171338
0.153625082186173
0.07092320076639573
0.08830196087763553
0.581524157500598
3.645508169337579
0.24316716779085254
0.17887777731285817
0.19437058082385397
1.538362100805161
0.15472972856281803
-0.33483206475108906
-0.033666652256470406
0.3299158196404613
0.18044195804195795
-0.14348072190936706
0.25906426292802076
-0.4840384662902244
-0.10680124848973017
-0.6097809468418588
-0.14276606410229375
0.8341630844810948
0.16057557431470554
0.006305593265647225
0.24698708878496403
-0.0384164926779909
0.3204060852366727
0.008815866947354888
0.6754497724245371
-0.09098471742336504
0.25608858093490966
-0.09469632065055655
0.10736883221814078
0.49182991839827067
0.42431761248884
-0.03729033844424534
0.06857180402680148
-0.13331717189525924
-0.1132487083309191
-0.27034932532726164
-0.07736457619320368
0.27117801456228835
0.0005455858902060078
0.4504175003093153
0.38037631345782386
0.41888266157882176
0.29034470993919737
0.06286069655945126
-0.02990181174324406
-0.482670375577587
0.12064733946711531
0.729480188268469
0.5821012098803247
0.158269051917501
0.06937960921056428
-0.07458529178564216
0.014420679940396062
-0.3417388609380476
-0.384676586428935
0.15786041435423345
-0.43957063402177127
-0.04775187474506603
-0.1859910489155792
0.46701470792736094
0.40340401922308095
-0.24385510583876474
0.16870924655920702
0.06016209858240306
-0.02329282540500268
-0.47263919707181795
0.790736163666455
-0.23392148558208542
0.01515988810354397
0.5204701980068556
0.23533867505344
0.6646195467742544
0.3726527441811229
-0.3242010194460497
0.11856623916585897
0.5100151285930409
0.07009228321400159
0.2650648969121963
-0.106210791901329
-0.026627762799348278
0.2173085503754415
0.7737002333813702
0.4972703838022533
-0.6063394612205998
0.2669168599902795
0.4015994862782628
-0.07293902814148379
0.9177415339992856
0.5390155806202696
0.2503225718548392
0.2759900168937024
0.02872617400536293
0.22554109136957784
0.22721235185976635
-0.37371998784532967
0.5665292572345723
0.3847257405205814
0.20037515910765727
0.1265007220330765
0.030481186047594828
0.4823533440049305
0.19837164018424946
0.036564009383753635
0.979977522651671
-0.38729117157643517
0.2830467325416821
0.031929299408452884
0.1793220159712307
0.15420496504045864
-0.3353992100087593
0.7280180843162506
-0.025973958515944407
0.6890261161508733
-0.04314707151965963
-0.41944232462577047
0.7503228507312771
0.6384903361122989
0.40779583657316987
-0.47761223865312075
0.4646851850120455
0.16822726125706586
-0.07370262139300574
-0.04700737270097945
-0.2503279265235342
-0.3163495324285952
0.08865700492135886
-0.13564651915400291
0.8818495203351333
0.43098916926990766
0.48332699215198194
-0.06716354202730833
-0.31711583647021885
0.5845245267463614
-0.22393161236175607
-0.024413919735218614
-0.031208562471090082
1.6109275090596185
0.30514089476830686
-0.2132217757184225
0.04574849622998516
0.4828304991771803
-0.20058180467301198
-0.44246382129669976
0.707319372458224
-0.20191265858775256
-0.280021470101883
-0.6890811547532353
-0.3204150162774847
0.1953892451408884
-0.16514405344116284
0.2748579449413254
-0.21271103545898096
0.8098444826049251
-0.16122932706356924
0.21572254403471738
-0.26077411820317825
-0.192062760909934
0.10311718390907527
-0.10992935248227151
0.23954127451973542
-0.1447259373662901
0.11972624710263544
1.5225605954607542
0.28144401933606733
0.05575229004164855
-0.544281488294979
0.24546540934251046
0.1320730854710085
-0.04144197794525338
0.8492604674317455
-0.13212411843497696
0.2395478794176161
-0.41878648089357506
0.7506304748834846
-0.20092368714173156
-0.05754150827482787
-0.4530610151234067
-0.4754346903918105
0.19086737053556363
0.3543608863708725
-0.2922457945261803
0.4537791342101191
-0.04270522138493771
0.9563490723778081
-0.10029637735676994
-0.7551242420719084
-0.3901370773516704
-0.0485674092828668
-0.30134949913006515
-0.19229815205258585
0.21699614512373344
-0.01102359597215249
0.4063365756617889
0.031121411396622115
0.23380747463086907
-0.22002671705896085
-0.15265353545814658
0.24186317661118722
0.3237510833075996
-0.09751985408588003
-0.35818858723594105
0.6836126027042764
0.31357415470473315
-0.11467302013143674
0.4816015627177021
0.8218640296230234
-0.574203091684435
-0.2250092234568078
0.19727280220346324
0.7505241049751434
0.28765776912264246
0.3439782955813987
-0.2362749880721994
-0.028500860568461357
0.10535638943380476
0.2073281213300674
0.5637449953803509
-0.47543647349088997
0.22686952602536153
0.2381973357173582
-0.07092972529511725
-0.0717114352677971
-0.1256121399059075
0.03976718454356768
0.3650354888183471
0.21192246486207972
0.20612908356223844
-0.6434212315384983
0.2809525301301874
-0.04125144494261384
0.3226347424937076
-0.12090961809294995
-0.08935418526281722
-0.2373612280561582
0.15669994917449548
0.5211033230800262
1.4602862175529214
0.1984452104076888
0.00503224363514377
0.3746032729817602
-0.2476099812915106
1.247231976454727
-0.08358098299396305
0.8961765249482792
1.3840818903890297
-0.14506776599842908
-0.4012291068443296
1.5620652600557239
-0.05651155286086462
-0.5017779513101989
-0.010686412843016042
-0.0731930070550275
0.3353928193689097
0.9870870552035401
0.17388409291045312
0.3751742139919822
-0.17853437623489124
0.05599938979098532
-0.20765488389287978
0.6231080269362079
0.16400395344711666
-0.12861377682966932
0.25530916456375063
-0.25463064763594234
0.32857792701394
0.3251807220385304
-0.09386482118591946
-0.3299283907590687
-0.02314124246307684
0.6229787288635722
0.17463131407831475
0.026734565018646312
0.061507335260054606
0.3180896492101334
0.003985220671166411
-0.13031122158096364
-0.019836029808586526
0.7469156454825494
0.024805422457708604
0.15936313847500605
0.32937292928312234
1.1867726480305265
-0.06552962143453674
0.32699056432019796
-0.030025748923744565
0.13759477757464136
-0.576685784665681
0.25149663246556286
0.5880179662038177
-0.23008138045266213
-0.2260451892388472
-0.3556591296211736
0.30988721278176046
-0.1632202448484657
-0.13250515977696184
-0.5865333806361025
0.23711155496617883
-0.006683261718079997
0.6671553635062714
-0.051881618880244645
0.21581347549617827
-0.24260617658670786
0.40106313199893906
0.5209117264035495
-0.03135956822434248
-0.28960944724198306
0.35797630585954776
0.8255077366184989
-0.3702087957195808
-0.3592626593429126
0.31127610550828194
-0.1291978733311218
-0.15184463849960778
0.3291668741596535
0.2112386211068782
-0.3408855337387794
-0.6715435750539586
0.808748706050029
0.30349073072049704
0.4346974282015552
0.20418257145517174
0.5554786601411469
-0.06862784384047442
0.7735745822176465
-0.21119298432290556
0.03166254310051595
-0.1982324293205122
-0.560931525430524
-0.1437942883448696
-0.2903672410133989
-0.4561177066486573
0.9082337518277618
0.35380348909495934
-0.36653631544292686
0.17446955855677426
0.2565822237846229
0.16442208823770418
0.202113714423986
0.5378822012227233
0.6516390536944202
0.22644377724076017
0.34118939646908003
0.35908783867274047
0.11781667073028526
0.19366655220905568
0.5443312069427151
-0.6870437245848231
-0.19494986291389457
-0.16447383757070927
0.22979486399387022
-0.42658242609514124
1.4706846089566001
-0.09737471145046507
0.5105448220990604
0.0908103457546916
0.15612688194737576
0.09421065965019654
-0.14812556711377106
0.011753105233375635
0.8295831646136779
0.2890028573521869
-0.29737752762143
0.13156825110082424
1.3739327189920418
0.2078398767724453
0.23493224127799547
-0.06316098168954713
0.475689238089526
2.403156021538452
-0.04942848824103987
0.07435409308090271
-0.16902954811476398
0.7777316560156371
-0.7192248104441984
-0.33189248453981723
0.013039107335454894
0.559592255572155
-0.062289417465984216
-0.11656168720065894
-0.08174428195942958
0.613881736626919
0.288216285353001
-0.09015723589899872
-0.27097791986614483
0.3331818702052099
0.6241066210749485
0.014942017575107077
1.0018485063979965
0.36740880546222254
0.9978803913970572
0.2590954101431822
0.13949745681890444
0.132399649065959
0.10117290260467601
0.011179376328330735
-0.14300805922770451
-0.4305463639102996
-0.026622246803217835
-0.03594651802090679
0.16500898001190611
0.28580094194619554
0.9149680546753224
-0.3523429853902421
0.6478935751464131
-0.3946818121636461
1.441159718207319
0.18652320048246993
0.23515318751775344
0.019158700885503813
0.592295519392907
-0.3603563722729883
0.4652190261327317
-0.35915257230362113
-0.13983754193890177
0.05549299632506786
-0.28558436118433944
0.5891099613168589
0.39664769999653876
-0.2709881854443401
-0.0065633300399060845
-0.4070365352567064
0.20301503904367105
0.2714129615582552
0.1646129354768521
0.3040173910949751
0.1811616982017612
-0.29099390608316433
-0.13195909038765294
0.22597238726652577
-0.15678505800448822
-0.11050158831851803
0.10708335823857851
-0.18010533361344125
0.6713852392153135
0.805310273821017
-0.28465864411781944
-0.18956316558454236
0.3657307596461827
0.6040484912572225
-0.12753900828740244
0.11621282236123066
0.3293279229114385
0.8476795569302465
1.0146344577377502
0.6497783734442693
-0.2400042308943053
-0.007289215279627306
0.7358051639431809
0.04657876078929671
0.05886420436023823
-0.2602291193377044
0.31355592453637054
0.5725190267311512
-0.12689398199666818
0.2595728419765438
-0.19599197804085372
-0.3910972319974571
0.04057396034129791
-0.2877950292422055
-0.06771327279461747
0.9572036418275793
0.03753348000765254
-0.020560725631066798
0.7103488801080411
-0.07782453258286252
0.09811929144279327
-0.23956703015571895
0.41047093615726526
0.24306018388404863
0.27690685964738976
-0.36404287941205654
0.2129878552279832
0.23805326031499727
-0.3130174592924876
0.4144233939639604
-0.140089435492528
-0.6753260792628388
-0.36216159960452193
0.3714162969572294
-0.29014389419037984
-0.6098251420605355
-0.07973414903460724
0.49981722943150564
-0.14688075137969345
0.7148034642693729
-0.051117937286776445
0.6523028386566754
-0.27891707883006656
-0.2845265100900554
-0.4452012608238832
0.4623155265518637
-0.1232015475758675
0.48575061967291194
-0.5374143126840932
0.5302737986016887
-0.16662713472485766
0.13802495517000338
-0.442176232214296
0.9033747706516585
-0.30713062457118473
-0.2058705415986066
-0.136705880562654
0.13350131101329912
0.10866534932524537
-0.21491090190109038
-0.08840628019730615
0.14413365067828873
0.30345831128581163
0.5887090522398876
1.2113928017615048
-0.14737582888954973
0.3364937340797178
0.4417071749558999
0.1551488344291692
-0.27821554520762376
-0.31579239805344234
0.21414760131879532
-0.044823310809675755
0.07809040687049378
-0.34476380347514
0.03559028544672287
0.36626525811957783
-0.19258544507752937
0.20396104623904243
0.43133630714951854
0.10907575713011157
0.6248913870835529
-0.399655746243061
0.07064622623472025
-0.6934356395255774
-0.521090758889459
-0.36742256619559577
-0.05376195284556795
-0.10672826711426023
0.7741511904108621
0.29041353506029766
0.07972884041581199
-0.2937050129420097
0.2928269055749914
0.045775097345326386
0.7648085316419292
-0.09481900266652778
0.09212646238338476
-0.06187508288025456
0.47274166508651694
-0.04372723685696647
-0.45272499826557516
-0.19746870348289441
-0.16634529733996875
-0.31572488006363675
-0.3928899034388107
0.014964854756501996
0.48952832321716827
0.23022589261824117
-0.13224258123500057
0.6114170655199597
0.16948904227521935
1.1818243372064225
0.08145474978690934
0.49536494275063714
-0.19385471552897984
0.13449004057405342
0.5047705435732045
0.2463107721639657
-0.5882464828362408
0.46728008524365233
0.453623091904849
-0.16093052186909867
-0.029101299930185825
-0.45181239126708905
-0.01587451375127126
-0.07539962879224389
-0.14689889473341258
-0.3698647414702485
-0.07732121984911279
1.421264258926772
-0.12807039410307278
0.7469227616339257
-0.28313589490117275
-0.08433199962539929
1.248974593279674
0.029553785694314195
-0.27822626174816883
-0.12222464729222282
0.19748616909373237
0.3403767845384932
0.00983266601308998
0.007777960599662606
0.14576973864328438
-0.061642175472205005
-0.5366783113842515
0.5918678506429719
-0.05138206308344383
-0.05807094993128784
0.42090763315444807
-0.5808611916001725
0.028704473798975783
-0.4293057024189768
0.1512025785667051
0.5026515673511078
-0.11262867742328168
0.26776104770006576
-0.28480474884941637
-0.10625400475285056
0.655323829308346
-0.032770202887066724
-0.01723046287238099
0.08211235589924029
-0.22801102806501156
0.9073154359028714
-0.48332663879363735
0.14264047783998357
-0.4268955510718037
-0.2478330324205708
0.4951141132495887
0.00703267360672594
0.1006213080417029
0.05165107899201022
0.3329145753976015
0.7993108166316163
-0.2824087066634724
0.10870125863282902
0.7531098277619923
-0.1747231630020491
1.0130826603517722
-0.01679308093100571
-0.5232054039714413
-0.44562065201896495
0.3044911003997588
0.09691546077684701
-0.2677358834390211
0.24707287710964349
-0.5177127955243734
0.5652041116231538
-0.24132966044615084
-0.5928581351336235
0.20511725060351807
0.5761820891967099
0.559920636451426
-0.13275877048580623
-0.13300183998539863
-0.0430544850159642
0.26241623468810105
0.34894290722598575
0.03513018661751117
-0.42535616120668945
0.09433654272181208
-0.2546546971859373
0.17696036587481698
-0.0819733874026867
-0.03515576866411288
0.11734604537523251
0.009088449367354352
-0.2463898466752427
0.031007805907760522
-0.617268969217185
0.6854545138533497
0.27702581659666786
-0.2662115821371816
-0.5880896002018884
0.6087920620581011
-0.012583304737901539
-0.17079048643599126
0.13953044474136295
-0.2973624167821111
-0.1676445215154737
0.2607239912704741
-0.15851670245837307
0.16826239155510905
0.2893620668806529
-0.010621421280381281
0.15612185822056127
-0.25268226041009945
-0.45855885335426944
-0.43987465333324405
0.030758605905438014
0.522936936717938
0.4085292620460367
-0.26990537814443727
0.1568312049338866
-0.1815874222141936
0.33492023492500234
0.06778505287255589
0.303247932629415
0.15146270511307897
0.12055484962499154
0.7131539221636262
0.012219605223242258
0.8158344671162614
-0.328353248674393
-0.3216545388169579
0.7059568753642282
-0.23603560401058915
1.0385616336045207
0.06548170704797214
-0.1412733974704574
0.13344450303190086
-0.7058534971793493
0.6669877302836741
0.6143630389163242
-0.24059945738983077
-0.02681333289918808
0.3441528375634601
0.3529575445981515
0.9040145655902978
-0.026495051932677306
0.23005985342979
-0.4332491205247899
-0.3170121328331714
0.5448647191415114
0.3357641328594524
-0.10483720957269341
0.2078040354436966
1.3049805623666222
0.2547564652751808
-0.42314213282667085
0.5417685802439532
-0.16554370747424593
0.09160404538434122
-0.033826574548227475
-0.04546503162011832
0.2688843745192006
0.0526341156098417
-0.5008756657582256
-0.2488618430630368
0.37848786933528933
0.001291816102870422
-0.2413464264887624
0.266241417597607
-0.4438605017732825
-0.02923175678663751
0.515170799301664
-0.6425263581925368
0.13807615198599632
0.14341302120330157
-0.3123286441594124
-0.04336942160595059
1.6254588615064371
0.27835877201240483
-0.2010403920443151
-0.20054190294667118
-0.15784461461055788
-0.2998430767464645
0.22720818740151336
-0.27180019067906885
0.508643863906601
0.07999474998379134
0.5446648648487932
-0.08037045368165494
-0.260205630700527
-0.27789192424969916
0.099637944137513
-0.7287437959497838
-0.13555903661640875
0.1575142760661059
-0.09924692868732711
0.603304120414744
0.23547987980910867
-0.3243016647493114
0.3102907386486998
0.09793863355946153
0.6765314413369388
-0.24411701773758002
0.06092327078197383
0.10190625010026982
-0.16553771085367078
0.8334792805689659
-0.0011118068778673813
0.3433783380773861
-0.382519713146827
-0.3981858389501702
0.9570980203289131
0.1009991985145938
-0.029182516753789238
-0.4536189563376499
0.27336281382265265
0.16768353614160256
0.22116144399867166
-0.594232511021158
-0.06100603893683456
0.14681826648419358
-0.27660091871594444
0.0584128038365603
-0.2911535160929354
0.745247096896276
0.7320040433024653
-0.6631377903656727
0.1550256849988592
-0.28877677319856826
-0.11949333108311215
0.3786491247693083
0.38444134162087507
0.24175735254743536
0.003176946389879926
0.23637899162872597
-0.011185284352158605
0.06973348956645312
-0.031134851655614644
-0.3213448522049413
0.27206101126205245
-0.24082975279896768
0.15935840100744283
0.3047862415359159
0.565200599492737
0.2997805656671634
-0.048105783631170004
-0.2639216886789702
0.7769553878994512
-0.0018054198836690277
-0.43177902160767984
0.16539043696186198
0.046379247604359776
0.34133830504545043
0.0999119869867457
-0.2840517560073937
0.06307363795561083
1.34923835125448
0.09744088138115245
-0.43862680973162566
0.1006590144896672
-0.6606628047679436
-0.12742371069492006
-0.10796932828329739
-0.1283721740465498
0.01555632751505499
-0.01984676161239995
0.6858545347613666
0.2895654672931365
-0.26757273062051184
