0.47133952643007476
0.3258912870475469
0.36198212853429407
0.4108454016261873
0.32797854597249143
0.38507729468990204
0.4968616395273621
0.39502490126055173
0.3541360091581086
0.4021607420475471
0.3679049614666721
0.4390027795557697
0.3560917024717024
0.4691135727542613
0.40521650611631604
0.3268128142509759
0.33163629200176287
0.46713005798961993
0.33406651665902115
0.4365379206018563
0.2808282567202715
0.358525570550447
0.38078039075337383
0.4116063290640967
0.31369436472996054
0.4468244248065245
0.4167146279337906
0.48478303220603786
0.37627884286196883
0.4802354084219291
0.3090349098153354
0.40188122375859453
0.3054258917590665
0.4578572296291048
0.5551306771508508
0.37414383098992016
0.3690316320637515
0.4608444886133919
0.3207876883474666
0.4598078322581896
0.351340039387394
0.5570856844455414
0.36949867766352856
0.41225354917668966
0.5089388137185927
0.31620712149388625
0.40188126852335376
0.42061151214218506
0.3783665564833697
0.43463633223344417
0.32607371362493814
0.4234313594167612
0.39325435981456264
0.4237102100185215
0.31489782532598826
0.42787528600594915
0.3017433121797145
0.43588746694978675
0.3813745053861159
0.3168289216307269
0.34244018396871445
0.5777708559809897
0.3583053714182255
0.73280838048149
0.2563274455558824
0.33343717122637745
0.3467271350766391
0.30904437823822756
0.31313834344445135
0.2571237357764286
0.420844915096464
0.5339332989187454
0.29529196049728157
0.3110338171532371
0.44573390432682114
0.36248404260489525
0.3701353906932315
0.31309075629855637
0.5080072104202257
0.36207166091996656
0.4172125460363685
0.3689600473330453
0.2895643303495363
0.5206977911092059
0.423553905430032
0.3554078434294539
0.35453385941613164
0.5774292852690093
0.42763281233245487
0.46635593517233564
0.37851247041905034
0.3270277192750006
0.49552712168055457
0.39801762965122617
0.48901042716657966
0.4893222687196996
0.2887790177812858
0.40756728061655506
0.40912744841016857
0.35471288769025366
0.411310567666745
0.45779203249091444
0.5081165929691641
0.48866081459032573
0.4325209204596263
0.31636840241954983
0.5020802460759416
0.2721491878957972
0.3773894505155594
0.34432986407410004
0.3620100646851824
0.44588384150503013
0.4858908811061072
0.686956929227071
0.2325681390363333
0.35665974300144093
0.29628825930830405
0.21843477845772746
0.36605257075603037
0.5108823437166004
0.4039857097600502
0.42471865252332935
0.4638100183675431
0.3200256898897045
0.3710421251265547
0.4473392476430655
0.36907219327676827
0.32639274594051915
0.3079245337019224
0.43876912963885795
0.5432360670807241
0.4410804642993439
0.2885095139038017
0.37600787919566275
0.32470103326790273
0.4284618239061438
0.4140252662852428
0.47128624457073787
0.40191111008847913
0.38085498061497713
0.2753915596118092
0.5551628657626005
0.48923265274231986
0.3655643795422306
0.5024484653483631
0.30383697023520223
0.33651074413182647
0.3446488256964753
0.2793482492639975
0.40514159642627945
0.27826356294787286
0.462003721601312
0.5018092994532726
0.4490109573374432
0.29820970093115734
0.5218781786997462
0.3264971584645777
0.3456825183658032
0.5121913696481848
0.35710358356543154
0.27179744718004517
0.34271233277199675
0.510178470734021
0.36764405924269755
0.3877095777362669
0.2522454536002378
0.3181154099332832
0.47907317124734167
0.3851124105879083
0.4717317117124525
0.416106923093659
0.43754862468807015
0.5616318284114283
0.2698453166877217
0.43662714606569164
0.35240993444329355
0.4685710295941441
0.38197897761432026
0.3307904096999791
0.502561726565753
0.37966760693322604
0.36509302149435724
0.342296976629005
0.407512656575783
0.36015232512182593
0.40250255624482617
0.38177534502396393
0.2735010033132902
0.6782322831398426
0.3012458650291432
0.25799779712910675
0.3306199294598773
0.328616064417228
0.28109915994931095
0.36826505133715326
0.4261529367800989
0.5551994477339222
0.4898842647632763
0.3781096428590529
0.48771209713079045
0.32254551968821743
0.6793758392207954
0.4640881933216783
0.38876338441955127
0.4545604116191075
0.5783380168658926
0.365516367873965
0.37604325593430565
0.40772478371293525
0.3565714715434543
0.3893717865713933
0.3638955832775212
0.26998183425723515
0.4720712033492878
0.3083475979551903
0.3324089144109541
0.29773974602361664
0.333365930945605
0.41795440214589463
0.32535613612498004
0.5948820077262055
0.4331287924915111
0.33329900831491244
0.3762510774534304
0.36585385452626695
0.3388104076239752
0.5408555250373267
0.4641556041213033
0.32332924131631563
0.4992462261367176
0.2538030712077813
0.41334128203804216
0.3192180209666738
0.5459727917661448
0.4408294767942566
0.48645589924432486
0.351453811495934
0.3904281966512712
0.4008900145900397
0.4158005034390813
0.2867141145885779
0.3056186035538224
0.35991457507733987
0.26337571892910255
0.37945034200088334
0.28775645052546006
0.34576570190066014
0.40356458793396105
0.3849789207296296
0.34999484549608345
0.36172494939546407
0.2701175684533058
0.3836561242734402
0.46404487415942164
0.5887367648002291
0.4900142383948554
0.44120336621505846
0.3859097186861321
0.43325707147958475
0.32727266788464904
0.327504027145803
0.5739531388674649
0.2493339035144201
0.38606249736502085
0.4042077216870583
0.40169636177694196
0.4057912404927638
0.3844946597807492
0.37764268715892896
0.5179458770256585
0.5218844839756602
0.6044096928450865
0.5538243530051166
0.4647067911599838
0.3090296379011964
0.3446244700435648
0.4574765267215091
0.399973319365992
0.409475289118993
0.43708659328073357
0.501786925635986
0.44253544226319097
0.4711438471606343
0.23681196714396652
0.3028055976182858
0.3620645182202821
0.46274334978488374
0.6458383334754976
0.3628533328579993
0.7643119967402859
0.399370001094496
0.46879759121115344
0.5634024586272478
0.3743156252972595
0.37593549858257874
0.3330395475993364
0.3347859631485581
0.5291652756269489
0.4658270900942431
0.3190563507680572
0.34698377961388066
0.6321845085652082
0.5402914601615013
0.28482392081520497
0.6683382469934399
0.42199711792799977
0.47767053495376793
0.2510986754367627
0.4204148793286048
0.31634155500201455
0.3480030157326216
0.3389213294886329
0.6044318204728496
0.31218354992557845
0.32853540225219474
0.5442619340140806
0.41633052243597457
0.3410266783999377
0.39332497786355414
0.616892479548075
0.34190308717005913
0.33884867533959034
0.4042979684638046
0.40750450959595946
0.41399646472425794
0.2871981230542984
0.4937181230139689
0.6594114390422383
0.47519685963849656
0.3377299288004816
0.3099812160378857
0.3726351954643311
0.3799080332142206
0.3586214806415733
0.3009742087549709
0.32074895577862605
0.33309787030665283
0.3741346621554198
0.35227025776612136
0.3232838769288849
0.45819896861201925
0.5123392169905697
0.4908837225071622
0.4165339212744137
0.458561508577794
0.5475683229222822
0.6641964789262236
0.46006241239851975
0.37144145476896573
0.5580847555469616
0.3139133632086653
0.5069029204417197
0.32596604845621674
0.433561404180024
0.45489226801299204
0.33601241016369643
0.4185001039388945
0.3547763300012704
0.27252857159813687
0.3350619053138765
0.3704315567306473
0.6210708805400488
0.37793381652350194
0.4190574751684533
0.4245320756493441
0.33768788787115556
0.34151976360023545
0.3813779119850854
0.3363195365053539
0.30176418224381957
0.3393435571986067
0.36208494561901094
0.2799872807111495
0.3810396601089329
0.23399822707972745
0.34661816185208216
0.43868556027720423
0.5204864758388577
0.42707627477937254
0.3772013351681992
0.5152060671317019
0.45558798482766677
0.39160470355251104
0.6328505435705513
0.30061530498060857
0.6417770479533713
0.453683033714522
0.4178767397277958
0.4828849316670613
0.5784491265728745
0.41421830525535064
0.4564679523613941
0.4695418893273
0.29287189965417054
0.37030409016938687
0.5085580210067334
0.41906685708782576
0.3490490452400228
0.45837708868647936
0.4217594441109533
0.37382739981564245
0.21256738082519216
0.4055692583447846
0.32860586349005555
0.34428306374730855
0.5059245324945603
0.3597119811854561
0.3916197123169874
0.39223189887316456
0.36324778511614714
0.33485123433997255
0.49624491483477656
0.4959327922993066
0.3315666835142407
0.43615578188695375
0.35528595416109554
0.38638100084222365
0.4786348547668139
0.42992021380203926
0.524595231995504
0.3628177100297897
0.29090548048497233
0.3608226407235782
0.4579742958319361
0.43540355597919655
0.2917907764422552
0.3873994319948069
0.5386775926383699
0.321871169238478
0.4753258754479002
0.36898608399938876
0.3137123462510664
0.3425053314939636
0.39093674917924703
0.4437216465093014
0.3091540128826486
0.3948491347043664
0.6908600875196618
0.4279673503797077
0.49899399605748196
0.3452581212303006
0.5033898638900975
0.3839151543545026
0.3278039925219994
0.37336412781414496
0.35770119513107085
0.4692463130456137
0.4314759763164784
0.24945667881717096
0.3506859065911727
0.3217123606830746
0.4474334142363451
0.32643281858534223
0.2973572971464441
0.32068497923924044
0.4436623109090757
0.3549239930591637
0.4815746201637511
0.31803693328938304
0.3644582053289499
0.4109730135845622
0.377873826693345
0.33004902516423196
0.420358841377625
0.3239651278616324
0.3469042066914777
0.3484050797638073
0.2797930617317745
0.33953329610308863
0.5001719378132915
0.40282281831321765
0.37846832117178314
0.4447780120727772
0.38243062269654615
0.3184277870227172
0.28081442754473107
0.4483846645833909
0.5423376494474548
0.30887874974259877
0.33882732862012604
0.3651423895616442
0.49257456562162205
0.2839657452852643
0.24385588732818578
0.3186950376115831
0.3384631973245975
0.28903177988788903
0.3923442960674439
0.5553974844648814
0.3036978499576271
0.5360766568603093
0.38252375941885713
0.5893613208172043
0.3710190203082575
0.4699712728342179
0.365288228601539
0.34777477434726584
0.5050336375678919
0.377885134687864
0.2855442805768031
0.3753547279801721
0.4509829338420557
0.3432700291198591
0.3104675609358763
0.30495041870520667
0.3427607750510429
0.38866956876928704
0.39548634146332506
0.4638598268280163
0.3598420663748089
0.5471238151338432
0.29110510331727435
0.26409532471214736
0.4430626329647743
0.3198089970562958
0.2765237020053098
0.36249581325799396
0.4383957909988858
0.45897134704961334
0.40385731463400076
0.5270437033568003
0.34770534777971485
0.41309784265947563
0.34336051301659476
0.4144591691936934
0.31462179896345005
0.5131949540553301
0.39215135466748996
0.5280881774009529
0.2897720894907896
0.3275884256711915
0.3277663947696048
0.3451130463278192
0.3147295667038857
0.3073365260018692
0.3550158416350438
0.4517956551047648
0.4527203714317688
0.36569758515924117
0.31706666636430414
0.34808462866799433
0.35563700664618486
0.5745863433474114
0.4074118057466566
0.33850291669754523
0.2506997047108814
0.49266854606374516
0.4606205846072885
0.5379392341949747
0.404310345867676
0.4212779812626331
0.4673418631135211
0.4477709205085375
0.2825361381217048
0.3400029199702209
0.29178442243840547
0.3557766205023415
0.3183636732863181
0.5465759655086114
0.31473064910333765
0.19987770859122608
0.2819749888139364
0.3883047591678449
0.42441801375103827
0.4599794328727447
0.35463885148149804
0.4052202240527172
0.2800197072662387
0.4131696907142769
0.3453311600421228
0.3344977433316144
0.3673283014301627
0.337406612959706
0.337718177475166
0.2791151671437982
0.4783178616358397
0.3606917168679731
0.4339472580191559
0.5309373269568609
0.3761738046655248
0.3252070160770012
0.4453003408391676
0.3791469276900803
0.505793867384844
0.30133363432471644
0.3649093819867292
0.3504512614235811
0.41347960693935143
0.34048012777567305
0.3998573327774502
0.3380943520055845
0.45283159717062343
0.3655611546483707
0.41347819149865944
0.4533568521346496
0.3225228908266223
0.809140550467442
0.3141359938836947
0.3718057627266751
0.40989484251086544
0.3517232684249354
0.41330701191378705
0.3213192717362294
0.43133701027278226
0.44020745439439846
0.37216952609840476
0.4078289856807595
0.39704215663656767
0.39023560895318743
0.3271782442447092
0.5242673963968763
0.3998681107373972
0.2868905573552774
0.3720194060337062
0.39032858026505846
0.38562261171332235
0.3666441770529098
0.37968178676548625
0.4857087997901099
0.4832835855084384
0.34208081602934426
0.3637426708558298
0.3993713284807005
0.43574031043461625
0.3796684476806785
0.3635324339478231
0.3324003506601175
0.5003888157498265
0.40099659745965144
0.28436786184423757
0.3974724501619588
0.31299497278567084
0.31219510855751115
0.3274115204067666
0.4010348639153316
0.5374311401507287
0.40953816122065556
0.340459869298231
0.3734684272455537
0.37169698839525306
0.3275284345205886
0.3511102288275486
0.3917282424888927
0.617395004543198
0.4821822573787028
0.2866168667979083
0.3729456204774169
0.5264451327457353
0.3703504011119136
0.3707956628055916
0.3902562351794144
0.3159467777340251
0.3975986737332972
0.4700990161269896
0.33308587076375934
0.30544433694674855
0.46321503849725276
0.33374976927451244
0.5609971617026085
0.26219757373339797
0.35431809970899697
0.31397370697254307
0.3828026679662819
0.34771659882148026
0.363802190844294
0.32031111502618587
0.33567379231375133
0.4271920268653816
0.31686047604541534
0.380576267066714
0.410461102491076
0.3688616302331278
0.4643209331085263
0.43163678556662577
0.42838272166835856
0.48209078176624925
0.3574201069333498
0.36525361314217764
0.4740003770392136
0.5132203667969518
0.4373655856940218
0.34043236925991044
0.30585840987358587
0.3802914211616712
0.5306145908756628
0.5030957144629807
0.4982849277719119
0.4868167241126354
0.4213609565386221
0.43010422250102154
0.3308618030056297
0.3621912680868919
0.31635844267072083
0.46458598102776233
0.28083084450474666
0.43591509389901184
0.45593912731360126
0.5266957913528786
0.37903017335357964
0.5473819525185086
0.46902505700813907
0.37449887991618747
0.3183418378718045
0.3406185627424234
0.4072437646993258
0.2601091257503565
0.38461708318928745
0.3528083314634372
0.39392690941618863
0.3068618595273721
0.36463192406691264
0.3937452561826189
0.323054920833978
0.32540789235555667
0.40919271696825815
0.32189790939316054
0.3319978588063869
0.3789590819472456
0.42722164531611034
0.5332803880136737
0.6017749765299
0.39330892332056583
0.43807767224012656
0.33772105891632365
0.5092405816838406
0.402238731418989
0.23011388054913431
0.43759469271164186
0.2649222535704757
0.44189993168940545
0.36409682412869543
0.3569279211010578
0.4717309934972989
0.6764331298346596
0.4264967386599556
0.3672768968059023
0.3151760220806364
0.3311780003344576
0.40145607646412346
0.43523223563454827
0.3509298414119391
0.7685260035927387
0.6141909753993539
0.47385148730491977
0.35167823975910045
0.3909356104874034
0.5583413615202253
0.36768114129089663
0.43395764548002796
0.2667121129344282
0.27893432020344683
0.3921003015254365
0.47903215422229284
0.4588451995146082
0.32890155960773276
0.2973350682974896
0.3264972459484328
0.4392297043201039
0.33215400253455546
0.5307384022318928
0.48034871386513706
0.34600526863496134
0.36549226078445063
0.35160315625957567
0.3525524418380352
0.37262678963874635
0.3704421105050777
0.4234531068626787
0.39821998705682177
0.3971552298718559
0.3701023300393189
0.3962928717098478
0.29959407654810966
0.4399574062477915
0.37420907493043476
0.3971608320273628
0.3891243895854176
0.34972403858152135
0.47008391920145715
0.405723383359716
0.3644769898045888
0.3246450075165952
0.3201991859590158
0.574869740442874
0.6531564917963641
0.33280685280023337
0.4075597155290916
0.4204823299268154
0.41887602679070485
0.44798938512824116
0.26570243531187837
0.4099149992201701
0.49440730201253075
0.2843969938067287
0.3177130189323023
0.3088064794863048
0.35149032355997467
0.3940195205592032
0.33996714492031505
0.6656332620115373
0.5046104829546022
0.4443566119246851
0.46982382629320857
0.26410162522250563
0.32466726558343784
0.3081780676363752
0.5036111629211311
0.44503689693691995
0.4809142826479921
0.3937607625254084
0.42709008112680813
0.36391739293316
0.524038131713049
0.47956933412984704
0.5168537473796456
0.41545271765931513
0.35360311668492483
0.3902618693574885
0.3718371656719402
0.504760608312312
0.32432121678795617
0.4660709313831357
0.4971972169758222
0.3133619800235365
0.32399696328898836
0.4107127440015267
0.38896058115400495
0.3766975912877972
0.35640514501552706
0.44797912448057714
0.4356591270362509
0.283792151785125
0.48533560681280985
0.32596355983873987
0.30866051187055454
0.332106849328366
0.4442042639241513
0.4213890694586
0.32937351250463187
0.4478563418674121
0.4345913002800512
0.469398692123593
0.27604957531380653
0.4118603490519235
0.554191161050527
0.33287924779639455
0.3569335021161562
0.3239289889293654
0.4671953057035898
0.33171252468872897
0.7446438314862517
0.3617471562242745
0.4377008544540939
0.4319287596620637
0.3448109476967016
0.4273968712299017
0.5298285379578117
0.31661378395462775
0.6147584368055234
0.3560653315145921
0.4047306426681212
0.3925710165870126
0.3611196386426016
0.3808355144367233
0.4037178993694929
0.4990263939883751
0.6752044039467608
0.3443506122739599
0.35821941214693515
0.3633101819314381
0.36464177237464324
0.5848258717710945
0.377612339882891
0.4923139286548071
0.30457310107612223
0.42698712123253246
0.5205444868535923
0.40488776948962396
0.3648877447051953
0.5495845612127587
0.2947443644679719
0.45005152641616175
0.3773772059793936
0.3028217178633256
0.3688133630271047
0.48416809163461416
0.3248638442534426
0.3341393119227381
0.37497208524439735
0.40768700045624723
0.45802942465099894
0.3603566075275419
0.4325756590965679
0.3175604777707
0.35393747184809315
0.4281194602302054
0.3314578872397309
0.40273259848140835
0.37416593099490814
