1.4518919691505985
3.2529893582292044
1.8827814341931162
1.5502641564621054
1.5748877600575388
2.259234786374855
2.051672363474519
3.030702897741144
2.2882164448907516
3.6393850980742863
2.475996426732385
0.3092838144601085
2.7606093163097882
2.686189810880493
2.4583485648276775
1.9264160046393048
1.4970390458926544
0.873674880790894
2.4836543410668845
2.7523624932656205
3.089604588215253
2.6909618690284707
1.1468970996697156
1.324542619513598
1.8314967763553893
2.733824307511905
1.369088050387069
0.6914084217612804
1.0973909690270336
1.7648265803585093
3.4860802415844057
1.4265286435255988
1.4850826592828716
0.9220653722392134
1.9153933835477646
3.9114059320836247
0.8440037099459438
1.9703360002914607
0.5709265517949974
1.1774216719560133
1.7206710745719698
2.5246773193515772
2.5885961641819226
1.3285186170086474
2.8714071581227576
0.6936633522886383
0.6038537460699476
2.1355293555653474
4.545014243488691
2.0359232363028226
1.3623897738349862
0.9532591574364607
1.6664834882352608
1.8690356641211512
0.737095501432695
2.4632728202849967
3.1726295277849212
2.43811246051431
1.9800867832764932
0.7595844900532907
2.165208823762795
1.005127118521914
2.0299984184007775
0.513362578305842
6.276152587998773
3.0571389248523273
3.5993611889469643
1.5207605374045297
2.572025892465107
1.4093525415258674
3.140732227069549
0.5794748655843817
1.3692412020057552
1.441711140443305
0.9788414932309197
2.240398394602713
2.7543076426223903
1.130767691720399
0.7761320594719882
2.1181308735347537
1.9383552447552448
1.4131237305739555
1.6065760311138662
1.9311637900097307
0.7440790557609931
2.090950309896863
1.2863821965831792
3.9576059303447666
1.7756181401609619
3.607377666423807
2.1323875444749065
0.9091479072731748
2.5187822418563486
1.0015421717843864
1.637551553509606
2.295093777611938
1.6227217418781983
2.2014656073136067
1.509250167880849
2.1201510386575424
4.3967469033605795
3.0641779510687255
1.7891342361755092
1.0540489911956892
1.9053913801399107
3.721731917494476
1.410771462642842
0.959791889959601
1.2561727823364885
1.2641432567740065
0.5762686873263301
2.220178995066966
1.430290365424216
1.0188647997336655
1.927331747536351
1.4277094722254675
1.3816947316121233
2.9736175330195525
2.4584308749206905
1.9068553581108978
1.1609144288934903
1.2429664139464258
2.247269438354683
0.8849960463317779
0.8019082611424365
2.0984881121929218
2.575333097682203
1.2170029180132411
2.7431448446728366
1.4984280959491791
3.330149068627051
1.7707853567756353
0.9769233213499543
2.442224046460909
0.8328683266725453
0.9819737628934854
2.6265830398740126
1.4760415350165894
0.2499117425823531
2.9912044768782344
2.459056154718999
0.9857220064602894
1.8767918679485769
2.0121768161007347
0.5983574873996438
0.7356377993431978
0.8684550517104217
2.6971543152552595
2.4155084903838917
2.5126804019665796
2.157254497010492
3.4268091610841585
1.2474911818768941
1.2198129634529313
1.3522640157531602
2.7961415030393653
1.760882833060181
2.0905053084990097
2.2528969446223055
1.5830600385587474
3.0673689547170517
1.255151969805914
2.7904594595048513
2.433883495804248
1.348480984953283
1.2626377809634208
2.1784592789556987
0.35514938131002977
0.6411969938126509
0.9379464934778957
1.02910435623732
0.6348156035461537
1.3766553470423148
4.115465071923413
1.0556629841282763
0.6379163298355219
3.3985296294468847
2.1538015407125357
2.924675936837143
1.4455049278044965
2.5398055970072977
2.5627110984717154
1.8469505000994872
0.7184928730774003
0.9498972703257997
1.5906874020908004
2.600680387688185
2.0061045892941056
2.6453293927880024
2.0396763808508718
0.9712229689616205
2.704438169551441
2.3605093979038485
1.7383309815040286
1.8011596088104889
1.9541726243269113
0.31411736099677356
0.863560373623454
1.8968150046453043
1.8523095872213375
1.4105304219567372
1.1028323402258555
1.7339299869993974
0.8729156796123075
0.7226379898134017
0.6966760034948862
2.6150774439982647
0.6317508798899631
0.49232212653868246
1.4211873899823972
2.3486270207479585
2.0063138689411577
0.3546739903217669
2.576447009447819
2.4403968760165884
0.5204466047900997
2.663829446073879
1.775700789803574
1.7534965592047487
2.6778469167509087
1.6304350765785625
1.0293949898194692
3.3888712291091525
3.5125188369867693
2.3890602435941117
1.8161789036106053
3.6705424034801077
1.3520277812598869
0.9223504511886237
1.7817950560944975
2.1952430451603617
1.6895354329843684
3.1081128672253873
2.862339343398474
2.609198085860501
1.1853714207845742
1.2454233802331491
1.6884574065969045
3.1461239912109575
3.152129840695908
1.7603667606509337
1.480749394933918
0.7304107718973003
2.2636632595774255
2.192493683609987
2.0342770222960262
0.7937845942821534
1.338350387276763
0.36736855059777246
1.970473149699316
0.7871409034841524
2.6177881632533557
0.6542225888438046
3.2714225554076792
1.5133962565260015
1.4741472515459264
1.143049099211836
1.859365736953053
1.1265961774387963
1.6429021456033739
0.8796012436203751
1.8629928139655143
1.4844779118916567
0.5171667777166199
2.8423713541696434
0.9413952212597106
2.3397910571421177
2.0749526335733233
3.3794953529839526
1.5590039127931035
1.2191225887413562
3.035410678472075
1.5435635306419968
1.3504882081357623
1.3068240716487116
2.236293449796932
0.7229224413646057
0.9482851557446563
0.9586490050759331
1.9482465605611003
1.9418908135176292
1.937264518747937
1.0004208235275198
2.3245084549635835
1.064515252084575
3.574883400999899
1.400573520856859
1.1661816961212332
5.975556990242774
0.8568473142094699
0.6550581770117787
0.6967673986917706
1.1385068942364318
3.243115707186769
1.0905036202161429
1.9922694218796881
1.7413301380977924
1.2249029534727898
1.0798444373833616
0.7020989204525034
1.540746814594043
1.5585377098543765
0.45125511552974534
0.8637192417453871
0.8591100618103716
1.4130051714767562
2.84301913758627
1.3570860777372624
2.149418556413435
1.6526298256079703
1.104853303144913
3.5947935162380436
1.8565663752921726
1.7718037843241299
2.2217878782119103
0.4771646846342037
0.5894177242199067
4.250026274754573
1.809602766285113
1.0366455810818025
1.655749966335092
0.8113366120241658
1.5836732669418307
1.40210220978427
1.550417923806499
1.8330350322349707
1.6792563367560072
2.183284268412059
1.0405529281729051
1.3302468128877742
1.8611851098751206
1.9207025853086819
0.7586514841718662
1.2575139160319109
1.5406289466281209
1.9685625075227093
1.7588646925511089
1.6332260388882658
1.3138616357486503
0.6234867728940547
1.7891262074816328
2.041682835550937
1.792413120398973
2.59533153441094
1.3474907067670139
1.1160691959150602
2.3605363478740142
2.3653328433267515
1.6621058307876992
1.163807006759196
2.7219221916123577
4.14726126763139
1.6418583026973974
1.7898442453653425
1.8877581518521063
0.5958845252900333
0.7611692723335782
2.8549776953196715
1.4201024292717663
1.1029754688249385
1.5015232031087071
2.06770276676301
1.8085358069162554
0.9452229890154142
1.8689547113786456
1.1301380013382492
1.8569366513953045
1.1240751042908004
1.6026894694014984
2.3103480369881693
2.007723681675124
0.9957174793732382
0.9892606833330952
3.0215448697393477
2.54091433281156
1.359983994473714
1.7990938261614178
3.021038487938591
0.8117212430979462
1.3114771678708594
2.477316000147407
1.9130296510230105
2.064349685259905
2.2288861689106487
1.7393655465153903
2.1506816056518776
1.7410355255989762
2.6813801232397636
2.0786406869436123
1.8386239765165695
2.4860037861155075
1.3589878537476847
1.902653249316276
3.5428769867412866
0.6190250289659739
1.1316772232347139
1.3210225769811264
2.93766276721386
0.48052107481270795
1.8011289424319123
1.722920406277214
1.117733071144053
1.8312438481065119
0.7061420539919974
1.248139175872964
1.3973044923906195
0.6995908215024884
2.220234002217816
2.4590219413389085
2.298667971661326
2.128965590190479
1.7591877622684307
4.325640687683803
2.563849039345419
2.518095463346731
4.503055712567521
0.18178351908745913
0.6036665739977377
0.697289542798533
1.926151601198928
0.26718511823944435
1.7032297768465423
1.7607012607395063
2.6321427978314005
1.7969511211485723
1.049579932929975
1.654777880059496
1.6481333669593345
1.3493862366868543
3.273797857480012
0.7019740965964133
0.5118226669446184
3.382004817281999
4.495075761238481
1.1179078084573757
1.4266406576564024
1.6403277709844912
3.5799636138267457
3.2519901219803184
0.7851559564956047
0.6330449999159943
1.0686249435489075
1.1370048665342902
0.7411295041868573
1.6471402268241517
1.3235642667873928
1.1701435103445155
1.4531998986814245
1.189639626159469
1.5172467251518047
0.6130848056274902
2.8310177820771
1.5067273938121524
1.328590636111028
1.6261929856628192
2.774330450438865
2.0139697824326066
2.2861231719221378
0.7555914088967868
4.164772570867133
1.0410424193764218
3.2617605568506947
2.1915693293430385
0.6377499105433022
1.2718288711093058
2.4504229938823836
1.4489429529728828
1.2330025184970672
0.7431712490638634
1.2714183373861103
2.66841850028357
2.262394871619191
0.3446303145598401
1.4808246670860936
1.2273791073139197
2.220031690970215
1.6299763913302492
1.953596558860528
2.214681908408768
3.254324671590381
1.212164158717238
4.899962857496595
2.0779677233155955
3.2312933578870355
1.6201923442718993
0.5598703291399743
1.8249092380190688
2.68220569180691
0.312995766440689
1.530047604994033
1.2195410577735524
3.886656865580513
0.9410251782330112
1.7220205520010794
3.014441557012075
2.2643596652957023
2.0342492129420093
1.0298935344104905
2.5557945337326653
2.980665170587454
0.8084301006379968
2.7451419445708862
0.907949121324194
0.6739955807930814
2.415144993312442
1.0789758818166564
1.7441934184076084
1.381559484317594
2.452887193625137
0.865680389785479
1.8167673056401747
1.9601780742586374
4.281133236100273
4.6725892510413285
3.043514272249161
0.5088179263891904
0.4077616280338985
1.1383721163088756
1.114782520502175
1.0781563324212462
2.9389607974711174
2.505803095652523
1.222978292655494
0.5636395152358786
1.095544994719582
0.7002890498892601
1.2775164550743963
1.3192084696881397
2.7333928467141106
0.8190473089306141
2.796441489713187
1.6620578513275088
0.8645370801482852
3.2648076643779707
1.614441624194602
2.039707666869485
2.260975522574024
2.048217307100989
2.0524952824507166
1.412262196499879
1.4483847666482081
1.5893136563644115
1.4901476568419976
0.7706508913441169
2.630781865866459
1.4194655980978537
0.8989543585552776
1.9157965322348887
2.310126320833436
0.7135762445339595
1.117463636657388
2.3553211661145723
1.7009290189109205
1.3109351304953378
1.3169375253055597
0.7187623176980686
3.991123577208107
2.6210981864810403
2.0552961137593924
0.9264075284789823
1.7586304550491636
2.5818704864769426
1.4812639262971152
0.4012518644854871
1.5950698614220444
0.9072006005594788
3.3917568916622054
1.1879442380144747
2.71492155771332
1.4430689940195462
0.2640105348480258
1.5099157932036735
2.955535783182809
2.5528315181593983
1.0619668473289479
1.0992800180025584
0.7768890889007076
2.525771033335853
3.022026431718061
1.014597129007444
1.910105017111883
3.049996782825587
1.836287445224013
0.5992815301852958
1.7881006245036042
1.6713463072974302
1.8318460753808579
1.723422699949263
1.19304639538863
1.297147848222925
2.438879121720514
2.0771083724867974
1.0779770793052126
2.5060610700760417
1.5774783986336922
2.6599468611821915
2.8704912465601033
1.9354136761474063
1.8590517013764334
0.9337770502976759
2.9133531278189086
0.3891412798823331
1.7391131779362028
1.258685268837796
3.6499047514522456
1.2019017213564795
0.7680371598525362
2.3357110325568136
2.293081566708693
1.4328709303696752
3.223425093567456
1.5722166238272586
2.1174592496832276
1.7885797639570349
0.9591764560703333
0.9763886709038078
0.9166283647842377
1.6009314272437365
2.190954720262002
0.2735962134200268
1.6549649536800386
1.2718324222847377
2.131745594954946
1.2164675764048563
1.0845722884026188
2.721806427652048
1.1945853282786325
1.6522808224181833
3.104977305128794
3.4490161252957243
0.22939553608430538
2.2671451940475422
2.1053764820142566
1.5445090562440418
1.600426561620709
1.9469745071851348
2.624864747890067
0.40687062013908143
1.161354627647605
1.36633100821968
1.7215459301898859
2.334564085720394
1.6351788896104045
1.1429575086412858
1.3900212517267025
3.566125631933981
0.7995401179525232
2.2806593508748945
1.181180957319807
2.9063707966402186
3.8794255218829923
2.465858507541541
1.5655754523523049
1.1916044076579977
2.7321510923954633
1.151552713637091
2.1391217638022293
2.453720519330339
2.167526805220057
1.8526220958076842
0.8010333677874228
2.870903865936106
1.3077164105364434
1.57860556751432
2.16098359600405
1.179148752680953
0.832233134185372
1.8116285851329401
3.3075353904437392
3.134163957814869
1.0660318118432042
1.5177572926495229
0.806414381872761
1.4321492097505208
1.5709962906422867
1.2023144837729698
1.9227118332646385
1.4983942288402141
1.4688470016644921
5.195158205007849
4.400186391814589
1.9708664126425377
0.6934647778092635
1.6489699060858243
4.82147730490976
1.2206361520558573
2.165525808826743
2.276617541634825
2.704485280624951
1.9957483467200445
1.9646668263800953
1.4749705316952386
3.332382592570459
2.9085296584526854
2.2908570647883906
3.1687756006009433
1.4874380861929766
1.147541625814371
2.033484593427505
1.5931984947874442
1.816432274087462
0.7856898280058692
1.713493803978396
1.4354855130788573
0.7538506834232064
1.3907584781004583
1.1083504567803388
2.177548877010752
1.6518406505444996
0.6406935908691836
2.294506188369122
2.5373708852019417
0.8784769458300359
3.817337065434206
1.2571783540342263
1.3235802169986055
1.4026737740515525
1.1860326400766976
2.6659050057948694
0.9804894050436231
1.4679017438589914
0.6243966552607131
1.472784228313679
2.4811386211202096
1.6534085054596797
1.2587950329798765
3.7211736964989566
2.5822982808840407
0.8666349265581069
1.1259421544873875
0.85776958167524
0.7681692744385762
1.4349650558138032
0.9608765524078099
3.668627942126186
2.2554521530021576
1.4263832842756927
1.7430449515443158
1.20028708736558
2.427497998662203
1.8403932831273415
0.9422405757653349
0.5948960105631347
0.6493993776977129
1.614407280727002
1.3674114440089358
2.9476706026776216
1.4607539411100328
1.5135549062951041
2.614347889665943
2.260438403607891
2.5176295912877062
1.9298980856779042
0.7595805690525135
2.8296951250304136
1.4835219288775936
4.726380803603707
1.5035142016695018
1.3683535397365707
1.6099729131371285
1.7514675482034434
1.6260736818101198
3.0424188152548535
3.475667817477599
2.4964845646321554
0.5116206937405736
1.7994423938834698
0.39880310800380736
1.1775895052250722
0.9583757429537201
1.545414352937989
1.2882413637848782
2.3124714705723552
3.2618943233715836
3.030049053537573
1.5571891606100892
1.710105568254118
1.216568374322629
1.4093774073081689
0.5706673056905578
4.41767684691875
2.2218248455220277
1.2549958615802395
3.190594786764104
2.203131769053323
1.2242089229295283
3.1628558981983286
2.9472211944790563
2.090919666547859
0.6649290376866087
0.6205416479711482
1.297059929682202
1.1444440236805895
0.9261269627834331
1.8813113990391612
1.1697864968763647
2.7869112630118846
2.3195455737038366
4.137955178899187
1.8321949297254698
1.2648681535601958
1.5746682293765029
1.5559335951722486
0.9565009324635637
1.9401567774501975
2.343769330890202
0.23552799025157328
4.623431216294894
2.3225752757050726
1.665083583204345
2.12328351119078
2.194884811649701
0.32856791235646576
2.567902609418704
2.170161391677912
1.6742491986120864
2.9985594082029925
1.575179810125265
2.0270983455240725
0.5764236122392503
1.5473345846142335
1.886505307021664
1.6219741486848742
1.199024867828471
1.4096764763695195
1.3545537365166815
1.5726313951868347
2.040408716364647
1.37203519766625
1.4701255908295592
1.4781886550273209
0.9426627521106838
3.1562240835635715
1.9353990792147022
1.1449597155865867
0.9801853880639924
1.9415005406393253
0.5042325337695365
2.4182021731561036
2.320041737411273
1.3716077174675902
3.891319436715482
1.548337394259599
0.5730840810055946
1.37929132282544
1.8339743680890292
4.034791642313334
2.3231170338248712
1.6485921105535546
0.6783577132925248
0.688584618507625
2.726563770928124
1.9689695714758375
0.04574652654098611
2.9606463870985187
1.2670894743706793
1.8178807667187005
2.5466711769472212
1.3174709113516192
1.4190434626683053
0.635091717465466
2.7759135813590374
1.2084916493624718
1.6048840165128646
1.983228252544288
0.8152947791185516
0.6060272743137792
3.419526277685129
0.9647265098727951
3.8526680909794173
1.9406735462475189
1.0120383418709191
1.4945753582199899
1.4202141457228499
1.1837906481309697
1.7345217800186012
1.0600017493221376
2.2883286750204372
1.3159764834176466
1.1472530936566299
2.433703878315675
1.4739486042038503
1.448178595233725
2.3804930657039867
0.5299041660742216
1.927958205515012
3.1132609800460065
2.0049252360695298
1.5439366926619051
1.479741252377094
0.6232697732051199
2.620877845684266
1.375079675471151
1.3551452503904742
1.6615699017876968
1.6058691057319707
2.5166570417320635
0.7531140688742758
0.9098358957834651
