0.06455799933189561
0.050208105411749665
0.22470553232349882
0.02797527852490079
0.17013155278281814
0.03785007994004557
0.21423922646152335
0.07954289973458145
0.10569306344853277
0.01886739818096084
0.10658204982846148
0.12859931672644764
0.04345433336484914
0.02593332409177459
0.06578290076403503
0.2168586516380276
0.05075748529016839
0.0536450350018223
0.14700379638391978
0.2141091732227598
0.1701447090470627
0.07240056494657239
0.05090965522846973
0.10644159658476535
0.07807880132270702
0.1965704750300944
0.07672147773392936
0.07731374965820433
0.1873218772753442
0.16117510790575595
0.10973404323766685
0.12990100737275329
0.07186551955797364
0.08924815396902919
0.07703164805194596
0.0994092760205924
0.11466528964521738
0.1397095543833662
0.09562417714440635
0.09234052061469959
0.20594188038520214
0.11754219656360536
0.0956065470623636
0.06596428941016698
0.1213924719939264
0.14029839072452144
0.01898123390921535
0.2377427085330485
0.16022209929644365
0.0612055835315665
0.042714230895849525
0.030538943761299193
0.04727252437613228
0.050152551886742766
0.15052680214170272
0.21574110416369574
0.15687852428535395
0.18108369847811645
0.03743992265829199
0.12106132421338117
0.127308998353413
0.10407583000615085
0.09934400964428616
0.21780669228576957
0.1351902992048859
0.1134298308182685
0.03171819573315446
0.05340797503907019
0.13148746907098735
0.09285975152736409
0.09440409157219207
0.11606692176076365
0.13369067721456968
0.07443975781921368
0.09212896412617377
0.057584760569054545
0.08131391531825576
0.06775919821287144
0.010698855003980346
0.11248684106930265
0.03447692915786639
0.1646872670992649
0.11103015580042325
0.048146272538239776
0.11990523095077316
0.04234187392572363
0.05610037891171156
0.10244037106775127
0.05903066684221333
0.16899192922390185
0.09653279981313308
0.061955627517090675
0.1378618972559807
0.2324356689293605
0.08781289477241336
0.10080959511705803
0.035292964386335605
0.13975393054492444
0.11643673350219919
0.22104551292259209
0.04260168803850067
0.04935613952556246
0.1520158792665545
0.19336098924876854
0.045572188265515574
0.021608343376689012
0.20161746740760655
0.08271718975023204
0.13077906664044936
0.04307924248641361
0.06358549143437554
0.037940377860655884
0.07896084056699779
0.0849486825235541
0.03886197288998858
0.0851164336493718
0.11302897521463781
0.08997332964789898
0.035196516059423456
0.03599919952187798
0.0583126129818005
0.05690371306366087
0.11147843703325508
0.16227469436096026
0.09211805201992163
0.21207359640657766
0.23604344433348415
0.07442293491671167
0.11152245285161834
0.0632172225164565
0.009901241094290284
0.04209067834794953
0.15819668104514062
0.1075867663351549
0.13520431979958633
0.1754986901415197
0.04902269664594521
0.06612788704143686
0.11285026952934386
0.22883308513281886
0.10480400646640155
0.03440660981019382
0.19839243738470155
0.08089113573727139
0.09420436095169563
0.17853961737238605
0.13264007731267907
0.10582174148142366
0.0627261080429342
0.039977760799385566
0.07958679011814912
0.17746718707239
0.028322319078730413
0.11135782233889324
0.0686658950221349
0.06727243923066058
0.06069375410763326
0.11179895817357556
0.073399672946289
0.08124163750954276
0.1532039438589758
0.1253136353940955
0.1073252656419735
0.060497469232168116
0.16716027318512452
0.10307601203735713
0.16891052017578087
0.08965531388316608
0.0889406410024554
0.10071289598730716
0.031996597727472605
0.036727576146598405
0.006692237427076209
0.11256813913498025
0.04026801378467881
0.1967487073061541
0.08284764030738472
0.11541150245345223
0.053449301564947205
0.10280969283793648
0.04720051509640589
0.048080564005691995
0.0676543629263075
0.035958343548315425
0.23108765366591216
0.24550857540481813
0.06057237974107096
0.09775609571676314
0.12152207488213249
0.058959696005002456
0.10064634340138778
0.17137949259843005
0.07030444429941342
0.07885076346193279
0.03806562971792603
0.07240890860598881
0.07463321237005889
0.202125024706454
0.03582215693951767
0.07665673731187361
0.017054092925210873
0.02057317986558566
0.08247439959098143
0.028594692534094263
0.04440285210541576
0.22886258657164185
0.06563974956046975
0.15028613290979884
0.022598817773034362
0.15586019707098767
0.058065624527569894
0.051709256571459035
0.18402705132444594
0.026167774150404388
0.05607573752331078
0.12252474432891347
0.06260647764196788
0.050360315150756625
0.2369087725120746
0.032305246231166214
0.10368952625252535
0.08936730332496538
0.169814401371748
0.0818949472973454
0.08515275894624398
0.03315830237912063
0.18999527602359936
0.22370158204940688
0.18762861358360747
0.15983054173656439
0.07588340610257929
0.04145727905409251
0.09500783495784479
0.11953181648855964
0.08012515521117727
0.04325201330157344
0.13026658920779752
0.05194648845212122
0.09517761149566935
0.030091431508637554
0.05642758383607419
0.08339486368415444
0.15270990913196988
0.2543553320297727
0.0785229834010455
0.2050837872943226
0.05592798424928731
0.17668503249233114
0.030322770679618385
0.15665596318118355
0.10274368077369647
0.06223720840898619
0.1291599543834759
0.12762468281053949
0.03804168971100804
0.15057035043835967
0.09880205389817498
0.15835864053916127
0.03524949628493864
0.24245865157641702
0.1608695739631467
0.02352866406837915
0.049480207532321324
0.044959270085145796
0.06231468776905425
0.09107539998809279
0.07713571952990557
0.12110114974165655
0.12042466095171393
0.06141952267598428
0.062484909451784795
0.18943592117465224
0.10752470610705249
0.171971466158647
0.08426301360205976
0.08832251581205103
0.08474125038343533
0.012779941970127665
0.12923672354369653
0.17971245042084524
0.10637962666881613
0.18249200879450844
0.09011735232584796
0.02218106262486056
0.05020624053393193
0.010019554390161146
0.06962448407849402
0.24297983229852305
0.06584458233890032
0.132713018848839
0.03765706267558103
0.0713059617581772
0.019274646523510068
0.10296790454607546
0.1451355147319935
0.14800775690110635
0.08093047824393153
0.11141372920130703
0.0400345290407964
0.1907791470391203
0.10036434781171641
0.11119475320377899
0.03823259012887787
0.05268294803020149
0.10769840433332575
0.1055728926194937
0.055417858668941576
0.10249075820696125
0.05225893024246671
0.05551257611883974
0.10058357147181056
0.17888777230378
0.1494800691331585
0.14533114043391293
0.18018085347347815
0.05083626586607756
0.1278744004512346
0.1011653212349595
0.1504411937214827
0.20914002983967203
0.021836463198106004
0.03271086449695645
0.1068752641420373
0.13042146643628497
0.11925339866207696
0.19097847549536145
0.10120420112909609
0.11351127009372775
0.2160142412769653
0.04956068201119978
0.08492546887517567
0.15896064224333473
0.21186464852457879
0.10012720503492954
0.13865234814022412
0.04428874546290094
0.11792588946912778
0.049040976332113864
0.2012412095100782
0.0148831143312631
0.13045180069652035
0.12072605257330787
0.02888029031030955
0.03253375549258252
0.14783802306093569
0.02027196877930829
0.20876109904309098
0.07652762077889656
0.0682700796285086
0.02659014683935882
0.06681643650087235
0.1411913197614433
0.05812943777111715
0.06456278546290797
0.12998118178709828
0.09218071598770543
0.07919754348887191
0.0360038797049544
0.11119674881959249
0.06492108511879026
0.04934417812753191
0.2696951843992677
0.20394400272332597
0.09779496006057758
0.09363007828247726
0.18119829785264663
0.04918784879205643
0.1618859233258882
0.14230234184290808
0.043987869318864205
0.07906883006741612
0.07730610096994758
0.0521938794352522
0.03316065194197199
0.11104124034656915
0.19061642217578928
0.12198692005805947
0.05183751617464309
0.1036958797096203
0.07814854840567984
0.03342842060984726
0.17366962242040743
0.05025020266275732
0.0639177300195797
0.028197261166735883
0.12643131955231732
0.1532839930982936
0.05110298641705338
0.031837056483251094
0.08984951884054308
0.02077030401271329
0.18639662448292402
0.09351808250803209
0.033492839229574946
0.10863383634712585
0.09356254742809979
0.20296521729729947
0.16981344177968455
0.09813841851537866
0.01677253751653718
0.07348054777207352
0.7298400338666774
0.012076548111327069
0.060895439811849875
0.1396529011386408
0.05394084877438348
0.09927173561102393
0.1718443236628624
0.10557927869862238
0.14699500770933174
0.0675815408088806
0.24279830910850966
0.02571657727848374
0.1317672043866616
0.09882066714233526
0.13491608928161197
0.0979160778820883
0.1321229339821973
0.11191778648215937
0.15528300185776858
0.10426916836764444
0.039159314162983704
0.10427481901830828
0.15192934862395105
0.11895497771438208
0.09738089182811836
0.11068012328814013
0.06472183070417735
0.03818644607964799
0.08895663978181124
0.12594167453433716
0.09088128362667391
0.1394637658373527
0.24540822028787007
0.16701405431888375
0.1723957855151598
0.1392684113478232
0.06975460992330201
0.09595059345631748
0.09953546520555655
0.1410671583832054
0.1065056962815965
0.07291829124593788
0.155806094589826
0.03378468970174604
0.15972400866273703
0.10203700399114826
0.08157912809883264
0.060846565150139795
0.21031600226193925
0.07556161687124359
0.08819711761021322
0.04950711901197584
0.06232743303319495
0.11568776862289064
0.15375547731326294
0.01688030335930171
0.17449179039769425
0.09684524657985968
0.16844537950191052
0.03469928207639484
0.19435112453973816
0.0779545080204397
0.13955523953548551
0.041876509597822346
0.09212990269548552
0.037817082859745575
0.10473240509924113
0.04048377577512439
0.04967338989766543
0.07319118090923589
0.10025085777129462
0.20931454683788633
0.040769437143306324
0.13738486785155923
0.19278103691503282
0.07739410595502288
0.15377986922769027
0.13741115377676916
0.07341803823692067
0.1991799275928519
0.09296911904785304
0.13899195220211316
0.14295188381963705
0.06694071605759747
0.04096407381807428
0.20990115667321046
0.049196781900354196
0.023709986428521273
0.03437041939146366
0.1272485289223734
0.02746344642970194
0.11420915844042663
0.016838855617346684
0.05277565854744074
0.02767434347439728
0.1960942894246864
0.07447370295969112
0.12489287547102411
0.19335367305877182
0.0979629538368859
0.03552614951772321
0.03644559725840233
0.0741184319851111
0.02184616046769915
0.06568464307244243
0.15271340569525177
0.035200106752273815
0.1502774198729212
0.03740750201478035
0.23177106465053107
0.05793636077880732
0.008916153100830777
0.0930017752699291
0.17219907566172868
0.06639046584926428
0.05826489486689693
0.08662915993596058
0.03353918874338348
0.05005720023773571
0.17725143826496878
0.0810022184146708
0.13799901976255624
0.055900797107618215
0.16790245410422414
0.21611719987564806
0.08280820844488747
0.06961351024041136
0.19451415396324073
0.07069476561449052
0.11076343848767872
0.08733304690052847
0.03957256960154306
0.10536356672599448
0.07203770569876303
0.08109359215438217
0.04495533211998921
0.15054517432715975
0.046783704974218895
0.02275247233064232
0.08440871616438775
0.04376487172872235
0.09365421697141287
0.020626761254459475
0.21424847173897557
0.05224720780698079
0.0685381970528036
0.10202223486991
0.09249400167561951
0.07338148139692903
0.06352453658543472
0.09929155733809214
0.07717754473365901
0.039302157311025286
0.09591777953739952
0.07229176994043966
0.041956898992056756
0.10191839640295275
0.17763539861174732
0.092824851786768
0.018575301912064055
0.19363927418807958
0.06685904306643982
0.2185037141363182
0.13859978342412838
0.07408300009976296
0.09513179369143901
0.0722240709998846
0.12686470786533713
0.07497014139864289
0.06835909635866427
0.015493330271158933
0.0362643021484953
0.024031766442277495
0.06355782671829156
0.09283714319560053
0.07761537810182478
0.10804120839170073
0.09802986414703223
0.06301653344059803
0.11563685385000019
0.03918544747638175
0.10818545351075019
0.20568865078746518
0.09954014138306659
0.06454530064557078
0.1920002956449974
0.12738964278460557
0.2142957886057578
0.1280966353269444
0.07663953485415656
0.09589904280258721
0.03662474175660692
0.04903474341731265
0.10663605402429562
0.06376113704813069
0.0321564708520636
0.06367219135990322
0.17136959093216045
0.20085140470463436
0.11129494486138788
0.15664137303671916
0.14085521453830654
0.12472733268216998
0.05588558534178908
0.09025611893735443
0.040667637755043506
0.08135258211124967
0.07804509835528581
0.06423913929470422
0.06331448626103126
0.14318915007115193
0.14893048696673925
0.18743627524433407
0.1538398335845811
0.10647835287316464
0.053932458628969546
0.11172833255125451
0.2319776195435656
0.015766930707134096
0.07807570584445837
0.08570962214537914
0.0697817578142289
0.18509465464831523
0.09347339387926881
0.06516975288990338
0.1328491781029791
0.16887577585511665
0.22074542687672516
0.1623837878476299
0.03330134155720115
0.10819782541082971
0.1559464361467204
0.07081797934713711
0.014355200301782318
0.03417590100739098
0.10455154658381632
0.13509633947270575
0.08349106878828207
0.042232010677454475
0.046847817189079516
0.20722724801356737
0.11202571218842261
0.149077932280583
0.08529751685215692
0.08041852287234785
0.1561989248477436
0.060484701531278155
0.02271138041767662
0.09470060680200292
0.1689863842278117
0.04325296671236574
0.08282846807450557
0.13741568042595736
0.03374750367720662
0.10246432001359419
0.0900901032037411
0.026684716707672394
0.08497717977371542
0.031195984244583978
0.15184370770331268
0.16772064823565916
0.11267872869053956
0.021043386160656378
0.12004824139592439
0.1953031383364442
0.18936649682882967
0.0579083229454618
0.06772760585540226
0.038090076637421796
0.09442037681629419
0.0768926129498666
0.05700601952763441
0.08122086691252976
0.06274289563250837
0.03088162992396132
0.04919365091726353
0.10144970827451624
0.11999123076945184
0.1979943969880222
0.058308841468868694
0.017832507178126948
0.0710959504717843
0.19214444898776478
0.11446495524290749
0.21475870643791942
0.1270944045651296
0.04347326857132175
0.106335444042784
0.050691506825792355
0.12629598803758094
0.09023848255770951
0.08282175123763573
0.13220964275460498
0.055565764601280536
0.11365574498414066
0.06112537862572926
0.22133611645876997
0.11982077627320577
0.1801283693572913
0.08524404249903778
0.16845857701126973
0.05783881258107248
0.05999358436852053
0.28159618244941476
0.03275534429367829
0.09574061747401434
0.08533935414958448
0.05878935284873557
0.05656017256062907
0.09884613207435318
0.0874036273440116
0.10912627892890538
0.08376539108745948
0.03748244427608369
0.08263450483801686
0.1882914863832933
0.15778645291703083
0.10414676011086578
0.05678624140535298
0.04351398727316771
0.17675990920595905
0.04929682334341985
0.10138018024164809
0.12166270310989713
0.06665892287188978
0.0889408552560914
0.16033886835699088
0.11919154051598106
0.057749744664486014
0.13465056599795294
0.09602751238963979
0.1206741027978664
0.0895190183356833
0.09945413767784664
0.05885805547297972
0.041511158534107216
0.1388361622857814
0.10809838239630809
0.09390052064373952
0.23265046497989608
0.041072049838099284
0.0751676322257234
0.20416253154955574
0.011741368452286497
0.06116362959717483
0.1273647131124197
0.11176323152321264
0.05404299367645455
0.16798655576962035
0.09268597866619062
0.037810889810581394
0.12096946651694768
0.04248508016633968
0.11225493691008863
0.17560668267403304
0.14801238661895463
0.14114160012799665
0.19630686438090822
0.039628852204056444
0.15442703286213427
0.057006676888108725
0.146164629640082
0.09643170890171286
0.12177687383282919
0.11217868258141298
0.07697050107195419
0.10809719857384444
0.10355577185245833
0.11972637979304536
0.16439377259482138
0.04148186659314376
0.03609160000132236
0.11908318415713608
0.23899042340317328
0.03997502369093158
0.08993359655379211
0.10691261606763217
0.07997748225882206
0.11526408626110173
0.055865812390626206
0.05025100011821766
0.08786468915673751
0.12394514605114548
0.20226983265441012
0.2146195181792129
0.09040543338688826
0.060380387514975695
0.12948352522312953
0.06262007402914403
0.12334224992380556
0.03943722144569994
0.03125800465712547
0.02958011849915076
0.06323986493604243
0.16773175264493626
0.05852730144452784
0.10415808170742412
0.08527965738404611
0.1342823493017677
0.09742790979738339
0.13976776930252932
0.21262824374456224
0.23758683318885607
0.04284890288979472
0.11778699934433169
0.21810264497505538
0.11330171960534668
0.05861065246783526
0.04902904248498646
0.07213877522344565
0.1368475024963137
0.047891143653690994
0.07485579752758019
0.10366167483431078
0.09376745164730584
0.06760655351754649
0.11533022222498614
0.09385737807452356
0.15168273390986625
0.061245895442711355
0.20570658689638704
0.09731576530949541
0.13394630979826014
0.06380434934288633
0.09548684147013677
0.06268967969129965
0.11840907698606475
0.16751271966653683
0.22140241600801844
0.10798035091154409
0.05749202315842852
0.052408650843200726
0.10197874015819942
0.09912573397651574
0.08566904246741662
0.13390937850540618
0.126910383830608
0.09386555492099002
0.19769088368503715
0.15903566591101698
0.15015505590180167
0.1520370449271065
0.03344032664476376
0.025326533537261015
0.03101258529056455
0.061892283023130566
0.18034269569099234
0.05103541479315799
0.07724686368261195
0.11008177584720423
0.181979472494158
0.23589225275424885
0.06908682838130725
0.11513725402954024
0.14302172733437615
0.08751420826797489
0.12753385774979437
0.039106224791402536
0.138799712190415
0.163606515842264
0.1967730632456344
0.05516926893668256
0.09811490410905689
0.022282933089480463
0.09720426929492298
0.007530095676373551
0.16785912719138787
0.13068324983148885
0.08739135570702637
0.07462029829286779
0.19790156990639562
0.052908161239359014
0.09667898746892503
0.06976705082451791
0.029296890610833046
0.25702534486647566
0.07803641357367169
0.049791758590841506
0.19140384971329438
0.19927838281866142
0.1670606836127924
0.05806885744157249
0.15406859030141393
0.07686705128097951
0.07136919901194214
0.1656087319002073
0.08040602675046295
0.05790628617198392
0.05281108266420639
0.06998688751427953
0.0432091757528621
0.026678803067109663
0.09491919893644764
0.04642398235588403
0.06841417267341673
0.07659778851721562
0.08949339366220727
0.07693323885539381
