0.24717441404130167
0.2146269975510778
0.6637186384866731
0.18091090884431818
0.154806013631428
0.16734895811212538
0.22252059035652627
0.16463571979035008
0.33004197406271973
0.38803665978682206
0.1674587833242424
0.1993383822214492
0.274313881012782
0.4596478584044048
0.26979845610214365
0.30550349202673555
0.1589899150248338
0.2152531845562759
0.32143153191260687
0.31436198660681997
0.2384653845064101
0.18195495304122808
0.18999085771487145
0.25937100789441825
0.20446776620762808
0.3016310295909905
0.6166895675956634
0.28671632670613034
0.2882684814728998
0.25677956196925134
0.18854204412236397
0.23281987211480912
0.19938750527697133
0.19806535947029566
0.18559124923515166
0.17637454459516239
0.3614639687643508
0.18843592539925302
0.2294364265621175
0.15460444300273382
0.32532040192183537
0.2932951771200801
0.1549013152058189
0.31523685268332746
0.23932879938152646
0.3487526284914359
0.22183866907515715
0.32206499643662156
0.4308863088333783
0.18380794327038244
0.2286238830482721
0.3038017437507351
0.14277998622467084
0.21422815427160508
0.6317620034981389
0.3148953375580446
0.29196787494618875
0.27366113505109585
0.6470036462928931
0.25950114292204557
0.19503909873045142
0.2054772701132381
0.36426883600131243
0.3468391128890544
0.07615045660533382
0.3900480357594312
0.2055395305445918
0.23209730102568754
0.17043526002918785
0.20736863894947485
0.3642419423047456
0.12379609593318613
0.17869150468250591
0.3313250838469188
0.18814412139196465
0.17146851916516062
0.23985011274668588
0.3583478388081322
0.30491136193600954
0.2752905661980133
0.32713575400907874
0.33576205610252174
0.26390819571841084
0.3682808021025448
0.227489729231845
0.5673068058812356
0.25315720035082134
0.35166500235273535
0.28253684063749
0.2854604046918068
0.2088347440497612
0.21781129300001353
0.2959214535951389
0.20292438755793898
0.2788112184116851
0.5516383235873653
0.17756033764444815
0.44844608039002987
0.17808214512261955
0.275021363673078
0.2799517476819546
0.17583947816319284
0.3260304295888363
0.36596820482004677
0.18181022416918993
0.2233068820856041
0.22981857367003164
0.29806629229711196
0.17293087379666383
0.15153756086321524
0.1962204296690418
0.23830456938001593
0.3437297312392859
0.2689949476238467
0.15499286864142436
0.29004857722535676
0.21970087530355634
0.19993003995660116
0.2520589841083833
0.15341314019188557
0.16892102165329625
0.2660395284731806
0.3423122269140776
0.5054058883770595
0.21374411072618538
0.3147834277222717
0.434862314647348
0.21594938222026008
0.5077916951992213
0.2830421153162771
0.2755260209108902
0.2578544784229736
0.26432059014097703
0.1871693193962333
0.3014002744710364
0.2187342680259477
0.20569255509602768
0.20636125666532387
0.33682060460422264
0.21170967212469033
0.23205592347182807
0.2587467243336494
0.17856152422072283
0.3099631595681405
0.27602925864375755
0.1445760232519466
0.18446842322242227
0.18904483264073388
0.3108232876060597
0.24542517188697846
0.2052038620306883
0.36109912975031916
0.2653741050522905
0.8777375563655708
0.1796276266656528
0.1359051271177078
0.17685811803967091
0.29799902390317895
0.17925300023402305
0.23464773571637648
0.1640616594182374
0.18183049323666656
0.2891871072607095
0.26244220769086984
0.3310032493930443
0.2203207761937246
0.24422711114200654
0.21069339756474464
0.19704587031612783
0.18709619334784147
0.27008676894560935
0.27286662579229776
0.2416828087492003
0.15656563120902706
0.6797846168267117
0.31448548906198676
0.27413213201131553
0.2570387698983704
0.21375061900801168
0.42088569616684524
0.21473445541127412
0.18560984950568213
0.1547268551454438
0.3402945339658734
0.29273648680627745
0.13944704566415378
0.22947762928997048
0.17332599928514508
0.5195741319527075
0.27767250784921926
0.151545843899946
0.2516396427155891
0.23241866948240752
0.30021079542175017
0.6871001507549308
0.22345447178642003
0.18063226021889894
0.16939746338602837
0.17088770783509358
0.2392696516677958
0.2200679935201032
0.20806206428223237
0.14713132061894363
0.384597460889378
0.21060544663932798
0.18483967628362089
0.19554539048945385
0.126100892177735
0.33134964892399543
0.29214823904857584
0.2386254687867371
0.34191274112036196
0.19753605856837675
0.2607384206831221
0.28800125963300804
0.21917192987240086
0.8967709646325576
0.2380952165149889
0.36985120185324233
0.2884466025548491
0.24682892741278228
0.2649099041617458
0.21265312920113655
0.45427300156924344
0.2268165923851563
0.23609285568361466
0.2056486704255339
0.29908288195144456
0.24620042573158812
0.20501357815238896
0.2634240073596652
0.2264504318152081
0.19935762159489395
0.3315201430201307
0.2888153891443035
0.4320119196404227
0.26766710572043767
0.22565552452585907
0.31627238255768625
0.18779163813804112
0.2532506356515446
0.1652905436824503
0.38912785915834935
0.3099177682436105
0.16049588965692174
0.31171685457857956
0.2610099600155182
0.3357183892474644
0.17409532689794455
0.23841331163201268
0.3252135034598556
0.26231725756458424
0.45646637471454266
0.30480275439854565
0.29960891878786977
0.7293029820819306
0.23319470634844508
0.23262081737578372
0.21554698493279328
0.192772034964826
0.1690722978597407
0.2352365103881325
0.2647855090452876
0.16677639543017436
0.22582216099409733
0.3447128859037068
0.33097570139464133
0.34025886817629875
0.16668275203308736
0.24882701717939767
0.31613746506395685
0.2170861561579484
0.1664549972092752
0.28228181835205046
0.3066868057781023
0.20614717144312625
0.39252544532333716
0.2457078764131258
0.22384092794045224
0.28291946983858623
0.2053372121540836
0.27123908804603325
0.21860254138285826
0.21212207837739627
0.2644516163090457
0.19296610936461256
0.1622616504917188
0.2188949008158037
0.20403003991434895
0.1671103040708315
0.2555981694011733
0.17459869369939407
0.2673932507695334
0.32411048173491996
0.36535108191078863
0.22533605789438518
0.2192630069719094
0.6113812472761876
0.19632264379370196
0.2152695669659536
0.19118209007948164
0.3116609828144868
0.19884121784494882
0.2179446155241973
0.22255127721458173
0.1600177365696589
0.16786301065981768
0.1736474621986689
0.17765118360899462
0.209293000360683
0.18946434303353393
0.15080631824408583
0.23566753079269698
0.19042802363428432
0.33993414795983856
0.18989609724121456
0.20272898962987673
0.31720843897681084
0.24587549694002295
0.38500262910510524
0.19312952479798165
0.335568628447276
0.2996854500961974
0.1033391033769882
0.22647135923246905
0.3450772250090916
0.4067530569015694
0.23466802123794053
0.27487081247183637
0.3256800882974854
0.13419408075465666
0.1634854326214865
0.2724152897336935
0.25798904749371687
0.26633130205947136
0.184720076047554
0.2741954171459306
0.3312783209597551
0.2658872821997839
0.1653298643528708
0.2520872463286881
0.19995308594877048
0.20816343657613565
0.2631490934697342
0.45625684998240923
0.1988348984010057
0.31262792154532354
0.2936244642344305
0.21801058916962687
0.19019415694699696
0.14278984210271278
0.3110824245979605
0.409494023210571
0.26066754104284645
0.19155731843360857
0.22990549238404656
0.474031631053622
0.300543645046173
0.15411478605822967
0.22775387098685132
0.36403130807689194
0.23205614462497962
0.26680657193092244
0.22369383784510377
0.30012422240802494
0.43015205107717813
0.3438709596722641
0.25433547794101974
0.19047661873073313
0.24992229760906848
0.26281938065299265
0.27698800722294675
0.21831066434082844
0.17471073941181944
0.29148420157019095
0.1751494727828082
0.29723630831923664
0.2347128432248991
0.3324515761366069
0.5596008738500297
0.16802313578364386
0.18532446204682554
0.2061461066191092
0.22618927157311802
0.16862936000325462
0.6607774797869772
0.5206098082063094
0.24748187676589928
0.17747013716245016
0.21995814096692626
0.27104251509256194
0.2876182605782091
0.2808414315755939
0.17344862666241215
0.35428292673486
0.3825648105079467
0.25846515344164783
0.5733814008624967
0.2259909943698665
0.38255608907670086
0.39450880075776257
0.6552256626340053
0.3340023140196838
0.1853374420499405
0.24143045897939522
0.18512600945264523
0.2425196189161273
0.339131286996994
0.3102711986619532
0.15425353048901178
0.23032648396919478
0.42348889835260095
0.3053249843517802
0.21724431459903581
0.2935447466115812
0.22453248553307964
0.5555387510944152
0.15555298599551015
0.259231540581232
0.29627304108701913
0.36534487715451586
0.3232263744454201
0.24658430303975426
0.1590297042637795
0.3810129488072005
0.22934114670878827
0.20323355502306914
0.2001938561379539
0.20620318615917718
0.14652871261766032
0.17414678540029296
0.30617612516734133
0.22081146305130284
0.29415338889568166
0.1805816149097948
0.19629913918176548
0.22427330854835018
0.23734756582789215
0.24604333447267196
0.26331229617606966
0.23616494675428948
0.1885526721149261
0.17802089291566692
0.5804892748016002
0.17556160363713402
0.25193421775129615
0.15639331043225255
0.2591283845433013
0.2285041380252784
0.3245159944467352
0.19918600307542317
0.2883874203803206
0.2661757904926055
0.34729715318141036
0.1810924251522151
0.18556083428928805
0.1927569639736504
0.28615584534590705
0.23186033536628686
0.1422995010876946
0.3351992244299988
0.2879401952638599
0.20517102946800375
0.26186451988913556
0.1910525423335692
0.1823260226290803
0.3794510402001428
0.17411777574888515
0.2799317847543293
0.168151339532824
0.26136343175156374
0.1605645491023591
0.34919721087166106
0.22818903351030406
0.18600136325613134
0.302516997654492
0.16155853392212957
0.163574247782606
0.1986824067569561
0.17387902745629152
0.2530744688174707
0.15229198426459975
0.21229471946677478
0.3768560443757365
0.23516331379014374
0.18574113236874287
0.20537903885812941
0.21091686953407232
0.22051679777456318
0.2529979822975258
0.2195010337594534
0.3691015415989869
0.2114632326773501
0.22760200260225283
0.22317109875411484
0.22336361249569892
0.285889224950343
0.20170104958313967
0.1885280432126061
0.21297322705961136
0.3259151981194639
0.25671328540185606
0.24460820200302735
0.2663386854407179
0.30772913985681793
0.18218232764288725
0.1797083944346853
0.1858072752058755
0.25004777670359046
0.2217792793986523
0.2611426519986176
0.23313156161687637
0.1619654121131085
0.2784193247714771
0.3130461345321592
0.1889182310666745
0.20152393730225382
0.21903840779260972
0.30000590091168483
0.1959851563577869
0.511280357431253
0.35070729833839576
0.325362928632182
0.3036824967899196
0.27845121120583566
0.3211878220574971
0.226484615524171
0.16179810560505115
0.2560331582893193
0.20592493679006513
0.2166094327985307
0.24080826811430284
0.19790122192966408
0.15267697260455168
0.3071746102493951
0.1872540703724958
0.3981333532809123
0.23839497796563816
0.20505670308499116
0.2915978338398055
0.2887717094872812
0.22499396168359287
0.2582491696459995
0.3057439728166148
0.16695893658608302
0.294440768118799
0.6442516111724745
0.48589299716636775
0.3824181216918091
0.23356219428122948
0.4121611464947536
0.31184514664006346
0.4598138012419677
0.29682564395986405
0.25023579577207056
0.18645232790688487
0.2527885952871558
0.26759859965536215
0.2463911839244262
0.3343421009919709
0.267421554790806
0.35676275288824805
0.1853778513499101
0.5152682070691036
0.2342489147613701
0.3341790237531781
0.388852560438902
0.3915960295844089
0.29306144833824954
0.24405074868668958
0.21836653792609995
0.17591166505672334
0.34968462087789487
0.21082178770561152
0.1759406814116523
0.33644546078628307
0.19120021603275436
0.24897792937565913
0.22277663521517363
0.1627023055469708
0.2471609152253616
0.3626209346271859
0.1565918389981327
0.1758856542514651
0.2290022060841028
0.287037433206494
0.16699028667553095
0.249278843477295
0.2869009898589887
0.19932355339455782
0.38121598293559317
0.25405757931590384
0.2014694294759405
0.22860507905030608
0.18154905587448625
0.15801592837106038
0.2629311087798708
0.34936114047234146
0.32586422151119154
0.5793124952927365
0.5733394786823198
0.3316862524465537
0.19905947059893145
0.1911440111537603
0.2278373782343104
0.2490171368606436
0.17082888901434176
0.30100865631892404
0.22939187486741064
0.3061651094381088
0.17805800890704002
0.2184675685523825
0.1751269121739756
0.2141594224643575
0.19713460900089935
0.23269482440232228
0.24778492017901316
0.18297805794827318
0.44843196318409057
0.18972919383733414
0.4404186959961699
0.18408585796263546
0.1987252886065422
0.38032402377905106
0.17734935938030005
0.20251260314520042
0.2564546754567482
0.13613447249980107
0.33283696962425435
0.25607154970271867
0.24134044989417067
0.178792191200074
0.18051001721559146
0.20718412015302504
0.3952439419913928
0.3009805831768784
0.19423796409460187
0.1865394996258687
0.4127684882569499
0.24606984496385576
0.20542242332213947
0.35174646482800437
0.27151841132549726
0.3260170932184012
0.1615982284590793
0.1855505869076094
0.18089598002749604
0.19069276442695327
0.2812053167981397
0.30892438061699035
0.31803764607958374
0.2505568943334851
0.2113008842013351
0.1729358498414909
0.2814710468581339
0.1413650659281551
0.3124221067099651
0.1762407566042486
0.19137333418202646
0.1515402996633773
0.7226091442106901
0.2332476991019362
0.3058769805677658
0.2968920560934136
0.1692357686627848
0.6034791229543321
0.21955053033302221
0.3077762475863629
0.14167668749043189
0.2744928918086611
0.21895096452463647
0.25065979727437504
0.27130417274981833
0.17753823510991
0.24962988256526208
0.19336368855718059
0.2614340721897982
0.5375939261156947
0.20764899436885925
0.3546736500359004
0.4386778749327673
0.3029724694361808
0.19295371934739186
0.1884648687822444
0.17473491889572318
0.2742292169377884
0.21284845599593
0.31832727097995817
0.20792954129834484
0.1455504229065995
0.4121022563477113
0.27052758601968674
0.18561739423940765
0.3958088778438914
0.15465271111059
0.37932310297787525
0.3809880586052888
0.2818028474091073
0.2076725003154989
0.34696685933647853
0.23115765643547873
0.24083956572964635
0.25778923523897396
0.1629501401348428
0.3186426943116908
0.5189580007981156
0.16147841638778
0.24952538551613548
0.21618098645311307
0.19731933128509355
0.23938309971997615
0.3342371274712762
0.22710204448721263
0.25243450681001844
0.2777322726511661
0.39158566891327873
0.33154286633516994
0.28045607024994423
0.23764984188137608
0.28575408387263607
0.2517587209456903
0.2397840507689467
0.3020632238936326
0.2881963459832015
0.23472316882494612
0.8976492835846359
0.21576933982690427
0.23889705973570827
0.4747820306989249
0.568154400921392
0.23879715176296873
0.20848469454365265
0.259919304419977
0.2543698843845129
0.4263342380408087
0.2344010202650301
0.22747882644747316
0.2899935955347397
0.223036246949128
0.24289499920145377
0.18351694108556746
0.18352207886715818
0.15995690310186764
0.5161665481680904
0.321874602505916
0.3732224857932209
0.18470394925407235
0.1421665863132575
0.2020556619485092
0.2383460184460738
0.40765925448718776
0.2144927189453357
0.32818989286986167
0.17612449614760223
0.26141170532997887
0.1920044458234427
0.18795970453540128
0.41129810538790806
0.24580549512508568
0.22732620743127058
0.20905390150886094
0.2666571808039602
0.2214887494446045
0.1732750041582348
0.2313976901173829
0.26172757883821574
0.21769298007605253
0.6112686396982534
0.3275673613883891
0.20608701489762887
0.384244420842147
0.29502539792839655
0.22431875689666717
0.1959872571712697
0.31092424107821115
0.16269184635619036
0.14303844117194892
0.37104267267913044
0.2881835605176266
0.2665474254744879
0.18887572506511474
0.47881451912485834
0.2703440095810951
0.19468533758920933
0.1497332128741175
0.29898209027100225
0.340405282109922
0.30703851775637625
0.25102829666162757
0.22061775015707838
0.12155234061753585
0.2458243684116142
0.27902771289889955
0.273198273369982
0.3750692808040339
0.3409233379550773
0.24881451220504372
0.20127458799213466
0.37377326831689833
0.5245585886997969
0.28247699896795925
0.18026384243693436
0.6295963188170705
0.29187556293744854
0.27881502276704073
0.5932076803226324
0.37684823747416646
0.19761687120822952
0.20859873899812045
0.20316968107321884
0.21380751779590162
0.25708944703098524
0.28026290861229936
0.17961593882428348
0.37664264548696896
0.18999729221160852
0.32907647627259695
0.24776249013016793
0.13295093279578357
0.1986895806231654
0.348725644549046
0.15714776693898086
0.6405735617992342
0.20197409409714506
0.17911400029641644
0.29022951302569155
0.20093427779694248
0.23813271637872468
0.22040235664110358
0.2948041526883451
0.20323495876420516
0.1608921120735386
0.43301726909086563
0.19630496818707532
0.23298394395866331
0.18466241321047294
0.18368324889343182
0.32766757999342794
0.2531322195912312
0.35201962596294073
0.5198143323025027
0.19579590738609112
0.22427925750913502
0.199137341195133
0.428014532074434
0.1620262706621703
0.2278126236047079
0.37873310136252386
0.7161572451565587
0.18657087405853207
0.16796364173719455
0.6491991661031334
0.19576158757527623
0.2872136049632741
0.2212991301187683
0.29364539375645715
0.910060772377805
0.16904024346767996
0.22391429601027396
0.27409533199989444
0.18483265231849547
0.2608008627710784
0.1684298901594887
0.15434590613511
0.24162804393368448
0.33836730581967733
0.18969055036074503
0.31812350040246795
0.3803750502999076
0.20784024124245976
0.3208771704153543
0.22016638698559338
0.17769609378282591
0.30062093925736955
0.29314964621051665
0.15918255371729215
0.34877782424904596
0.17492978275354665
0.1722933292924639
0.21979368177139527
0.2184776016509408
0.3214128456926282
0.16820530496329933
0.26938348179233595
0.27317795695490965
0.16325649278643622
0.3923132222631297
0.2759309612577069
0.3465652055640987
0.25789162344175376
0.42588456559685606
0.31944986771646383
0.24962916979391014
0.17519402026170167
0.14939011884563502
0.24577847830532237
0.15795567731551938
0.32851881279745376
0.17856831947006763
