0.10516068845233432
-0.6402385908963399
-0.47516196106060865
-0.3840453675339564
-0.1792130192185928
-0.4703112549869929
-0.5056091421011984
-0.10810771668921797
-0.40440528755063765
-0.5409605467119775
-0.35229095479619044
-0.586091328026812
-0.28260583497822084
-0.29413628703530326
-0.5986050388220328
-0.6511594051198387
-0.36689223606814886
-0.5519357779803865
-0.5028938294552631
-0.23884438850212825
-0.5067214324922867
-0.27882631679470654
-0.3064645124858005
-0.7139388558670988
-0.5593802163161716
-0.5093337528064179
-0.653954844652954
-0.521459089493663
-0.29650765203857854
-0.6057543861110215
-0.40540332031608756
-0.45514725974145565
-0.5139061357806285
-0.7927096305004034
-0.283361849777285
-0.188484300557355
-0.5862408279037264
-0.23094538873007436
-0.4440230151408497
-0.4939962648069062
-0.36181822309786105
-0.5119257416445201
-0.30856659581233126
-0.5700802993537113
-0.401027009776901
-0.4054829744520324
-0.5964591451070658
-0.5679499903225674
0.16015892734749826
-0.5823753266603152
-0.5856508828833251
-0.42173300855265083
-0.7020376220316811
-0.14546085664928393
-0.5919073492465611
-0.27082786427306943
-0.36551910027893725
-0.47436024124562326
-0.03367637194639886
-0.39422196978732105
-0.3098844129394028
-0.5037275030918383
-0.5657798413881923
-0.535498648364278
-0.028924024034256708
-0.11614385873383455
-0.46554813962688624
-0.5777360586750693
-0.4570415929321287
-0.22898719718242813
-0.051903911129198496
3.4327399906039573
-0.37163904583437574
0.08935710508998089
-0.034853714338743076
0.2400733755201536
-0.500631229178504
-0.5954235297150201
-0.4621704637533684
-0.48167168138631394
-0.11812214452214456
-0.5600565394707587
-0.30520998746047784
-0.627631673387168
-0.7223346025702047
-0.4564073015020518
-0.4189766409645357
0.07827221686112822
-0.42831780312234
-0.19894504926190146
-0.4979207429198304
-0.5839801435639365
-0.11832305918018839
-0.5410780684137085
-0.3730681261605738
-0.20039543121871323
-0.35473839083878217
-0.5773534296061438
-0.6099305200694531
-0.1866046942717201
-0.5156522229060303
-0.24139311871015334
-0.20467757663182834
-0.6018984792331642
-0.6506926268430373
-0.16130353892549387
-0.4491767528333599
-0.31889738102767873
-0.2866363451133858
-0.4735301484412014
-0.2831707163413657
-0.5349501675725207
-0.5692466095602481
-0.281841426174128
-0.34766333410834693
-0.6773922274010901
-0.2053584790455723
0.12351282423438183
0.08364145535694756
-0.6513982762136381
-0.5281322856125821
-0.5643257655454041
-0.5663375152556132
-0.38877737516980504
-0.7037451138334725
-0.21641502325526393
-0.4753597887796397
-0.23185184023093092
-0.35609416683871953
-0.3797002790308389
-0.5914197828020332
-0.5670839742010045
-0.3546791606448454
-0.631335996177267
-0.5351094266027617
-0.503828891483345
-0.3945168675313692
-0.5252927334945774
-0.6674535615757784
-0.34340277835248634
-0.14812138399938193
-0.5488622223898043
-0.4531736143197804
-0.4096856320368704
-0.49629974501534785
-0.5867503044168111
-0.3870628480509149
0.09941658829351571
-0.24845785569128973
-0.37723655185340044
-0.7768858122665442
-0.48626037781911385
-0.30089257621673543
-0.26061552228799084
-0.49429924992108387
-0.5604282255350105
-0.31322150086828304
-0.05453522224266495
-0.18089116550920228
-0.2648113959492879
-0.38056935009433596
-0.6464641613950748
-0.23591365379221627
-0.4285406109449091
-0.6114638515430268
-0.4363086705123017
-0.48417543012893877
-0.48462021343377276
-0.2873652117085305
-0.6073708741920594
-0.5154994963805024
-0.45248166036226295
-0.50491094512504
0.12996460227808743
-0.6231101759171149
-0.29144985205591256
-0.5348577965640186
-0.27648386130061525
-0.1542678136538613
-0.39404531707075213
-0.18009873464298126
-0.540869183551298
-0.5666215470155173
-0.7388252248135753
-0.703762841209275
-0.5274663503000699
0.04520164589765664
-0.36790423148973467
-0.38085411627581556
-0.3019032570721567
-0.42807509871304283
-0.15719274151580748
-0.5444341463641826
-0.45040299325314886
-0.37823869540042987
-0.477335539325238
-0.5575699554801503
-0.32916576219897425
-0.3008957020021575
-0.5642367044773039
-0.5738542857278363
-0.40974912966521865
-0.05749754256904582
-0.4732811717406901
-0.5890765983076914
-0.5818972606259958
-0.08021715101229868
-0.5514583923297869
-0.5876023443848476
-0.1644856118155375
-0.5689667968119777
-0.5583692092908994
-0.5413698598720271
-0.5002026821924368
-0.7304680596005625
-0.708033285325652
-0.4312085357135699
-0.438050229028737
-0.3048828829517804
-0.3376239720226223
-0.37502129811684076
-0.5977035441249915
-0.4275519053558656
-0.4950942661071756
-0.6004888403097071
-0.3512269384236796
-0.2825170462878235
-0.34858198575717964
-0.4132319304360823
-0.3549832206941021
-0.6215765459589269
-0.6668761191242544
0.04488561461620099
-0.5924133428028133
-0.4285817254206375
-0.5763242316362046
-0.18569161000909237
-0.5049692777282003
-0.047477257325913305
-0.32339975370748825
-0.44893102146837466
-0.5269992523790817
-0.4596502370968091
-0.35568734386649675
-0.5272134532315467
-0.2892796111139429
-0.6475603164697042
-0.7398478723905672
-0.5892579602093743
-0.4615597485025308
-0.5052009778508733
-0.22466088804181575
-0.5797723973583429
0.042190329132187766
-0.5542404760276315
-0.5436100163446516
-0.5561530950104828
-0.5138415004217437
-0.6884688825228432
-0.7346930422919509
-0.5310731645975795
-0.4547172839286033
-0.46291663107021247
-0.6136956458761842
-0.34115695048471373
-0.5649431570174479
-0.22600199363073814
-0.44576034045530066
-0.26945720063354817
-0.5399183721729687
-0.4970005022026537
-0.21002597066516324
-0.289030202692636
-0.5543592983112886
-0.6324868612447124
-0.20601466287198195
-0.5514272388059701
-0.47590282070079104
-0.2592726785677489
-0.21799491309877064
-0.16074513880754376
-0.5515807512020543
-0.548741818064855
-0.36893347854413205
-0.548156178910236
-0.2121241989061504
-0.418493652260206
-0.66562474611204
0.11982264017638544
-0.47120806944520877
-0.5643202698215297
-0.39978730691816966
-0.5790482585092317
-0.38123694668683183
-0.5024699504226557
-0.25287520638177213
-0.18501950297733777
-0.5303389064396755
-0.4328065864985134
-0.580706349399588
-0.3267074988056956
-0.4771785054370337
-0.42815972299604366
-0.5455081834217336
-0.32793927171970544
-0.4224348522795399
-0.4563767925163032
-0.6667246867194316
-0.48737610279484916
-0.3025338880409885
-0.6314819647466882
-0.057882864028691465
-0.3713749749655115
0.13739787472102488
-0.029621275957686325
-0.6618614261628285
-0.5967710280232738
-0.17919168130545848
-0.5806575174270191
-0.6621882042848783
-0.5316201310296778
-0.5542335444280909
-0.6734063559429957
-0.3709576933786602
-0.1248971431046181
-0.6189015876999079
-0.29926674904501754
-0.21934471542648337
-0.6549329336302604
-0.44455873632415566
-0.25069654908192673
-0.4896198585626681
-0.6060348501462863
-0.5098740206893656
-0.3211126274143638
-0.6383902463200675
-0.4243744255286306
-0.49010354071668716
-0.46360874178028944
-0.41119108100479823
-0.4210355855507375
-0.3095546595983978
-0.47231657327043597
-0.5085130072568179
-0.32451953544263384
-0.6527213759164607
-0.4959265808540688
-0.498934755739231
-0.7321684394271332
-0.35063208032417387
-0.2666078741516551
0.2105233642581102
-0.18936194026638198
-0.4726989936530457
-0.5440917893302686
-0.637569742627208
-0.3130063881171372
-0.532473226363544
-0.5617136362391477
-0.5377648808425809
-0.38970372775582285
-0.52278470460447
-0.5660919335663589
-0.3850634065450531
-0.323603468205076
-0.7033308035333372
-0.40159434534812277
-0.49403935383702147
-0.5333426863828951
-0.6483970516042259
-0.37189018776628774
-0.5820305132738022
-0.4373500156436364
-0.326371483355038
-0.32528739070180157
-0.6692330585784345
-0.6161637072515863
-0.1795729942889445
-0.5533763914876453
-0.3902750885909473
-0.30397946129777786
-0.5110974500059344
-0.5568525482648032
0.13292481240449866
-0.26594532676623106
-0.6547603007895927
-0.4647947177298892
-0.43524170901028236
-0.5269558660119167
-0.347721332156963
-0.47976471257590336
-0.6534381229046575
-0.34597429398623536
0.12992288641099115
-0.49120823579484996
-0.639459484619874
-0.6728012987080345
-0.46704230151796344
-0.5370720505948956
-0.3835042794695139
-0.5562518883181972
2.4130993798215097
-0.5181238019996891
-0.7316966622207965
-0.5503042242511126
-0.14673690146621557
-0.5441188520798586
-0.2839344125311825
-0.3074330615947471
-0.5054911800460322
-0.6163171983954565
-0.579630350583742
-0.134039854027827
-0.2191976448175234
-0.662849196635801
-0.12255574869207848
-0.3992915191912658
-0.6031105604233372
-0.6070109016597253
-0.6857844297207761
-0.6058938552139471
-0.3925088606865437
-0.38029257898403246
-0.44898341241887
-0.009963972683766144
-0.37199093616622114
-0.575806221013793
-0.4027385257771896
-0.6447613018169186
-0.33001324998382686
-0.3419705147304239
-0.3789729692168716
-0.4200782808324865
0.09994730073392182
-0.5913039730224212
-0.47861677702322025
-0.5731580229005035
-0.40044383134408923
0.3363873931630074
-0.717001887820272
-0.29208394883665023
-0.4026207131731505
-0.3635078078292036
-0.6124799498166539
-0.49076236039884974
-0.42547702427397766
-0.3860141548583759
-0.3017668621350501
-0.5289039415116262
-0.6971116010513596
-0.42728857954840577
-0.25107433718926586
-0.5404885261815267
-0.5398500104574382
-0.45933471244497365
-0.285317663701818
-0.48526218583872016
-0.08647122999659891
-0.4476107849218097
0.10033731633411479
-0.6012939917034659
-0.41962984793896363
-0.11318234202618566
-0.3947575461241064
-0.381491502310298
-0.12461754196123295
-0.4822581689867162
-0.6810338893332986
-0.4974225417169303
-0.7185775257544724
-0.5318954817816428
-0.008326767270173537
-0.522021743659082
-0.3638209893793329
-0.4483446132758044
-0.21853493501209822
-0.3464678929446116
-0.1785431968510328
-0.7180141624315459
-0.04510768698687578
-0.4151335559730825
-0.3170273157892323
-0.6702143081176678
0.4045811155117175
-0.16532629288371853
-0.501105252853624
0.04526790231982257
-0.3547093374105905
-0.43693416380778005
-0.5545442880422928
-0.6166263861166247
-0.036245942993026706
-0.5883433293414343
-0.6178324827379166
-0.33143003575562346
-0.48263535039995786
-0.48495525209611234
-0.44134134288714555
-0.15337201195129868
-0.3650832159911087
-0.5699781105683245
-0.4071647409164823
-0.3634522652101053
-0.3106544069313439
-0.40529487800418895
-0.6361370477208914
-0.3945852489555464
-0.6200248742001047
-0.28664224479776423
-0.46834232126571235
-0.3985820110741628
0.018296990767920282
-0.271667141239352
0.2514722232566057
-0.23181307901992687
-0.6137351032574511
-0.45062369835441435
-0.19513811011427962
-0.6873948100385311
-0.575822332858082
0.18811392906517055
-0.4881198571442889
-0.1727477224159263
-0.3754037385428231
-0.36709326885665056
-0.481521169122055
-0.5411578097878023
-0.32521181691845613
-0.6211628469644004
-0.5331355174486364
0.19100058322104652
-0.6495440341814935
-0.6667177453100965
-0.2508568003993115
-0.471856674454147
-0.4862788371301577
-0.547789321030365
-0.671531166336911
-0.13156743084273495
-0.24996921528058758
-0.5571986901869652
-0.6067408951914847
-0.4264206423721701
-0.7436514169975996
-0.26776796004610065
-0.2093258371158896
-0.5157785685329489
-0.5506357332841351
-0.3051395808031989
-0.41263274669883465
-0.5463906699348668
-0.2738160866828962
-0.3640361963500329
-0.4277489602079457
-0.21696945557248984
-0.5662607206448017
0.3513235640830572
-0.28985314770715037
-0.7584427691561892
-0.4772641477459325
-0.14241789942129426
-0.11596263863220692
-0.2901005101893357
-0.6148456199938489
-0.406607245908183
-0.7702419843893661
0.11348593846074716
-0.4955317262004946
-0.1121116539880842
-0.4644938223583626
-0.4644424241976295
-0.6934750874187632
-0.07288604026739949
-0.3509596679074185
-0.599252374885658
-0.7150505479588877
-0.4119584339074582
-0.2128089802706175
-0.5933317379478175
-0.14095295463148
-0.5524785350943702
-0.06088029461747789
-0.34679565463789974
-0.4849061566049014
-0.5138377216848862
-0.30026253524778784
-0.5317562258693911
-0.7629863838833205
-0.6167648708988772
-0.6620213132106839
-0.581059153701855
-0.1568406625098495
-0.4372322484465365
-0.2508978339902979
-0.16602808271253985
-0.010157161485141734
-0.3453270097780901
-0.5534723898324462
-0.47531834230743314
-0.6277001244404055
-0.43625910154274733
-0.4557862978751403
-0.45648160539185867
-0.32272786157641575
-0.47563910599634684
-0.6059816452980585
-0.2921124762799257
-0.6403628625099881
-0.07467833376472653
-0.7005021961202887
-0.42548804707327215
-0.552873779677893
-0.3285174548848387
-0.579257392918711
-0.24082685471953097
-0.5227745108537013
-0.5891299257666158
-0.41181952575850805
-0.43346721499474616
-0.7678615012920025
-0.40324064672889337
-0.32460346157419795
-0.4676595289717267
-0.4858618703600404
-0.3220326300494675
-0.49528385185778545
-0.2582609615007023
-0.40853457538269095
-0.5058137217120912
-0.4419169936888808
-0.38047836125747436
-0.2627270972116001
-0.232873992902213
-0.5221528439783921
-0.715862689926843
-0.37810084732774285
-0.030727198575066995
-0.5008502412000035
-0.5006995851532163
-0.5067945596566563
-0.2928831310448749
-0.48090092207327034
-0.4192643090342455
-0.5248491683935339
-0.5679502709595154
0.7325923052169702
-0.5673858827393966
-0.4635949919081202
-0.5893356237271838
-0.05482572990638216
-0.21111486641547855
-0.28403299649553754
-0.7765258808774232
-0.5237244598156574
-0.26460341614316785
-0.6596382533300823
-0.35451197053406996
-0.47028828277453905
-0.02258212910831786
-0.09805481900267492
-0.5050068886937482
-0.3657595133371032
-0.43850404347713023
-0.4060208325732424
-0.6015461775704763
-0.15009684437621412
-0.373189139723703
-0.6779989207809621
-0.27898765957923766
-0.484947430711489
-0.6233706283423588
-0.3356264175315799
-0.5599129759291525
-0.5208351549113441
-0.5912583596547
-0.7094303884202542
-0.3358878797058195
-0.3822183019778258
-0.500681863460216
-0.23008242104891252
-0.08492303917591862
-0.4998314827644316
-0.4924895972932722
-0.4478870723581197
-0.023763548827270067
-0.674689230880257
-0.2006929198452109
-0.6951708571604327
-0.3649727471259965
-0.17221814004949285
-0.30182415551524694
-0.26908161731549674
0.0341922597025358
-0.2770546454469206
0.30963223834679304
-0.054950248642625904
-0.48091969493561426
-0.623038409682239
-0.35867114173489056
-0.4851567042560335
-0.5463102508884989
-0.5200417086929778
-0.5432905700450494
-0.36847473841324846
-0.3132346278512937
-0.30188297993256125
-0.42394944163200504
-0.3666524706485294
-0.5645780371794822
-0.6850615946005268
-0.2402323742060028
-0.44328062416877645
-0.40081683219670367
-0.27577172189648996
-0.49805369965868007
-0.6143423328234049
-0.5122063299803705
-0.6713440608351763
-0.28043000006939955
-0.4899261181165182
-0.543337172859018
-0.6073227459164144
-0.34742984096894175
-0.34423320237567967
-0.5661928724793713
-0.3338687606879231
-0.25960908969771174
-0.4537029664868595
-0.618273295202311
-0.712606121167656
-0.23643300308349324
-0.3406524491494338
-0.4810695181851384
-0.5382608106693595
-0.5395160369626302
-0.2596142795418606
-0.4413426150658278
-0.6366148143191159
-0.2144754430104387
-0.6012631005352718
-0.549276092674536
-0.6884159516058438
-0.5911453655277048
-0.6128960644178837
-0.3552723467582336
-0.28927925009074235
-0.23997107244650534
0.08591699409827715
-0.36439283959362584
-0.4690976299916633
-0.47429097342045756
-0.21013392178096219
-0.2759532153348033
-0.4611127008970286
-0.3980804338611222
-0.3580932087906643
-0.3463747127091554
-0.14608307968136988
-0.5973874875312691
-0.4585276141071581
-0.43957576042625524
-0.5805118833455799
-0.36086494844856354
-0.48372139014594473
-0.43353772231784277
-0.4612268587851752
-0.5870603743738466
-0.5580354229625946
-0.5618931182397829
-0.24832874681142486
-0.5646261519382365
-0.7257497145308032
-0.4925778495478648
-0.4697143485765962
-0.3123137921694905
-0.29427686955722177
-0.7504536135919128
-0.49981822195958053
-0.816870834310212
-0.669799381444843
0.1174446816880527
-0.29268416738843583
-0.39172426774883806
-0.15833602296868293
-0.31693270781880817
-0.5933925755284163
-0.5564860997873803
-0.2813547848680073
-0.7028248881232426
-0.2339422703996109
-0.5046795235394214
-0.42539845802300996
-0.3840900771260147
-0.5449204693692015
-0.5887203377493085
-0.4188768040457429
-0.1387069967384377
-0.7656794192074557
0.1246855951598649
-0.5442296072507552
-0.672493899162299
-0.44191114529538883
-0.34536088064638576
-0.32725734881450735
-0.6015023981795208
-0.49654312459386835
-0.42897671239168783
0.1779584624964313
-0.6397189943501437
-0.4177046770809943
-0.567675831908465
-0.5209278807125228
-0.4756078222301781
-0.22386173180469177
-0.5573922415708299
-0.3917837747630604
-0.3639858376068782
-0.41187594216343026
-0.35897396120164754
-0.507090192264817
-0.5675691686049049
-0.03799878745442271
-0.6267218727605701
-0.7095176555055153
-0.5086097404855626
-0.6192402443034495
-0.19688925220859393
-0.32555571453821613
-0.6532432654889447
-0.42467743115260964
-0.530889989650232
-0.5745377203034542
-0.21290093849712388
-0.5337577924273645
-0.15162084201001744
-0.27976659440727875
-0.2806355938656473
-0.5870864270105175
-0.42655722295694753
-0.16799002939619584
-0.4119310883642094
-0.19588888911373142
-0.5379923141662295
-0.40738042185942347
-0.37208974716808246
-0.3349258485119936
-0.4772429890683389
-0.37784720976306174
-0.4138589721026266
-0.6501049079165088
-0.5657276445479499
-0.05421732210570111
-0.7307753822336878
-0.6329449518258606
-0.31218743603903504
-0.5143162253815051
-0.5806504577398048
-0.5419385290716426
-0.6025655890928527
-0.4409092826892954
-0.46840221464123927
-0.5814371077680689
-0.46636243016344286
-0.6053035276350117
-0.1759315204183166
-0.5924590874916733
-0.8229074318765427
-0.489469835861269
-0.3265608896876974
-0.5468785091937276
-0.2996180051436677
-0.722686837049355
-0.3495989461701853
-0.48433969333640764
-0.14813736717185622
-0.616947586684039
-0.502850978579134
-0.3766082656068195
-0.43733002120050546
-0.5435378842200405
-0.5684809309942681
-0.2381985478868115
-0.5394330647375982
-0.5125993589787735
-0.5209839328878145
-0.4264771791643125
0.8123996950730219
-0.640729560888025
-0.11084253010598626
-0.546191741438718
-0.6836909844520871
-0.3537492351729036
-0.7641173484512106
-0.4584119448110519
-0.557886335803848
-0.44258215489909924
-0.2491027553294384
-0.42817277916936625
-0.5622917050266986
