0.4040477623879939
0.396122066832683
0.38286556713032255
0.44671974650838725
0.4890473727998501
0.5604638887630091
0.3784363612689851
0.6049758591309579
0.5450034811774168
0.4043773536382438
0.5205337637850552
0.3818981316636587
0.4140805549400955
0.41823277135834114
0.36998505135173426
0.36328015866985863
0.3899026648427067
0.33915808095328037
0.6749588427066899
0.6121396150548866
0.32737533737816044
0.42333391925224945
0.35972020255307835
0.33979661717250387
0.3939891323594064
0.37466870305138666
0.5310215358048105
0.456011047874445
0.5057998866971465
0.5439337709085502
0.4185772574533278
0.5065461966596383
0.3442901102553005
0.4202391455843037
0.43066322120906664
0.37288759019352785
0.46064344385556666
0.4638191233430718
0.2998970971074107
0.4681733598365209
0.45913771083167887
0.3788987034640065
0.42723968778169125
0.43911897867296923
0.5696352287386138
0.5281306211306689
0.5013940581677419
0.4686492850821958
0.45459556378851024
0.4106189627298156
0.41986086891549645
0.4503609683955001
0.35443101049659864
0.40862792318343555
0.37597832022310507
0.5017073218970475
0.4281702836071291
0.48575390047627215
0.47495003854190737
0.6141989543653696
0.3645188660000916
0.3998450485905254
0.4498255128480443
0.5407225234330066
0.5702746163092547
0.5928862441129624
0.3951643502013037
0.503274894701532
0.44949316558439006
0.49685725579644563
0.45820381326607373
0.4467600869892301
0.3997506118669806
0.37098603457481
0.316425458946322
0.40517841094879
0.4566227008091634
0.3377201633060345
0.48756820695097325
0.3864260482779061
0.4473792897832567
0.4961203461267097
0.4397143568861993
0.61430127855527
0.32520721888667886
0.36028713844367183
0.5019597647871386
0.4284169536889854
0.5130473968234991
0.43357402763994907
0.4609184660284492
0.4852905729474044
0.5542919430605358
0.4212647566608815
0.43676627697594483
0.5829064118396791
0.4374090534751877
0.3892997099468166
0.4432382549156237
0.5207216137786188
0.5229847270248836
0.5122212810252366
0.5353718790332345
0.5604559628065624
0.4542006159789717
0.36230845077553725
0.5189177482922963
0.28367507362856625
0.3640739676929841
0.48458736484580633
0.36946071512160017
0.5861843840766244
0.4576777317901934
0.4656542338808734
0.48827602500144257
0.3438522691701544
0.4306943825840115
0.3536008372863358
0.39914163330672287
0.46473177573674296
0.6173087343119423
0.294915310907585
0.4831679081068572
0.5250650100481243
0.5054497812130829
0.5345385281447131
0.6845243188091935
0.4203349298574705
0.3791114808223194
0.43184717495075026
0.4421785121175785
0.42422374994639117
0.3831409893882425
0.4170157196586983
0.3791157209492113
0.44862660643006713
0.40402094015266055
0.4507013568015667
0.4286338001437296
0.39688192800493477
0.44580856692127907
0.6107845619107187
0.524434806609454
0.5024537369129558
0.5013454864097204
0.5502454656472713
0.4856025191280797
0.33734385592405003
0.46441498392346703
0.5229860807843024
0.41977996216674884
0.6416911563059302
0.37805264580943243
0.5369185383544033
0.4835841092280498
0.3252469480211849
0.3869478230232101
0.47783601116802094
0.5667913691922497
0.4123368544747562
0.3088207506894379
0.511492440591989
0.6607277785436454
0.402938967999427
0.48216956655994686
0.44575594322027257
0.34241043794395365
0.5049818182148128
0.42252513105701067
0.3083097505494323
0.4096999031428612
0.42029325154344127
0.38178160289691093
0.3547949702425595
0.49063993625040386
0.42885367609709624
0.542975486062981
0.37701723032364726
0.5170439510195968
0.5421014956984072
0.38799583557123357
0.4736172722760287
0.42533232822062317
0.5242535516135506
0.41073146661867627
0.3221299637183038
0.46519658914724876
0.3525180287800112
0.5010596325659333
0.3911955612988587
0.3684220346659717
0.4273205461822793
0.5093851074528898
0.3839218039500027
0.3862658520783197
0.41512783253583807
0.39634393036952187
0.5134766585237136
0.4069754962037467
0.3943179351525941
0.4922486440556387
0.28224289017840415
0.3420812500625028
0.49488769460775683
0.45507403138555164
0.5448761040076894
0.3771653924823617
0.47186481599800184
0.5593408480890093
0.3633039316444516
0.42838702785695815
0.5589526679043934
0.44258611486732435
0.39964771209466643
0.4750175896012477
0.42229852453820704
0.3912834012887346
0.6115481301915389
0.44416548917886817
0.44446965301832075
0.6295954499772238
0.39153002213327776
0.4734368678532066
0.42697670179302366
0.5350652526073882
0.41527764230159336
0.5836254874074935
0.32552283385992214
0.33941002906718715
0.3547215460760824
0.35087864330959945
0.5189418268951527
0.3181509253349395
0.5201517738887873
0.6573001649795034
0.4087655009671373
0.3663430670045394
0.4656301371718918
0.6043942927586236
0.4040664227986953
0.32066833703614644
0.3343282022108853
0.45173943089425844
0.3760852542353757
0.38770201171554475
0.4216966611152989
0.41962785092823796
0.4844975906098104
0.560251481389943
0.44701700384922793
0.40424119939070263
0.33768878117447637
0.5672229606932014
0.41588325055792985
0.4063960296934002
0.5824964922607896
0.5128680202150022
0.4189606233514378
0.5940092991958629
0.5924562387206433
0.47049573832806635
0.4866931444177448
0.2592361174752315
0.45022919167651904
0.5245449699970153
0.4175545367201951
0.6397937643580933
0.3027051178726234
0.429452890689038
0.44068485530101176
0.4121284497612806
0.4799727130364873
0.3313533515723284
0.5798554653259864
0.5393534741677422
0.4180179563206612
0.46572308918710187
0.4203847427152695
0.42241556511488154
0.3627294095224331
0.518945435263631
0.47021910179308646
0.8149876195236859
0.3617232391993701
0.39376403684539185
0.45785668730659757
0.32682016457349466
0.5737952097386452
0.4074146177912572
0.31398191424350014
0.41530907035199427
0.3279596650294395
0.32310170029633606
0.4279377619746085
0.41973729389332426
0.40984270971672176
0.4167769236898158
0.532139779399269
0.4292369217425962
0.42432324956751694
0.39526518194948473
0.438802251075016
0.3740090249204728
0.3425985300622841
0.437447422615535
0.48548374001218303
0.5859963174482766
0.4453610063520154
0.515891245845925
0.3629576023844496
0.518107486427714
0.40016629280738175
0.533093738080792
0.3486328370116853
0.4362151486512754
0.565580648138554
0.5321622279060964
0.54039635993131
0.5063289439463954
0.5742687271939155
0.4716988437120846
0.4383493492201992
0.6656948189903086
0.35893206642708375
0.46734768491562584
0.38924756547442646
0.46804133305620305
0.474260853051001
0.527589503030423
0.509829778465999
0.5272973929815487
0.39153594861913066
0.5073536678090605
0.400995802225231
0.37196659110998603
0.4527635442451536
0.5162044894422952
0.4180495474877896
0.4737344843708966
0.3221696453427617
0.28572699648801037
0.42282351720774214
0.6156211203903038
0.42125541724949284
0.3891441279221127
0.4282477823298477
0.5592077654926302
0.5189472483750013
0.462156012214457
0.33296212008275733
0.3452522096278431
0.5685894598844313
0.36234235429952744
0.5289932486786235
0.393848062133448
0.5531872904356272
0.4380815794148093
0.42146858042160934
0.2727452833290336
0.5361178539391029
0.4193996000721468
0.39504893177214884
0.6459228892589587
0.37622746750997993
0.44456020709146016
0.48333604871211455
0.5012552220664973
0.6131666939695604
0.4098620855102748
0.4557686817101151
0.40185072710416947
0.4465073139427796
0.36027923101658266
0.4407236180289134
0.28026791586557215
0.44628104308774863
0.5022474702383145
0.3465801992098701
0.3911819596864316
0.44629648213962275
0.47692912795127024
0.48288798218414636
0.7362284157690386
0.4738481026867362
0.2532643693361405
0.48331891609771865
0.4250860545134035
0.5663419624876652
0.5336899143816285
0.34580174729992025
0.4327783631437661
0.435067750409456
0.88443340312067
0.5387950666722162
0.4691421057123417
0.4482563125344401
0.5270189345211355
0.3932906679572024
0.503890891138464
0.42448355800795273
0.4968012766471197
0.4672634087598486
0.46649334016494653
0.5083344274567325
0.4813594443280808
0.41405072438365126
0.47671229772436374
0.5175119920661135
0.5690381145406301
0.3950925567665229
0.401882459609023
0.6024153613939225
0.6952251537839431
0.3976187306394413
0.7220878760225173
0.32853492538296514
0.4534668119318307
0.4462749628604249
0.45200072995840457
0.625530096623183
0.40957477022303984
0.38293764546078707
0.4338337109650636
0.43242930298038945
0.7024926827864867
0.45886883863578054
0.49894851727317274
0.5381864223569526
0.27204262261098
0.46154729309102943
0.42526447656067523
0.4190263586672665
0.3997585847321191
0.4493592448605972
0.5127634958171123
0.4673195443874905
0.38803200415988637
0.37885689555403396
0.4079131241217998
0.3871420412985742
0.5085980952907995
0.8057709159420656
0.3945173388055011
0.3527621338144237
0.39579229986128156
0.3444207288345239
0.44810182380681024
0.6131574776333942
0.47381054969669656
0.4118389935296307
0.5977384114838175
0.39348755621144593
0.5822506275840034
0.5464819132692641
0.41814393450011
0.5079626721150715
0.4430685577226159
0.5597059828683096
0.33872378304006573
0.41253034869941463
0.4679622797603668
0.436919495231497
0.4252882616079355
0.4647422908822256
0.3275898933021636
0.5104573032923051
0.40921831489217003
0.354631910138687
0.39293010356715846
0.5301342525810773
0.45323291081236283
0.4404721945571882
0.5036750293354026
0.3921375969513746
0.4842612436827731
0.48460052850677565
0.6933666660305333
0.517562726232908
0.38937059387988476
0.5112970590913835
0.40270719019136814
0.3863323582393475
0.2584187937123188
0.39214010829145113
0.37697026387451354
0.3974211198356697
0.4172478879027499
0.34546723248002714
0.4712950539987703
0.380390240718864
0.31437739094159406
0.457715599738155
0.32907662079075106
0.4174278623729834
0.757188527111625
0.43356377679820773
0.525704286936815
0.447057659017051
0.4482208648055244
0.40786429635558974
0.4754366949473964
0.6056574345586591
0.39866823060063167
0.4795324627920192
0.35656512207709234
0.5080698192479829
0.42544240861690946
0.35409825301134884
0.44668772908680177
0.3844264365360657
0.5028613737954414
0.31572600525779165
0.37536531176719506
0.5076655808555559
0.4932896999687279
0.5091822304905241
0.4002387561733159
0.4168005279229511
0.4226909743426268
0.45231055624088357
0.3938371006955036
0.4841483343633106
0.8117812950112103
0.4563604233544286
0.47923058808994495
0.37019993884380464
0.5205881167858369
0.35275514941858005
0.3615657390394791
0.46117127671850305
0.46072536201879993
0.4399301441631325
0.5300288686720606
0.3940771917143858
0.4095891322477207
0.5102933472960446
0.4188496524631078
0.5889072139830064
0.4181418927324792
0.4917805941082747
0.41516970565561184
0.42475339791629446
0.44045243822320485
0.5091664050751379
0.40813310297475447
0.36205593327024055
0.4501948670597513
0.3962463392363213
0.46680696750015566
0.4070564723804361
0.5581214837494218
0.48643471897379975
0.4709714414243013
0.3888010812850478
0.4174630578701569
0.5789026280634374
0.3381493640593219
0.5823029545616923
0.8112517597068957
0.3823046441590728
0.3777222490144314
0.36272190319337705
0.4428864130418865
0.5396373260142324
0.465851442667137
0.491244015614005
0.536781505978945
0.682359547232917
0.342501885536033
0.40202095574243035
0.3443357818750675
0.6438532687962949
0.31497477233562254
0.36431150944032076
0.2926005913928593
0.5536965340828408
0.36934274984620746
0.4616357851171698
0.35100185815125956
0.5782713517125195
0.3769092568973615
0.5290506756543621
0.5548058256916739
0.5354339766554083
0.4102184948515292
0.43882815175402196
0.724840528814038
0.5537868870013368
0.7528443837514226
0.3432413279334252
0.44190642797143337
0.48585147155124764
0.45323614457295286
0.7746272191857335
0.3571991681146231
0.3282840952894297
0.4101163248282497
0.45341831105528996
0.37458971165528404
0.41953095800190904
0.5255511244749052
0.5695003633474999
0.4474626521601703
0.3933905296959326
0.48280137744555174
0.6027152860343847
0.4762097249418626
0.44005628767803834
0.41765497873418933
0.46737948425435405
0.3695026206429564
0.4088615690292422
0.3911306063505806
0.47582232598709356
0.484194647792708
0.5639129880670217
0.31663770238414113
0.46586604836437284
0.4301671461153663
0.38409772691924315
0.39270987761934584
0.4529435564267481
0.38511484449058603
0.7285946646504897
0.5377917576064843
0.41284941054855495
0.44190255266062667
0.2580347196759551
0.4733109419867033
0.3658036170230877
0.47798418749586774
0.6627714361134485
0.6272568934464339
0.4385155074174351
0.5193123963580218
0.6075020164705374
0.5049500163171121
0.47230667957993855
0.41704437925491583
0.5335825107685641
0.42704333588664395
0.42586534579432417
0.4155494835876063
0.3743992663234184
0.48046183595353015
0.4430601830222931
0.5412817208754551
0.3664330056149688
0.6222614000977649
0.34402392356444944
0.4381087508569566
0.2856193497161063
0.4424527624482987
0.5181548813919306
0.5489538726194948
0.40131837301734885
0.4549336112399454
0.3251641126408401
0.4202664211824291
0.25822260440582867
0.4619036990768005
0.3649976145460367
0.4235404519060614
0.4303359639591278
0.5523343456655964
0.4454711394041067
0.3711051050726651
0.44235261763584793
0.39828950456266976
0.35465112222902584
0.6249411879801752
0.3531998578209391
0.6275484097334446
0.5720238978946761
0.3610821802626587
0.44947600730169296
0.41848526654896495
0.43248764864173744
0.7341400412309927
0.5546572123592156
0.40325437846205087
0.479838465167156
0.44483980644885424
0.5838550125813939
0.4491135179594827
0.619300051729116
0.5191676826718787
0.34717738690571454
0.38786018720578563
0.42328647946584935
0.5788523030396028
0.3559932267277544
0.23961426487158988
0.5019523586596004
0.3342389700358146
0.6531164188670904
0.36339013397000836
0.4425215016788699
0.45210048178926093
0.5011564214212644
0.5394207463696947
0.43609717575956997
0.4467612712926314
0.46075852632892955
0.38025704464024795
0.33558661226219805
0.43099227665667245
0.5347846228862742
0.3480841483276756
0.3583430939001117
0.3915049224284184
0.5162661589392803
0.33512021959930327
0.2828848401465442
0.4566274922469036
0.35806635756268557
0.4055475819761625
0.536327409613608
0.43202275499235177
0.6484656744744167
0.3854299791128079
0.44529179680781655
0.45070796145651676
0.4025470267059382
0.543646925087883
0.6750322788030707
0.313549610787562
0.6421131134931333
0.403186118064426
0.47629598993149436
0.5047767325565297
0.6427885742332339
0.4290330236295762
0.48984559402155475
0.5783945357361981
0.388496217007862
0.2923214193155844
0.43584814962165536
0.41844670987167926
0.39612561645179106
0.5590308499933678
0.6011132280512456
0.5855954680890562
0.43338629121781047
0.566946124253174
0.44338253306581527
0.3318407054111606
0.3312294815537797
0.4048413018132703
0.38402396922323356
0.5969009247956107
0.45505023049791254
0.5174612676949821
0.4068125659281608
0.5314226132988155
0.45644736886522813
0.5571206227289556
0.3578146208433693
0.4325314837983632
0.6091694037231714
0.3602180997578043
0.5200466407699024
0.5258184216431034
0.42033015675211327
0.5268527827252104
0.43948637123175494
0.43254587726489946
0.4723097956907573
0.3961197059519604
0.6597767515248331
0.49058194523565796
0.4795944997858624
0.44286037357273983
0.43072838168051314
0.42543073954350574
0.5345944468799876
0.503264491092271
0.4922250231104741
0.49800572108387686
0.6539313166862168
0.41155196103775227
0.3201140424231459
0.3879334131334432
0.4881378687977199
0.40076554344662635
0.3863615154489417
0.37939070455177515
0.4303663502763239
0.4229044239908056
0.3584634531544439
0.27261141236690895
0.5229226855135535
0.5989897885242301
0.4267107234236591
0.38938292807975133
0.6594282821497435
0.44443329374373103
0.6317939158108836
0.35659927013330595
0.5340420536133701
0.501755616461613
0.39890235045596284
0.436783923144991
0.5754106272951948
0.36807315341219715
0.3801875765615526
0.48998209002698895
0.32656414074056833
0.4922276141498905
0.5047639610818403
0.48223351242067863
0.36120148916213496
0.35964731198808036
0.43077537286180184
0.4119195765575904
0.4075828628484038
0.411342900117201
0.38494032615013646
0.5957457012132712
0.43181182738011914
0.3585996726457763
0.43662602348542306
0.4670899418474595
0.5655619590248152
0.3865130933891738
0.7084465210449412
0.4806819182103187
0.46831561091601565
0.4419755614534192
0.5377532037943624
0.4488995687814702
0.3348645721036265
0.495683940742678
0.398148164971526
0.38382539300431884
0.5292753826470696
0.4111754313276602
0.4430626539427425
0.42822763076871895
0.7361058943821882
0.56384488673664
0.41475891945897264
0.3578823591407139
0.5778195622163899
0.44532789460419203
0.39987319523315346
0.5153583843577036
0.4685420014882174
0.36622515455067695
0.4611789767925432
0.4007312750164239
0.3323559316183196
0.597469914438268
0.45962259946933104
0.6211868570339025
0.5692406408368167
0.45808544837616616
0.35185488506549145
0.6696660611255629
0.46858311018046
0.4350575364505486
0.6127548278703177
0.7039785746425443
0.3836607138175415
0.5249455421875115
0.43234104221040026
0.5114087728183155
0.4077824777084209
0.4979179819668745
0.6121493840619349
0.6257170587965558
0.3936772729102367
0.6902307812409361
0.6105138782152145
0.320542621772254
0.4178807083573199
0.6558238355772746
0.4149875578715342
0.6006334897042644
0.5125746711249259
0.3842448128299168
0.49695525625031384
0.550174014454601
0.6043708229840238
0.3550181296291703
0.40465613117248567
0.3454396905174271
0.40138992072546575
0.39893339544712775
0.5666282777449999
0.4585875885633096
0.49659367923847675
0.3533885004831348
0.42130942753562234
0.385233334130531
0.6996339671598765
0.39298200747044854
0.5730596739944358
0.41184394282809983
