-0.993380860314327
-0.9966878780272942
-0.9958500163249876
-0.9946776977778474
-0.9921867475928093
-0.9962658285834858
-0.994836809764147
-0.9945173396890815
-0.9990615679897417
-0.9973506528349132
-0.9956058021179671
-0.9982278037041729
-0.992944057167129
-0.9918230659541677
-0.997407477810759
-0.9942044783248452
-0.9929597304549995
-0.9958934673515829
-0.9957887399619534
-0.9969648776810113
-0.9925157577937197
-0.9955140033495021
-0.9969125304511698
-0.9988711480136208
-0.9987266758918544
-0.9994308512920247
-0.9989691245292951
-0.9963313485634898
-0.9887698895437629
-0.9980647290360393
-0.9934148411295981
-0.9946769404031698
-0.9986765415964011
-0.9971776965301508
-0.9954799843239213
-0.9926647526749744
-0.9968193122726245
-0.9990072097649962
-0.99822598909579
-0.9928744008671917
-0.9911783032171317
-0.9960290406151836
-0.997060916974536
-0.998599153793919
-0.9987254247778197
-0.9951584939804772
-0.9958271089642011
-0.9969073396119966
-0.9871647960932146
-0.9977003543452133
-0.9968424250421164
-0.9975892137159952
-0.9982725626510223
-0.9957781042638725
-0.995644649643849
-0.9953716605076635
-0.9914760925043028
-0.991656537907909
-0.9935653213095054
-0.9946909948834699
-0.9934998809744228
-0.9960260146851515
-0.9959895162565806
-0.9980748729878666
-0.9889767267523085
-0.9966856734996311
-0.9991559089110861
-0.9996250794294039
-0.9992731881261891
-0.9969212555328161
-0.9944902965266954
-0.7321605679386125
-0.998181163080128
-0.9887328872642066
-0.9931470423419982
-0.991778494570704
-0.9956116187617545
-0.9986313795816563
-0.9962300709757588
-0.9978627863181817
-0.993590675990676
-0.9995027018434403
-0.9988224737674896
-0.9973596489886302
-0.9977551898363417
-0.9953579568532884
-0.9984150442635796
-0.9991731730853584
-0.9968442690763711
-0.9903677651223292
-0.9982749721817186
-0.9962898509939598
-0.9929469967427172
-0.9962913672256233
-0.9977433180700868
-0.9980874568506682
-0.9932183081373153
-0.9973602062363034
-0.9937636612204602
-0.9952621301206878
-0.9866036214862135
-0.9903630328257549
-0.9930099169283654
-0.9974325351786757
-0.9963258910690309
-0.9957417370220369
-0.9992206499591546
-0.9978674627482782
-0.9958559047043312
-0.9959140193797398
-0.999320399931906
-0.9973295090815519
-0.9943559687579964
-0.999212487980302
-0.994375190027364
-0.9993282466734614
-0.9989898415472934
-0.9919799290883079
-0.9927954142691491
-0.9944459364695701
-0.9993757288953075
-0.9953670834909596
-0.9976321322185909
-0.9952193923805717
-0.9945269993130952
-0.9937372129837526
-0.9976757103799514
-0.9935348749647015
-0.9963226747257857
-0.9976372703064141
-0.9950734736172192
-0.9963821072578796
-0.9973538683376925
-0.9958541112758371
-0.9938193320988644
-0.9994644370894291
-0.9968375657093695
-0.9976604474768047
-0.996217539243701
-0.9939586640206167
-0.9926661182541089
-0.9917895252818522
-0.9946199258719912
-0.9953858347452549
-0.9985610420264514
-0.999363861112136
-0.9997056483691329
-0.9972377161176602
-0.9928676848364263
-0.9969200103807726
-0.9968868321413547
-0.9955273125433832
-0.9982280954510077
-0.996423282739361
-0.9979143597272259
-0.9942128749959284
-0.9986328814789618
-0.9922336821827076
-0.9939467073831453
-0.9960828127448242
-0.9862247423837984
-0.9951874281294047
-0.9939874071449084
-0.9964412425124312
-0.9975414416883942
-0.9914467772801162
-0.995484404911191
-0.9965052142649784
-0.997408322880543
-0.9978389045179742
-0.9950151656522942
-0.9922511721484584
-0.9958594121075683
-0.9900308038113051
-0.9973373262837574
-0.9996899845384695
-0.9946747951879447
-0.997628995011194
-0.997171812396889
-0.9938381785027627
-0.9947344930735842
-0.9957822509119194
-0.9978182827068427
-0.9990674643928468
-0.9949662459641914
-0.9966124711357394
-0.9926239256651064
-0.99271115831263
-0.9995340848457637
-0.9931405455775062
-0.9963355182876655
-0.9902864040449453
-0.9904383101005538
-0.994088821988536
-0.998751556588434
-0.9943625518053173
-0.9937870658006213
-0.998686226927974
-0.9971114935433386
-0.9938141238529448
-0.9930401088920612
-0.9922805589004167
-0.9966658210990266
-0.9958239140145926
-0.9963896637019104
-0.9950531942231587
-0.9824628170866505
-0.993794696836891
-0.9953350457793614
-0.9954176197603382
-0.991224871736956
-0.9973306490028131
-0.9965323486916038
-0.9988216151602509
-0.9921208814571758
-0.9966616880923169
-0.9982321933229554
-0.9990288323585907
-0.991237093034668
-0.9956848856588617
-0.9976592355395929
-0.9964345978468694
-0.9938342414683109
-0.9941822599036233
-0.9987093081744307
-0.9934224978102799
-0.9990849432892055
-0.9977958250508886
-0.9966304310112444
-0.99325611797452
-0.9987459381115319
-0.9971317463281739
-0.9937560381300475
-0.9994329767004971
-0.9936038658848821
-0.999485580935834
-0.9961851578403202
-0.9969490879947251
-0.9909152514528616
-0.9944584184876591
-0.9956708034544769
-0.9965368678484992
-0.9997741935151264
-0.9974617630721431
-0.9986457116466082
-0.9954984078099137
-0.9950557545602472
-0.9938143450634839
-0.9967903101906163
-0.9980896666438538
-0.9995609056293462
-0.9973007678032906
-0.9990574357297504
-0.9958154386326523
-0.9957059480655678
-0.9955175828625725
-0.995657097373744
-0.9982060052355357
-0.9993323880864547
-0.9960845839017735
-0.9992997047052039
-0.997112594792736
-0.9979103186323367
-0.9960531880993077
-0.9929116923739258
-0.9957999095365132
-0.9969496802423427
-0.9960445390153612
-0.999418251367209
-0.9951807176154515
-0.9986770956224867
-0.9967929463303727
-0.9979280989054291
-0.9989146597620829
-0.9969068889991138
-0.9975037269225893
-0.9968430170575693
-0.9977935574753123
-0.9945325539704236
-0.9954815214459131
-0.9969709060559916
-0.9992639304060972
-0.9988809310653536
-0.9995162341135172
-0.9965996528970914
-0.9987983592255814
-0.9931560756938028
-0.9980276914261769
-0.9880550107804562
-0.9979851095779175
-0.9981573481440004
-0.9917963072478567
-0.9961879467160427
-0.9892414511028618
-0.9927720512180334
-0.9962721678765495
-0.9994891756454043
-0.9920341613575366
-0.9937091718990783
-0.9955141560897447
-0.9930309663527014
-0.998521429368987
-0.9954372231104063
-0.9978406993347961
-0.9925893135277819
-0.9978624936267012
-0.9906014998317966
-0.9960420715597896
-0.9976335829213948
-0.9938447593297024
-0.9993543304578373
-0.9939066031625743
-0.9940302852003567
-0.9952204077657941
-0.9995776233287084
-0.9993215895616848
-0.9979709471027118
-0.9933294296555111
-0.9949916177153486
-0.9972532562626071
-0.9969072195127663
-0.9996526333349524
-0.9980187109824809
-0.9959554397232311
-0.9967518875142557
-0.9987883439922158
-0.9961788153825888
-0.9953689494416407
-0.9971983899544424
-0.9955055144765805
-0.9971377758431264
-0.9971042808221241
-0.9955838764203662
-0.9939962791754889
-0.9957069664158781
-0.9987524692188419
-0.9979406736254202
-0.9989658095278008
-0.9971125969032963
-0.9983270469299259
-0.9946357460456493
-0.9949388651745253
-0.9931856180357996
-0.9962471509784915
-0.9929007240459296
-0.9973518909349149
-0.9971753034252318
-0.9971587707999993
-0.9932454373274442
-0.9939963172208259
-0.9967138220393721
-0.9920075097224085
-0.9970451747324557
-0.9962191362868749
-0.9900252526676584
-0.9956520385890033
-0.9973451427890332
-0.9981090478761987
-0.9983060827650426
-0.9989746342841077
-0.9967265652429865
-0.9950032287403932
-0.9989831827684481
-0.9962943565856048
-0.9941513830289652
-0.9960541107753014
-0.9976102484256534
-0.9939744750410526
-0.9980344566345858
-0.993348042463031
-0.9974856552551009
-0.9986181766973542
-0.994271411532457
-0.9946240077482348
-0.9944698684267375
-0.9956661653327069
-0.9946238076866376
-0.9921489809377257
-0.9975259046643166
-0.9981745609931143
-0.9983785235087769
-0.9954593732596039
-0.9994248597698931
-0.9868191718277817
-0.9948825198630875
-0.9932179603989718
-0.9905662336666438
-0.9989091136294939
-0.9969328990086302
-0.996757835368619
-0.9992021744302724
-0.9940884923479854
-0.997576912673686
-0.9979096924612701
-0.9961546191861153
-0.994803471195309
-0.9958839668684228
-0.9958288160820272
-0.9958162756413418
-0.9920293188884917
-0.9973485790960954
-0.9074522260878334
-0.9966941667098378
-0.9975034188178488
-0.9955877974531465
-0.9912444522564485
-0.9980096162233459
-0.9977456266026506
-0.99522404916526
-0.9959570527640929
-0.9954394187191316
-0.9952051137246696
-0.9981671101299087
-0.9972680367876111
-0.9939304221206193
-0.9931958333510414
-0.9994440352064455
-0.9965548727879288
-0.9981195996767577
-0.9967364726297523
-0.9974136423079806
-0.9956303745569657
-0.998996052505771
-0.9981883046003475
-0.9943431736301555
-0.9978630223723091
-0.9982141110311251
-0.9985739282362209
-0.9991517684563195
-0.993617005982859
-0.9985591129997313
-0.9970648321867834
-0.9940329682736817
-0.9904246883974588
-0.9979344865877741
-0.9958775314864513
-0.9970791777184856
-0.9984665826985746
-0.9890439077399862
-0.9969111597415283
-0.9995838486760055
-0.9974666132109382
-0.993516450496721
-0.9962783491699961
-0.9938682889662328
-0.9954871883641141
-0.9969562527351471
-0.9971026232908465
-0.998720989691151
-0.9949183492090542
-0.9940430520824831
-0.9926504193185286
-0.995588816272166
-0.9967838895694523
-0.9928442213115455
-0.9951659665891884
-0.9977015771310328
-0.995238494869677
-0.9975481895542474
-0.998483876363929
-0.9980703867255453
-0.9939351091448554
-0.9933160515640713
-0.9946477504117339
-0.9981517615569305
-0.996924926076661
-0.9972204464745855
-0.9954211302141317
-0.9974326318102524
-0.9968027626148988
-0.9922112721205296
-0.99465365444237
-0.9969302607116607
-0.9986879209524677
-0.9992231247906915
-0.9912421575555128
-0.9962064324431664
-0.9952164914986
-0.9988498303605367
-0.9940400666772568
-0.9969302475984456
-0.9897605913453381
-0.9988811487400073
-0.9892005751620796
-0.9905159361185717
-0.9959728273984328
-0.9964931016231063
-0.9987373946386675
-0.99487542271337
-0.9974182952022892
-0.9973215567922359
-0.9887267425045791
-0.9991438961748501
-0.9962336020535476
-0.9942402316978158
-0.9975363588114284
-0.997281868034318
-0.9954499527898132
-0.9950961678056964
-0.9933807510667351
-0.9951029070233043
-0.9951017130210752
-0.9975730764157258
-0.9951753031274996
-0.9920470983696472
-0.9983252103847063
-0.9997354683382389
-0.9989986305472552
-0.9975754371388648
-0.9983940679646298
-0.9941244409304777
-0.9935540620951389
-0.9970873554274089
-0.9909857911171873
-0.9971159582080111
-0.9940024822746908
-0.9954450590952554
-0.9982510947345936
-0.9960837520200777
-0.9976270364187347
-0.9923195705427234
-0.9913538217911754
-0.994968694934953
-0.9987350297519414
-0.9948196320382414
-0.9989034077400757
-0.9963209570258884
-0.9940576699889919
-0.9947021967111905
-0.9977572725829625
-0.990789129679056
-0.9947999702399932
-0.9985324712829973
-0.9976211581704454
-0.9929077823186043
-0.9988535618646893
-0.9980493633622439
-0.99887308887948
-0.9961838037499497
-0.9963166590663367
-0.9979514165634373
-0.995394965883283
-0.9939922896018306
-0.9945988798312028
-0.9925525060423921
-0.9913352356934455
-0.997287123488646
-0.9924736180443943
-0.9951702315744252
-0.995619628201538
-0.9962724977265698
-0.9935667578964144
-0.9956660042853864
-0.9967974022098053
-0.9994519186140289
-0.9970994794285947
-0.9930826124683115
-0.9965210355987055
-0.9973287922387057
-0.9988534777257954
-0.9978610754428242
-0.9986431843522885
-0.9979218076694931
-0.9961719544913586
-0.9969165360616754
-0.9975657289853088
-0.9988240162533579
-0.9982327580626368
-0.9959428536087575
-0.9966948131580796
-0.9932494191790406
-0.9976782532986521
-0.9965984519806931
-0.9951763858891288
-0.9946155864354378
-0.9969434158891832
-0.9982961560028012
-0.998926600650087
-0.9905877872115245
-0.9968498040285064
-0.9957691550458063
-0.9897561381795335
-0.9985041865217148
-0.9986479378362224
-0.9957220229563541
-0.9964979866124001
-0.9949874749530389
-0.9962927246681653
-0.9968513340798562
-0.9982433810207222
-0.9954236644256169
-0.9952175094681972
-0.997094249769778
-0.9968285740896555
-0.9927471095180844
-0.9973156073217839
-0.9876854616780842
-0.9982012423622667
-0.9947684973587557
-0.9991087795029612
-0.9933022277131442
-0.9975868095903625
-0.9929925302318792
-0.998480641200392
-0.99186467650771
-0.99256761074573
-0.9944349670634388
-0.9979885993617329
-0.9974262526405437
-0.9947239623286047
-0.9877244938807078
-0.997218276633724
-0.9984684530862661
-0.9940989258719002
-0.9968682937693945
-0.9935636135879921
-0.9938536318856668
-0.994986684777752
-0.9980037764229595
-0.9957687537981906
-0.9949023534601676
-0.9964211070723715
-0.9944438504642102
-0.9973163630426798
-0.9990272479415749
-0.9903182876586386
-0.9950203144587594
-0.9959124982404499
-0.9935360906352096
-0.9928166265347814
-0.9947901249185958
-0.9983477036223305
-0.9947423234562924
-0.9986097870988243
-0.9960438942037141
-0.9978013998058662
-0.9950372879663076
-0.9965665917857751
-0.9925483362855345
-0.9919481885478565
-0.9935471404755164
-0.9989820809436775
-0.9967059954926514
-0.9980559713472066
-0.998767399851238
-0.989248475990268
-0.9969387790760657
-0.9972724238032258
-0.998102862452126
-0.9942824941953026
-0.9935200136859982
-0.9947304411368662
-0.996412263139555
-0.9922703691889261
-0.9981743031002303
-0.9945842190458901
-0.9947881830870203
-0.9979594002143629
-0.9984690713297288
-0.9933505822985902
-0.9986452023211265
-0.9963330444801705
-0.9990508880047846
-0.998426611696888
-0.9971279839412898
-0.9958158173061391
-0.997901677942715
-0.9919440114244601
-0.9938738225201871
-0.9944131451593291
-0.9981704031982991
-0.9970082488219382
-0.999515954629855
-0.9979889778761466
-0.9980671220348089
-0.9989308165007035
-0.99694224151202
-0.9988974312635438
-0.9930039909256249
-0.9901200732855866
-0.9961277199453092
-0.9995763663939184
-0.9955161297882813
-0.9969565792493423
-0.996732599806671
-0.9979023460287104
-0.9972716911480414
-0.9977499804809031
-0.9984452855451885
-0.993875051730982
-0.989891851192717
-0.9993623770835476
-0.9981130059525426
-0.992322174917807
-0.9976445645353897
-0.9991894570046896
-0.9995325959757317
-0.9974035894885638
-0.9945420896895684
-0.9959564815042298
-0.9989925951733962
-0.998534308188817
-0.9958946690154672
-0.990958040466947
-0.9972601229583681
-0.9920870461011654
-0.9980095130710664
-0.9950103402352449
-0.9989841671520805
-0.9971912039069359
-0.9944224928760171
-0.9979208791005099
-0.9956476121884642
-0.9936393098093188
-0.9991436053427323
-0.9971827411959363
-0.9962730124676443
-0.9931963525041128
-0.9978139118485978
-0.9955128196474783
-0.998781709571134
-0.9980604385077634
-0.998707652077756
-0.9947652209929302
-0.9993775881610863
-0.9966660865316602
-0.9940905764005431
-0.998711160652083
-0.9991224288903615
-0.9968261592049015
-0.9979811705328545
-0.9963752825031456
-0.9953167585509529
-0.9980247400082507
-0.99848346206866
-0.9959877158348475
-0.9971425997367158
-0.9995488014341016
-0.9990096487687873
-0.9972172603331022
-0.9965765135718161
-0.9967281473922931
-0.997575467715047
-0.9976354363111419
-0.9969343837642821
-0.9983751641279114
-0.9965724495439049
-0.9989262364188791
-0.9959583770230864
-0.9962884291552785
-0.9986420575941996
-0.9915047414076884
-0.9991556940087984
-0.993100004672024
-0.9961804551318248
-0.99840015290574
-0.9963235535768669
-0.9973072557527582
-0.9974777291610123
-0.994982433519743
-0.9976976122805956
-0.9988756429422049
-0.9984634882730881
-0.990156043230097
-0.9996565934065934
-0.9920846961473796
-0.9971196941734776
-0.9980625606153002
-0.9955540636163716
-0.9978543873537654
-0.9948522230883953
-0.9985965132898964
-0.9936208608811032
-0.9944963122703763
-0.9969981040657258
-0.994697541482926
-0.998242100054198
-0.9930739261544889
-0.9994745788257361
-0.9953361240704823
-0.9918048629633925
-0.9985031767530271
-0.9927363120728361
-0.9980128813461344
-0.9947532315576275
-0.9943495648336034
-0.9919688104487394
-0.9982180869155484
-0.998834204585957
-0.9963634690349258
-0.9997904690952498
-0.9991010832587798
-0.9983693488067328
-0.9967238466282492
-0.9996028533993303
-0.9985330757178368
-0.9924162428301863
-0.9939170861933372
-0.9977770728059641
-0.9935308025745436
-0.9972621611371613
-0.9987882894431626
-0.9993833616088375
-0.996766187742357
-0.9948277271041431
-0.9872028287251419
-0.995248722680493
-0.9922468422010965
-0.9980557727177842
-0.99874514117462
-0.9985891144388894
-0.9985796719945697
-0.9957631694411178
-0.9947251099244774
-0.9973086576168163
-0.9949392614019594
-0.9951990815634296
-0.9973834987973015
-0.9925831697990274
-0.9968786796792637
-0.9934042738933335
-0.991890034070823
-0.9945685696844229
-0.9996775667384636
-0.9921676940058163
-0.9985132636504283
-0.9946721813674063
-0.9952445480637314
-0.9962970477833013
-0.9975792097658277
-0.9989107886161591
-0.9969763389308209
-0.9979165332612815
-0.9962024109199471
-0.9956811771840377
-0.9964289876692851
-0.9932439120966146
-0.9958684234067297
-0.995065976944372
-0.9949613059416317
-0.9931234026775428
-0.9931441013572171
-0.9970167489384582
-0.9988138910304745
-0.9968468421024915
-0.9937081431557395
-0.994079783403031
-0.9934323788874171
-0.9981026867158022
-0.9957202638589852
-0.9961542365300685
-0.9957418404842127
-0.9960198616230418
-0.9989577156985989
-0.9918033419966248
-0.9971012129907395
-0.9972800005794938
-0.9964568075080439
-0.99942590984805
-0.9933205352010168
-0.9991429450254459
-0.9979806624027865
-0.9937443104402307
-0.994777653436193
-0.9961029889064336
-0.9959590660664132
-0.9951783799955124
-0.9985376272822559
-0.9894755668665806
-0.9941645407551162
-0.9973320587357136
-0.997777767527037
-0.9963664581695282
-0.998432095918838
-0.9923181989751201
-0.9976831089632716
-0.9990076761921423
-0.9940374772013398
-0.9981764600262577
-0.9991953914513018
-0.9928810699486365
-0.9945745031104334
-0.9972372221524551
-0.9974780621710703
-0.9960904308261055
-0.9959416395865931
-0.9948042047825391
-0.9962264565342426
-0.9963723334828151
-0.9970335197296726
-0.9959433459042218
-0.9942928074604928
-0.9957608196427231
-0.9955106572067164
-0.9992030006749759
-0.9955110462483016
-0.9954579756459631
-0.9921283140920013
-0.994588933897993
