-0.6344851962660868
-0.28486873727605444
-0.4253913700960596
-0.6800664373741568
-0.31364071333580595
-0.6382365271372925
-0.5670889282554047
-0.7042239242606684
-0.6128988507290316
-0.36320462946401955
-0.4255347151503585
-0.7076840638731111
-0.5824767425397064
-0.47192446742621746
-0.574653818596558
-0.6603766547676196
-0.6636008958273455
-0.7763750477842408
-0.7674125921515667
-0.6405725962106271
-0.20976888569211247
-0.5696363375199479
-0.627788539197468
-0.7509648287690674
-0.6476317536750789
-0.47809492485235017
-0.7511988400630762
-0.684507322804766
-0.7145573913296778
-0.7105942291656473
-0.38293479498756433
-0.6958353021810051
-0.6823441343392995
-0.7073112902101037
-0.7446041790131718
-0.5181425891545204
-0.6448998520132365
-0.5532743210837158
-0.6802003768816758
-0.5941020517441785
-0.6315913614473939
-0.5288219358523477
-0.6018309147633644
-0.5716758394392816
-0.463556625760345
-0.6438057971122719
-0.6513401768611831
-0.654079140808704
-0.28582826422206997
-0.6891267898514843
-0.7297598626910068
-0.7776645037833051
-0.6111278040866689
-0.4275270830978866
-0.7819046488242656
-0.6339398100469161
-0.5149706225642446
-0.5714513934866317
-0.523281186803749
-0.8020010320441441
-0.656176104954109
-0.5150253256880601
-0.6457364603809395
-0.7139908750135858
-0.3818817369180268
-0.5847857850440817
-0.5657871468445032
-0.7103201022209908
-0.40179058504197873
-0.5132623982675741
-0.6200652488422691
7.181343634180716
-0.4187132515486075
-0.5636618496780009
-0.282941489304746
-0.20705192918523618
-0.6235110849370239
-0.6640484896690638
-0.6812564360924425
-0.485212915159462
-0.42743310023310027
-0.7615159967820619
-0.5083714755592542
-0.6754850939007186
-0.8103947753816864
-0.5661281986578558
-0.6101738908959947
-0.2381502763400298
-0.46363307062904435
-0.49487463068861837
-0.5549369354164501
-0.6221648812566086
-0.5585537878128227
-0.7358788846678119
-0.49990311068117
-0.704529851987898
-0.5435605383602404
-0.6617302050896874
-0.4888690315348456
-0.6071973548417585
-0.5305351617013531
-0.6423257284366932
-0.6441628102493344
-0.5442327540927006
-0.6301279451440548
-0.4439910804838569
-0.7662313730645358
-0.6309935310165423
-0.6358045792168822
-0.5476903949278314
-0.44933494364145005
-0.5874028769754102
-0.6818494193910002
-0.5126534254237947
-0.6131168064671901
-0.796958276766399
-0.5659506264478938
-0.45155611768852766
-0.5021944122344498
-0.6596541485758619
-0.7347852624985168
-0.6958599138712838
-0.5899094564437323
-0.7530144909905604
-0.5592134198471018
-0.5587683241849677
-0.48797674267617924
-0.7305842301779046
-0.5460405351142296
-0.5065494919091453
-0.49937745286020835
-0.7248606378368273
-0.5990962611200533
-0.604682541627357
-0.5869084964142138
-0.5783707059135346
-0.3764317533920981
-0.7530001746222709
-0.6488309781926382
-0.4021808395305303
-0.40229091013760304
-0.5599556326433142
-0.6157431182686489
-0.5998665309313672
-0.6838980711033635
-0.6844160732076306
-0.5629482895783612
-0.5492508709770914
-0.5303765613699805
-0.5217617756888074
-0.5364758225927767
-0.3636814134785484
-0.7603098900977583
-0.5459549987463481
-0.4621515790739507
-0.6746165312304659
-0.5036041475771894
-0.1848526499204537
-0.5679915940173045
-0.6326236979610189
-0.43634919095668034
-0.5276424368122812
-0.6070787364149831
-0.6237431399284992
-0.6722924515672511
-0.3720720473548113
-0.5382604151090331
-0.6874641775157618
-0.6225071412760486
-0.730883621267664
-0.6993634135415151
-0.5388529711095554
-0.6441910064904736
-0.3662044044117948
-0.6267320737050475
-0.5868095615570362
-0.5475275443203602
-0.47346766090221587
-0.5592367821509937
-0.6002569950584229
-0.31661351758348844
-0.6070026581688371
-0.39267268075184475
-0.6870041442365674
-0.7255493591625086
-0.6745856933857389
-0.32814840419403163
-0.4818221472055225
-0.6483693738438615
-0.5722751510731727
-0.5677801115923673
-0.5504432626843335
-0.38957327135855485
-0.6278978830920692
-0.660193373890559
-0.5979977581256246
-0.7465105400716809
-0.7385688783196663
-0.5723233381345205
-0.3756118165227541
-0.6346211305613917
-0.719150125417916
-0.6135903858959317
-0.7314566891827867
-0.6015238964031132
-0.4977887135735211
-0.08933413552349914
-0.6211843341379326
-0.7754985874283081
-0.38111886137076045
-0.63587654480333
-0.39249346143821395
-0.7693920143109418
-0.5270095232349209
-0.7026478039134322
-0.80501102398606
-0.5589890230295904
-0.5804603453781954
-0.5969547145714078
-0.3875030736865113
-0.7495666002255571
-0.5602823361141401
-0.40727521499822056
-0.5215319412266913
-0.6956917444400684
-0.5355499325705229
-0.6933630502992009
-0.6786068181682515
-0.6951761116908697
-0.5729324952524293
-0.6624016570063642
-0.7416847008162055
-0.2679620983899905
-0.5362169427325559
-0.6832409377653957
-0.5754339346244911
-0.4878178626516726
-0.5189932416686088
-0.46506766330574784
-0.38894565843944867
-0.625038296738672
-0.5948870332121089
-0.715806557049132
-0.4594401917713003
-0.6515879268657121
-0.6233323586143252
-0.69831173728721
-0.6226021048284468
-0.8105538650262909
-0.6016389588980768
-0.7773657466168504
-0.5926376211064343
-0.754695481141283
-0.42327149185387625
-0.6167840776964639
-0.6252985271103377
-0.760430556638261
-0.7203902853916162
-0.5594802501720013
-0.6103125387572864
-0.7628622347875481
-0.6628957604689135
-0.6141371487307999
-0.7765033749529245
-0.4244983798426133
-0.5727551934085613
-0.6633595914351552
-0.7138820065875768
-0.2603345054638549
-0.7118250869813688
-0.8046861114126448
-0.4903668240926441
-0.6252226110131012
-0.7123757382913235
-0.5340200411300166
-0.22467550635872016
-0.8013752665245203
-0.6610439515684667
-0.43695780587819133
-0.5525627191799298
-0.5376559388543986
-0.6425091109486819
-0.7759717807000145
-0.6786202219002518
-0.6687657403339669
-0.5446809046069188
-0.682195530917428
-0.7168064208532346
-0.15739953467408907
-0.7088932591021047
-0.6320842801612158
-0.4973233768682804
-0.7010763579365644
-0.6244901433163764
-0.3447141277597461
-0.6382903184759403
-0.5387363903722414
-0.7680548188852726
-0.5746463367151942
-0.6308715105432984
-0.427993069469301
-0.5074090616029074
-0.5120608620481356
-0.7164811593846607
-0.5515223058383748
-0.561962471775391
-0.5444046745941699
-0.6908004217355682
-0.7393514237582022
-0.4914869935516526
-0.7802236442471089
-0.37493996924663064
-0.569094566303143
-0.46480491115523037
-0.2744709204221233
-0.6493408512149851
-0.6822338101003758
-0.4580858680428203
-0.708669040116906
-0.6733698798194937
-0.6093084935099911
-0.7201861209596189
-0.7969272593464427
-0.35944902632069226
-0.5059584819044045
-0.6058452253987702
-0.7427612637758975
-0.5455813421329347
-0.5798955557763088
-0.28683914078947115
-0.6201798728993585
-0.541321214033879
-0.6558021327638301
-0.6105944671883068
-0.43089846953128275
-0.6660950587302374
-0.7480780789911289
-0.5266111403268041
-0.4281799512594802
-0.6244002257973469
-0.6647400284013054
-0.6738609980202709
-0.6120973371144107
-0.4416206020277173
-0.5833374779200485
-0.6887321583964312
-0.4386676273697023
-0.4596446643310457
-0.7216788107737994
-0.6430938132934111
-0.49808722058385285
-0.3754958733100077
-0.48072561967817207
-0.6890478940793149
-0.6169038357211898
-0.6589942446685711
-0.44066514744319224
-0.36763067798029914
-0.7062169638211048
-0.7588902133549433
-0.598911846929967
-0.7345415499695789
-0.7211512221977016
-0.7670987277969633
-0.6823142936911126
-0.5514514914593054
-0.7757040240943486
-0.623197376212003
-0.5825570302197031
-0.4394854359541498
-0.6941558545828248
-0.6406291256667077
-0.46019607749714525
-0.35476804376705556
-0.5902950178964895
-0.6810630137968035
-0.3994253684761913
-0.07499966352775447
-0.6670085651163762
-0.7484441343777657
-0.1596294469957936
-0.5975382620842451
-0.7621776104129583
-0.4821971017379612
-0.6338658669777486
-0.5346432292326717
-0.7383723438076629
-0.6107224335884927
-0.3179271327862581
-0.44998474566488283
-0.6375802997858672
-0.35008433170747877
-0.8232123000170305
-0.4169225581255122
-0.585319571540044
-0.7206060150357992
-0.8352601305969182
-0.4993059163324318
-0.669325748483304
-0.572950391198636
-0.5823273410702543
3.85985478747542
-0.49406342278402327
-0.6161005216862792
-0.5682205996345899
-0.3505350002197127
-0.6266761648238656
-0.3969055025860013
-0.46055785508743896
-0.5107791751903454
-0.4711936165423118
-0.5036230936249249
-0.5818931075103179
-0.5453280248844898
-0.8021189380803322
-0.4075317577359677
-0.721798012101467
-0.6093836877120999
-0.7640029604649717
-0.8125042255425596
-0.7842452916628488
-0.3026402993491872
-0.7059062162789745
-0.7383398529205285
-0.718587227330573
-0.4371878077951316
-0.6618976073602705
-0.5636922388936699
-0.7037778238434862
-0.6353211503765344
-0.49293802557777944
-0.6901077062052672
-0.2849685747619584
-0.12007696993724443
-0.7063885728674794
-0.6455116283296278
-0.5349974994304986
-0.6169675523301146
-0.3514401612221606
-0.5250265327973551
-0.7323423245282433
-0.8766278651809661
-0.5101528110353544
-0.7086303146142154
-0.593100382457194
-0.5218272726062236
-0.6899029682949281
-0.7325548052245975
-0.5245490610398887
-0.7403766386075282
-0.5625694717549549
-0.47854959230902155
-0.6398191730723646
-0.7365514356568765
-0.6656155353338993
-0.5887364752028837
-0.7618625166482506
-0.41296339648143315
-0.6554603835377354
-0.31305200346421547
-0.4486123377492305
-0.3314662366218077
-0.5338079706046888
-0.5475251090672376
-0.6602650495789236
-0.5703200576661969
-0.5316043965946949
-0.5879491932976171
-0.6236383979622496
-0.5600803156121038
-0.5903701207433649
-0.5514722255528339
-0.7063652871837403
-0.5239618809654392
-0.7168844772934367
-0.16069891437014197
-0.758332536571374
-0.6845384084729944
-0.5625329072402968
-0.363485555606942
-0.5848341073688553
-0.26094672114233836
-0.6452714367420738
-0.2503645215811912
-0.5538685698199055
-0.5874401843074584
-0.5122939638910716
-0.7344646116848935
-0.710979715877867
-0.749074204765632
-0.7233154807560646
-0.4295185417269192
-0.7183662319480386
-0.47711379617108124
-0.7956838714448609
-0.47559533121718495
-0.7415561618076203
-0.7539764655012662
-0.5892628299915222
-0.44457649428970936
-0.4657724032994314
-0.6757812200658112
-0.6378888329758701
-0.5453665645022057
-0.29807103244989147
-0.7879496006581913
-0.7058028424317715
-0.7384699623457651
-0.591860719815703
-0.6744059538443237
-0.5593434049820813
-0.2765504381207872
-0.1858788904997793
-0.15151797256105665
-0.7374723456090385
-0.7526547173908885
-0.6520245637167794
-0.5582896107016981
-0.6990411746638946
-0.5306054130350556
-0.052857523991236166
-0.5454325260671582
-0.7466089303790351
-0.5828654751776052
-0.6910955477738869
-0.5615371402375419
-0.6791699088340375
-0.6469058043563805
-0.6195526484844944
-0.4694396166333582
-0.09917056198950211
-0.5692438301128754
-0.757400411379536
-0.4737534451472461
-0.6481010442405186
-0.4110178376836106
-0.7434453247273832
-0.6995171990785087
-0.3655699201027823
-0.6015266514479644
-0.7714954552389853
-0.535884451851377
-0.5243131134128927
-0.7142552568411534
-0.6815198090634368
-0.6634921499606656
-0.5455700193684969
-0.6835040488008525
-0.41118629224808123
-0.6607468280809082
-0.7011535638614617
-0.637832537309064
-0.29868794064234133
-0.6497255918301234
-0.5711699315638918
-0.7028488711891591
-0.19975597129016812
-0.47225071746962205
-0.8205691698622135
-0.7377537746996077
-0.44100015830856093
-0.2571808556574607
-0.4730034558549284
-0.6985836596309564
-0.5478431997475056
-0.7253858643557191
-0.5798862358466966
-0.5454029052680641
-0.4745541880553322
-0.6522206555269229
-0.5608279069996625
-0.646181454939527
-0.5882095416571523
-0.44477582218954403
-0.6202617515180594
-0.6539790347211107
-0.6260122590131663
-0.4105544636782825
-0.535134433699935
-0.40132845473526557
-0.5579046286560854
-0.35720855238506166
-0.6704165768699664
-0.554068141063957
-0.5369746887323062
-0.5258977671384892
-0.7637634539305088
-0.8178282982710209
-0.8158699746477104
-0.7057852617178283
-0.6823172042535773
-0.5078746854525085
-0.6976613357890348
-0.7553976595539798
-0.23369176432694003
-0.43351078953302546
-0.4724632589730078
-0.6797919233749571
-0.42087101878642985
-0.6290973681628775
-0.6639500186152133
-0.7468145143746133
-0.5349324192802744
-0.4699000799810749
-0.572428093225986
-0.4891370264443862
-0.7352794975497242
-0.5770791091488744
-0.568971419506208
-0.7432563364118324
-0.5065429205483073
-0.6652095257747656
-0.644936587795638
-0.550098130221456
-0.5445045402968274
-0.5709843358772804
-0.6375268835854031
-0.6556502245587337
-0.7736813189743917
-0.66802602779658
-0.4786480033050675
-0.6449675526395034
-0.4911969208064655
-0.6583391155675887
-0.593127064547201
-0.261986990312826
-0.4033273422042321
-0.5141432193620005
-0.6488644970964613
-0.5683131269875813
-0.61034752234918
-0.6891497707887769
-0.7593837996982524
-0.39965204957102
-0.8606527855936973
-0.4650066779059839
-0.38283421836765263
-0.6164013764957533
-0.6942798456008354
-0.6505309570374405
-0.5546957734369266
-0.7056444248757332
-0.7900937195961811
-0.7636582345509658
-0.6768664328976729
-0.06859923431104535
-0.7543940984133604
-0.05081404733432783
-0.801516845738733
-0.6299800105275735
-0.39887173966561096
-0.5822262170845548
-0.74450335644621
-0.77346451096598
-0.7080404935081533
-0.7053909684709602
-0.5524693903105711
-0.4256657322247151
-0.3296636985523225
-0.6312610239577614
-0.6172052932697271
-0.37351415927324794
-0.676095379254752
-0.7458240602235275
-0.7125643021425269
-0.42672764327560125
-0.7472850500809064
-0.44452378097304135
-0.6397019853234336
-0.37703650262238464
-0.6661769261086357
-0.7200247969883129
-0.6237874468298281
-0.5984037104075942
-0.38848467127474745
-0.7221235503947702
-0.7283598099050022
-0.5169621495613765
-0.670397100312976
-0.4351508360714484
-0.3835357854475877
-0.5968798565731084
-0.5908023666823622
-0.7531290593546184
-0.26403214971995387
-0.7031410684323525
-0.5623611050407313
-0.6158097586020067
-0.2500690648120328
-0.6153630459202203
-0.5140610561620863
-0.543667676631832
-0.60041361750522
-0.5364143725204996
0.04698473900459456
-0.20182292261255133
-0.7943284483679331
-0.6475356407943318
-0.4678973104282333
-0.7848131587352283
-0.6757451529387225
-0.6793264634839773
-0.6265960182852466
-0.42119933227424394
-0.6961922699975397
-0.3413467176396087
-0.6446495347236804
-0.5974472431453083
-0.6271739144411569
-0.6948929525168276
-0.5141994583635476
-0.43465675196829107
-0.6159955068301517
-0.5102780012182023
-0.5579529354305437
-0.7611829783074192
-0.5330003689950851
-0.5885127847563433
-0.4620193208552809
-0.5787504201669328
-0.6616656398167743
-0.7024014305167288
-0.5608672343586408
-0.6237383547707838
-0.5987518345136416
-0.7240180682781646
-0.5523804741829643
-0.7072808641360961
-0.6947081947384337
-0.8197290991034079
-0.5150583474566781
-0.7454664736639359
-0.724952111682265
-0.6893706629558707
-0.667450495260393
-0.5597456462061512
-0.5680955460861684
-0.7841729682376488
-0.5545322880261956
-0.5977578894037008
-0.5568944105766832
-0.5988928171861815
-0.7660217647254008
-0.6048392038878283
-0.8097867678721634
-0.7468642129290163
-0.6484952810409057
-0.4377734120229706
-0.4340789873403545
-0.5161736749827763
-0.5292051053651183
-0.25443095161879853
-0.6077624052454234
-0.5869770253223696
-0.6468711408594894
-0.6904142494935588
-0.3956386565852868
-0.6586128617735981
-0.45332070181019174
-0.5643925196279804
-0.7565684120467734
-0.4601692553272354
-0.4052362101334742
-0.25366650046179706
-0.6058409462023919
-0.6343584889836702
-0.5622844713946744
-0.6898994376700321
-0.5494555587555955
-0.674364798130207
-0.7663795980546821
-0.7216638840203494
-0.5346893298713538
-0.4776754442019572
-0.45204866231303975
-0.41573918340606336
-0.7231696397012042
-0.5723945918719437
-0.7661760642395418
-0.6872147794244292
-0.3117585663512767
-0.5599659363719329
-0.6326384294489397
-0.32830572241999734
-0.5319391320553978
-0.6777551119268426
-0.48920715233482004
-0.28464153516623714
-0.7346899627737515
-0.560207200752023
-0.6563238120232642
-0.59038315791873
-0.7429687491034861
-0.5996966829719304
-0.7812362789343427
-0.7579475046590541
-0.5429111005585894
-0.6394683201634951
-0.38732410323808664
-0.712923945882044
-0.5365628128312576
-0.6052646839785616
-0.5250412512491575
-0.45703115684307427
-0.5985554347211134
-0.5282667618941687
-0.7250757205270851
-0.10754837012842507
-0.5900722979674979
-0.5422262996795006
-0.7454296879154225
-0.673383529966788
-0.7309413157620799
-0.6446149534410213
-0.715667294223389
-0.5022438861577188
-0.5128728183573459
-0.6508948136783547
-0.7302017483303987
-0.6840990800731818
-0.4502678198404929
-0.28622479911876963
-0.6776643575656236
-0.6547653547418576
-0.7191420248073424
-0.7949446651608834
-0.6363587532165824
-0.4836791206201445
-0.754229826136392
-0.721382718228144
-0.775097057321444
-0.5648174308883737
-0.4734014390601597
-0.43079226262900683
-0.49581433553980475
-0.5222038336324717
-0.5498530374792501
-0.5675876346628158
-0.46915064540456647
-0.6135231653311001
-0.5105406729610551
-0.29173386647995747
-0.613161413543398
-0.6677101601529516
-0.6407309006840839
-0.5762310000142189
-0.4972736836945168
-0.4820530830219073
-0.5445618222220314
-0.6200137061374562
-0.6345822026364896
-0.7241353286363323
-0.7737108197497885
-0.6191629065155372
-0.6205130779657614
-0.4722349028303118
-0.7255492817294028
-0.48106862182084226
-0.8083047937941703
-0.6701800001054792
-0.6794264862144175
-0.5726901480347116
-0.7599704886625295
-0.730345053567035
-0.4461482481419007
-0.5824515432030635
-0.7305626885393034
-0.5560564202124402
-0.5659048828150769
-0.4044510733213937
-0.5553444040508625
-0.7185179888969101
-0.7646925938530507
-0.6063796979478902
-0.3838981261715427
-0.699571628908006
-0.7174563606602442
-0.6642483460487913
-0.708607536969102
-0.6620965160547133
-0.6895139078434778
-0.5463723162764907
-0.7464233618949179
-0.6367307641981242
-0.7139223659889093
-0.8020423224200542
-0.2948697373348313
-0.6418345818010606
-0.5813290020088886
-0.4923425544339979
-0.7425275165472882
-0.42481837554241186
-0.5395870997619596
-0.5419585994313401
-0.739492250967942
-0.729277590458457
-0.3888107478042749
-0.6619188275966444
-0.6526560486098325
