31.436035750686383
29.32257930726993
24.282868866360374
29.29835548189019
30.012375009085037
35.182548506273946
27.525367761464565
34.64788717352354
31.592958451492525
28.349837549074106
20.907080391401617
34.58321037742345
28.199497359907202
29.801073391283975
32.258666555456045
21.814646858008143
36.552051923119
28.271391478631305
31.94825853309113
19.02477495077761
38.130731476707744
29.087401577403842
25.674216715589154
36.50180807479856
32.82720958248197
31.193575931559142
29.50114689850996
32.37521126721583
30.47747643561362
32.27854958885625
30.433351648996958
25.67286285617733
23.028157264302166
28.26613113602369
29.414643633410535
31.74880789962236
28.705276634438516
29.795547490097732
28.591177391138718
31.375819880818845
30.785595111839626
37.03682709150108
31.717434936214314
30.433052581358396
28.123544736028265
40.65571826843074
34.23391810895561
31.72591441734354
33.28674228450423
25.79457623551022
29.031640435887464
32.238651673561485
31.481716281604804
28.7906966978417
28.57622026578035
29.775220416221938
38.69407268788877
24.70055840999784
30.89205790876429
32.07707656043794
29.440028786850377
28.849320025460706
31.178755997989942
35.052395425373156
31.823463281786424
31.708752760636827
29.56610116859245
30.099733899884985
35.85619693955981
30.079318535865074
28.142137867445655
30.403346144561826
29.69622875597326
29.340675265580984
30.763945301465366
27.094251896054796
23.922876541702625
34.4929037849312
29.81273058564679
30.463937785684973
29.811762484831835
36.30370666781419
30.852185336894614
26.54254873525817
25.947113577326263
29.11863149323569
34.15536365580935
20.24632603293456
30.46702850767017
27.79626001135385
30.567526471260212
31.36337787860347
29.9052084865135
26.65857086189757
30.929819612507362
23.69925692085907
32.20654860792467
28.528827670456913
28.91902591805148
30.043967749087795
30.361037591661045
29.41268896516567
32.839608929543274
36.65166882226424
24.411587812083685
42.15955702303899
24.32531387632965
29.832378658554624
38.455927208265656
25.07201347835151
31.259540848534584
25.01005352519919
24.24315414456652
32.46390982518583
32.13188017780807
29.16549412484417
33.3749238358188
28.26915926333618
34.06118104720011
23.946174634790953
32.59062602377349
32.549061719951574
34.995321901909044
27.15888618069274
30.59077232685494
20.188627829910878
29.390440999465923
24.766850451420105
24.90268630091544
28.316624495169695
32.06807367695513
31.620559164609265
25.640266689125628
46.06846853921858
29.723951801861944
33.201289099622265
30.497113133134867
26.568108804513333
32.9763064223175
28.93521741103129
29.79747453058638
29.64987927663954
33.08184680133216
31.613864902114077
33.61438123955356
29.628520715781736
31.281158669168356
29.605624450395325
31.024729089439685
33.81009811537125
30.26711981215843
27.75338881123944
25.216852301469864
27.765660402880545
36.18479321011163
34.9778751270689
36.19097085120622
25.307496836876812
21.549098942871098
26.968352794239163
33.930975462495034
30.422283976844678
32.02679891831948
28.326629360390953
28.02930107877906
27.962057463639315
26.592596335808107
32.71485904402535
43.72031502418825
37.882917886464305
26.933426099917277
25.487062463391382
31.376456948918968
35.89318708444314
33.13103905660777
33.367297806763425
30.44265610179435
29.761523950095643
31.649784251376868
21.74081351941887
26.12856738422727
29.12813730652719
22.827027659858327
32.68898908642708
24.079004686256535
30.921686684424408
32.4909784727702
23.23106927504763
28.471845322597368
27.017276384710094
33.11904613867346
28.718826998678686
22.362660727780604
34.18922184356288
30.324730068219523
29.43476232658256
28.633337267125388
31.554376182266612
45.665133802936026
34.08404739171223
28.38952398547392
33.899735012040004
22.7706360046933
42.74236471689568
32.21495136113405
26.244565886146493
22.175075173880447
18.080225925397972
30.91096692734642
29.230096160804827
29.79418957944043
33.75456344998169
29.736618274321295
22.067156392582724
23.75520868694428
31.88200009147153
26.75798350170102
28.86530947032202
31.586899402501903
32.64149538266671
30.885880994938745
31.56686062443782
33.99852534751325
30.383681693643126
33.56476576967197
26.35890951647371
27.616387344839385
30.77408333725849
33.092040911684464
26.17693658883428
30.57321732053216
23.969610531930698
29.126979402948987
30.470397152787353
28.383883644805184
32.15902796081065
40.085857033992056
32.52825382166619
32.68018161030509
27.881466418789756
33.98246429532832
27.610276488019448
35.8300660736443
30.34625893267543
30.865729023868482
32.08087612600918
29.385704680297064
32.872104097116065
27.305422358808006
33.367942578432114
31.41466787241734
46.70559380011321
32.78369867908048
30.61865447949956
28.634620707239222
30.80279203712506
23.251630230749626
30.41886239714319
29.485472894605746
32.035208259890844
29.839230152212263
28.380601782747828
31.974577347321887
24.49486477595758
31.55527772185661
28.520039203236127
34.144143786857846
33.60353043688633
34.432146420574604
33.691626386341184
24.41488636060018
34.514525331223254
27.703011733069598
32.04059367076806
34.03752886873896
31.15455309579701
28.547752230111204
27.02790077511743
30.662821503759268
29.95630920271906
32.309329500338286
35.23269804161507
27.523128046761407
31.417242637429432
31.060553684583482
31.236958486680873
34.07166148407771
26.556950990773366
29.63301833590234
26.81682131370978
36.21098436282794
31.16040100474637
29.14765014684442
24.77193171022028
30.951205975877226
29.528967242405884
30.525149770172003
27.37182983440892
33.55404341790537
31.972509211135982
27.769089930097113
31.81364752702012
23.825404326947087
30.854461585659998
30.108250467914242
26.619243422253508
29.5835248682034
33.52753048517047
28.560720318430203
29.75526010327661
29.576822035881094
30.91385882500579
31.208997106596676
33.44345654395733
34.88741275367437
35.96242923520731
34.94061489281866
32.97829988654544
33.53517500695185
33.01330231157119
27.310163114030296
27.61739048496307
42.69052430659087
28.81101317331664
32.25074099753458
37.39139262846623
32.19809720213747
30.62381582144572
37.70958863419192
32.39751052871674
30.111558043810902
29.166368683741197
31.933115447799196
29.096147625841024
27.789499260796443
26.09350346241918
26.038318044255046
30.600644928531462
25.946732202001645
31.938783567865354
33.55664518936252
25.307902849550853
35.3964742453038
31.58449794325849
36.57037245836365
36.63586529598326
29.200811674034224
35.02704749021219
36.426748610574286
29.139288989044797
25.687190965485954
33.03804467647412
34.47983280634801
30.193718138365856
31.25064502725125
23.606332281526438
34.47748395954554
30.68586817124956
30.148889531895968
36.48475775650504
35.111574621034954
36.533327604062826
34.368201717887445
27.669187437596513
36.67604835961861
23.60735635430338
24.8211905374461
28.8202270368414
33.18372149710712
28.067883899114765
35.162721665587476
30.315377277992898
31.616509853983967
37.85976773161202
33.349078813457965
31.86921752689646
31.088636430680896
33.78476924128487
25.313168909575943
25.635533776904108
25.644471456119796
24.479156077020328
25.17385482303459
27.399383219218745
35.99206389289626
31.108892076725386
31.856660537839876
30.86161754007771
26.91865378513184
27.241898422403217
31.072152715849235
33.21297839049383
26.57080198087463
27.764055141413092
20.742631276098557
29.187372679834937
27.513495388287616
31.364599567009577
29.750491117797544
30.781044149361506
30.86615769725827
31.698907249029777
28.082480946162317
29.699050356482754
29.640006535934738
33.04423551872119
28.437298512198744
28.1338847228161
38.67675722148301
29.691692074344402
25.831957965840665
34.11275345567778
39.36311649098773
35.91171343705183
34.25069156123431
33.80931598737804
34.00321575802096
30.080414499354145
28.742032771170717
32.43262654508458
26.227267930405837
30.547888089151762
34.190457544806435
30.27694534799974
26.68755420752067
31.552485000646527
29.56888834752
21.487447931134174
32.501181019333245
34.74738632752257
35.243581434039385
29.293730823529085
26.11463791854132
29.756217744491956
30.007173916428044
24.468068133171695
27.6273474735002
29.74059885344382
31.167033100736358
28.43988014337142
34.26009786583674
22.561131996767646
36.08487297242601
29.159923423816927
30.784944810914933
28.82912107471082
35.87921357905542
36.27034413006831
27.672851674878324
30.609874684617065
31.393334707872004
37.522376338534585
27.96086182973611
30.274934235973273
29.24130193259582
29.04857854503659
30.68043536568987
38.89904499122671
22.506881460436396
39.74273143646489
26.094819436577534
27.571521099970898
35.91460556525226
37.13745479133398
33.59539415941803
28.805932738402888
32.3305256984993
35.56675555353298
36.07982185958193
22.392608841901737
35.67028196364189
38.57336509770337
30.633413391448393
28.419849124897834
37.58429672484389
27.020329024167232
23.91999039049742
26.784900832486795
27.76374204235414
28.181195575011046
32.9839379954742
27.979877974730282
33.49570298241552
33.9128739424531
30.330319112454486
31.20789965734698
32.25362660788064
27.503828458480832
29.902744978972844
28.566621757506734
29.28054971619948
30.37777925019407
32.736350229572096
33.53048824362337
19.067285814969004
31.531145185769326
27.324542264582526
31.654661267580686
28.273641447184033
28.09248073677812
29.33696000061747
24.167519638531996
25.174582676839663
30.96416510876664
30.150638555338134
21.72255826091057
33.80110694102246
31.569831525539655
31.089788084955835
34.06706224459185
27.921263853141536
31.07424065458078
27.826739244884813
20.266248345652052
31.598388895657035
29.497670820978797
27.461763279165435
33.77519177040215
34.550035128590544
31.01302944748348
27.811804248782646
30.827743649470705
29.420602367683177
30.065072990314054
33.256891753474356
30.582381737863972
29.44641599759648
24.466202454099317
20.579883353586276
31.95342869896405
33.30813662708506
30.81224952137288
28.63812246167548
25.092930870939067
27.00831874412792
32.79893142122189
34.79302846786142
31.79647763124074
30.818996551255992
34.36047997544782
28.976269675273617
24.21419666381217
28.940260614614534
29.22986262827309
29.376422453010708
25.851362384640904
27.54410406301525
28.474085382748626
33.15118575859654
29.713255655305804
30.047936067475742
37.51541436926248
31.658123752300817
22.770782598079343
29.94582253539007
30.077222533705548
27.61873364927839
33.77157656099421
31.646050047835597
28.455894036693273
32.19250933340324
25.61399532457136
28.529371898000797
34.48666598130578
36.33467832174808
22.865652235833547
33.89584081401813
29.852283543834535
30.51813172475521
31.30166634840498
34.72521921245744
30.818352551324466
27.684290211120864
27.527375139141643
25.974258636506264
30.650836442211254
27.94658955569582
33.76391614739738
28.959890049704292
32.54133367033926
31.092766084731124
21.269576524057985
26.90135451648482
31.743291827425615
27.493444846237754
30.076137487135945
28.849791067556108
35.60178148878976
36.21606957418764
28.12100794532525
33.64206918866103
30.15485012481082
34.349768901540344
30.24659660388445
30.013043046889265
28.804183085883057
28.725133746041692
31.792554618804722
34.54969275301186
33.43095198783849
30.129291686078037
34.21010818472127
29.554361924823603
32.15855607701541
25.44659834119585
31.34150818536099
31.907784332806404
28.446604423225267
29.614564622769016
27.87175204552396
30.71546288987939
30.862737965881674
38.169405955690884
34.57019371086921
27.326117315845416
30.091611367141745
27.285008036459814
29.935167491675116
27.624044073581466
28.751744778342275
30.006595468045997
36.299744123732225
33.00671469415649
32.289053386411894
26.9410409843702
41.3728046037893
32.219989691137116
34.10329612526083
23.65542977317606
28.73900712109238
34.26751035254519
24.132638066688106
25.436344548742117
31.92812087695038
30.029515678834528
33.08325721401904
32.5670267081607
30.529466889819542
30.718431764414788
26.8849061154789
26.922295491389434
34.09036012225765
28.51168771106862
32.85927265705548
29.048233691014826
27.926427611281603
33.03058395874236
30.83988061204189
28.949246085138416
33.24980764203048
26.665283730482226
25.43430548550374
25.618194100857306
26.214397586689607
28.319759356460324
32.831044544239745
28.69150130832895
33.953238254265344
31.095093151192128
29.01548224579386
30.870665681681444
37.45219535218465
32.620351847587436
30.345532044270605
32.57139146818427
29.226821174850954
39.56176088732231
29.804849676953406
38.067991580473326
24.690464086019055
30.77249911480055
31.920208273360647
24.580750886790838
33.58688281335921
28.63838395006766
30.577448694189034
35.442876035516186
27.16692372948055
35.615453165498494
31.52970098938432
34.52592334462151
29.374481442072835
26.165674730394258
36.90852435349988
35.91923635672018
34.99271178133742
25.40156925389363
29.47100578318663
26.394189271323874
30.584266434135166
28.672898732552767
33.67780707322197
23.299266302393974
26.97215576444
34.92530364234369
24.029956456694286
31.482482559765526
32.464278547209815
28.910912040047304
28.02291243079485
30.86646827705956
27.340224197165412
30.152224600711136
30.708259656883087
24.615808660315214
33.70173930667616
31.218814215664324
30.664383047319753
30.531811327037488
31.66750586988441
27.615835845079683
32.4514992440626
32.543285914650234
31.84964448387161
29.704792652798083
34.91983661993077
22.87747664627042
29.089888282438245
28.460720909975446
30.546393732353195
22.935755774482722
29.89141689762026
32.80005217511275
34.12950193631423
27.739724187743512
32.25654383304861
32.21504025425373
34.6020956259581
33.27527912181854
26.772651002418623
29.64335838498631
27.29430658946232
28.6756580425425
30.403811124177395
27.818345219552565
31.73987929385848
36.02889715824996
34.759271647604756
33.69611640050053
27.05753087699282
34.6436353681955
30.711881679013946
30.9622969252408
31.51342836936958
40.107215220368225
34.65116236675646
33.44841699098816
21.895629578501676
27.808727743428122
29.667089878347266
25.371239399349225
34.094752229260315
29.187737422275095
31.536338883806188
24.361625981839197
33.69301089573599
28.991277035723495
32.95252599048703
40.077429563381
31.49718287992339
30.179505040900153
30.007646062527947
27.90735296880883
25.186002303723786
27.205265232429007
29.827857539337742
38.10237153624983
28.299180383443883
28.4148770290725
27.701702377818567
37.000732239300305
30.143955543581672
30.185311771942086
30.625215861527582
36.143949959717176
31.17237967941475
33.2888958206157
35.139189457580336
29.693844707155996
19.552628406574797
29.659399538573517
28.94329571603892
22.115852252565286
30.867423735975443
30.394062677908444
35.535541460595155
27.943514571352292
27.493973791545994
27.218902992871207
37.019953297095185
27.7982368489591
25.501418302960747
32.573575660864364
27.69636385895672
34.29820407627295
26.915617884224243
21.841928555712954
30.098358717837275
30.240281538695502
26.941326512762416
29.381721095914166
25.415447422587146
28.197706153214632
36.68015441522005
29.251916650105226
25.220410382598306
31.155206591677942
26.920850900643522
30.72829872964653
32.568350902228225
32.54444854545942
34.13428244132211
29.55016782694253
29.967336075474034
29.167519830989185
29.374025417064374
31.53601660695182
29.69532035720465
28.771078415565324
27.38351963815356
29.357250100511365
22.84293830180193
33.36548019978021
22.806744970960747
31.361481684020365
28.138839048484762
30.33529513334389
34.47269915540143
35.50179731890475
22.42517016507506
33.87253536846566
31.08893922344114
33.83054433111004
29.568144906132584
28.545358613753717
37.602311758444785
33.951383585896934
29.079637175888863
32.373883584519405
38.86592978641245
33.28265564519136
33.84990483831597
25.94017750840019
31.53077557755483
24.486990821690863
30.202718812328353
26.687216289507077
30.44720287935066
28.922324157591795
32.421062682911696
34.252741031798536
26.14782264410277
33.33010837225777
34.87254364854726
32.04874628442593
30.710496788198622
28.83183511447555
35.396996046377936
32.333902414459104
34.952022382344914
32.329418799286486
31.817995061779257
31.502830653403574
34.302184200776
29.36935384517374
27.89113233471963
33.89926219458478
29.43233648469145
35.21407707815295
30.96474074686951
32.10832614020259
29.682718199722736
34.367300712180025
32.86817599584017
28.605119972148465
31.676201432824833
32.491185488365026
29.73416275325671
33.619040905221965
25.929613867719738
30.814960551172327
31.324916357894256
34.77312482466066
26.64763087577731
32.06107454875179
29.276772342879198
27.187705825385798
26.756921114679304
22.422898204622733
30.576128491962695
35.73613059577687
29.023255708171536
26.282202442085676
30.021592251403252
41.263885353761076
26.803728788171707
31.662551708611474
31.566594995593178
33.30782493142513
