-0.3375877127753065
-0.45072746928617946
-0.653750451085182
-0.7180028570160113
-0.4884727376300416
-0.7520288072584518
-0.6651156572204621
-0.5267719337446363
-0.6246751449774708
-0.6716896202229774
-0.6873588254939154
-0.6995177365770014
-0.5080895151954293
-0.6367234649343915
-0.5981195806343126
-0.7627277091386846
-0.6092038576351638
-0.6739139873076585
-0.40065702110631907
-0.6157480136612862
-0.5051465995343642
-0.6329974886626775
-0.6782176462476937
-0.817715065846597
-0.758886275775195
-0.5840438158703828
-0.6916758825933271
-0.5862643673089118
-0.6397889360663265
-0.7247959324955834
-0.326460399040422
-0.5990208348115417
-0.7862449245887198
-0.6754311160700943
-0.7099351927966506
-0.49248567894112255
-0.624407796024911
-0.5216533665738068
-0.6849660500439404
-0.7496454178584023
-0.6647364212215161
-0.5790435737862654
-0.5876309957858618
-0.7553801991575927
-0.529262042221513
-0.688935105150292
-0.7097031568520847
-0.6814779430033535
-0.2676812028786841
-0.730643933006306
-0.7594719577271598
-0.5424923714142862
-0.6461872418697909
-0.5561294176528521
-0.8103368382783285
-0.5795022986880987
-0.3728313121921304
-0.5991926638141447
-0.39956591717473333
-0.6522932280664051
-0.5053204433041499
-0.519424528873014
-0.7445220181206083
-0.6493216384276164
-0.3451176156563419
-0.5232827035686223
-0.7483842856856372
-0.5601589001594791
-0.5162676131298481
-0.45280448336585594
-0.47931066096316954
5.0264655217414
-0.6296731600403417
-0.45422022222306757
-0.6442262047106945
-0.5679068278629995
-0.6385016985332341
-0.7803444013605191
-0.7685389945451865
-0.46096428647486004
-0.5985249417249418
-0.7652795664161558
-0.590070849715384
-0.7226101822948227
-0.5957007652033831
-0.7151566757033573
-0.5293233033916755
-0.38190850074567945
-0.7157084444497445
-0.7171306318347722
-0.3476509988087692
-0.7252213570495935
-0.5866769497049255
-0.6735677240867552
-0.5361442933717024
-0.5685680640831181
-0.6293890472030347
-0.6734566095978212
-0.5930394326028621
-0.5454373611833089
-0.28219074778749564
-0.4952965558424223
-0.5250954584619428
-0.6892437059156985
-0.7847352550715803
-0.3568259821206687
-0.7054831500765266
-0.5872759020829462
-0.5070008436374412
-0.5321371127145216
-0.7167823684665569
-0.7061957899757741
-0.5888532819944193
-0.43681567993889175
-0.6359594369824549
-0.8321241102038021
-0.6713587903240289
-0.33202015384934375
-0.3000678233093399
-0.6399208729341669
-0.7323640740530909
-0.6104865080557815
-0.6204178738906765
-0.6384261793661966
-0.6072510464179643
-0.5122696225264356
-0.4860953809973814
-0.564969721690565
-0.568377603756009
-0.6432992959897277
-0.6318143618279877
-0.6639544863569541
-0.6543812379951635
-0.5687310854356323
-0.656459737607452
-0.6480935493692624
-0.6574363685411609
-0.7584144297811047
-0.6979525352144413
-0.7037593661397187
-0.4799776393111817
-0.6939940675942335
-0.5321953305934676
-0.5840971425811057
-0.7558979411748783
-0.6159226596804546
-0.7574303898170246
-0.4969114077789542
-0.5475405866202414
-0.696034400726654
-0.5973496003365586
-0.5693904209791815
-0.5614895038115267
-0.5417050496543107
-0.5844252150777387
-0.47889971723589164
-0.5648266444889662
-0.5385750928040347
-0.6572821750480226
-0.7608431149473053
-0.5755325429190208
-0.6923484260501868
-0.6596150261077531
-0.5135057763667569
-0.6732189264366204
-0.634951609473706
-0.6437920931189733
-0.6734155606668503
-0.8261652665198005
-0.6393356078239844
-0.4771088531456959
-0.8002011918558477
-0.6514985454655496
-0.26099974979594004
-0.5821039829426043
-0.6679145770054861
-0.5863043188251655
-0.5025631533484937
-0.3396614030952942
-0.6461814335531426
-0.5530093964853465
-0.6847803926610126
-0.6300048482606515
-0.7265913242335139
-0.7532032090793465
-0.6731463634359898
-0.5034243967027366
-0.4877307659078601
-0.6578568210439882
-0.8026558959831209
-0.5973861005696648
-0.7673910165018737
-0.7075945495728366
-0.7140703037848541
-0.6535339514740991
-0.6586500546427627
-0.6902441231726745
-0.6049900697547084
-0.464834421394589
-0.732999722707663
-0.7344605906540638
-0.8141284633688828
-0.5315803659193963
-0.6646244229962233
-0.7743569051921243
-0.5781402580048312
-0.2643673657847239
-0.7777676641000401
-0.7238334015956368
-0.376231491156232
-0.7129795747152399
-0.5780942451668569
-0.7026133522922735
-0.5185477773776506
-0.6876029395567099
-0.6319644476449565
-0.6880322294006428
-0.8094211602533854
-0.7465639845161027
-0.7214454523100462
-0.5479254958066374
-0.6657845510075623
-0.44441661109594666
-0.5213313953599418
-0.709640066614449
-0.6700237741043003
-0.5895485238255567
-0.4602353109722247
-0.7432308361602126
-0.5418566096958178
-0.7618772895302535
-0.7550977139655721
-0.48549659009246965
-0.6260719985948513
-0.4824881933193147
-0.6636505584229024
-0.5773090442440434
-0.7661966907480774
-0.2290017865576936
-0.37821130063407216
-0.5450243841070385
-0.6623148371073406
-0.7708641583243715
-0.4849101888899781
-0.5870099703876769
-0.5735130393258879
-0.805986099118585
-0.6653360924885591
-0.708830319162662
-0.6385006561191667
-0.7198108654069612
-0.6351045185648896
-0.6345389733604831
-0.5538298065151223
-0.7894238880149557
-0.7663035561311153
-0.7264227775703542
-0.635636002123504
-0.6819043898166643
-0.7315887386828724
-0.7046564216861723
-0.5130372649764244
-0.6011746151853795
-0.7149720443813552
-0.5013648944945128
-0.7007069602817818
-0.5540610517049426
-0.6040880869793337
-0.6716786038032814
-0.7107007337308164
-0.77210854734602
-0.521908705256056
-0.5486221439999109
-0.7955660926711589
-0.5881675964576913
-0.6151848597321862
-0.5624053837953091
-0.711326165389757
-0.4273159373304302
-0.48746387144013265
-0.4724178575612042
-0.7030672135590956
-0.7688298425530318
-0.7697043436828441
-0.732195752121547
-0.43560212059188674
-0.5541429695787564
-0.7814714170262077
-0.2100203427819667
-0.5767101579004708
-0.716377463651576
-0.6552640254923819
-0.628135176074009
-0.6057604802964535
-0.5557941291864322
-0.733831529636501
-0.5951063296394038
-0.6742360303836171
-0.6065122079657965
-0.6740765990601641
-0.48460666386213097
-0.5566881458616231
-0.8286026290509307
-0.7350749097047659
-0.6151214073746167
-0.7540677054443381
-0.6575753206835957
-0.6824056222539793
-0.6431411781823079
-0.6516097626481351
-0.6117173707160071
-0.5357056312151106
-0.6461286418183559
-0.3713971711968457
-0.46251723824789714
-0.8317452058495389
-0.658860449270155
-0.4205698082693623
-0.6435613821980738
-0.7918085486118162
-0.6124495758221555
-0.7104756917242268
-0.606425918155873
-0.47720602817770424
-0.6367671897330773
-0.7143567090684764
-0.6471576332741632
-0.6654801491379889
-0.7802232485850485
-0.5235998871580918
-0.5430205707453858
-0.7814141565013353
-0.6883119370609615
-0.6874037984034549
-0.4385223824316317
-0.7656865313404938
-0.5921832133911177
-0.4965695969631301
-0.5572556671358642
-0.6393900905755266
-0.5320983267356463
-0.5106056918857413
-0.7012119649692523
-0.5472623195619711
-0.6316638938044578
-0.5931051641877633
-0.5980362043426839
-0.5579227650239311
-0.5174418177517018
-0.7991728383187457
-0.5903307888040712
-0.5046094578614359
-0.5335181534064004
-0.6207412313467973
-0.7459766601739829
-0.673269577667203
-0.7282950169280846
-0.657479241409178
-0.6121518363322652
-0.7213562306233231
-0.5650766749294496
-0.6987355033288997
-0.7285940395763775
-0.7363970875181126
-0.5859132218143107
-0.5206208638144295
-0.7401201941578524
-0.6958571532974088
-0.7762198714890991
-0.4125235647192581
-0.7267540197400819
-0.602248637665561
-0.5518550811642677
-0.49162025796909864
-0.586056025816143
-0.7641523988879744
-0.5012656322044584
-0.4067523250232166
-0.6656834115421792
-0.7452340014825062
-0.43992025985740135
-0.5266092291586146
-0.6617197835542904
-0.26184217078725885
-0.7718171641374728
-0.647714129827234
-0.7662343056795906
-0.4065341729443293
-0.3981666276934566
-0.575645835566513
-0.742085104842297
-0.45960573372729574
-0.6705815910479759
-0.3416111893983889
-0.5051857960322527
-0.7718647470302566
-0.8218052249140333
-0.4856397346612521
-0.7855975535570425
-0.5965846856381032
-0.7856881031510478
3.170372611304392
-0.6537422939439466
-0.8404509462950144
-0.6844816121065381
-0.5692039811926001
-0.7510606128690338
-0.6204435980147587
-0.5782785350546781
-0.4614908411163238
-0.6403853508108152
-0.6191620028344611
-0.40187654971868225
-0.7054992117589513
-0.5375708295517204
-0.4896258770830057
-0.7426791314572265
-0.638345524090726
-0.6880507164169827
-0.6316129741058751
-0.8963666047495689
-0.5826071206576462
-0.5239622461105572
-0.5478204549469098
-0.4447527378967933
-0.5573393016275034
-0.8036299698254996
-0.6629257740696735
-0.7678400349601376
-0.6146075680649032
-0.5770027922273508
-0.5968925022583559
-0.6218546535696812
-0.4332725760755001
-0.6723263170909041
-0.6932850106923687
-0.5524072236347022
-0.32142785741418256
-0.29519352121503095
-0.6191980051093244
-0.7418388460459808
-0.767770573543101
-0.6618703475963162
-0.6572008049543423
-0.7717439043547116
-0.71748600773181
-0.663811550243711
-0.7159579145578543
-0.5841746219893489
-0.7174275533401736
-0.544180697054917
-0.5741425892939331
-0.6458986601650244
-0.6278060294600974
-0.5846573545313383
-0.43211644044172015
-0.657092551793927
-0.6032690073719407
-0.806731887614996
-0.7348604679231859
-0.6870734644720995
-0.5009785286637702
-0.6645767545937816
-0.6994709525069438
-0.5817729452129319
-0.6045670669171015
-0.7492811742275967
-0.634474925406437
-0.7212791099192344
-0.7142123823265294
-0.5181361630076523
-0.5835909799421044
-0.6995753068756657
-0.6019513813442684
-0.8109652333740918
-0.5150146677801332
-0.6940684136591967
-0.5979710262549203
-0.5910534540284094
-0.33367382435087206
-0.6910522237027704
-0.5945666478661403
-0.4693521732598502
-0.09148104235513738
-0.6219613333231886
-0.7460024222225258
-0.19736329741716008
-0.6005381497940554
-0.7026680358316515
-0.7632851295343436
-0.7218604827209242
-0.4614082232719561
-0.6167057319931609
-0.6202975110100006
-0.5166386618212838
-0.5775125850394841
-0.4988534834348986
-0.8032824316334725
-0.5253355701690712
-0.6481667565516303
-0.6112023170764261
-0.5413434732165162
-0.7032435522246596
-0.4806164714454292
-0.5806692689873723
-0.6935852626599743
-0.6831881757695696
-0.84675732337146
-0.5567022923826429
-0.7359815516079146
-0.6807109064742253
-0.25127615241787354
-0.5429821567915698
-0.36595187811534147
-0.7222645834344523
-0.7354475802322716
-0.7565098652182836
-0.5649347831891488
-0.7917116768870566
-0.5303474822110049
-0.19557337774507982
-0.5973095953201057
-0.6126813631762457
-0.733354592596219
-0.565171474626202
-0.6904811469171993
-0.8387216951048605
-0.6034055079870295
-0.46862115283536754
-0.5647738481430677
-0.13008127745520254
-0.6638221945879301
-0.7934980816040266
-0.49829808474018866
-0.5267200344713827
-0.5935455704861792
-0.5229467889814562
-0.625849409257092
-0.36127996145661856
-0.5900490255113985
-0.6732658794558023
-0.7110982076312353
-0.6467858749369794
-0.8146293407766192
-0.660975676158037
-0.6272965711053823
-0.7551152779475828
-0.6483474246031322
-0.4530844920316257
-0.7538030717532257
-0.7216409780596678
-0.4529386223820234
-0.34414336990040956
-0.6235168375526592
-0.5586858555501059
-0.5054829896837155
-0.47024624052383535
-0.6083653904866582
-0.6463154361998993
-0.677626219713872
-0.33241807531969536
-0.46305795924947174
-0.6340674903281479
-0.6546711515621563
-0.5231012251856962
-0.6592998689332732
-0.5029376214267511
-0.6864828648739627
-0.4096460304698291
-0.7257602524000152
-0.6408691003249641
-0.6438499255975834
-0.6898292139431972
-0.43119035583536297
-0.6974422853739188
-0.6644713012022966
-0.7009368735425275
-0.5285471313024416
-0.659082406155941
-0.6967732876405683
-0.6226965981493194
-0.33302107816976845
-0.7227413136658605
-0.793976090854752
-0.7396118676524731
-0.7735575609688338
-0.7429890438733786
-0.7260502733415544
-0.6484552330711192
-0.6056579798989971
-0.7112800487671281
-0.6792407454115661
-0.7664723385052263
-0.5205700673592552
-0.576639437896306
-0.38384854456503625
-0.32347327126880965
-0.6161481688494811
-0.45279538506080963
-0.8094729613202043
-0.48721292284781276
-0.6752412394502512
-0.4942851407576826
-0.5430686823399534
-0.5275985606886118
-0.6808728460221263
-0.6872017020950337
-0.6285926840771949
-0.26824375662745165
-0.7689107656697711
-0.4782822453080245
-0.683576713259114
-0.6888571938414612
-0.7818737567961809
-0.6121545115531517
-0.6805217169368786
-0.6961450239350632
-0.7063974344898725
-0.7509387718091093
-0.7289996492077531
-0.7021742022673323
-0.7642139813028872
-0.7488304918682158
-0.7733103404488828
-0.7374848305098581
-0.5384219063761303
-0.8016961440287574
-0.6203469921938338
-0.6433896323070177
-0.48056821133474203
-0.7364513646320525
-0.5360863624186386
-0.7279644866320939
-0.5107658087067048
-0.7264637028700056
-0.5992344127456777
-0.46541707589099934
-0.6997865447092623
-0.5589324763295003
-0.720933535871002
-0.694563151296189
-0.6815343253914882
-0.7134867689321
-0.8424283992878497
-0.7148326426522155
-0.40876542430175244
-0.69386392942884
-0.37126727711413565
-0.6450472933918896
-0.5582262007408054
-0.5259512394590693
-0.5105571289137881
-0.7146577566142448
-0.6616758726054766
-0.67828526125429
-0.748357381391497
-0.576031750394742
-0.536334824442295
-0.5141201164399762
-0.5893232604048639
-0.6982204101608551
-0.5666700762919745
-0.7414046857529188
-0.7159312026463327
-0.6083802004997864
-0.6661291885719421
-0.5993027041068011
-0.6701364285480689
-0.595127879551601
-0.5786966707468324
-0.6469360279911437
-0.7854609904867502
-0.6753161583973415
-0.5165194831633991
-0.3925000254997092
-0.717985213246478
-0.7058530686834878
-0.7070798176865289
-0.7430229494289956
-0.44158099016297464
-0.5070510321793003
-0.7549970041380344
-0.7893539775305796
-0.8054697913357475
-0.4658502847272446
-0.7708782121829915
-0.6235505333902642
-0.7035688006757156
-0.3317329117523104
-0.5895473855795137
-0.4920702282761217
-0.629314832248214
-0.33252927828815965
-0.6016077602834019
-0.1392920031574473
-0.43745119617880357
-0.7487043032177381
-0.7021821383061958
-0.4302739759447657
-0.7371395638323137
-0.7329850012434974
-0.6921009127262643
-0.6360787935940797
-0.5895964638965141
-0.7413007559533172
-0.5359646100082809
-0.7635920521313381
-0.6691575866287944
-0.5526735048933569
-0.682337393912789
-0.43334533681269805
-0.5900764455373817
-0.4816049744962226
-0.4496119885991138
-0.7986606032574507
-0.7153674240021298
-0.6294768088646611
-0.5474430487313295
-0.47004191737280787
-0.6671562427019198
-0.7677876295839919
-0.7040443410744119
-0.6071816900011933
-0.5534958740025123
-0.7071447866394495
-0.6335665050272158
-0.515674456419932
-0.6896103292926478
-0.5599637133353492
-0.7434602496537674
-0.6877981767819679
-0.771431125765996
-0.6169220296199494
-0.8459432666908854
-0.57618047142178
-0.6369624768508079
-0.7108485739219532
-0.7182888522522413
-0.7018770876804313
-0.4812348751670333
-0.795967665215681
-0.6366881384621789
-0.7901549572474521
-0.7023054785032832
-0.6795616659638507
-0.7565316209625752
-0.6777479656515688
-0.4787534002513402
-0.6183221174912539
-0.6276233132478355
-0.5425509384129515
-0.3123744270467965
-0.6481665075612121
-0.6289434801906186
-0.6682229475684832
-0.7491012658377193
-0.5452007913780977
-0.5643872643422716
-0.35370569818842523
-0.7030964981983737
-0.8082030401372473
-0.5162540856918438
-0.539397171970242
-0.5094326523141398
-0.6805794606999426
-0.686404340770737
-0.6306419720537833
-0.7057848654705997
-0.2924266496789045
-0.5347114889232354
-0.858340075935867
-0.7494248511461995
-0.5118854209102912
-0.5781104652573645
-0.6648221433085558
-0.5149112489511937
-0.6191589886184226
-0.6356678921811647
-0.7163887446829889
-0.6025386222545062
-0.5029640291695944
-0.46835744720428296
-0.5117467453197102
-0.40916097828862114
-0.5718965259752682
-0.7132670581459812
-0.59588069317219
-0.38548056072192366
-0.6463221753593917
-0.6563570268795645
-0.6850655260283947
-0.8510362472861547
-0.6615394678408274
-0.8095517064928994
-0.6273169311399039
-0.5091240407199915
-0.4346391037576696
-0.7029751172980521
-0.42553307199021095
-0.7159647970576645
-0.6599357552642758
-0.6353071701522421
-0.7887285319203329
-0.6161684253369349
-0.6881109385902601
-0.4236492037380697
-0.6589306991686278
-0.3515289389031383
-0.7083604501875326
-0.7160500646642562
-0.7058209073388501
-0.6940309837277087
-0.6486417334133677
-0.6413742926134834
-0.5237199937540545
-0.5424335769367165
-0.6453487544652811
-0.5962902175561284
-0.41382220395119573
-0.7099860963441563
-0.7546174759460993
-0.4807593780153532
-0.7611741911511001
-0.6624972260296326
-0.7782787071151006
-0.7747772321260115
-0.5718676404679214
-0.5993367617476496
-0.8098592897299305
-0.796270473673761
-0.6546680165053941
-0.5595510310807088
-0.7800786844484981
-0.46342869694140904
-0.6106064641162295
-0.5209482296449967
-0.6522851529780851
-0.5979348506728348
-0.6123356821989505
-0.6876238507338371
-0.6008448428830594
-0.37792635372632666
-0.6821573700043835
-0.46454522605260107
-0.6242699682446061
-0.6987444724082525
-0.6065752112612323
-0.44358640592135645
-0.7398634678479802
-0.7234876523329471
-0.8492556640801453
-0.6535008645455811
-0.6998792528572144
-0.7353704822017078
-0.37978041838677407
-0.39721859919133956
-0.8087851272894536
-0.5768449538614032
-0.8011922975766609
-0.7367887411595319
-0.6038113080923886
-0.6534546437257904
-0.6657269844291995
-0.7326977172925886
-0.20474918746757179
-0.6401036722896072
-0.7677843982947321
-0.6136328435945554
-0.734866087986548
-0.48546222020028673
-0.5406143440926628
-0.6815265249450496
-0.6143927569737012
-0.7230141803089692
-0.5862799163206684
-0.6818226071393801
-0.6634106367116076
-0.7157340329925085
-0.43186763768385716
-0.7340180127239064
-0.569931267214213
-0.729352440693826
-0.7428905390728825
-0.5696136104756145
-0.5787663870325608
-0.6039891672217473
-0.171447868185952
-0.5834153519663196
-0.5365975040196003
-0.4727634518982645
-0.7962270730031693
-0.5166538902446743
-0.6356111506219457
-0.6700886648892352
-0.6377148875076677
-0.6103417039907403
-0.3028417767038791
-0.4485058421207468
-0.6699997698398085
