0.06877437223451521
0.011120283317881754
0.2059455256534348
0.07687068079438612
0.05747019815947943
0.036679548305515994
0.17213868588974662
0.1169005290768023
0.09212934204896063
0.061738551963856705
0.0778354798014486
0.2238967049222946
0.15517248600828318
0.20090721240387338
0.05329177254189505
0.2314292598466421
0.037053645700754374
0.04753102970572571
0.15459420417415962
0.043539591322427684
0.04637802391864564
0.06206760957020599
0.0224237642966319
0.10724201987531334
0.0651148343130998
0.15981699413416256
0.17813988131739206
0.019014454547128034
0.030356911223457066
0.09302040332596344
0.23512557997752573
0.044735329601166475
0.03149801156002988
0.044255729961224774
0.04175967249288624
0.206282210461406
0.054243101563754184
0.035330850501020736
0.09012075870370197
0.21741119276361612
0.20472356331455657
0.07882803439089571
0.0862922346626297
0.2330763148051175
0.18175974267433528
0.04752000552954089
0.0697033277233433
0.036637568644329016
0.13129531095835495
0.14808473150789747
0.05376778559036492
0.18174721127009624
0.22799178652095548
0.16286482578847208
0.07703575309108494
0.20433445407448603
0.2225702616811373
0.0625488716464389
0.19489750688864765
0.05386244549362594
0.06376293568922774
0.04857628664583235
0.15450997575952086
0.07230645575413949
0.10420443622127946
0.09028798031976763
0.10974588739215457
0.16470227275932975
0.09636443826012919
0.11753163187714212
0.0938935922064882
0.25818277024644354
0.15818333908770665
0.03075758313452872
0.0437592938016405
0.03497440056051945
0.1469823891583746
0.06723343817675097
0.03989393215927273
0.03909238328971423
0.18162264764228328
0.03395728053363214
0.045838223347334894
0.11468346329457724
0.1569294059324466
0.06788287681873856
0.11521081968807159
0.14882558933456083
0.03765377995369701
0.06946544516662909
0.07203079388486341
0.07843578437240015
0.025867817882662215
0.2304516689103863
0.06048334476617049
0.13284621041558056
0.10916166696696492
0.15546702790816835
0.05233232785496541
0.20237146506589576
0.14467066860189703
0.07307082757851428
0.2507042831108608
0.06613483971308956
0.08726550564406726
0.15441630563246794
0.16989487196863395
0.06266711046321002
0.024425373288771413
0.12458550510363395
0.18123197809804145
0.04085774930942507
0.21863573596177968
0.08060724233851836
0.12993043659786538
0.07019799404053484
0.0635017911853198
0.050851853062345305
0.04037513730420488
0.16181852854755352
0.14638356943378225
0.05305374962754678
0.09316011779605199
0.13810599122226877
0.12246530610300381
0.06888363253257061
0.03516983616709572
0.0320554254956606
0.12108391641246727
0.05496276806314289
0.12503511432489164
0.056330882656154276
0.1401188396705323
0.10318717046850728
0.04308014718364823
0.13338525291059813
0.018236170351454306
0.10203440355036321
0.0986203671097973
0.20177802091370503
0.19571845874493715
0.05053549916679366
0.10769036988064858
0.1365053374309431
0.23616062433825327
0.1745707424843519
0.19081312550845014
0.038185189643435064
0.15590749546687604
0.06495297570422488
0.06380498920654262
0.07801260156332913
0.10104783304744953
0.12974059243743952
0.16744722603844345
0.11343073634181756
0.11967284587295704
0.0836323507043999
0.22498248817998553
0.15022767999497255
0.06210299875322117
0.12858287181152162
0.0728152023640729
0.04365406458094007
0.09910544115170533
0.049948221007745985
0.051109026401221315
0.07757291374406433
0.02716584942793142
0.15729526409625055
0.03122520498844381
0.08856366403900208
0.11924701588302407
0.2241895528076221
0.04866220600418894
0.0762673137259562
0.02620704551451666
0.16957416297269817
0.17629863210090707
0.12870788589251259
0.1227953719260549
0.06348350557176707
0.14251059783150472
0.10451995531681126
0.12366144036091997
0.07034250628603333
0.05420849749241038
0.1425139296484162
0.14116501173214827
0.04384602582425602
0.059608907490982625
0.10836449491883542
0.1409659995267735
0.11614669971015523
0.1246788230758671
0.04340808363829475
0.14078159627816766
0.10385848048213756
0.03502763790542131
0.04706598993168945
0.05130407853179869
0.04664025934515728
0.052460185284752145
0.01739153328176998
0.062086247723727464
0.19130568181072713
0.09071459862430307
0.12425415374306006
0.07306861700345849
0.2046873176110281
0.11003683203522781
0.039137990082751074
0.0729344742805601
0.08255667579330145
0.0436836816702359
0.05877638050182979
0.02223625316577887
0.06378066885883409
0.21655204378218
0.03990768773283328
0.0821859578523756
0.12893338792607625
0.022314744328227568
0.060800306449503315
0.173631992275624
0.14971146886797912
0.18635302457469433
0.16555456928362483
0.052793566609577
0.11654248174010373
0.07217405060584581
0.09127349386109682
0.10410824158617375
0.10931722806274789
0.011218985036358237
0.14305121656609945
0.20940854359724542
0.09565843009672124
0.11482890876270443
0.15751280181556046
0.10016959851178334
0.05502448927562598
0.13259404529275085
0.06228380012247867
0.1309955121998476
0.12821862887665023
0.1436703697712145
0.029822920452915704
0.08913030760785876
0.12927260073579358
0.13889973863924415
0.10768333113523822
0.099276438214432
0.10117863378187429
0.035483396693719166
0.04657182050393743
0.07097060637579479
0.16754162014605553
0.07830130149214733
0.12523732340890711
0.05667861335579954
0.12070603572610494
0.03681620927211459
0.05598670390328385
0.12159625792755892
0.23359856767940823
0.17341386209236523
0.02825328787806715
0.015718337125800036
0.18399681812156268
0.07782497415351441
0.07403391920888527
0.1661105025437411
0.06436686291697903
0.20532817707372533
0.010621348639307599
0.04060975656290176
0.09136018037299598
0.030293481419446353
0.1820421618626788
0.054406315741861805
0.09055243735081675
0.09443465605340709
0.09281730210038387
0.10838046830490501
0.14429296029619892
0.03835941386180787
0.2586481891316313
0.08860988121635241
0.07074492962126705
0.055860041859693815
0.12178277967000749
0.09313965508667654
0.0832162346148313
0.03913867503993818
0.08592717585429918
0.05506601946897284
0.11044622445028
0.06613178576565723
0.060364540738333014
0.18525581832302
0.06402203468218115
0.06993918401357296
0.16464568143389205
0.047034147819287
0.11630740563018771
0.07177681152264062
0.02381548898313461
0.020702578682489224
0.037650322912295274
0.047745606749128505
0.13500003436780214
0.07604694092474701
0.04542366535761028
0.07948790575137842
0.0914657457854712
0.16932814448623365
0.2213600390957058
0.11147985497319722
0.06086600972925321
0.11210353366707128
0.07378576304380004
0.0998105431244555
0.3107815195455698
0.042568702423196846
0.0691408182219658
0.13546498928876502
0.2451363351479849
0.06500751831002537
0.07787825008501073
0.07998786281815318
0.03560203994549329
0.16828730220785065
0.05007068850244648
0.1495926017812214
0.03446577799397564
0.07778654864733488
0.21307382603224614
0.05589154170497453
0.12000722996429283
0.22069535809982954
0.08540709540360249
0.08846105313672614
0.10992718665738307
0.07035630196287922
0.10095989864507934
0.012537522329644796
0.17565597211111925
0.05877813452695882
0.015388942197479312
0.15069944739143193
0.022789666611843784
0.0424550110926354
0.03015035864401058
0.15000893463575407
0.10836447728118379
0.04149068469985651
0.13714250587663807
0.17518365878312175
0.18108270425884404
0.022417460706103114
0.05470606381590211
0.20550957083038654
0.07058221852848227
0.2196865614066066
0.19099427600977753
0.15943076438857712
0.21476458628263267
0.0483462032224708
0.06329560034769893
0.18011400702448405
0.06422242371399425
0.09856590279459133
0.17297050257239285
0.20236648904117094
0.1979520430184364
0.04824547788474406
0.06781141866646738
0.0938064889173784
0.05380655585095949
0.194551172299433
0.1479206050863564
0.09088514586120454
0.06163134142536918
0.07102367037878794
0.03043838867420647
0.1516116649642375
0.16856585285140108
0.15360723556668254
0.11655051078915253
0.20527852942951114
0.20756404726965494
0.05757715584255896
0.10146599835026034
0.1636150969019262
0.06622753202338635
0.13566531146106317
0.114022609890332
0.1178663507245942
0.12201522955095427
0.07359106111308542
0.7534517796071484
0.12113310798110383
0.06768128310893173
0.04866380667996205
0.07651541007476871
0.0753183345175573
0.04927949591948001
0.19287352766289056
0.08801209350364195
0.05782675855340777
0.1675531518925348
0.11135248070456534
0.10325320015481489
0.03990566958410565
0.13127584517392893
0.04655972151223319
0.04879105327387225
0.10607795290361056
0.15971933978093786
0.150884933703599
0.09877506014758893
0.16141470201912628
0.11824985546195811
0.03476633237060686
0.13618594846115736
0.06032304280312628
0.11301841126327264
0.14699999575689504
0.13939489989576465
0.07529920385605739
0.026492048665853418
0.2150959020858856
0.0731955451088519
0.05836289695805606
0.03775948420147563
0.07525108663117003
0.08636262853501561
0.07078119195548391
0.10298829747448746
0.14335687416085344
0.05235668127008727
0.10241585977197924
0.069225744850828
0.08802281754194051
0.1238994061351133
0.05693872491582222
0.16744097950078707
0.08843609356575963
0.07224000891930123
0.1965263890595323
0.04435200115982239
0.15948943311624644
0.09204633300120384
0.08679742070816539
0.03694709634402146
0.08079709325336755
0.05912998772905083
0.024010529589269133
0.038454826909972734
0.16192705772090746
0.20471363161257522
0.13269935150174753
0.07232307588068002
0.06351012896487973
0.08559007718159801
0.08413446284937227
0.1345772585902449
0.08215497680426972
0.16005995950664897
0.10331640579882484
0.06966879491131214
0.05371985437723632
0.03520362276854543
0.043043749232956396
0.18501668149893608
0.24159378202830917
0.276685845496266
0.08825235378098358
0.15109852946574862
0.15882378745095674
0.08818437893237989
0.04995842826968757
0.07618267026323453
0.11115410766547092
0.12766641695397138
0.17399535909147515
0.11818292821890625
0.08307632589309935
0.05374158822311221
0.087886501487319
0.01504798183257505
0.20629523120346918
0.06750320166103434
0.19011763627162437
0.061251396065322726
0.12428411539595655
0.08013688347288399
0.038757931549921194
0.1976236587583201
0.03495496851422943
0.058636963038066765
0.14769170934779294
0.05151109274451124
0.17803968374442042
0.1906002154670806
0.205631334708327
0.1560025846517479
0.11611967451655696
0.15559853595782933
0.037443381614135914
0.16366237016850496
0.1328562738747366
0.028240857337682158
0.2848599433070728
0.1362824125866563
0.1116777100618029
0.04015631034852745
0.2534368869854654
0.026613614063185274
0.2043884383140678
0.0434474792988194
0.08474459120535104
0.19474878247670113
0.13486497972538833
0.22114776921069615
0.20057713144022496
0.14707295311236293
0.2151934320077258
0.037116821859524675
0.04637048964564412
0.05084608725189419
0.10496625113617426
0.03660960711564117
0.2528230407990464
0.029466738681960192
0.12728268768004786
0.12937668712653058
0.11957306865213208
0.12236174499183729
0.18468378677970493
0.09162658025937971
0.17283256989303966
0.07069108172760234
0.12426559560395875
0.05804210329746162
0.08471659645786908
0.06546168265524287
0.1792296046314523
0.05216097846159835
0.09350662359035324
0.12195122735370757
0.2404206716511032
0.03378444359703544
0.09630081118961517
0.12350109160741704
0.06911954654421706
0.094216804978543
0.07435258587147923
0.07203937496257
0.019343242903677133
0.08812292731434909
0.16209965992731626
0.1808602551593694
0.16476144803779602
0.06722194474729193
0.0622570837411929
0.14538087088062446
0.02309619797376925
0.1467311900761445
0.12638859157489504
0.16224477253554476
0.042141236075687705
0.04321465357260392
0.0629159633077047
0.10569224157791181
0.12403847876400369
0.0542606801802299
0.07663213597610535
0.11619260660830374
0.05222104793409679
0.24623712322465902
0.09821160405778558
0.17454560109639863
0.011649360572418655
0.10041579492689653
0.18459780627924088
0.09608031606387225
0.0905988007220089
0.20291801090320655
0.11596744442648818
0.1372033257092916
0.11250088096874929
0.15662342609011934
0.06414827438482502
0.0664127862436888
0.04999466197974613
0.09241002954030425
0.05060201883201624
0.16797136422175005
0.10056034370530618
0.05344225742285191
0.03473419550923292
0.052483623869813825
0.2059323742224834
0.12068048370818425
0.07111724971696214
0.09073088184049663
0.057216253415546134
0.17822023661559108
0.047521664587488126
0.0670371864230611
0.11785159839144921
0.08509769355176644
0.04308083262452599
0.05131224114955915
0.18404496830310435
0.06409804377313788
0.21118327489081648
0.10796198459544819
0.1532444279020949
0.051287475166546574
0.060188869442702096
0.03792107354731157
0.1359449746023298
0.11174952108988495
0.04385984684971574
0.06019494891974282
0.09660932279216958
0.08871846113224288
0.12201268960330704
0.1604390261180199
0.048967099665622606
0.13540095362995563
0.12231726688628988
0.06642236911816374
0.03401162873197998
0.15371849896339967
0.20854577782078795
0.04874784633680833
0.0716211723707985
0.07427576556579937
0.1254547057595023
0.13888044586477125
0.045490590191183865
0.1375876530442126
0.08218878967398895
0.13911844196501752
0.043017579754334616
0.13472100718558813
0.21272271526151704
0.1535261953411677
0.05445876908927175
0.16407354043183792
0.03315800489506804
0.18052327372575896
0.08119730516177377
0.20004573152560523
0.03657279410511571
0.07292341702656671
0.06258859013804267
0.12249698275482994
0.07085620163080616
0.041669465807751015
0.15048701480874513
0.04088417353964611
0.08144816885097957
0.09014719948982584
0.0793136404367838
0.07117940637459387
0.11369876990937525
0.07132646330590423
0.1279053343960751
0.051827211509688
0.036540266975523594
0.15881511997542314
0.17288384647404068
0.11693003257446924
0.14091554277694432
0.20156709933202202
0.03770450555733448
0.05568420316011661
0.054641248131979056
0.10012015924107104
0.04824834955243497
0.15750343500964464
0.05447567076233848
0.10979414559039845
0.16862273014124288
0.11228681168109296
0.07796511725058504
0.19396734582317393
0.013595925232547499
0.06356051347792546
0.08268975100147095
0.058110772768929196
0.1323475879666321
0.0673570373993114
0.12854476022367894
0.2390326478779581
0.09685468602446398
0.03471980003073225
0.15000589754309057
0.0290389009251717
0.07354025129574719
0.03811704896882593
0.06887794468743098
0.06141724217879331
0.08718720894968256
0.08750754278560509
0.0726404136764053
0.14128255705717538
0.09980212246959409
0.027625560351657315
0.02791121428970158
0.0635193325335896
0.14541996252783845
0.15880087566466297
0.18058406489601422
0.0408876583712352
0.06568319519680003
0.18846719419542354
0.09298909653813431
0.16435915426707207
0.16265185051765796
0.125124151054428
0.03924892050958787
0.030640867352609968
0.22341940508775215
0.041632769453524954
0.06510331685985793
0.08080853311142833
0.04661846573826935
0.08080715495756677
0.16326457216499074
0.05858606472211445
0.1235333813544781
0.15062682640340666
0.15762882083763263
0.09822044165797798
0.2043507215972066
0.05824938329457318
0.03366465471785571
0.060879173415205635
0.09897251743625868
0.1625162099067079
0.11695066816182181
0.028942814243003566
0.09244152097388122
0.10881309137972024
0.05212581320427228
0.05424716099124487
0.20134838836703536
0.02486241740189273
0.035557648430699876
0.11833219233359914
0.1271819546677743
0.12411434655593884
0.05221912466022637
0.21267815479115504
0.104911101884928
0.02789114990667091
0.08267825198022785
0.03972587580520511
0.1743938950103004
0.048859616581928916
0.15242864611300383
0.07166628027132695
0.11075901884960546
0.07723200891701852
0.08771111453686459
0.11591465617647255
0.12860582747472946
0.06169655984239313
0.11441209685649795
0.13565383744294776
0.16616662287793524
0.029449831625522976
0.2123092572535255
0.04106633152020978
0.20743592390073326
0.062116014354516136
0.021841929904516513
0.12706637802511228
0.15262656390476656
0.1532265237626044
0.054876156605817766
0.0823864252117745
0.03908068279348225
0.026776340970394077
0.17018239602138333
0.059246763878828115
0.14509715148973296
0.06961632389767645
0.021196507992901393
0.06097826935604695
0.08048529315931985
0.08062603855301184
0.042746289669091865
0.1030706269107766
0.030896985377217478
0.04438650048963529
0.24362642276420918
0.08789501704998075
0.13766378617143443
0.06039498453574449
0.11700901461724703
0.1012193818470897
0.1560057688707478
0.04297541648605387
0.13986180746473478
0.04732389486781625
0.10856945815709991
0.0817343986596287
0.05880837139592032
0.1306744078530072
0.08620127855403821
0.21935865933592286
0.0651314675404744
0.16604643184437387
0.024523183135733678
0.18602037728431906
0.1400736398521232
0.14095488753813443
0.06243161291614463
0.15189416664286032
0.02429899750347872
0.06998337625818431
0.0680943602629731
0.08635205922167952
0.23152292237726224
0.06554502327979515
0.0906446714460146
0.10596029629105427
0.1425712900581826
0.06922046751257592
0.2428487212064854
0.16627812835159747
0.0206609597078498
0.12265885363188503
0.030923768563672883
0.20225726250315992
0.04843351008375211
0.12045428619282743
0.14296498117512338
0.08567040863197428
0.05875053165420067
0.09669352259467329
0.04926026791194731
0.05646973680813272
0.0696671048999882
0.12851914382038643
0.1899680158958217
0.20827410187711826
0.11149346019850077
0.1342947329543002
0.20397964266393392
0.07820310824524507
0.14778527679132003
0.07357357507524016
0.05052129476753482
0.13561199458515868
0.16299461213416572
0.09748324718325951
0.07608079040556746
0.12979973415495044
0.04750883019760399
0.19734417363134168
0.07584223938353209
0.029228406421535236
0.24441671460581157
0.1266363029037663
0.10417589363952534
0.09624115458737366
0.061115249948554745
0.0997097671736216
0.12968679784207973
0.025583624983195566
0.14172538734509285
0.19174165111019642
0.2179729036063024
0.08411911272726208
0.17425518246174804
0.10519614794284532
0.2148681689494577
0.12074280490063868
0.21520709408581634
0.11692130033117216
0.1052343808381523
0.08971452955242513
0.05494792837163835
0.1737590452079175
0.029665645588467616
0.08574571523072907
0.08926658031846063
0.06512081968087094
0.10916364330999069
0.028053657149804366
0.1355331038084487
