2.1197780357360148
0.7205202278949898
0.6079700307597135
0.5862562905277123
2.1330486437972445
0.9618128916368441
0.4968273207528581
1.1199481940323832
0.4852734673076317
1.6228518303225423
0.8882120007172857
0.27527985892577034
0.6906961830280921
0.1382848171460672
1.6421559022649843
1.0051109354527834
1.440342679570982
0.050771483847602855
1.0262388930033381
1.547621166257076
0.806348545361625
0.6712973559137966
0.11056319069162725
-0.24444531303074885
0.6435412310040769
1.0434941154599664
0.2137790994327299
1.178220817516739
0.6438615156487759
1.0002810775472133
2.2329548168095137
0.6807024747849113
0.47096818219886405
0.291268093924028
0.7173168097268158
1.7687664433246153
0.6780311594351839
0.9734314760045332
-0.051836533038357085
1.1999464535255782
0.5287796190298405
0.6966840495295821
0.47435767074845747
0.421013642817458
0.6874234819693058
0.6387564423767438
-0.10803621952412698
0.6050097529303403
1.8319937671350237
0.6573538715356284
0.14219622788955946
0.7743219924709931
0.29957670930039937
0.8636400329356302
0.35971516323895175
0.8864899066389343
2.273684939365764
0.9155294458663136
1.7366142538286002
0.2021590269028165
0.10172190335123132
0.14388940299411046
-0.09105266725411776
0.15200525392020608
4.377608159834622
1.5803544136874799
1.5341182347375386
0.46927512140121064
0.9273720345410277
0.9291427704535722
0.7160356073531284
3.8550921334238137
1.8647263641670249
2.236289840959492
0.5364866456556888
2.2831063945042227
0.7508743085406776
0.8388035188888032
0.35503508882777496
1.231366691106453
1.1498480186480187
0.13069919261549826
0.7563001899327167
-0.11974062434182423
0.5728281862116941
0.7653541649517646
0.5581201808504251
2.391393981928239
0.8978628382497842
1.103131131529888
0.6809248033095414
0.4094603626551672
0.9285974492615582
0.7413377856284431
0.7008790226232745
0.8079961749137012
0.5760391659505594
0.46080569752266504
0.49240857516647624
0.5982002801867708
1.5612935241446857
1.572195584593498
0.3515663848831428
1.1084799800185854
0.7847151022629084
1.9680076165145377
0.9410804326801192
0.7704329185981121
0.8753925608353526
0.9973610117781258
0.8358692111679602
0.9507073192162376
1.130704650964432
1.2585810926137797
0.9498989501547048
0.31194733937340624
0.4694333534866181
1.137933608409878
1.8288117793773382
0.6310482968533192
0.8344495029882705
0.977173558173159
-0.08281919517775163
0.8793798099342793
0.109986311321081
1.9662904264000036
0.9734935761020898
0.42967901854350365
0.529768939769574
0.5718169755240439
1.0703665929618722
-0.15123768896744533
0.4930866386238801
0.6854086771138364
1.0068732496540373
0.26988099332134424
1.8493824595171953
0.7052269944805858
0.5961007926535492
1.5318527370562307
0.881553492191181
1.215871384940236
0.6326744018047065
1.9617859807382303
0.9176253403855626
0.5483635290210694
0.6473206046141605
1.563685332292301
0.4936579826625345
1.8621898383771394
0.1478244795451359
1.8549373550475785
0.6499964120312872
1.2044062053689546
0.7629535171536083
0.3861986918088372
0.5205336319293785
2.0737670321107373
1.790781329524372
0.02042932372316715
0.8328697347535611
1.5079716333412072
0.7986940245239889
0.6589508245653312
0.19860242540921072
1.9619186106328834
1.5467675001517538
0.9418739098179039
1.0768451370808785
0.47075039841227934
0.6253128004953445
0.8637978198332814
1.1895920856484619
1.4341368575190425
0.17873499463139844
0.5910098132320355
2.1986663231050665
1.6540324713099586
2.3325261214549453
0.5343789423813223
1.5881644487145417
0.37050484430818137
1.5295940072135392
-0.23705077101692515
0.5463839154681538
0.7657723491847004
1.0205932496323677
2.449282600129383
0.7412510206309691
0.34140667121678187
0.34975442121059547
0.49559816597947365
1.0381706883516293
0.4482006871090548
1.0278417157768664
0.7566934459106853
0.13005400607772816
1.1711890051287366
1.5270830605386059
1.2673581778669125
0.8735505167155955
0.5082582608485635
0.6020769255160605
0.23502903631908806
0.2902127958177641
0.7985262373438866
3.012911530550853
0.7642636568361719
-0.021126419605108006
1.112543183379929
0.756011422671098
1.4333695837789742
0.012868380616012767
1.9431302049258377
0.7657358241184019
0.07212376202414604
0.656226407530883
1.0146104128237026
0.6543896746826552
1.2628753312751018
0.41359725869571684
0.786765900984364
2.133385276120254
1.7308750866644638
0.11898408540102165
1.5300985721634437
1.4216800275962929
0.8536275615885582
0.8981082372283326
1.0632693195175407
1.35650563878135
0.19864661488943344
1.6382285613664378
1.7703632003787793
1.0212833634702712
-0.1582139551785421
0.3221349106391085
0.2602980714029932
1.4568577119740433
0.9680818660587958
0.9810669804409121
0.4877554899451324
0.47418640067556356
1.2445232599932867
0.9402727593794998
1.4438320407128504
0.4841228452636408
0.27669808123497613
-0.1432549867305031
1.165327152026233
0.337538434723538
1.2542771537042638
0.2507654464113197
2.120314579509331
1.039156008480952
0.7111193079383153
-0.16195211113891952
0.9519817727878874
-0.24041220205671693
0.967352102195213
0.9946415485415212
0.1941732239337489
1.0936776629198854
0.5547252237897969
0.21628005768179398
0.5535706043778524
0.3189000077673926
0.8043620835398025
1.906800681363125
0.09837379326351468
0.17313824171812955
0.5745690810451112
1.4438769613788165
0.9694635949588218
1.4474171129849356
2.6300619477924814
0.42138192963752674
0.2386982707815262
0.981878782050842
1.4772515318509383
2.026767673070165
0.20225728008796878
0.5244988983536955
0.375511722206556
0.4784419951022824
1.7602045096131265
0.2481182630120111
0.10874208404065623
1.7644988001413036
0.38465426209973147
0.6788108058834637
0.7166538169941516
0.8332962860265959
0.30063376086002913
1.6182508827620643
0.6152368265199204
1.003564987910041
1.2408701542577365
1.0361935194177292
0.04785325296148021
0.7609223595177148
1.8701307121271609
0.37675048178935916
-0.01871052464450409
0.5361041430983886
1.2986962051557884
0.8768520666044
0.5886381954507106
0.6256383494240878
0.7519929964284886
0.05868976864937451
0.7412178863006516
0.13885588966663392
0.4953008957015469
2.001093955578645
-0.1130473936731722
0.3291695477003563
2.2820235636288757
0.15420780195245584
-0.2453876373502716
1.0789339640868616
0.15314752208259508
0.3741914986883007
0.990296260534587
1.861477025017684
0.6744237253317292
0.8546983886041887
1.9925739742223019
0.9434044591874076
0.8304953337568105
0.7074165892723242
0.995794943573226
0.1868825926440239
0.5909551351578385
0.5702641958904191
1.3408194620466019
0.30295251972205534
0.38490271174204993
0.12303961217672646
0.14942524311702973
0.37404624194083463
0.698387277116041
1.8157056428208525
0.7305559194152631
1.0063708982629636
0.7151094751792911
1.1221221968331248
0.09213452760880812
1.015992312405503
0.8713856979368351
0.8058606428610919
2.781074524242018
0.9645524283463482
1.4357849569022343
0.00557273027692221
0.4427924386339308
0.6352473089595401
1.8842134904552368
1.1315750554596993
-0.021955039112740663
0.2833038988191876
-0.008420853557026807
0.21016793501861591
0.8203317206922178
0.8133778470096776
0.9509233769985793
1.0791456953558822
0.761247522301154
1.3894876399450042
1.352842092200329
1.2558155094525445
1.0839291058006402
0.8324066265490772
0.6678255207481234
0.9084936041236702
0.39945732506646575
0.7474036504157611
1.3603213982889266
-0.11728067486068575
0.49203653706324696
1.0350968937494187
0.7425857225896182
0.08683982661997834
1.4943636168255408
0.6383808530869141
0.6421807112070402
0.18780943312729753
0.9154259100711105
0.6813894765082181
0.8065585395417104
0.704632560593365
0.29831668110182386
0.12042430951403016
0.5792452113868162
0.37442068052304284
-0.06103474656478894
0.6978781890698991
1.246933419752736
0.3441779151527109
0.4950297191317711
0.38079380453907247
2.773332324913024
0.9340776045174325
0.1689866792726782
0.87957205307759
1.3116696694057506
1.1390665020789332
2.0887178621228712
2.1883787198849767
0.3239216934034939
0.019479092928454657
0.1837644781406427
2.3805264718723484
0.8743009187816414
1.1393395558379793
1.857061500996613
0.34640399575989517
0.39503326495005475
0.5112620050351214
0.12681134924390966
0.02385404779555693
1.324420504925348
0.622765704607231
1.1230367638288972
0.6995250129949276
0.7817439379015992
1.424547445200549
1.1709362154629337
0.7548700480141632
2.307802155937694
1.314974642016916
0.5615787645055939
0.3668491964924166
3.0675952696365196
0.7664937654615759
1.206365745648842
1.1047201849635913
1.0316819608548753
3.3637848109635664
0.5073000413254191
0.14931561200738747
0.38598607386107037
1.0469445537254853
0.04053926046924802
0.8256886420151507
0.23461516269201932
0.47851570163127966
0.8048828862412242
0.3189953198371506
0.07120583289250543
0.0765306046732508
0.8541824459520782
0.49206483582224336
0.38193671755953257
1.6957367684715265
1.5607762443948097
0.3206209145136442
2.895547241816439
0.6526787900004694
1.4355446293014182
0.6444814666131408
0.6812728488926566
0.6098227905370084
0.16830447213554994
0.7297466288507992
0.9754096816887565
1.1403885742608275
1.003676863296169
-0.17815292993887652
1.3453558708089077
1.0530268035475039
1.2670346516846236
0.3001947574670129
0.37920429429424934
0.6658677248265172
1.6013511487976704
1.5874248898629812
0.3727630564460495
0.6938366674644179
1.6088361440598729
0.2044000156108004
3.1577157818955515
1.2734082397003748
1.5982442420726013
1.7638361573753527
1.1267318663406682
1.1165484098874012
1.3207589477185067
0.322284139268068
0.2083751427508243
0.845636620085207
0.668918104694881
0.11356668463427784
1.1527752913277827
1.242096012190277
0.8055302530751651
0.47669583178088926
0.7359141568790096
1.2687464937420576
1.00762574196076
1.2411307760070471
0.7052261166362441
0.18369747365438263
0.8713187135197638
1.413522017621795
-0.03380204532544699
0.45704485764959724
0.4513238424237714
0.44380527965557615
0.1640776795273404
0.8334857774780573
1.6690780059981647
2.713554447977777
1.4403875923630582
1.718899868010465
-0.09547868180636679
0.3552690176696341
0.5245581010359928
0.47629823189967213
0.6856492777388138
1.1084692230369766
0.9658445892898309
1.2535672777715292
1.0999167713089928
0.6036448779945529
0.3843897134185809
0.32706330843486386
0.32607352948501456
1.0898323891841384
1.3057015205230589
3.4549354003683197
0.446312416299981
0.48310927489936534
0.7012274823840503
0.497757340317379
0.8280738120528977
0.6050241659368801
0.9229385978327886
1.3180310756012366
0.9902990921552415
0.18449200999111218
0.5899408157596736
0.2550997612010591
0.81193490718969
1.411277417637432
0.5509127002565143
0.04685760615673693
0.5285639440890583
0.9997339744384134
0.3322846433879757
0.8618573809161114
0.5157391642314341
1.5845197217220872
1.2792815773463715
0.5072929388025164
0.677963383306376
0.9488439018343472
1.127535568174879
0.21316213075120727
0.05340386217890665
2.0380696909465095
1.7595404098849874
1.2749930153469686
0.6434337896434897
0.800136458363954
0.06722793873119583
2.3383934144910192
0.3623072541073808
1.3277444492547468
0.2420922405363501
0.30132473989322256
0.6363140314587983
1.0197100810229842
0.578689704823614
0.703722525427054
0.7838513681824033
0.5798592644110788
1.9979193438657497
1.215358506719157
1.4309826250819089
0.6287468460656634
1.5732531689167963
1.360398457891334
0.36640047818290483
0.3871876034761025
0.5502034995439203
0.60434636046822
-0.09788662905630247
0.23324688567258048
0.02409046533626865
1.1367864936258185
0.5668991434141039
1.0932432746435383
1.2692491660996827
1.6133851691217502
1.3499377432669588
3.401344341003571
0.4814636501060707
0.8221216265184195
-0.05984086085910354
1.108047884626427
0.49713844857537937
1.5753242171342368
0.12260197587049823
1.584643817467721
0.8096739738568739
0.22288499996805364
1.409935119768292
0.9895776799953244
1.301828256464058
2.9329948192972433
0.7859715797424026
0.33980956440135507
1.329277284179817
1.0212853690176285
0.48264390560162174
0.2916294487997779
0.6125793742994508
0.9459419454978955
0.3559592685734613
1.4081898453200385
0.18575316273607864
1.3434191177114974
0.6597585973886977
0.6449482196596593
0.42527986484198477
1.0883021945656934
1.1592005316959568
2.441163237915527
0.07265509277134657
0.6561221952519095
1.3132478549331676
0.6694886783578581
0.650346361614236
0.2816128306133933
1.3990942861938853
2.813776571837597
0.4772023484556933
1.0369380960898238
0.43775605793453837
0.42764873556607075
0.7180888038814004
0.07618340369980074
0.2308682563574427
0.25546594410795875
3.235550102101885
0.7032724078925452
1.6616622369082676
0.5803058540089995
0.33714069811375585
1.3150512599046151
1.4674520687993056
0.8855396599723907
0.26904062365338655
0.9057322046369592
0.8003819618618171
0.8229814707921415
0.47284710571598615
2.089661761610939
0.9514113586188371
0.28503260818307985
0.8356489835778294
1.0984723197337287
0.7832737422014666
0.5787690272892735
0.9634547668641945
0.5091284754576153
0.8069628705046167
0.6767152416285448
1.7797375183404809
0.09047103078133906
0.38999408750223596
0.2823129561509544
0.12866365557102716
1.658001298785194
1.027644092150592
0.2191232191008726
0.5911476165448315
0.3424831140787774
2.464068864224823
1.5287967438814216
0.3147223210440579
0.2900336423429048
0.8711701455347524
1.0422093804344519
0.8152043829421283
1.4317351237404896
0.18644641239001278
2.1947446215147473
1.0203630036908473
0.40200896676819886
0.5512036516965042
0.30505377570848297
1.567601666153514
1.703943773149554
1.4044015909474905
0.6508480454587735
0.369947146832129
0.8050382855330526
0.9886740535095695
0.8393298179221788
1.1725503502321715
1.6129346272016547
2.120446123790516
0.3563493759990537
1.4547332490199019
0.6209239015000261
1.4821473041400643
0.8534693263485182
0.2238565902107111
1.1883773433504834
0.579938800319437
1.7097859816657328
2.3722654379251504
0.45246109368687465
0.3963235240590157
0.7715769533077187
1.19521266164791
1.599446191001645
0.4427621267938935
0.486760065361228
0.7894097676440355
1.4592204570777474
1.7866982496821793
-0.11881382506189302
0.7100421369618912
0.8333388050218512
1.5483522097706295
0.5761537422231374
0.34776706715334266
0.45863863400503196
0.646952252859872
0.3049560371578563
0.19479954928606177
0.9508590590989717
0.8133080395525679
0.7810263243882138
-0.0465160373207119
0.6427121884758612
0.9385776802237213
0.45384528361071774
1.0783920244493412
0.9447380555457028
0.6085612236992878
-0.1782977128360967
0.17013152157231493
1.589930658952652
1.444591810763088
0.844595606712426
0.4433548258712468
0.6161570229915843
1.6638175085872038
1.516486951565031
1.43783726172678
1.0667869456036212
0.3180580971022239
1.7867157151652322
0.8169615619280051
1.2093363782680175
0.23737237439841677
0.7184267166562521
1.01618757442927
1.5631217612143338
2.012711516735147
0.5475211284699236
0.636709384813426
0.4152491431584497
0.06037565171995566
1.025157400643526
0.2756122692602505
0.2824577802244086
-0.09066524147269545
1.328879879452431
1.1281249443888108
1.487221252520389
0.8831600967009052
0.6196173150788227
0.4781886181828276
0.21376582543457154
1.3431678111684404
0.8561121305764564
0.8602664636024903
0.2396324972525874
1.596104283986955
1.257970434935011
-0.15283302205166022
0.4901683372500121
1.0796883477152859
0.9973713912320303
0.2399821197320589
-0.2528297254510205
1.0565534022075456
0.7383935159524966
-0.02893660921214794
0.6512505459309944
1.0507173373897312
0.8186521375104657
0.5344471075397103
0.6436677165711178
0.5412110862997506
0.8870262888815333
0.7633791768914281
0.9536483147024876
1.5471136556228424
0.5732422255608848
2.536704543015317
0.9138515202196098
2.0761738199981568
0.033177385839749295
0.8432158969598793
0.36456857506466567
0.44701812674796315
-0.2965100385157571
1.3850131501042169
0.3854725908359793
-0.04461070974112227
0.21834532772277385
-0.002087254368516349
1.34624077937994
0.7213498982153799
0.5300135936496455
2.536664560366838
0.045795578204209555
1.1056693427321977
0.574946196997112
0.6338132792832617
1.7929922567021577
1.5927767630943264
0.311079569925405
0.215538570677206
0.5848059531503519
1.4779192017394387
0.81170239848566
1.348514055992763
1.6886500951360301
1.7117192295439887
1.89594977384524
0.08160662483546544
0.6959127240023044
0.44030223011409136
0.8800058265026418
1.138058938873633
0.7293607476785512
0.6317541139624795
0.14013318307010933
0.2984034561371081
1.7627086687808502
2.2986826585027886
0.5012498515488287
0.22907728550898032
0.16403051180553457
1.6036322654113004
1.0112591521816896
-0.05284195090194301
0.2960644456201463
1.7495940393895915
0.42666444527344277
0.5161056349662122
0.4017744947488192
0.3336686690118191
1.0973225770370783
0.35924841605861346
0.9887595123489475
1.03909503514256
1.1409505113282854
0.6948121004675901
-0.20505198075340927
1.4360265964535663
1.275615831069581
1.8452355586780382
0.9088274000899567
-0.08271617466954813
0.5147351343104928
0.3151573668434403
0.8184660708459415
-0.20950308539043289
0.318046548629073
1.9487067664128281
0.9834530632012268
0.3475198695502852
0.8070159549390834
1.6807672979951134
1.5340303298359306
0.44984979938817876
0.9601694867055309
0.6735721322174059
4.097238939710051
0.6952366048815843
0.6513411428425594
1.399017384605914
0.8111523222243209
0.5011674602114088
1.494155859852596
0.8778001186922595
0.4176881083303468
0.6904748125408886
0.6221475059609641
2.0312656766265853
-0.14926118578530656
