-0.9938540698920889
-0.9991961665346083
-0.997772928015397
-0.9988248105986415
-0.9851644512383789
-0.9982175925283255
-0.9865158933022781
-0.9939090747338323
-0.9930747827564146
-0.9908502504024326
-0.9970518897025074
-0.9974785904268275
-0.9976796675245067
-0.9900038889769109
-0.9966822149760927
-0.9972688739458997
-0.9963148144459273
-0.9912246425844682
-0.9908707627221197
-0.9983141804603484
-0.9949007211674964
-0.987365968616965
-0.9991792137524378
-0.9978893352802075
-0.9994142212679876
-0.9907835089876874
-0.9983549859510029
-0.9949218804170916
-0.9960758420848945
-0.9960513809756306
-0.9922925169818113
-0.9987213183554977
-0.9972724349463327
-0.993980812719792
-0.9917903706819095
-0.9897356871688345
-0.9898079255133291
-0.9928370770069521
-0.9952463503250714
-0.99230367381055
-0.990050679979516
-0.9967313871730422
-0.9889296153368162
-0.9950329317574209
-0.9974179697699381
-0.9963806942147114
-0.9984637870322645
-0.9921907923003327
-0.9975850325565456
-0.9940656038100435
-0.9985055986350929
-0.9945224595869492
-0.9969427100887139
-0.9887647524177013
-0.9970757683857253
-0.9921555165148792
-0.9927322993531029
-0.9943674219591491
-0.9900850023385214
-0.9991887707929146
-0.9929351707355781
-0.9985571420746596
-0.995568133035089
-0.997078200624828
-0.9967742301882077
-0.9911820671091104
-0.9849157458538355
-0.9907537971045657
-0.9939776068762723
-0.9898148588834421
-0.9787348701172377
-0.6383045362008665
-0.994653626424113
-0.9959431547154882
-0.9931720270834598
-0.9937433826607244
-0.9965200361294513
-0.9954227932376649
-0.9953155777546475
-0.9911332252303781
-0.9861594405594405
-0.9969109514076331
-0.9986936818358086
-0.9992834341506577
-0.9982059824991762
-0.9982093048675331
-0.9951169736267907
-0.9967519080621107
-0.9884682407060966
-0.9968078916884628
-0.9904819284201767
-0.9990346991013287
-0.9966289878611576
-0.9946217565594729
-0.9897495678126055
-0.9986883572320461
-0.9912608685083854
-0.9984630190531527
-0.988461034253044
-0.9918840349943826
-0.9976033007705843
-0.9990831972179777
-0.9941955879300485
-0.997066454119269
-0.9973776157715881
-0.9964788732394366
-0.9987241664240979
-0.9988703582244197
-0.9942595608033584
-0.9936688424362584
-0.9955953336809527
-0.9987651725306588
-0.9989874374002363
-0.9939905735149229
-0.9923112692933665
-0.9923579246750004
-0.9955328548424751
-0.9954674573389455
-0.9908088476600958
-0.9977855860426024
-0.9944724214343056
-0.9992524628563433
-0.9961041131520589
-0.996963061442611
-0.9932458476850319
-0.9983156194617755
-0.9938870173059305
-0.9975479275830693
-0.9982393707904624
-0.9931743364407518
-0.9920317229787615
-0.9949396238921133
-0.9991431573664908
-0.9995374738106032
-0.9933475354208913
-0.9946334186875314
-0.9891274233178037
-0.999277391818609
-0.9953215520858258
-0.9912044768782349
-0.9932569494627222
-0.9943739552304462
-0.9943810339870197
-0.9987189832018621
-0.9945754857430557
-0.9947942880336519
-0.9987287191726333
-0.9864882716304967
-0.9923833615309853
-0.9921603540996842
-0.9954998023992555
-0.9967989768385843
-0.9972952235856503
-0.9905581313522401
-0.9969573452116706
-0.9950923442742207
-0.9916345366688856
-0.9979588523685322
-0.9990608941207375
-0.9977001001437438
-0.994132288067398
-0.9978273340584206
-0.9920627056331949
-0.9959514554544776
-0.9950010730958923
-0.997333548249916
-0.9984676587157648
-0.9971478479216136
-0.9973595724720936
-0.9948901596048766
-0.9907493801057458
-0.9978257160841711
-0.998346133148781
-0.9932567955012489
-0.9933375908972943
-0.9947415098930251
-0.9971509971509972
-0.9989669822130555
-0.9940588420142981
-0.9991626313208941
-0.9894604686658899
-0.9891154024457232
-0.9975282278065964
-0.9994002774540569
-0.9994344976029743
-0.9910001198208901
-0.9918427687326314
-0.9960595160579988
-0.9888795432493815
-0.9949746159671643
-0.9963208896181551
-0.9878553106841856
-0.9962756138871941
-0.995591464363574
-0.9892494269375064
-0.9949850346694874
-0.988253432760634
-0.9947125088691832
-0.9994185575238343
-0.9920407426275706
-0.998702875490275
-0.9934927595736825
-0.9987506738117132
-0.9974266646812774
-0.9991415656485916
-0.9987318188826644
-0.992805473548712
-0.9990774078419209
-0.9931340771961598
-0.9930586540905368
-0.9917540576296344
-0.9937730122921965
-0.9935428754902186
-0.9949056066607967
-0.9990548131526975
-0.9982641667111182
-0.9951589088503912
-0.9969625689350283
-0.9964859149813208
-0.988630775115434
-0.9891142958369281
-0.9897485453218319
-0.9932053997463902
-0.9980537501122102
-0.995340233740602
-0.9979673835972583
-0.9928324000305707
-0.9956752207159614
-0.9912137654566467
-0.9984643759336352
-0.9992020774254726
-0.9977612022278125
-0.9970731428734598
-0.9890776420994754
-0.9893136612775345
-0.995993663447289
-0.9954524503671243
-0.995658809419602
-0.9916298745302585
-0.9896226353298748
-0.99663876740004
-0.9982766704258905
-0.9948703777979641
-0.9931769102126534
-0.9901151892200276
-0.9988491161802462
-0.9936176013237848
-0.9918594446826036
-0.9953730445604988
-0.9953521172861364
-0.9961855771465347
-0.9987912012838084
-0.9966372378531829
-0.9908614865765312
-0.996185851400953
-0.9968353119315956
-0.9988060607801224
-0.9885896863607113
-0.992177563302382
-0.9950465087436438
-0.9958426742174253
-0.992579610614239
-0.992994617816127
-0.9984669312552508
-0.9909553118493415
-0.996866745701336
-0.9957780985423192
-0.9946089719299269
-0.9993365674838375
-0.9967758322075203
-0.9950698252549484
-0.9959223283024796
-0.9972221487340935
-0.9981204766658348
-0.9989452770145628
-0.9887580276382459
-0.9876492537313433
-0.9991674931842247
-0.992382666272864
-0.983328837334772
-0.9910847633829214
-0.9939637154943293
-0.9985163960351455
-0.9967643598245801
-0.9905927717341662
-0.9921673153709358
-0.9939595524073503
-0.9959784147128875
-0.9881086085293508
-0.9962779560430428
-0.9961167577140699
-0.9956306837351369
-0.9954718260961228
-0.996448189394981
-0.9888290473303135
-0.9967418778659772
-0.994740800444242
-0.9880665538897621
-0.9944595362658706
-0.9939118205291417
-0.9909418248971472
-0.9861579855420645
-0.9970664511565878
-0.9956209628350348
-0.9936418933320217
-0.9956871676779901
-0.984236930798371
-0.9967482901638272
-0.9932013606898202
-0.9898419806265512
-0.9940860590511966
-0.9870553869064667
-0.997059302815929
-0.9885508395587274
-0.9901037145916357
-0.9974394508677751
-0.995187038216849
-0.9889538786899944
-0.9967087398763252
-0.997967158407768
-0.9954025444815897
-0.9942478614249847
-0.9994825591605127
-0.996746723185006
-0.9920457334237992
-0.9975385546481462
-0.9945943911633538
-0.9976372561661075
-0.9979163968377518
-0.9904602529731348
-0.9984630452574288
-0.9939050170382479
-0.9945040869194635
-0.9991476198829398
-0.9965254709019411
-0.9984366924149845
-0.9975851737856288
-0.9944694467689321
-0.9970837097418013
-0.9942139429861699
-0.9978574453773138
-0.9987684243066015
-0.9946736257788672
-0.9932081947027849
-0.995429189334882
-0.9951001230282965
-0.9994057802937225
-0.9946399751760817
-0.9946280876374018
-0.9995246677901791
-0.9994309531803919
-0.9940287953966377
-0.9942229377781987
-0.9913757384376825
-0.9991698989103796
-0.9982813846897087
-0.9965434355072608
-0.9908981220581972
-0.9928203653493276
-0.9965371644185376
-0.9965100961703454
-0.998978498704149
-0.9962495224399818
-0.9910379081891778
-0.9965858062428735
-0.9973115261579822
-0.9984846401051793
-0.9946709899311091
-0.9948427284716181
-0.9932093459547156
-0.9958946196501596
-0.9939395920666494
-0.9952862626638016
-0.999486286802479
-0.998997995991984
-0.9936017709597244
-0.9945595066700541
-0.9877568965594591
-0.9987308675223295
-0.997271858424183
-0.993814172476665
-0.9978057695175432
-0.9962876158215618
-0.9833280477225134
-0.9955445194738218
-0.9964822505059183
-0.9989679571462577
-0.9968151521752714
-0.9951455694711063
-0.9992100728085291
-0.9983384021764993
-0.9986220986370172
-0.999477815289368
-0.9858457594225748
-0.9977994727010474
-0.9940646904580321
-0.9950157411297308
-0.9955749034046015
-0.998548794589766
-0.9914752454516838
-0.9939496063411947
-0.8811324560076639
-0.9946948013262187
-0.9942207205686212
-0.9920071455646478
-0.9890802829898492
-0.9888995794554332
-0.9913463396461591
-0.9945251783722519
-0.9889450121132786
-0.9935679937510679
-0.9995737536911853
-0.9946516685476099
-0.9934169378690384
-0.996373925891309
-0.9907691130783648
-0.9973818749488452
-0.9921534980922982
-0.9952271243861504
-0.9938602866608072
-0.9988026121796207
-0.9950684773615118
-0.994220813812132
-0.9928906053025306
-0.9883350361169364
-0.987474203836593
-0.9904434873997006
-0.997987639844731
-0.9953845895265254
-0.9921506424924346
-0.99608111298345
-0.9913015078868738
-0.9993225697188665
-0.9884835181836642
-0.9940439259046688
-0.9978418377546632
-0.9961993961975633
-0.9917031528019353
-0.9906682037585923
-0.9982061011345705
-0.9948808217567013
-0.9983905678288679
-0.9943683263273
-0.9917988961347877
-0.9934162649565983
-0.9943309676302579
-0.9992303861650595
-0.9967238734282479
-0.9913422842369461
-0.9960402413724954
-0.9956487864239761
-0.9993217262390205
-0.9974196606955403
-0.9985443245988826
-0.9934557679266007
-0.992667626160518
-0.9991071772962107
-0.9941585431031056
-0.9973693456469267
-0.9988269099240457
-0.9984811989830055
-0.9971554784359437
-0.9961024311658775
-0.9993752600654812
-0.9990338094167313
-0.9902440026641509
-0.9988960638480624
-0.994424175672885
-0.9968406796686862
-0.9982254386584467
-0.9960415245390957
-0.9985461879721143
-0.995593882532358
-0.9920886714377727
-0.999602800644865
-0.9788848204535235
-0.9983834312737649
-0.9983881832569086
-0.9945250798924443
-0.9972995308864898
-0.9965711991882383
-0.9848724544775058
-0.9948683076485146
-0.9870134456749324
-0.9871948018351835
-0.9992100458492121
-0.9892577920064168
-0.9960932973563542
-0.9900531550971002
-0.9961736363286413
-0.9968083554959851
-0.9881503261672934
-0.9936609292263114
-0.9949281010468796
-0.998348946679577
-0.9927845286257562
-0.9963779078635783
-0.9989940259258933
-0.994891841464267
-0.9966330021523214
-0.9908705053255386
-0.9984627716395927
-0.9993196796998285
-0.995156295785914
-0.9957372832156729
-0.998931652007625
-0.9951078385084432
-0.998469367925542
-0.9929861399599682
-0.9969678119671677
-0.9889633023019065
-0.9894823149653622
-0.9941616691627017
-0.9975024071581702
-0.9930388437528868
-0.9926600735230409
-0.997150023795282
-0.9955476343052441
-0.9975505509825066
-0.9936900242235459
-0.9947961721817541
-0.9939012371251125
-0.9988865144528174
-0.9987906037586554
-0.993677394252682
-0.9941097980063407
-0.9944045523125855
-0.9992055308996179
-0.9978975646790866
-0.9987124329590028
-0.9869823913212111
-0.9942738558340243
-0.9933200921773058
-0.993873438937217
-0.9976906866672501
-0.9961206733562278
-0.9970600025021256
-0.9957451055835226
-0.9949271289195809
-0.9966021788815472
-0.9890624849957268
-0.999068687150522
-0.9913008957224497
-0.9922879649858417
-0.9933072378630351
-0.9918928055859532
-0.9983192520285443
-0.9879133212466545
-0.9989177220941665
-0.9946901320466148
-0.989148698490073
-0.9956304040615939
-0.9904823198640499
-0.9988100263885895
-0.9906908458887314
-0.9973917061965667
-0.9917117738991363
-0.9935183489039507
-0.9959714358518592
-0.9982995006024793
-0.9905507378937927
-0.9977258464744864
-0.9946558802520805
-0.9988390652712758
-0.9944117050952193
-0.9991453764745007
-0.9927851176100644
-0.9965464337963982
-0.986533902323376
-0.9953993182174249
-0.9953053898706795
-0.995043462098246
-0.998026787190652
-0.9906407487401008
-0.9987815341560441
-0.9967159771502286
-0.9916552555645668
-0.9984201375765364
-0.9992028689975025
-0.9961945307062706
-0.9976918855744943
-0.9983176070278229
-0.9989735239417957
-0.991187089061566
-0.990091765212579
-0.9899029653672637
-0.99710526678538
-0.9966343316096183
-0.9956570526624561
-0.9908911242577932
-0.993375503941715
-0.9870094574434597
-0.9952695951639314
-0.9889213205381794
-0.9887994996198459
-0.9987332960773356
-0.9980279875870953
-0.9930933296070934
-0.9889634049743887
-0.9943046569627247
-0.9881918422763535
-0.9959387512323296
-0.9891937760042824
-0.9992156785436686
-0.9965565494155737
-0.9948133686498979
-0.9920607233903893
-0.9868229756735599
-0.9809150266767974
-0.9917722988571421
-0.9909327985511133
-0.9953921759147032
-0.9992502737656156
-0.9955761835300357
-0.9981444527715827
-0.9870362846150124
-0.9949083790065214
-0.99386963593144
-0.9991732407362958
-0.9946817919060865
-0.9946236634432921
-0.9972830862885973
-0.9948049125476084
-0.9993106669750526
-0.9974790076024316
-0.9995211939928962
-0.9965518283012883
-0.9995153441680045
-0.9984756184376133
-0.9937731226350853
-0.9975087324610739
-0.997891226815094
-0.9969687807321349
-0.9940276453765491
-0.9974743950478334
-0.9933038483713938
-0.9891777504036755
-0.9939565750494482
-0.9955111154704963
-0.998019622988808
-0.9829166984965796
-0.9946782229030372
-0.9923379567734933
-0.9955521875273623
-0.9943417277653809
-0.9812968593520215
-0.9993523444316181
-0.9975808871066565
-0.9973023049789057
-0.9969741299412587
-0.9977843704232228
-0.9860490487519962
-0.9982395199838764
-0.9969041183284926
-0.9877469311192367
-0.9926507788004723
-0.9945056790937883
-0.9935091396419186
-0.990305980865254
-0.9956356808279503
-0.9981188321975379
-0.9961303969382852
-0.991394284525574
-0.983498425091515
-0.995335717170062
-0.9951697199448851
-0.9972284513882765
-0.9892241614250051
-0.9990905204368704
-0.9954556140109111
-0.9941327554475099
-0.9936027593476864
-0.9979636263325885
-0.9939016830728313
-0.9990871104069413
-0.9904044851433697
-0.9995344460280177
-0.9924594246414994
-0.9965373418250292
-0.9917907020173725
-0.9981420178991545
-0.9937414571123636
-0.9904399498028119
-0.9954891349200876
-0.9927934633271777
-0.9966851293894071
-0.9988333663935557
-0.9933019923674417
-0.9831864991903789
-0.9901470426770045
-0.9954105205516958
-0.9978972683474808
-0.9949511138154403
-0.9908641136438437
-0.998507296536928
-0.9984907917749293
-0.9963514924199011
-0.9954981767452591
-0.9881518734991618
-0.9881949733434882
-0.9928874239432277
-0.9988953083917829
-0.9958352115441521
-0.9933265843599264
-0.9990925333645233
-0.9941978887964769
-0.9982000657831657
-0.9926679972426039
-0.9951510054816398
-0.9932243653058238
-0.9884141759446984
-0.9933393987231788
-0.9967931333932027
-0.9931371500574229
-0.9928663788010249
-0.9971234633251974
-0.9975473486537166
-0.9942544858316356
-0.9946527589820463
-0.9910647873786578
-0.9985149071816989
-0.9949322132013786
-0.9930038434326374
-0.9931553337152721
-0.9968712317627763
-0.9943955764971875
-0.985877250070971
-0.9900309852239628
-0.9924389914366045
-0.999013962253783
-0.9906061714661151
-0.99889562470172
-0.9972608627599074
-0.9936505981811353
-0.9876206201447357
-0.998361917342291
-0.9961381395029872
-0.9993804891600812
-0.9961158768186253
-0.9889608809253757
-0.9945941568041632
-0.9961996561653735
-0.994021622846211
-0.9927987762082111
-0.9980031102394706
-0.9960316976977025
-0.9955058979392157
-0.9958898716255985
-0.9891616747186474
-0.9972969754164964
-0.997062982365436
-0.9898338407331985
-0.9932853922804997
-0.9923422607923752
-0.9982157094085367
-0.9995044721389461
-0.9837342441922883
-0.9924177093949507
-0.9993672713316865
-0.9897674627805514
-0.9924948431442374
-0.9912806901968734
-0.9943595992020579
-0.998632491579304
-0.9925664195242508
-0.9995567110354991
-0.9947548114948589
-0.9913006496385022
-0.98654393771493
-0.9924950679182216
-0.9962253741066821
-0.9924043299249191
-0.9843311066063929
-0.993611386583103
-0.9955629871497788
-0.993165039021344
-0.9953943492706836
-0.9953887868728492
-0.9928879743443749
-0.9986730269513319
-0.990833907493184
-0.9908475797966646
-0.9988802737170207
-0.9849123500026494
-0.9887153131337068
-0.9965821810529035
-0.9908417661822774
-0.9920908941586765
-0.9990062274761395
-0.9957284565779008
-0.9976253164128309
-0.9988631766093601
-0.9992919691863155
-0.9918034390344099
-0.9967645945552482
-0.9905834306050634
-0.998869075140897
-0.9953749525190325
-0.9910085880673449
-0.9958662813608301
-0.995901952402075
-0.9893250436459974
-0.9862821198106703
-0.9952399046709031
-0.9928526078237857
-0.9983608380800731
-0.9912985563790322
-0.9841834681724893
-0.9995292923422003
-0.9946887649907596
-0.9965188702989682
-0.9954102828234415
-0.9917880397824282
-0.9926110705873837
-0.9981008263182817
-0.9906128096903618
-0.9953746092137785
-0.9994588599785328
-0.9929368692940748
-0.9894820692135415
-0.9924704899325929
-0.9966099958158638
-0.999410781113146
-0.9989543763461914
-0.9939821278268628
-0.9923625523565149
-0.9960184039708532
-0.9926488288121471
-0.9968387564818412
-0.997820708264009
-0.9940398443467218
-0.9909062033311163
-0.9925485608617494
-0.9966778320795124
-0.9969116887367283
-0.9959177330753751
-0.9988559005832813
-0.9952511788986722
-0.994474206457637
-0.9970588549365625
-0.9993974866586331
-0.9985531382734387
-0.998374960753296
-0.9922606389738463
-0.9964005287299422
-0.9959073307834132
-0.9890664534885913
-0.9889432638462097
-0.992002953284026
-0.9996261962511919
-0.9961453136449874
-0.9976923089823855
-0.995334935969829
-0.9927434654473438
-0.9850760966529831
-0.9935160427807487
-0.9916492516681576
-0.994968414924833
-0.9953205525217076
-0.9962093443945763
-0.9948758458699178
-0.9984295709095276
-0.993509885703066
-0.995385377656384
-0.9889423714042492
-0.9986274848432515
-0.9961217621101444
-0.9991499508340207
-0.9961018989132522
-0.9908590602223234
-0.9989710101655994
-0.9955970505543472
-0.9988235363148815
-0.9950152755360849
-0.9904213395090556
-0.9950896824295352
-0.9942376495774554
-0.9906633637668595
-0.9919102034227204
-0.9973662934204035
-0.9961787548696062
-0.9945103883276438
-0.996647958345811
-0.9894508346085349
-0.996006256220674
-0.9930773110357525
-0.9833126036484245
-0.9913163201293629
-0.9980895504974825
-0.9862390587123513
-0.9971969755147873
-0.9915271223512369
-0.9893346191671512
-0.99002778343682
-0.9973011953890566
-0.9982159931558553
-0.9886998543859586
-0.9936366712750635
-0.9934841649788252
