0.1773219454951864
0.3075159573121536
0.22595363736449897
0.2559503732263649
0.25378354010135695
0.39327894684836623
0.43246424367342595
0.46478727772663125
0.34959573593834414
0.31801569334400914
0.16798437996025709
0.17619285521293546
0.2120341095680544
0.49277040928443094
0.18401664766385623
0.3288090313838558
0.1828512080884892
0.27212939781314016
0.2491650505916955
0.2806275269100027
0.15619536249711244
0.19614284628312942
0.22435124456540695
0.21215264960745883
0.2080782389741373
0.14978458443502102
0.4674292353543265
0.27086494627652113
0.3812661776168955
0.36815389375986496
0.34066361352817287
0.3097049881960037
0.35356724287814884
0.22138457799037564
0.18732684038390301
0.17012702687370623
0.25826479862111507
0.1817401347601295
0.14029518243771621
0.31137285092848044
0.3177500196570191
0.2226969653135029
0.17569480377314878
0.31070655202780056
0.5463837232264416
0.1576427131997007
0.26471789372137283
0.1998473522927067
0.21111562349805332
0.1884671335242112
0.4324128230481466
0.3198094294976237
0.4173647727871402
0.21051040483220618
0.1693577400563493
0.33205333710605145
0.4560786063808314
0.3475552839971242
0.18849589946512393
0.2553542455407242
0.17560192500671654
0.31948598976691306
0.269894881639156
0.1535054099770718
0.10186445452839189
0.18698683980690747
0.5618591754610853
0.2513761309805707
0.2475542046340609
0.2828564415513125
0.3927838387734536
0.5883155906129555
0.543587962073132
0.4515915431029925
0.33841458691645665
0.19530061817868957
0.14553356829102254
0.14103122829299244
0.22020110593948042
0.19436408283665793
0.707872673782647
0.2791671634439147
0.3089568832856687
0.2040191231328018
0.15859204579680497
0.35584981931613235
0.25352307991032996
0.43170048530078725
0.2106782634324122
0.4451636564799259
0.4613244002679229
0.22700346954358755
0.16489411851925365
0.20392823525405207
0.5341094986222417
0.18747508253743334
0.3383601583826846
0.21252173358499002
0.22940910452148036
0.17640608985439082
0.17907585593675526
0.6009321907404489
0.43980522164896835
0.29729590145143847
0.28181254979930176
0.2361215022018079
0.3040938929324061
0.3864753597577005
0.16629834392848408
0.3540074278104138
0.19807870640995287
0.5613673088890968
0.4372709958723501
0.3624086774267493
0.16311588514345268
0.3481585130104854
0.30552769909330657
0.550690508970888
0.37174350452453275
0.18200810056157266
0.15011782908764548
0.6784257484243321
0.23490414366348977
0.3554046470913749
0.269663999245957
0.47008729404656474
0.178265045980664
0.6260271759618258
0.2558171038369681
0.22395826177844372
0.3689537848542495
0.2807264009335585
0.1676847912500179
0.21803896627648958
0.4692187313801766
0.28952823523225557
0.2182305903792889
0.24301794023595422
0.5362565097500344
0.17203846925778712
0.21489743622938162
0.33983212361645326
0.3893532680454159
0.24110284626291087
0.739218197004752
0.4885363841647341
0.17555557841154315
0.17315121461050925
0.3283536403387411
0.20508808684600624
0.24054204435136473
0.16899687406943775
0.3606875819119977
0.16903315019082796
0.23381742209479564
0.1766960426776827
0.21363968706481798
0.23851802306946493
0.2510299312326053
0.193922988906439
0.16549536766963877
0.17061504746524417
0.26308774816702696
0.3541564342548626
0.27703821696012526
0.343143993982597
0.1543477527386733
0.34771409649194956
0.17503277502244163
0.36563135748468983
0.5282431910044452
0.30394307042813334
0.3329161416097081
0.1985272149371804
0.3792064468926563
0.45151923383367965
0.21253615848084942
0.340314692941192
0.16205191936221722
0.3108700516787988
0.24917095707458645
0.5098066810586869
0.16882961968589674
0.19545053186725722
0.3195296407478998
0.29798241729069397
0.20475468296676494
0.2437264261193178
0.1764185592995177
0.26421711284533866
0.1822701162811127
0.5193026538933309
0.2008829010095714
0.2682958439626567
0.3111099686631532
0.20517744461418377
0.23677373866100893
0.2188517170686604
0.19314896992306685
0.2007869389317049
0.30655468442228223
0.35438188297845813
0.2812770819166549
0.7340866932663453
0.3178058876510534
0.18432147951540764
0.21137257334001125
0.21778105536684694
0.26838744200455134
0.32741229124698396
0.192830993885013
0.42316453892965267
0.17397590432999974
0.3072650533210618
0.23797751348229387
0.21091119446215234
0.5809292675326909
0.16776390999098345
0.3171408329102594
0.21620180481654439
0.16812055053864852
0.24778666101032285
0.2825885711929655
0.28277302605786986
0.25590843277107717
0.28561635132029045
0.36571326966456164
0.21631566631911023
0.14854758409626734
0.2590658058321939
0.16698230974992145
0.19578450014309812
0.28410236398142336
0.38347652998336884
0.19838359063429517
0.2138084708071081
0.27372402045263583
0.6721205317272451
0.29641313489005666
0.27796851907768483
0.603280396844735
0.15472610666853917
0.29333655928760816
0.16890552582985716
0.1985912270804439
0.19978352818902503
0.28537003660279964
0.23815415517365707
0.22866156802215357
0.33919539075182714
0.3817741431561425
0.19414434351063214
0.3288733942410142
0.16468707822828027
0.3567687837453591
0.20925329328302517
0.24744001324204687
0.3085636305059676
0.2584903901803215
0.2836717767063166
0.18660321237038366
0.4137656276608203
0.1423085776874085
0.20436015327077436
0.24810846565179973
0.4313674520552928
0.6519233549641271
0.28400497325537094
0.19691834435024466
0.14564219295232853
0.34259511909900503
0.19215634046322808
0.30884336165385184
0.3229893039265119
0.1997242973480622
0.14474227669141757
0.250748691249756
0.4246756264655921
0.18374067298610736
0.16369761956137707
0.3784105763632009
0.6688811855795266
0.1874964920860605
0.177877720715024
0.2465391860453024
0.30729932330446097
0.16943100458153382
0.3262900210409743
0.39346932169893023
0.2928021506192689
0.2441196806559251
0.19701211072331973
0.23297468015303557
0.3735589050761413
0.23383946868318495
0.25695759158952436
0.2157554614591126
0.2341024928310191
0.26913815156613513
0.18914366342179967
0.2501591989541276
0.5922189816991499
0.1810120977925889
0.21748493060375518
0.21148563437382664
0.6324509878257173
0.295681583599062
0.2929347924429451
0.4403295069271971
0.284078449196461
0.20829230053698541
0.1485548871664912
0.4219043583848563
0.1893921461361619
0.7982823722787257
0.4544487696737186
0.30859234584505013
0.2905794194849812
0.4558822333432415
0.4189415643765885
0.29444962807944347
0.3359230988954641
0.2624657459853073
0.7790711215224485
0.16239397793043878
0.22689946485984075
0.3486028526273711
0.3605665137381445
0.39876909282924555
0.3973305063693647
0.33081901056225566
0.3954292961183402
0.28446088307363254
0.4317235992918332
0.3357674345900814
0.18436340977859736
0.1932178514240498
0.3552546879240532
0.47391927326328503
0.3715743720304979
0.28239448877662937
0.3986276485429311
0.18651121247098867
0.4200434217291213
0.4185919727164367
0.42453520126352706
0.16450875682276267
0.19612289450489137
0.24904416548584826
0.2905021597165693
0.19728696882408842
0.23628139885055768
0.2621802699364246
0.2571772826268465
0.366192871152577
0.20446164922390508
0.2501077672566693
0.5335999449373494
0.2882328060230336
0.31033350532147047
0.2144926667178617
0.32419675845257323
0.23895614859383754
0.2525437901378117
0.5062542879888146
0.3125054692480992
0.18647498671288237
0.28118764159945936
0.6644284228393896
0.19136172067655538
0.13220339721715232
0.1874932802534743
0.31189886332476247
0.27798632027331127
0.33549966106031387
0.19496929348923653
0.15730085811546313
0.30613561298467595
0.23522281275780907
0.3950214149764341
0.17164766987549837
0.16840689207386791
0.45462432746092796
0.5439781692447861
0.2593378174940684
0.276698389489264
0.30947964316297955
0.3055198221295104
0.24004174169169712
0.30189851676813134
0.3010005277429215
0.23485105947792728
0.1880433906538035
0.2145853837189922
0.33118641834180323
0.21013391925428393
0.23752708269396525
0.19986975910209379
0.31938461371830046
0.19370075531369962
0.4281990077141178
1.0625284828813242
0.659041471801487
0.25254214937306624
0.3179498576854533
0.16823945570016388
0.4748519251941012
0.38330931646619576
0.21536415207368392
0.1413988995206923
0.25724857679884094
0.14191610916037778
0.14512191587316342
0.271720160518461
0.3749111833694728
0.3451482711260388
0.26478282257063684
0.25969977057758664
0.22701736595461441
0.13261321405183568
0.14147078671727564
0.6829690644945913
0.2417709350269642
0.32762222864850804
0.25173038608862763
0.23161514619341467
0.2516401733389687
0.19117140682917894
0.19484440208266465
0.45594701775945023
0.23492908317226185
0.20626129529497456
0.3542424630196544
0.3000873147021935
0.3607082892205662
0.4894117222867416
0.30733326900278457
0.3398640155166105
0.17534376211001707
0.28654651702423983
0.17946690112226338
0.24083577102002912
0.1837222054906736
0.21307408991214313
0.511729278385927
0.40135725009842654
0.25693470249868544
0.259807353102151
0.1939209423599197
0.5547357415617041
0.17607201998475833
0.27011116496926796
0.17101187816657773
0.2098916293906636
0.29108848026545164
0.2511133572007987
0.4261669457282918
0.18861977060934312
0.21065387960036386
0.14302130390269094
0.2922308342784448
0.17619476171712478
0.25266177461754896
0.3943301416212468
0.4915170799018578
0.43905052842056824
0.2851844490526813
0.17613536142405153
0.2542197709993956
0.200405174996527
0.19285629858559028
0.36094850475292806
0.20527526453651232
0.49672239864772394
0.5249676794644004
0.14198779337332634
0.2729965777143981
0.22450309886639588
0.2414516981808932
0.1871770944636377
0.44538736190126094
0.34886972507568687
0.22006851401357452
0.27583622480844167
0.23646061652672382
0.2044436982618269
0.2432805334292807
0.22090953253404613
0.18293770160694536
0.1960235220656778
0.18845942184035594
0.17504134203854263
0.17840554609376935
0.3011606735386864
0.21076396368017303
0.451068038694116
0.19848921012730372
0.2372265379216954
0.3102629735656803
0.2558478339506548
0.1542331314183689
0.3873723223608761
0.19543685468995844
0.15038623828262537
0.39759242022681
0.30802000424696735
0.23143017478442465
0.4492663517408478
0.35645463403908123
0.49166085225325745
0.3410127181470116
0.21879275407216495
0.1800906763853251
0.19025099813394175
0.29401741390881425
0.1872632174269742
0.2559387708193951
0.1993376258199188
0.26234537001500385
0.20142310343656544
0.25978681943324416
0.19468042538599217
0.33747881208203107
0.3120609819807925
0.23260921313935434
0.27332673911207295
0.2818337296069145
0.22598880489002207
0.2900972691246823
0.1766510428147249
0.24426189900113493
0.4038851105061668
0.21997428827295265
0.22892754855163747
0.2505672010213321
0.30979620577307593
0.7500627230114962
0.1956087591321692
0.1461887967590637
0.23599568604279783
0.29451769590746396
0.22462510700805088
0.5024229735151194
0.21328910197701437
0.2694588696344965
0.21718008960050125
0.19492551363168473
0.3067656169384289
0.2417105258786018
0.3409388379010346
0.46622877829650455
0.38131753821403197
0.3531200527564029
0.2830175974805826
0.2511144207378567
0.2929573577865574
0.20642303714334426
0.1882804155713499
0.8019716815430502
0.47151451680262463
0.1840194203112891
0.33918206312870436
0.5916042446274525
0.21762046882875788
0.40576682605735825
0.24000540941112172
0.16165951402811501
0.2906916272796155
0.2208894549428142
0.6301351149142909
0.1767185414729715
0.2258589210095888
0.27771072057364504
0.2984293331709397
0.1895073782410895
0.18683603028776016
0.33639705961784566
0.250587005968512
0.33485018688850043
0.4402885981420136
0.19332176241542118
0.37247935009390104
0.292265704363349
0.3152546307105709
0.19002882895134873
0.2876899297574801
0.2208571652036447
0.17783994320106952
0.37859441410440825
0.37968350244443216
0.23392807011445313
0.25376808103870635
0.5196886118884687
0.2935664064548384
0.18214187952322797
0.15444121444355385
0.20081672935696535
0.5727134868660454
0.7411726913539508
0.3914706451398451
0.26277113268611146
0.33997029418325375
0.16768219194653478
0.23137616209784215
0.21457572413835502
0.41456945280547375
0.3219801717291652
0.27920383983352415
0.30555203936794045
0.22913734262418353
0.21609721803452878
0.684788452149994
0.22732374444601464
0.22444811691849764
0.40887101595062364
0.17639849659012796
0.18039216876388384
0.2453163044390369
0.3405897157626389
0.21245531446998234
0.3186165274540364
0.18632277901780403
0.16153250219679954
0.2013323758267378
0.2344301655750036
0.21548301425743008
0.14535903111608858
0.16097789464457601
0.49310762327269064
0.43962124983053724
0.4155715450143213
0.23083329987795403
0.15832158028070098
0.2816721597776431
0.3077135606480081
0.2482865290621758
0.20061099909419983
0.19682595052572965
0.2945786510322276
0.23028835996813393
0.3361173247506843
0.4900815206129146
0.1993818037448756
0.2653304526172344
0.2160574182172972
0.47246663252646187
0.4156598063668013
0.1629997182805519
0.16870509387899124
0.22058943393641167
0.4545473206581992
0.20961829081270644
0.17038618325749916
0.3101046423644069
0.29226837948096557
0.25017225438329105
0.20951039521101597
0.1951100662581215
0.5441824790743454
0.1665524845073188
0.1851581534035004
0.3081319838963603
0.20141430949144934
0.21992028622642476
0.1818920708441248
0.157900111245568
0.23543120588717845
0.469694115175783
0.19626567532419764
0.32400593296955005
0.18125916410037626
0.18341708329092066
0.3247550576834834
0.22109748968787082
0.1984658189089502
0.19616595250265
0.2762997906883005
0.30405810092802554
0.22716980529167968
0.35581788126440633
0.21799568975470082
0.315719361224884
0.20723270511900427
0.3525996631390418
0.1801702548628855
0.46273090426032665
0.2497077257264401
0.17382413554568465
0.20508508490153737
0.24616417138186264
0.7248931971062534
0.15249517934007023
0.14774684732291551
0.3943739583620847
0.251356136423962
0.3993574477417395
0.2597533417676083
0.1889060157775186
0.22372329046306041
0.5165821065657165
0.4410389164911182
0.18599887238955914
0.1901880549678963
0.15862023284060195
0.28050799541985727
0.17679651901390547
0.24016798676717088
0.2636763396163218
0.2887286653784732
0.19486582363558258
0.21967078095271628
0.3103531679449078
0.3512296429447727
0.19995063673460356
0.19135406168365524
0.3205426454235129
0.17325808036176335
0.1782736595323265
0.7574476110161047
0.3587104957824416
0.2739725930137501
0.3208756413577114
0.2835566884909052
0.4678479654746643
0.3534938912594727
0.20500091594505881
0.2795879819957037
0.21897488741601812
0.27034866416903514
0.3217888343960827
0.2103655221811248
0.553952445244163
0.2413465062711326
0.7312575824051579
0.5661071708401881
0.24710250669804143
0.24580831586397364
0.45545209714702783
0.1310303423305634
0.22091292114584082
0.3604337684644781
0.44430821643943885
0.2436763588863294
0.3439237380815677
0.28818190890829065
0.376935564965507
0.18045802749633186
0.16736536296939883
0.4960209084011742
0.22135427035098965
0.1668333343153292
0.17720381940734445
0.21998476998456137
0.19166354989205292
0.21270077970044293
0.28886974655267794
0.19424068779518794
0.3575946027834763
0.45806011513220535
0.24122432144107778
0.3145136931367415
0.25986293341112815
0.28464712612295545
0.2612623168841539
0.21987896246183677
0.2425039348463309
0.230574084531386
0.21418073474035662
0.21689883766204007
0.23137343478864866
0.5028400960637716
0.17133751143880302
0.20098865228107596
0.22235508947440874
0.26157185627440416
0.24612332630012612
0.2572545356968282
0.16983628359291114
0.2960870595478053
0.354868508843398
0.16101583472887374
0.21752253176446407
0.3636165498864514
0.6823736560466835
0.3999382101214245
0.17796851323811005
0.1940168485383257
0.16518768705715647
0.1672433580458366
0.2634002711594905
0.2879402607124172
0.3930314838472291
0.2068043096459532
0.7623393127323058
0.6863570105925046
0.19018105553593437
0.33832771369784664
0.34228550994567564
0.2554365135693298
0.2834648360872415
0.30573154802744956
0.7556049180651329
0.22427806342818749
0.33945915755254163
0.43063130659448967
0.19604821099344694
0.32117869286505135
0.1891546922120159
0.34878979952874617
0.22094103502519302
0.552056233390077
0.2207245236664981
0.2231266218374485
0.19474129968461418
0.22835869550905413
0.19256726638629143
0.18904348016500583
0.15613742210638076
0.5010246849318688
0.32540817641892633
0.21548023034016173
0.1398230908047692
0.5755445001084659
0.3548951282632836
0.42784296728928484
0.26520641052819754
0.6347289730088197
0.3355555930774786
0.1953713983561592
0.18507371104914133
0.36108914722649116
0.44596322231762003
0.2654224961735868
0.22470713841127296
0.18834080207619902
0.16797450883376178
0.37579542794914134
0.5344921437199148
0.16340150489907107
0.16697828439431672
0.3698340865674034
0.24473775113881802
0.19316732390420224
0.5819803774942731
0.5957420744342378
0.23174864765250103
0.5715745437683077
0.26984456617186964
0.2258579225707848
0.2944721950402644
0.3111271477538877
0.43751472540134934
0.3455535450900043
0.36026287146463426
0.2503325394687606
0.3935722049017561
0.19188842702172784
0.14590528115268067
0.1522787040821145
0.6592310715917876
0.41085994795214176
0.20428511244151795
0.24262221121713895
0.37384278752536826
0.20257751653044456
0.18008455167703585
0.2654542227440799
0.24758009659128757
0.19771475131656532
0.359207475126608
0.2976550983752285
0.26672730873906675
0.19939226927425666
0.30504902771622816
0.1643498181778506
0.46032121320906666
0.48371976752845386
0.2459339066816014
0.20504180321003254
0.2713595268927675
0.45692155591462563
0.19166570112738454
0.20677123892200747
0.26655139334156114
0.22614233519331245
0.30112598816695496
0.2870197987677686
0.2832097773716625
0.3442326772523619
0.2884686859625118
0.18685485865122226
0.47550821899059337
0.41732288843845444
0.25456823043124066
0.2126404731279902
0.3172771461380001
0.17373064694238433
0.29055793040565553
0.18168299963123968
