0.37803898731637614
0.3673575694904751
0.44684512775207524
0.43440142288850964
0.38595976872023297
0.33844974248215887
0.3276245971897751
0.389426291183743
0.4513209576158858
0.4865499255196538
0.4635435544548925
0.36202254701849174
0.3363602006441297
0.4846042709583555
0.3838139271466222
0.34691107011696
0.427693176828384
0.3112678645547232
0.33749086649188986
0.4852077615398426
0.3215396101786065
0.326174936336506
0.3354757247222182
0.4062560826402723
0.3258280997049077
0.3255781919493239
0.47925699143914463
0.4561763456906841
0.4930544141979826
0.459083313823726
0.3393118719524765
0.4454719642823231
0.33978467552189817
0.47248582596279376
0.3713515124811
0.4248710043270541
0.3883285646772959
0.46268497240709416
0.3653956314099742
0.4108637187899175
0.411631944541698
0.3555414657543958
0.3846201434208512
0.4944816499652916
0.6960691320312943
0.3238973685114429
0.3332184061796401
0.3911275196407566
0.4977696455083651
0.3110320658776766
0.346785262102441
0.41100279217141444
0.38502891599018113
0.3380858732401976
0.3354411814183027
0.4239831136060039
0.41590022283654937
0.47036336995611105
0.4106390354971321
0.32402695858253
0.33664688748743615
0.36291815842573755
0.4928763819387902
0.3835035774379919
0.4171079643751154
0.49386280849038977
0.4256738513915315
0.4410509273527279
0.2644108427369679
0.3804176604851667
0.455551411332899
0.6332647337326218
0.2755946121683788
0.38808787097991265
0.552874812653634
0.37096570327596035
0.35755007433453906
0.29781670714237796
0.43871042775148117
0.3264904290178394
0.4445379139137503
0.5548748422681703
0.39294304974915006
0.38354736656106997
0.34476801216236574
0.4116601737315126
0.39803647851757223
0.4831465405382364
0.385957986845422
0.33658014978027806
0.4429921886733116
0.3822778897157001
0.42482945768112673
0.3244990114254772
0.3398813652028081
0.4401675562384775
0.34808756227062226
0.42005071758134627
0.3897476042902618
0.5468715617894145
0.4592374773067884
0.6977222345985072
0.6082587011710255
0.3538031929808963
0.42243960122648316
0.5634533057118601
0.6356317852421781
0.28947188242656513
0.3823359843768249
0.2693000384639079
0.4801991332574191
0.6536582779986724
0.3601203613962189
0.6538338115652453
0.3657989917249633
0.3321635308002839
0.36299360928384944
0.3728387414945452
0.4244458023982481
0.37773152819076805
0.4051176233999868
0.39018762506731586
0.4325067308502324
0.4274953841488849
0.4538662323933698
0.43708565195619875
0.603168495318639
0.5152413333169202
0.2980711356521123
0.543591182729752
0.4963389834590693
0.3518091383681619
0.5462140316662768
0.4207013596137347
0.3108696225542145
0.47908709055475746
0.430531890394708
0.34281918869669553
0.3845516908444361
0.3496700606138317
0.6138612178071124
0.39205839599083875
0.40454635854720455
0.3603836344050013
0.44385662374273904
0.32977360887719726
0.34736785415531607
0.38576826140105847
0.4375430851648595
0.5542332672818362
0.37403839276543355
0.6915595836500295
0.3459471101081155
0.499523049183857
0.3720214186626755
0.30525250396781367
0.4569991054505216
0.368144813201499
0.5246842219760606
0.3869724946679633
0.38931822861969556
0.4168725784220845
0.5240055653623991
0.3589856117272667
0.42131110306087266
0.34692541082617967
0.35133492255089865
0.39371046115471764
0.40033062465951524
0.3167316234350217
0.5125424021162686
0.5019337552659959
0.5197068658687907
0.38143855038307456
0.3916186175467586
0.44935525630828344
0.49683071317594196
0.5737101221689669
0.2796291657949161
0.5467617888916054
0.35420303317026197
0.3304365100677678
0.5144629574511211
0.533732634034735
0.49147612285405096
0.35656421020821777
0.42315165004910366
0.3211331200057897
0.4274334208358199
0.4704678357839123
0.36188294330475407
0.37817429103571837
0.44177007394778717
0.3518326202350766
0.3696399408075216
0.5004398162985866
0.3570996298752595
0.4498598612593064
0.4021176980163151
0.2798269256171896
0.47459803770295733
0.39243188347652347
0.425589036884996
0.4568761182330099
0.5396081511825523
0.41173490088799497
0.4690066892187457
0.35174094427730407
0.5090577003905791
0.406166436995994
0.36989696554586365
0.4769621469098515
0.2079038445779285
0.4534586968602873
0.37499645736154175
0.37558729474606956
0.4136931136770598
0.4988699118572969
0.5144918959966661
0.5406482445426667
0.3465296826894424
0.43926696065621723
0.31694281417027276
0.33144557079562015
0.36459506883007337
0.36506197259413875
0.4161949091130197
0.44153913476548373
0.3583627719915253
0.4664152929118058
0.30919908485237485
0.37461129810819943
0.38178743967430834
0.4028054046066563
0.5072824848983434
0.41600136532223475
0.4050533997126896
0.33518464052258407
0.4282599573448661
0.3067765584978064
0.5028650334982855
0.5044391864285234
0.46765413458587074
0.2953890858136778
0.35891479355090106
0.3087310490254329
0.5427947822532305
0.35662935990551636
0.5602364752609635
0.38347108363907745
0.35971774310014865
0.36104006936540195
0.4196459680214955
0.5599816029432236
0.3995246395945529
0.5630517114247724
0.4592223300140952
0.3980982545921819
0.48338806876370316
0.2815780726703673
0.34262053873852066
0.4286812798091936
0.3823002151075584
0.6602590947878618
0.3968564901875301
0.4300087881113484
0.59852106793002
0.45332106825510615
0.39657525218313183
0.42567170620967937
0.5474440446896333
0.4591577523399453
0.38612214479152535
0.462255707344801
0.49477780475808614
0.28524670630889104
0.4004909006322627
0.37122082498892806
0.39574482307917824
0.2971666025555471
0.5443902866668235
0.3503025053554507
0.5129363181877985
0.36984941411433736
0.35979160831184603
0.36302600713760386
0.4992890510369796
0.579029120736864
0.49108414336720496
0.27415253154167557
0.38618053450162676
0.2883648386546206
0.4559491121566326
0.3882537147125419
0.465180798827114
0.32764124030442876
0.36995022614612555
0.4745322442729048
0.37774448685233547
0.4323938968235889
0.33360502735837283
0.32385812122837043
0.343641807972637
0.3983353716177514
0.4214893612866776
0.35967265852471864
0.36103128177529226
0.4427614388203076
0.46321824767630365
0.3076338755784181
0.3943267422634741
0.38409640300898235
0.4636937769141765
0.32615561597357473
0.4231111285129795
0.5444187150066743
0.3894581590585296
0.3608413339305382
0.4993438855554981
0.5944657104795789
0.42653880604266187
0.4086352176155286
0.33784899882670455
0.37128919140175887
0.42206483408360623
0.3228303188618493
0.34863354310123834
0.43430037803511756
0.4708308637152474
0.3640914474551984
0.2352578323818392
0.4399337767934027
0.44222754815062915
0.3862370094281826
0.47491654271607187
0.42385100274371856
0.35737238593450926
0.36136635352499025
0.32162183326046473
0.23486725551815893
0.36429228539696595
0.40001278696101716
0.45923276125962853
0.3974220154840223
0.39078743937436294
0.35699333728893934
0.43634199922555095
0.40040294325673687
0.47997456067433514
0.3489574080639999
0.30947093181606145
0.5528386458524146
0.2636762407321841
0.6964976299416278
0.38405237304164924
0.5267312235262199
0.3459341288175437
0.41995872076713725
0.30576173467223283
0.3669960834543997
0.5339914516775636
0.31298223243501855
0.6110950882020109
0.372625280222069
0.46122118528088735
0.36695173617083854
0.4401740864591597
0.35711281553765445
0.33413555549207924
0.7943582691248748
0.362373263422764
0.33968339321187785
0.3248992409516418
0.38827670461394054
0.3264129211521953
0.39045947612623516
0.4752038677096897
0.33118225347985536
0.33780769582079584
0.5445743034525172
0.47997229939202485
0.3982132097090276
0.4892883172813798
0.4145171314950591
0.3047028343927437
0.3740673836097346
0.3591918600045346
0.3559372785406594
0.4328669438707358
0.30767107722675374
0.42391746411463876
0.5189722639096543
0.4081003648225093
0.3981506091455524
0.3479469413471523
0.5143808737351924
0.37301745536189523
0.38014555521018395
0.4997731701089325
0.5510696804093804
0.3788722042394698
0.2600998821484018
0.5199152861106623
0.5232048882108603
0.6432739665955753
0.4372703139569666
0.33806505156040695
0.4257821031894595
0.3473278005084128
0.3870729898084877
0.37036614938148343
0.6519447405567275
0.5695408448920528
0.481142372037992
0.524042254614627
0.3890094270031078
0.4155987211608192
0.441524561365764
0.40446587497404674
0.5472792499207297
0.3211153340673588
0.36499843367576135
0.42817629400933666
0.43799849432066773
0.5083256371305666
0.4320256958573268
0.45692161724562796
0.4444836945370375
0.37882095676693234
0.44785858362123165
0.3525483466908431
0.34218924242782145
0.45801120754562363
0.3779438249785557
0.47664682582733275
0.4215474469859949
0.4108696851634284
0.36424163937228166
0.3966704477160973
0.262970820218364
0.42841334075901377
0.4491269348988571
0.3180458644973213
0.37404242974085083
0.3753449579040799
0.4081039168254818
0.3569013741868387
0.33224052265610976
0.37271365912205995
0.4566888100658776
0.3560628710166854
0.48408226269377014
0.6081550923689422
0.5598435309080836
0.3580425278844668
0.4050919149425799
0.4192491325655428
0.26479654782268286
0.3990562830097771
0.35272037151028224
0.48438354602086375
0.41072612331834407
0.41852114832554943
0.3662041001364381
0.3426330221807208
0.37589211251842286
0.4270039912417221
0.47826427970058816
0.39407542512991567
0.5475843719400143
0.31686724069342104
0.30651051792997014
0.4377586821325344
0.34469565367714866
0.4022400029469299
0.430086552252001
0.3703812575395818
0.3999688369043691
0.3675811507369268
0.5235130927223532
0.3638734864160842
0.31926195394442775
0.40374282104569686
0.3027027927103633
0.4902483892875512
0.4881768495405052
0.35089136404487464
0.4507698807811458
0.39967851782766195
0.5636771231331245
0.38780178362660667
0.4531856775423427
0.4376968817533577
0.429001732506683
0.4240890608657704
0.3254472424382485
0.5913184295591647
0.5889528821843675
0.41936697896130576
0.3525884940712362
0.3781060871265272
0.3873690054308873
0.3687265577479698
0.4249154092355357
0.34980933330765884
0.43234412950986867
0.35330246728441717
0.4872759535882259
0.4024898477666088
0.4154350220323816
0.463264256112886
0.33373407035275976
0.4145957206539123
0.3308890739982541
0.5305730060036761
0.29785565276502474
0.48408779256069395
0.49131921570721465
0.32529370563372195
0.28445690781014105
0.34532778055689184
0.4691350187656084
0.3920807454174176
0.38956238021556316
0.388764658692526
0.42731431980883006
0.3537042444959608
0.4669883436161669
0.5743989066133461
0.40145815348041874
0.4017646153032664
0.3724167890478949
0.33768420899900214
0.40261307021520515
0.4534207855106245
0.3269897584483792
0.3574207163735776
0.3538178952896038
0.5613524519891495
0.3636836417851495
0.5965003583386624
0.3653572004749191
0.5261463195482394
0.39407166382612346
0.4249833962324823
0.5792007399482801
0.46235824696988004
0.39902855247059055
0.3846259463083618
0.3996639693573447
0.5772127209644179
0.33919763573284417
0.4889147362288962
0.4434502321081459
0.43553252882903926
0.38351697811713353
0.6723909091425633
0.5541464170170636
0.4391855185056808
0.3908628792963102
0.2974654441285573
0.43894396045335426
0.3478699686641904
0.5095855482994408
0.44484111169867724
0.4024712533611456
0.3492222276940595
0.4941431239811146
0.48505360455092683
0.3031985041932708
0.38115350475657767
0.3689235769887306
0.4914935543559524
0.7037998518408735
0.4032441017431579
0.5948339660149782
0.38989695058698
0.4179215527657575
0.28833656316550405
0.5117224597083102
0.5178901948291
0.34259155646220957
0.47582387835011697
0.42830896468758
0.45465198036355664
0.3703212084532326
0.3469369223022217
0.5280140795784934
0.5817415217219205
0.3888364321205685
0.3479338907196173
0.4033139998135249
0.4151618797427218
0.4557535220669809
0.3457769384593239
0.447001145747281
0.39664335223057845
0.43575511937124717
0.379460951376485
0.4219105742531405
0.47831355939925874
0.4489418093324102
0.3937408228462078
0.48641320000485977
0.4891969050279555
0.4696377596395005
0.41230540610336985
0.4361662163291846
0.4211717229514974
0.3567277131439619
0.38558268640625926
0.41005948772093315
0.3461475925651858
0.4378841334333228
0.5628141680818706
0.3240594878693903
0.34428551730999907
0.47097649205887543
0.3841085732457576
0.46999874479066556
0.4147162995958902
0.5156294803384821
0.3541750583039652
0.47374420673332096
0.34894784459506867
0.3733237459305129
0.31089543779908185
0.298828625436709
0.47241109622967375
0.3728621456079748
0.4759202407959524
0.41056571729625113
0.45167635102013554
0.41333950187737123
0.4614358876700329
0.3442542632368851
0.431317032048218
0.39400246281204515
0.5399939499870537
0.366721301916704
0.3975745801668248
0.4355252728179728
0.40394737873655173
0.37894804271734844
0.4553894649129047
0.46247566477339436
0.47496763715806667
0.25106275998093547
0.5760538239728804
0.36795667072485994
0.43295192939048865
0.48276478504907416
0.5539985144777401
0.569806139315055
0.3635897410211002
0.4283560289778388
0.4556757444024817
0.3708472484157847
0.4127680888972738
0.2397347843668904
0.3872352382393553
0.4184080607953025
0.4270485038090814
0.3745190856715772
0.45761955089286316
0.425934562236616
0.5395529466089669
0.4586693822802851
0.3032379026964185
0.29271607689759066
0.5211727513390375
0.419985070203675
0.5845087045193503
0.39888877395457806
0.32146231483869847
0.41979803580802044
0.36327733446718957
0.3605784792039578
0.4823330045909234
0.35925696771377774
0.40149115804030655
0.4027652831389425
0.36282834202579795
0.4643033435283621
0.5404098444060704
0.5418550213944388
0.3854876274487568
0.4293501735771111
0.46346681421019215
0.4310935074486521
0.4104803341020966
0.2991587568369395
0.23927398897234364
0.4996451201690743
0.4190793994660987
0.626236875403396
0.3810675041359156
0.30304157662361897
0.37048120826283415
0.4350614885861151
0.511342755127763
0.5203160996911231
0.3285726663944707
0.3186843118476068
0.5348412535348612
0.3265851935942036
0.39771347865666806
0.5145765967333026
0.41563820382855937
0.4021851172817085
0.5308782339320641
0.43619821882546034
0.45541068604396223
0.3008320075903617
0.4006806110590797
0.3594551676388945
0.4261810499055171
0.40020037543320036
0.3683008583348014
0.35147174044092405
0.37203226972678505
0.5511499072280623
0.37180769203548464
0.4055708627847164
0.3190719883441326
0.4001348064197616
0.3747296402299065
0.45450784738837263
0.2585616479984612
0.45145035449165355
0.4232591867164855
0.39022555763200606
0.28854470178648767
0.36950245553496225
0.405532077257152
0.44778473956769227
0.296249981184054
0.40015210739386103
0.32928166408241744
0.3948108512154729
0.58976254041326
0.5397526050845869
0.30573873114155936
0.4344008410490829
0.4244175213249479
0.3529124800117336
0.357175899180639
0.4194367026219586
0.32350102516963103
0.5202134998249835
0.3676628309549323
0.4140576108837375
0.36888057459118134
0.3651840947693415
0.39518769021393174
0.39599048738131604
0.470028044333046
0.41737161112739646
0.4643884186715869
0.4019868388987836
0.31559757408785616
0.4136398900800885
0.48470349096476073
0.4292885688511951
0.39728314668053066
0.39579939754456894
0.5279745069487083
0.47618498449286856
0.42061577315341886
0.37574344428217693
0.5278312501438894
0.41004673017277843
0.4060722420336636
0.6192298900645723
0.3861585469613737
0.37800929580317016
0.34177568758317056
0.3975236501519307
0.618865241976906
0.3478440762032108
0.3176423989900647
0.31716352882012877
0.4375260832725397
0.48277470117766674
0.33884910963281356
0.5045249413383917
0.4146953401478924
0.45932093535537255
0.3494547684263906
0.27315375812739096
0.35006020868015936
0.39604644960156954
0.5892512842651209
0.4182621886866059
0.40502600513827286
0.35379117906574054
0.34852248829681765
0.37130142024085133
0.3714454018513867
0.4624482543787335
0.4511746234413001
0.382585074835558
0.49685940939852796
0.5458057160875911
0.4281551971307373
0.3647247368574696
0.44070423013949694
0.4075514995322896
0.4598741405741841
0.4508144480518649
0.397168007516643
0.342778650651916
0.5799248577008579
0.4216099555689516
0.39541534062937683
0.3775795729371859
0.44599314855953465
0.35596584214660904
0.33771050880297615
0.48598025300153413
0.30672212373915975
0.39472678830667013
0.46675540868681203
0.5376319938207511
0.40151315287699835
0.38579950070188107
0.4878552500141033
0.40835868755034865
0.422380798506645
0.34076095472095946
0.5220197310345173
0.3003066941838926
0.4435490508510262
0.377319019694143
0.41123969120610243
0.47375478776709495
0.39101695097770384
0.456511801520578
0.38706214985330945
0.5049613903125112
0.3536464914371955
0.3700567077635562
0.34231011354048996
0.4266917307182144
0.4870641875949248
0.31726966839665627
0.3322051411208291
0.3092090135083415
0.36879544580646356
0.5052511642691694
0.45415975720144464
0.31730748052484137
0.4202356081639416
0.4362539049382383
0.32368404893719693
0.6002716374607836
0.36069455499592984
0.42463555937312375
0.48679198328653145
0.42908005570195096
0.47944569979287166
0.42166739610206366
0.4147750596839762
0.3286340726329871
0.4136248092188418
0.4112996152408021
0.4098014646787046
0.43629016133591053
0.33050451050896845
0.3658728310198985
0.43919113633888324
0.3790537802542433
0.4599468596089896
0.49292831976456086
0.36790122133117426
0.41532022234349075
0.5557798765676656
0.3002201306879819
0.3803825392836647
0.5017053255649182
0.3508728877296612
0.38565804765399203
0.41469211944797935
0.40242941535252547
0.39571169224145486
0.4473550025490962
0.27364016492990717
0.311752432960778
0.42064277013213736
0.4078589764769377
0.39777553157209333
0.46639397530311266
0.4848921711956687
0.3875074324488526
0.3935099766541388
0.4329246462336936
0.4366221258525198
0.4694594472122304
0.3145186683610374
