0.6064319657593507
0.4855242175980945
0.48097258090271733
0.573339985698237
0.6931517718712205
0.48820664747098347
0.414704404337389
0.5726318225935924
0.5944623544321409
0.5345480117536004
0.5723022637795684
0.6313147633764052
0.5244398563188377
0.5551443375879155
0.4433808068874952
0.7433851393550277
0.5138104319247319
0.7869132551389751
0.43666860167674315
0.575865862448794
0.5053676389361768
0.5219362918442992
0.5033722661205637
0.6958681727019961
0.4087141279704239
0.6922311329917145
0.49552389866009167
0.5840159100376889
0.6677106930321595
0.6729328458221446
0.5587099359796516
0.5405143265453382
0.3782348315517261
0.6159395057637295
0.5555745769647203
0.5998732388968541
0.6075988916956236
0.49924354509594787
0.7312831787185899
0.600125513473894
0.8810394946824174
0.5233535604115489
0.5956067131392665
0.7171407335275591
0.6111488079467106
0.7159683730101001
0.5378492968656645
0.7963349992082557
0.5772356257563325
0.5750151020031307
0.5406949430935534
0.6027985450983583
0.4332151141423592
0.5120027935046312
0.5454529313237264
0.6839381561724899
0.4435422833840306
0.5723098213440864
0.6248330747648704
0.5147734593019005
0.5734788858557918
0.48285959933000344
0.6616325507192857
0.48556194687170273
0.7777144734192597
0.5515192453086919
0.6276010948847189
0.609580925687986
0.60358111478358
0.490350335916825
0.705328658500064
0.34194300939686445
0.5079621526108633
0.5326183625089991
0.31283221512007037
0.4420328724439178
0.5279165876866075
0.3578536296372048
0.591865254679907
0.5237945075923769
0.5486521242693659
0.47958605533364584
0.500615596539685
0.5219165841373712
0.5536165743439616
0.5595596958103018
0.5880235632732873
0.47732709972495496
0.5974160632875363
0.778761055029992
0.47312129490581534
0.6913032019836829
0.6319256852982787
0.6177155745089477
0.4890261636385942
0.6186787329051991
0.5312191697456222
0.583875406867144
0.6219316259673002
0.5049030053794196
0.5945886796441847
0.6211239698327281
0.699859272568213
0.6516591964185272
0.6448166110122345
0.4993453850636745
0.6383151085721391
0.45407112672194444
0.5412438299912643
0.530786952252542
0.7169911854654685
0.7336285210555689
0.6215095747543958
0.552971189118939
0.3847439199577706
0.9691392396401624
0.5443311050053067
0.45709464343740613
0.5359600751511698
0.6106349346521913
0.574944458160251
0.45172125273445596
0.593270182321936
0.6071428777417395
0.6768998198768267
0.6122917450877792
0.4642885928306001
0.6671063840740084
0.5072847277799309
0.5430286847225494
0.5612011122034412
0.4915669427578938
0.5594988741419108
0.507866228496299
0.5074213244411737
0.5794110509782241
0.42959111334063776
0.5394173685595458
0.7700578551507737
0.6333257818324542
0.5294363644379426
0.8160203996590316
0.6285655630404047
0.528644804969363
0.7080492769059007
0.49185358601543244
0.7813724186798842
0.4339074841533415
0.5141218083512937
0.7904868300594887
0.5169623881424269
0.5367561796068062
0.6830487324810253
0.5879976591724341
0.595539700295359
0.4743089661866688
0.48839092350927416
0.6837964807489695
0.7028793559442982
0.50158094593709
0.4840419517156988
0.5832590664593602
0.7034663327365275
0.4567604313664776
0.6245337638176406
0.5009458811158981
0.4246730492203704
0.4590844314913926
0.7727142901990919
0.4855913418377323
0.5288269040178346
0.5521467043704097
0.6528113540408385
0.6288934807841126
0.5607086375761741
0.5173130868464151
0.6931468915044428
0.3769466059583171
0.4783944036814869
0.7166463782706556
0.5071006849905648
0.5811056715767887
0.5474603991976936
0.6787724663817629
0.6500742622618747
0.8445080768710883
0.6589773409608838
0.5212212583756635
0.638419649436066
0.8092749024422949
0.5949913874340338
0.5061849827444359
0.45258909908531186
0.5440127936546016
0.42938013111183787
0.5530335421225803
0.6650538662685078
0.6188238476776495
0.543023204041711
0.6350269216297664
0.4622455630806142
0.6665406809546708
0.486662646216202
0.5967745809703442
0.678685003477797
0.6418793257466325
0.6559670702169563
0.46250119071183093
0.6260908773693515
0.5941619034169617
0.5182901510082032
0.5555788640743635
0.44725514802445276
0.6551335980741626
0.5226391170175506
0.6030350821865051
0.726989944756234
0.9341708337643679
0.42822361776414575
0.5787432166966942
0.6122080851189408
0.5146559032625596
0.5188660542906492
0.6304666811457207
0.5423619058551421
0.5472451912845399
0.716591882570814
0.5131211025345759
0.4229594062211591
0.6170552564145919
0.7486686245864507
0.6581655390563302
0.5034523982003651
0.8342256084311019
0.6066942288932565
0.5188339092538772
0.4851372867616324
0.8344590649890251
0.5470106502733273
0.6005068117192476
0.5088683495572227
0.41635813384837744
0.5602206374865066
0.5797186782776846
0.49237974191787576
0.47173258834457377
0.6283488628964772
0.5461395749797785
0.5882185616022904
0.5889612799918177
0.5784506620850095
0.4233837555039477
0.5935439783283321
0.6223655022428538
0.5021655111544442
0.8395005915335996
0.631517781134811
0.6820377804723038
0.5433041757794436
0.5722845228975147
0.41774412589515214
0.5559430650535958
0.3753489851082305
0.6089754128260576
0.6704811694350832
0.673669686600474
0.5319807154593396
0.36405045531861613
0.7141834319024776
0.44986499432286386
0.6192370436297059
0.6287552937351726
0.7965581104831606
0.6974030451255763
0.6576929556375732
0.5065353127103123
0.5062588581611417
0.5575970900473636
0.4908523201157265
0.4645993207205911
0.5271997959497471
0.6588598093882602
0.8983704109739007
0.438599270469052
0.4217061441239084
0.5104590487153756
0.5053885115084831
0.49737866099709954
0.6033508859819341
0.5183849888947604
0.5309250760856954
0.49623999571284894
0.6865210309323145
0.5209789312942211
0.6253612243271094
0.3786242541312717
0.5109258862439803
0.6134428120233077
0.5213724424348952
0.537621195568496
0.5386631502303348
0.5165390287689567
0.8219388192051446
0.7173355133483542
0.7174841496568519
0.5544815715718457
0.7905508471002405
0.7739121602308554
0.6042050191479127
0.39032565452217205
0.5138231944916991
0.6865029027969722
0.5956850185727672
0.46328958072567733
0.5944755633545321
0.96783111111032
0.5615892012123708
0.5362264491785972
0.4591721493787026
0.5614492840539109
0.633724998507951
0.5409400523799739
0.5511638522198498
0.5559783116951372
0.43993421034078245
0.5173475377639397
0.5914596244919955
0.5242531728206357
0.6348858096699705
0.5133753194267033
0.5669811704618043
0.6268260281863371
0.6147634650621967
0.7100070411120262
0.5042921584379054
0.5172800354257138
0.648439704737003
0.5827539104478758
0.5427720566321205
0.44666298677270777
0.4648008946871328
0.6570367998574848
0.4656075887796676
0.607665211208745
0.5458442590351832
0.47619986088434024
0.555897321904859
0.6659547527422912
0.6342187552853791
0.6459676597569818
0.41334296187097086
0.683152449651924
0.44711651993398976
0.597023460020075
0.4739838939434191
0.48921256346568576
0.645209948673826
0.5816248641359271
0.38587006873124596
0.7189644852842939
0.5425908995220825
0.5711525653514995
0.5944420721034864
0.43938983324553194
0.5285145232365773
0.5291302304089639
0.401875004457443
0.5505129989377963
0.9979902472467309
0.6000243393646935
0.40721539158768494
0.5511686966660795
0.5745185273392183
0.5637992412326038
0.5581950220695603
0.5690924856805124
0.5583344339873713
0.5193611449682994
0.48127466060156027
0.6306394784584182
0.5295585560525661
0.5538119373382077
0.5622126864018494
0.7699816008378162
0.6592475435244496
0.4923399960180561
0.5307417920069151
0.6385864148713942
0.6606226718843532
0.4472919159794502
0.4810090318889301
0.6214870107651586
0.6456967320841532
0.4108386217664962
0.599246321178277
0.6867249595516668
0.6150757118707935
0.502167269656291
0.6342817034817909
0.5857786200318479
0.5580478268326006
0.2655483825126781
0.7504627478546577
0.6808628386349855
0.45844542995282295
0.6010141515999867
0.38572793648633186
0.5871698842109033
0.3873127089044857
0.5790720196650139
0.5187110153573609
0.600853432727134
0.6763721021976173
0.49057328844704506
0.5851324253374107
0.5148535882519467
0.5547696240763558
0.6732629729709851
0.510408956721911
0.6126664802527201
0.666072174446841
0.7403122565530933
0.5653924214988103
0.656690665482907
0.5797499261460476
0.40549142205347866
0.5452255703352437
0.5917460274878827
0.5839035926222668
0.7013162508877491
0.5906876963242936
0.7330836214861455
0.4256513633986105
0.5211621843081703
0.6750071395595963
0.5595274617973757
0.5231304707787064
0.4887175142490752
0.5271744994662914
0.46718503201305506
0.5435686554071499
0.5161537248579643
0.4544669121945512
0.7978773509010345
0.5030246271977168
0.43848621491491374
0.6585893194579091
0.6228280079968261
0.519090341594317
0.5974225822710094
0.6176607245923292
0.5237041836855731
0.7963973238856821
0.47714450763777627
0.5371543323100835
0.6147898149607263
0.5767234170978072
0.595165197914796
0.6610906614890931
0.6443582290168054
0.5748591461148002
0.48813761376548026
0.5875777356708952
0.47126368997832374
0.4916699935302694
0.8251688261924106
0.7381818324303965
0.6148219415805608
0.5386794847156736
0.587573258701302
0.5944881234140104
0.5558173714072737
0.43985651612275145
0.46971917528642015
0.7232335159140828
0.4981634262215191
0.575216062763268
0.5696316413615715
0.5329865032442552
0.46553264581911424
0.5368363417562038
0.3482228937025368
0.5520998225996455
0.6226961314738892
0.6504502918329915
0.43720034097108745
0.6708763017955331
0.5409413339819404
0.5404915296052165
0.40162878104192856
0.40520910498949947
0.6463465052322286
0.5530697431581285
0.48481548305889516
0.5508897459199679
0.557665610147459
0.533935819135995
0.767623693099905
0.5864975038873398
0.39532344182465884
0.5876288115738453
0.5642801103469954
0.5213567153972
0.4590142169074056
0.5610471349833628
0.5771734424420816
0.5274221495376934
0.6864451409895789
0.5306003741207391
0.45502741025912
0.5894008561411683
0.46901943312898914
0.4663501977379122
0.5029441792677379
0.7312586864674642
0.429063576880531
0.4393673494700869
0.5962023899576453
0.6294544092626015
0.43090637663584325
0.5040720133732638
0.6060664941347317
0.39889953251425725
0.7243752342060379
0.570305400905797
0.4351975417917477
0.7620076770999197
0.6418345701275626
0.6108172259511884
0.5155627359659046
0.5220866971909839
0.5204841467993263
0.4905236569438261
0.5799866571580323
0.5356193673434995
0.4847876798686068
0.5209727820719601
0.5059234777797061
0.5377349683218502
0.6240613177938857
0.48990380785772497
0.5862445331187948
0.5299311077834195
0.7925390916707167
0.5158160779603438
0.5398277425693984
0.7584542640811616
0.6255232229062335
0.7016961933476339
0.6409202581734336
0.6111369679692665
0.5195190261934323
0.6064787310084175
0.537900581756845
0.4373198202250562
0.48796493568625837
0.49716816238515193
0.4817285292360852
0.6706092396150479
0.5501369466668522
0.4679515485466793
0.5792085287525133
0.597634166600512
0.6353757039540652
0.5666548309058063
0.6052777531770285
0.6113970710159425
0.7172872763882846
0.5536025984111029
0.4628972391273216
0.5055290779294224
0.5007357585801803
0.4298289973475402
0.6382955797332496
0.43049127814266613
0.7131736902132868
0.599141447333086
0.6690882835532773
0.4269402244115589
0.6880950872347935
0.531051316379566
0.6562720866904644
0.6636926667047974
0.72756047970537
0.6224607579661826
0.6082521211756743
0.6498865806938992
0.6794269322115758
0.6372849377898747
0.4893439610893535
0.6047326654438614
0.5479334729197267
0.5479962204936982
0.5659353614147711
0.6975668026594994
0.40776709607683376
0.6412122204075482
0.7179009358092616
0.5713197463002578
0.5993947832429669
0.48378371567375467
0.5942631436149549
0.4687170854030109
0.6150610688499069
0.6262511750683076
0.6477320554928113
0.7354541343348201
0.5658050827599899
0.6150739400291373
0.5183701714397136
0.49766252395078686
0.6075040374585925
0.4433720550546618
0.4520286264445513
0.6100826962989174
0.5197862449214848
0.5701522292177998
0.5183775354724511
0.5806974746355436
0.434681753145361
0.8646594680703246
0.5134841227840238
0.7785197418311312
0.6912204374274394
0.5116206534533033
0.5303671262900461
0.9686848534271557
0.5510421552115556
0.5763228719501255
0.5586356027858391
0.5243394596038246
0.5864033720308693
0.517579919246672
0.5565181685002283
0.46091372262930624
0.5532503432548415
0.4228040372768163
0.40159213731649596
0.6609230883806287
0.5744104657987892
0.739999785745151
0.6950827900600671
0.4862410133625742
0.9142321211660693
0.6258744737943884
0.5539315833308904
0.5399112654350758
0.4648034789935577
0.5065563110522991
0.46744890772008607
0.7051832602925509
0.5154422730898814
0.6347534843357784
0.704209419713525
0.48805084586412
0.6058031713059929
0.5511605097138709
0.459929925597398
0.459895133809696
0.41342696708435434
0.6658269240693041
0.47807884274927887
0.5541344151457195
0.6219642292902464
0.583914137532066
0.4901734499278784
0.6214058405191151
0.4841106674891627
0.5337557587090073
0.5604859166937697
0.5643453914314744
0.5362286767626238
0.6117542031475784
0.5689764352646197
0.5694322246977609
0.7154483725581512
0.5459945847070876
0.9514614333023836
0.6891464243004911
0.6010047416962156
0.5904450071772892
0.4935684987825758
0.47763281203830565
0.5635042494686351
0.6657628378847212
0.7302367521330049
0.5526164370206755
0.4419667968530463
0.5750216548542605
0.5107915613558107
0.6785728982149145
0.4379467388960516
0.4314327697257806
0.6728100178232717
0.39988379425503845
0.608398795728112
0.5368330129727511
0.5748946223182804
0.47826100111098596
0.6184606425281403
0.6634554034412548
0.8237319745894898
0.6695861609836432
0.44021503202404433
0.4341742139132456
0.6073331538509672
0.47603607044309415
0.6948467603249955
0.5479869985270788
0.5605371328178671
0.5552151616120399
0.6088490775100559
0.5430789653584233
0.584610890297251
0.6121611934727766
0.5337723424596869
0.6047541558564041
0.47564791220633046
0.5269485551569354
0.7191149612751715
0.5484317371791548
0.5311569086478161
0.6773326122251115
0.49338427001805274
0.5902080201108428
0.6131904787862332
0.5033377412729406
0.6133824825857812
0.5495835388754319
0.6693190831867972
0.4191974742185491
1.0144881996210222
0.579686771481036
0.7179158031631104
0.5452135516372245
0.49092469005243855
0.3470495245620934
0.5717055856797236
0.5535447513447365
0.5625729318825251
0.5618781975446413
0.6554210060226211
0.5577812806447882
0.5653082603685038
0.4408059918286219
0.6015438109298576
0.46681726266616264
0.4276567972634586
0.47009547312424377
0.447233048968609
0.4328214625111616
0.5452621335997938
0.699022564867265
0.4495629431888293
0.5566623428799627
0.826614345091988
0.6148870695413001
0.5884687090914591
0.5294948528966923
0.5723491719504076
0.5838666426125577
0.5931657316467264
0.5515304661968274
0.4782207465213395
0.5628366624591857
0.5492510074046354
0.6898543859453296
0.5700388517553446
0.5115701424709913
0.5865876291538475
0.977635971953578
0.6325682276632506
0.5014320381591578
0.5044994411282995
0.4887247672630954
0.6667134503636005
0.7581785799719742
0.5280714593456114
0.5870574356470208
0.7369922755503662
0.7471154108491815
0.5821055000598884
0.46675571104986524
0.4989922741191871
0.5351676663121815
0.5368117440906549
0.5435209396029567
0.4256782403088947
0.4720562405749935
0.44756742154392565
0.4333831426822735
0.8801337271353078
0.7519793601063156
0.5358661644379361
0.5441634771039031
0.48971974144521657
0.4087542056601115
0.6086011751884858
0.4167936405367357
0.6017046262700069
0.7149729472802511
0.582946069129461
0.4321915806585458
0.4611349278450675
0.4756573285678395
0.5415641605710354
0.4851855110651767
0.3992137932607227
0.5146471620746768
0.5932886120421059
0.6441301637389232
0.5459654588505379
0.6583637840073003
0.5624169765058151
0.45389091867124726
0.5338348648399706
0.49168098708304636
0.5120321591781329
0.585283279858353
0.5105134683175643
0.7308103576810105
0.5031068129952468
0.6231604060275482
0.7197394098911191
0.7339348727928289
0.7689274862118715
0.5766707565553177
0.5978856189542819
0.5540372737981157
0.907283007401163
0.6337026292731183
0.4647492226838385
0.8104005165500394
0.5691060713869267
0.5449466527506013
0.6400767175473931
0.5320977409430913
0.6035831555311508
0.43104624837188105
0.41321530606739826
0.5469174506433836
0.5976211654362935
0.5622652650330907
0.506147449376418
0.5639116313107794
0.594564859655344
0.5949445926195666
0.5594211792515664
0.6359072790838742
0.5798051528138716
1.0231324512080298
0.47270454709270343
0.7225559625480238
0.5295009936892814
0.5801344320202975
0.7033809249727228
0.8372187070258303
0.723522408859421
0.48846539209520407
0.5460770741039318
0.6358931245920074
0.6781543498134911
0.5069570218100203
0.561026964057926
0.5622869369850377
0.5423187675329717
0.6296546367104869
0.5039892770845649
0.5166423830095614
0.5449862154748825
0.5475253813522507
0.5536385767744967
0.5826150987600484
0.5939363236424744
0.6568483105262128
0.6566027009361898
0.49465063544402627
0.6433718472866196
0.5620943519822076
0.5262288357268355
0.5478057687343886
0.49313910817543455
0.6743972904045069
0.6324556330254287
0.612124550397354
0.5349001577798693
0.53715456099179
0.48512663708790377
0.5863262610730186
0.5035106123391468
0.5606190303879497
0.5207552404371508
0.4903494642500818
0.5666698430429112
0.48886928108483385
0.5375531644325787
0.4200309855213184
0.6248690812978064
0.4355408889317598
