0.24564975210199602
0.3110239460583299
0.2938973597986549
0.3139704024977295
0.400472631357386
0.39736774593056173
0.2945157535070181
0.2954166298057409
0.33379468745164215
0.43590199453841566
0.31125191399834956
0.43393041866912985
0.32372389871693963
0.4208695462355177
0.25587062010208234
0.49082454125798364
0.3537486324274198
0.295346394288384
0.23425784595986643
0.38799032230408403
0.3007426038677914
0.23933899900949424
0.2950059885914036
0.2549817341990896
0.27020113905470294
0.20724257075892322
0.2877914367737148
0.3487292025825302
0.28085624180919316
0.4548502320111218
0.27282166061326896
0.32268555258782666
0.20543589134634319
0.3138588531866631
0.3670609432249959
0.37283385347421455
0.3847093102189885
0.3143633303963178
0.25158394002303447
0.22759677069702292
0.48150410326105786
0.32204473678379286
0.2275093031453743
0.33859261763300386
0.39071867227563584
0.26667190808290275
0.30552662580138457
0.29800898584538227
0.32920110372101
0.3377532572982923
0.4579665096077799
0.3216013057174749
0.39293927188141126
0.35640424095351225
0.2565900403204047
0.2961766462663457
0.2515853953810893
0.6046428836571444
0.27004767474424446
0.39803568481783436
0.30438546553672646
0.26317492182901053
0.3181063795749728
0.3314145914295178
0.27713073899059665
0.4242096998256878
0.3814185548210132
0.3231488678536059
0.21928576023846558
0.42271131140427753
0.27982492439306117
0.32458799176486225
0.2881642415303306
0.28016587410395
0.34660144709990287
0.24382112800853095
0.31504961930067626
0.20782500898420886
0.2978748529405055
0.2738363908469247
0.4093288762446223
0.2672308931139582
0.37946435983797033
0.2955931683771674
0.2872678533975636
0.29538730999563917
0.3037205053093792
0.5588772608206856
0.3337229373304537
0.35809062270469266
0.34655171400271695
0.29742049032400875
0.3111331827896085
0.36356073313108117
0.24345872172903651
0.3616490710603292
0.34280364552511866
0.25070052778762186
0.33525665426029644
0.4593464296108319
0.3616555103624185
0.517010417026789
0.4391113803889463
0.3882724949657475
0.3321631592070536
0.26018849904694186
0.27010832587272204
0.3847780633211822
0.29191835606483285
0.3228296066275707
0.25936070649621534
0.5106306871799825
0.2890276799095858
0.33273611744028786
0.2682443417895045
0.3604803024012732
0.23565384339434026
0.2929659883948968
0.31571213986551344
0.3203808347904284
0.3298773233374426
0.22062775476597324
0.4440844657047404
0.28571228741418997
0.3563410452755593
0.3288703634696108
0.34721491944192945
0.40208123817645824
0.2110312867118398
0.2848931401438667
0.26741408443405523
0.25825424254652934
0.3696938300207287
0.25224981518326284
0.30112696026218017
0.38839318706819326
0.32422587352639026
0.2719223641933963
0.2720523484389309
0.36976817899083825
0.19373588774518122
0.3381542511781022
0.296850833764985
0.31153480758884666
0.2492841625039543
0.4542206784284174
0.29910993580998135
0.18726039645395037
0.46496739444338286
0.30857187670164793
0.2691807517573493
0.4659132245420033
0.4575382080180576
0.3819233257744424
0.35685105208651
0.18481534458196813
0.2766280618374097
0.34962261593938415
0.3420276502768563
0.2645784489407593
0.39441286604768105
0.6406969369680942
0.37922893940105556
0.2902934720792942
0.4942855300738418
0.2762363485817856
0.26434883305039747
0.28467780143416815
0.2672575412172914
0.27938228926187875
0.2899067914118625
0.3234407522914963
0.2959946020472342
0.24261042869685517
0.3533312779313145
0.29967425188824576
0.3096856621048476
0.24768515407034022
0.3037639710622574
0.4599139795381132
0.34776340617802426
0.24378191834729276
0.2608458176459649
0.4048243084783161
0.346037146981539
0.25629894728762065
0.35580060321824764
0.3596899974052798
0.3697128830016167
0.4712679001392603
0.253086973750547
0.41825508964674096
0.2802775925611012
0.3077564217295487
0.2839207327441443
0.39413749562720485
0.2506439946776407
0.3963132855663598
0.31976589317280285
0.22313879622711416
0.26822924426918476
0.3320613935464054
0.23852532662998077
0.3080569659064218
0.39452725085925344
0.42477917274516785
0.2600936321248016
0.2673213249365125
0.5049722730979359
0.2432294510431786
0.35043019857406554
0.28182929825552666
0.3273293810788042
0.47067518195555086
0.2967198823312779
0.3102002365664763
0.36371754561202446
0.2734383393292228
0.3606350840092908
0.28687046531240906
0.27454557240769795
0.40796603713270824
0.33324686562034456
0.2945678094905091
0.4342970265543817
0.34630160745175154
0.2944059464039859
0.2660134015137815
0.36452664877011837
0.34006245808781516
0.3773237729063871
0.3305630781139918
0.24072993463895723
0.29601231785907767
0.39381497973932583
0.18991457123080768
0.4073532749439136
0.2717056903336043
0.310739577827906
0.2735907262261996
0.2634981004533919
0.24397619697566353
0.4382129898360598
0.2548366719115769
0.27795133764565483
0.2102147884324515
0.2720921093967384
0.2999194272744598
0.35307462381518073
0.32996770068543935
0.293698816659534
0.2864788818005859
0.4193361451519311
0.390181962952057
0.37478845685796286
0.26020971495020556
0.3953825083568628
0.5416991231026334
0.4288224836874749
0.2781613536478252
0.22806359298568402
0.25187930795504804
0.25688564666527364
0.34743977579878593
0.3274039612251565
0.47370011703556975
0.2694601124532423
0.22121363208750217
0.27209018521181666
0.3503519017210828
0.37593647959456267
0.4243178939983304
0.36674268043374364
0.3754305287174449
0.4323309667396412
0.20597253858102416
0.3226729230860698
0.298947550228784
0.4800167060398431
0.2707802512172627
0.30362213806995686
0.29344381035826267
0.28670112833815203
0.22029280942967377
0.2897430241853086
0.4068249264597103
0.2695654951279099
0.43097478189802774
0.35664703345659693
0.3226962434484291
0.3170187717924176
0.2935874114721843
0.2273968431403854
0.2967700982044845
0.38792542876946357
0.23796068679204685
0.382502659577225
0.29304535160511724
0.35951976809264885
0.3239373014645916
0.31281197686361545
0.26731300160772553
0.29092379042806354
0.2624265019262906
0.351694069122602
0.5180473679180648
0.47122516458825403
0.37300671721680584
0.3246186094987903
0.2087821245163187
0.23845198342431606
0.24757237633514717
0.29132215716070786
0.21989511046065163
0.25124118612261814
0.34846134049116534
0.29239262717555936
0.2477551148579403
0.2030525975276177
0.31598256107039546
0.26036716791562503
0.28889698914868134
0.2887112448482646
0.28818964058339513
0.3004730178394414
0.2881060845452813
0.3029516102302757
0.29152086740734906
0.44061270027430954
0.38887160407310356
0.2526690639249321
0.3847096422532109
0.39547084014103717
0.2897302712648933
0.23065005434344196
0.29506876221698
0.4057261102148128
0.3302263415593183
0.32992729139294696
0.3454273327792037
0.2944104669656465
0.46506709362314685
0.25652898535099716
0.33714162118184315
0.2331751060806372
0.2886136520962815
0.303807365455137
0.30260088602516455
0.4080281737199379
0.3322369713185659
0.2731307256739434
0.4940658107139618
0.3753934422565235
0.33034088417606505
0.4314196372998686
0.3210296123898548
0.35583253463632
0.35154318346292396
0.2309646671098867
0.4176011535844938
0.29811898010839905
0.501175152006347
0.38830476912929135
0.3876833174444779
0.46040253039793366
0.480707761640828
0.3413550424724121
0.4390168203121499
0.36332728538729253
0.3587264713720831
0.2557729166668027
0.27110914958873655
0.262655916694528
0.42321267570521554
0.196044522256361
0.2920949759850024
0.2546634890930451
0.26683734335339276
0.2901029784211286
0.4348003064026183
0.24494525424641705
0.39476748988254556
0.32201129363267156
0.44872366203139785
0.18695950055904995
0.39832075515700954
0.2620748886868999
0.2807062849118948
0.33831589160788816
0.2250850615676306
0.39180067514803407
0.2810334792324379
0.2602750445958447
0.22255355134750912
0.3098356766313681
0.36835606693160683
0.261286298378675
0.4076503114224194
0.41299117700489285
0.38179936677371445
0.43790134311968243
0.13660677980263014
0.39504189069600193
0.39900983756007596
0.3661704728350322
0.3776266588316838
0.37396427719641506
0.3413057533821288
0.29866212127883895
0.3293035573536713
0.30240670532082087
0.3818862043660594
0.44176396623806574
0.2642431397612789
0.38089918098155545
0.29131126085775183
0.332973448442384
0.23503937104399233
0.4622830488949028
0.27555174691755524
0.34602945148151687
0.2551126818782156
0.5072710443870533
0.3606618387640734
0.3213461165110786
0.2838507574873903
0.2778406013647314
0.2831139166523431
0.40165661075977727
0.4334459511189936
0.29421123976203256
0.23760436232159715
0.33741626759756743
0.3114372102243581
0.34502205032376265
0.4024938114879668
0.3824780458345379
0.25642754835987647
0.40748371105537157
0.2945049351895523
0.29984690812390685
0.30151614814365607
0.32716470278290527
0.2810659303432057
0.28843531323157195
0.3350243202851697
0.26607014254613753
0.24037846179362604
0.26557016285595897
0.3294472068016208
0.2679815150647027
0.34977844811391023
0.5417011916448788
0.2588585205211815
0.26212878749580215
0.3100458623945666
0.28552714328753315
0.3934138434114062
0.2731960327998099
0.23841071835215716
0.24033370592831974
0.26239787062554865
0.3225417226299876
0.2664343449782397
0.3698002096564261
0.2809590808417668
0.3143102675918234
0.33168011202784936
0.3449928566770486
0.4072606960095009
0.22702943351003868
0.2837957517635912
0.26869573314877127
0.27482796656837183
0.3250818232622174
0.3391381101605713
0.38727568722501327
0.39589510187019206
0.3381057936650893
0.3952210681974518
0.33440777441164765
0.21217669365917494
0.32443883699891857
0.35891133654650775
0.21143085904428421
0.2420727290018203
0.47645886555471184
0.3690897722436683
0.25321276027190337
0.3232793232097251
0.3709662074812936
0.3783615527239914
0.37847262178512653
0.26778003817487317
0.33154842464162493
0.41504114616258986
0.37778888337439065
0.3257328026908757
0.3488876363596039
0.2197119077241293
0.2885177616601568
0.38388627730477787
0.3112439205352933
0.23497175656450806
0.28042779652837563
0.3903653836452384
0.3041717236415278
0.44180542710155796
0.3072144026422759
0.2730004820670149
0.3441716154421802
0.3772339483489978
0.34160985126618354
0.28818057575720835
0.28743207715502556
0.3954253041273034
0.39148705145041135
0.33577393250673954
0.29825845589992467
0.2876004758961456
0.2446563204967009
0.4936727996844345
0.23678688703718925
0.40941052635240277
0.32941635391405916
0.25484303292448446
0.26410966835711996
0.23502927193258105
0.3684738432424167
0.2791726386473695
0.30986603852082995
0.3513126106101332
0.26354955370594074
0.3115097837913866
0.36811074000814636
0.42782570450913365
0.2689936051650756
0.25440230672543146
0.367536250325743
0.21237936094326423
0.28044065488946596
0.28033826147662966
0.2924937832757
0.2926704121759352
0.386549849171967
0.47472245042345906
0.28241414899790196
0.3928291087280175
0.4349898072387318
0.314590237348543
0.305770763099036
0.3572447178658099
0.27672760580999156
0.38022852992850215
0.2986359026098133
0.3431814743529758
0.3886437229358341
0.3568579786017051
0.4333169018845513
0.24713167863937685
0.2603388248029214
0.25524801000084596
0.31753640720241166
0.4356416805203414
0.3217593277899586
0.28201834137251214
0.5193778059804146
0.35937547964786254
0.36731287885625996
0.2603595891868808
0.34850415038722926
0.3726605142739583
0.3112135124382596
0.23061634010452808
0.228306566986538
0.2680164823028774
0.25877882125665147
0.38186868530515516
0.35672049526072697
0.3891599644782319
0.36365542567539955
0.2042533806411663
0.3612862248244143
0.3048012536038664
0.48539637414393805
0.35882786678633527
0.31360214161238825
0.4067670951217741
0.28418969958878526
0.43577525424849833
0.31162066362907104
0.33705168006138886
0.4360379807242766
0.4133020594873537
0.2831287996181525
0.2836763785641889
0.31825709549407727
0.2820863952226092
0.2613312260481668
0.3997229051118204
0.27234389396360675
0.43530318898267434
0.2126719053131067
0.25770771417760874
0.31196468928505067
0.3948625539492402
0.26570887907309376
0.328589065206267
0.3221180373257283
0.3984614849917686
0.24248959765092126
0.34502992889193673
0.21334903177235223
0.3995946731473673
0.3585313157845851
0.3156804325751946
0.3476000025165766
0.29366132662318994
0.26744604379283526
0.23374191505669834
0.33445386372304187
0.2843960198255162
0.355810905013967
0.4134737057074688
0.3444449727969509
0.2846655005750739
0.3208302005628686
0.2845523946997724
0.3631599226742363
0.1872760260756305
0.3853388404694419
0.27664176992351247
0.30169434025635383
0.2889026710278862
0.40906657861097373
0.38731008411917117
0.29838203603178093
0.29048305807120367
0.37311473777161114
0.24101087464150636
0.28779466523017583
0.3090334739706086
0.35885358527433003
0.626697388503372
0.37288374962952786
0.18908165268699373
0.2888931556934687
0.2318384256053912
0.2682353460727198
0.3453168889654293
0.4547589340277751
0.38682407890973897
0.44934832883948383
0.2575617786089418
0.2607529827325396
0.2371330602465686
0.2626586302115379
0.22591362291101477
0.27116960717025496
0.27430610108262615
0.5306792864904781
0.3232716381009553
0.28833343816302287
0.35393022576566
0.27309592854335923
0.2992330083291067
0.2523575043495413
0.33737763706916796
0.28136834673086303
0.24167740658213027
0.2983903407772937
0.35826862231056866
0.3280276917595284
0.3316966582838943
0.230511124689751
0.4823270760863368
0.3262024395476496
0.29732428953936446
0.2595564497436457
0.25891696885611637
0.31511473007823776
0.4388480480466529
0.2618635528895224
0.2943585758596343
0.44056592875861805
0.36589978018108127
0.28981790396661816
0.2452874275066097
0.2942758447440247
0.2970048733425947
0.2513569668035065
0.2850627599680905
0.38588349409643424
0.5110643946573213
0.21386147002563205
0.3936204322757112
0.3072110012585015
0.30553074546740533
0.2678066635244651
0.5513294062409887
0.5415901864772908
0.4454274657589656
0.33446080801188943
0.33157825641340205
0.22573774301716423
0.2368287131662718
0.41228784030138294
0.2741306507576351
0.3411437160326367
0.3447321172647848
0.3576263792224025
0.32779491964880475
0.2725739050823288
0.30367122906916094
0.2744711801985696
0.3996105314138944
0.3184271519938652
0.29118393462929104
0.2985781274190804
0.26847705152029244
0.24747618582575315
0.2902156262113339
0.36064009148903725
0.2719032603665584
0.5271844842726603
0.358648590723789
0.2621273185220772
0.32913053111864227
0.45831909782835445
0.422662625867046
0.2064863478246229
0.28010520369727443
0.2233442862694353
0.3090088035812837
0.5369835762377531
0.28321656575172627
0.1525385770975142
0.3428481798472765
0.24760875840675597
0.3619185437575921
0.3952197989230139
0.452526376845016
0.2684373942160349
0.32122265002227607
0.28956416071291524
0.3091737293600912
0.2445192951230148
0.27637770123729904
0.3005263773290766
0.26835143157129643
0.2591668060950316
0.3015172114031575
0.46728254280982323
0.25246098700928443
0.3038921799425156
0.2923657659003799
0.2032683108747909
0.3128567064417633
0.31618105181869094
0.2818410816282501
0.5474265002739206
0.35205298073466706
0.24503868099315315
0.32990204501130754
0.24580825073278634
0.31163951503427806
0.3971068203879759
0.4099488835939382
0.2809172370894335
0.3883727356451099
0.34012660617923474
0.4155178718719943
0.3389413655443199
0.37663601025119825
0.2752013396626235
0.33900841459199277
0.25457048920781106
0.3116179571630854
0.502181063688293
0.4340019727133219
0.2661125005616422
0.24901934430897435
0.28470893356395066
0.2534362883507345
0.35090214517640483
0.3832741382368133
0.3010618820439747
0.34670296456812516
0.3263022897962005
0.35296657265890147
0.22006856197721972
0.29031956843782614
0.47566779363888945
0.2728339395072276
0.309213949673238
0.27618866497843136
0.2452205777960574
0.4773580665174465
0.25299194520334284
0.3480633771645868
0.2543123975414488
0.3808455082767752
0.4278758947365135
0.6700460342853949
0.4067729692009542
0.2599187667327829
0.3037632983300918
0.2986609824781215
0.30760219627856017
0.29872307211799076
0.32212283782881745
0.24785953438150565
0.3490581713395007
0.3987123390255096
0.29123130754525534
0.4349605567057654
0.34056684545214216
0.2806321290763733
0.2688550436322547
0.38752563023309144
0.21756413540229422
0.24995181595855853
0.46355832170854594
0.46013069704907106
0.35737761731207335
0.3047025358913025
0.2551664775131936
0.3400698376640814
0.2564602616818462
0.2347241489369025
0.37074611044101824
0.2241762026613175
0.37046514781489887
0.27826151761712653
0.3192880167954124
0.25960104714137394
0.3736216029063607
0.39238026124798076
0.307946587094245
0.3199745556409631
0.32247240763375373
0.293289789234114
0.2846168159167026
0.38941000238946766
0.380183707867951
0.24714256493313036
0.28352604608035886
0.37506510093327
0.46425166370843357
0.38777858604512966
0.3609504993846499
0.36533377077379137
0.45063477574457084
0.23186427931373904
0.31391656762035813
0.3602957665276267
0.2490881218570579
0.5268147757045765
0.2713919779158885
0.3377074842979493
0.4026108772518461
0.2913762070870195
0.27040846035072924
0.3024041295453665
0.3000198249800436
0.2813258470271963
0.3363661801980237
0.32415343547726744
0.3371374615661637
0.23728726635178307
0.3419617389648613
0.2914242056827361
0.3412645015441368
0.3105864003438241
0.21433249870845344
0.2551780884813591
0.27429628651715765
0.4059445550259884
0.34062664423365097
0.22878531695317333
0.3604355296606777
0.42141021002919515
0.3580900427623151
0.35741306967843856
0.2585161180657662
0.4391962331984901
0.4416791315281667
0.413691123865995
0.31075709330588597
0.30371675475243665
0.41144731657154415
0.41010625452969157
0.37112423661639377
0.325761191656448
0.22844908435386055
0.3408873808932934
0.25354610301836866
0.2851350613056688
0.2656149949957374
