-0.3325156786887652
-0.6430897389837904
-0.2181894729606653
-0.7073034103996426
-0.2753961439867873
-0.4619475439146888
-0.37846976059333587
-0.14822010088094964
-0.6510539892950252
-0.6806530584868539
-0.4206930362410278
-0.5921853840083398
-0.49963937402660136
-0.4523571521166117
-0.7522276974367224
-0.5883050054201422
-0.5850879464552499
-0.6912984500433632
-0.24613282088268665
-0.5151925992198635
-0.4414415778614828
-0.4155797621885098
-0.5633101981049687
-0.6924218016403252
-0.42103342786048037
-0.454060547126371
-0.6628806331630214
-0.6925846594898937
-0.4309013911410297
-0.6393441940309539
-0.1700844590250658
-0.39079802113825307
-0.6794108128619478
-0.6023959194652267
-0.557353897034927
-0.10534956160814021
-0.5567578052740838
-0.45531598184091676
-0.6265581346543138
-0.605436926171166
-0.5346725225713845
-0.5052174315726645
-0.5368256934928606
-0.5733164915213189
-0.5420542129643061
-0.46684315138480764
-0.6076806613684298
-0.5662437422700649
-0.2506746915695683
-0.7479433692118155
-0.6599832864351112
-0.27287426725884834
-0.7129243617793062
-0.5814494906278759
-0.661643390847775
-0.5880037425200084
-0.3607885418109161
-0.35500393621681803
-0.31304229145133133
-0.6278984912553742
-0.6408244504985849
-0.45892251233131814
-0.5832610316545787
-0.5034548225298828
0.018207426085573866
-0.5478096798818302
-0.4199234666438173
-0.545951891625901
-0.49470109237995125
-0.40685682499643044
-0.4821974414761712
2.305423604948583
-0.4783541099263497
-0.38237050618321805
-0.4119787558312602
-0.3616772954472705
-0.5214954691388515
-0.5732494240133351
-0.6830876394879282
-0.3728411099516579
-0.3389146853146853
-0.5560201540013169
-0.5618512637177561
-0.5658881710156761
-0.5277500640720536
-0.5943609971216633
-0.5168139956296103
-0.41821212387051493
-0.42616379689435524
-0.30704517698117756
-0.14923551241568664
-0.4676060330788857
-0.28197974549480315
-0.4550584363733152
-0.4273551352101888
-0.4519998513902283
-0.5268972794591805
-0.5944083782854095
-0.5413361442785404
-0.5135847900352292
-0.00337618209713348
-0.24070815111438962
-0.44714580318757347
-0.6439500513615399
-0.6279602586612993
-0.25564689999798507
-0.7808218856515083
-0.6536798880694815
-0.2676502929156345
-0.6284503752523561
-0.49681982019417525
-0.7653341408613352
-0.5255528884231562
-0.3063455555424115
-0.355489778763436
-0.7130364458911256
-0.6000580654043927
-0.10859234070787295
0.09972870676264035
-0.7909299792608507
-0.766289574138073
-0.5575033554960175
-0.4494665275345385
-0.4240012280991401
-0.5903304555809782
-0.6479492624710893
-0.4910137567358952
-0.3703868720780647
-0.3821670858253905
-0.6206272280554006
-0.5095552418795538
-0.487963018040602
-0.5842592967973589
-0.4913850668365659
-0.5236417446752029
-0.5675006407040956
-0.40807250085668256
-0.705030182639459
-0.5175983681230303
-0.35783577828131446
-0.3967628509575252
-0.3459664039817503
-0.37634340923038195
-0.4320515412456994
-0.6833188066068635
-0.567993800966754
-0.7190453460620524
-0.5148652671883657
-0.5324431165550215
-0.4161518332155884
-0.5243724582807461
-0.3676038966125997
-0.5868095230209592
-0.4687134207241813
-0.6765090515535201
-0.30367438231630806
-0.2828503119146007
-0.1361984437061007
-0.4051929928253625
-0.5979385376288414
-0.5215832784670794
-0.7858016150928898
-0.4551919075202758
-0.6791270665011431
-0.7239848619106206
-0.4904659345784777
-0.4972173570592076
-0.5902949911792948
-0.5900578153492637
-0.4796008678259323
-0.5825664906138451
-0.6434809720743351
-0.7646614572711592
-0.1680509924077423
-0.6130828494806959
-0.6457281962332467
-0.41374319501323986
-0.6147848467220196
-0.5181043286982481
-0.44604618749345804
-0.5699796261847817
-0.6079012672725785
-0.6487995650577728
-0.7400510313360522
-0.7173613149398298
-0.44915970053653137
-0.288865974952203
-0.45210836963003703
-0.662688192049304
-0.527430026396901
-0.6417780172545158
-0.40406803982127837
-0.6486967753554003
-0.5923235768381213
-0.6109726595651864
-0.5081578017462283
-0.7089614324858606
-0.37521423734744197
-0.3781480511544673
-0.39970723088133825
-0.4989909936400586
-0.6816811636206388
-0.4402780860576466
-0.4091386568841119
-0.5688566098860294
-0.6273641876959449
-0.11941067006198325
-0.6509533826880807
-0.7937841611391648
-0.41039601630378497
-0.33326126940079387
-0.5652912468655348
-0.5851122629176891
-0.2597386436696223
-0.542559022948317
-0.7673505538663964
-0.5121321245081074
-0.7342444434911511
-0.6286082464371614
-0.33906348187207996
-0.5069925436307137
-0.6748229119568783
-0.6326683274537784
-0.4679327159067252
-0.5386698646322413
-0.6273708065121582
-0.0518649186260516
-0.3271147842385822
-0.697699618604825
-0.4475853718541817
-0.572934106500178
-0.7278553459810394
-0.36777268552228937
-0.4972278860913194
-0.514547209486711
-0.6594943249243418
-0.5439533420847279
-0.39483803309251925
-0.6254800090354642
-0.49428810983597965
-0.487889350176498
-0.6227631562274288
-0.6466066646938673
-0.35550317688050836
-0.6405620907930125
-0.6303543595425438
-0.7271745418380055
-0.49273140656316844
-0.7695137032118733
-0.6506887019552648
-0.629895958097213
-0.3949899685043103
-0.6154127217688996
-0.3850773744054103
-0.7181667920570869
-0.5096938618683152
-0.6327426548120674
-0.6234680988584055
-0.6151496384484355
-0.4691355574848071
-0.6714411773633341
-0.6351412625106032
-0.32677409337526253
-0.7383319331382717
-0.2183945488037885
-0.5614169272217292
-0.6734782383553841
-0.6673157081645145
-0.27277635550419876
-0.5729483016463509
-0.6038754298842787
-0.48704701522195215
-0.5843304125283181
-0.524752256467848
-0.5926693269278999
-0.41762080256709555
-0.5935341151385928
-0.7402674562903976
-0.22315731270906455
-0.25915642221280205
-0.22980848073093602
-0.5396571945343299
-0.7526897860501021
-0.7126406324448896
-0.804999282306016
-0.48829396369493006
-0.6036614995038155
-0.8102949162543882
-0.4227351905765412
-0.6357406070053944
-0.6191245124785946
-0.38181230412801614
-0.49134124236042526
-0.4571425765521577
-0.4922941113528552
-0.35017429539574246
-0.5601330569400678
-0.4742521997008676
-0.5157285620303697
-0.577567765924514
-0.59865524887878
-0.5397197019086348
-0.6255402902582955
-0.7229273069587254
-0.517925007787779
-0.6028524364210917
-0.377830989976744
-0.7017163218538627
-0.6539511830281721
-0.4466765315793415
-0.5599461901208884
-0.02450135922843412
-0.6592000656805462
-0.24902569850610418
-0.1569108215015069
-0.6263759574542598
-0.6734090403566141
-0.2306666066100847
-0.7865403333499492
-0.5637084390142288
-0.6331373938091697
-0.6025618555503703
-0.6608537237643419
-0.19815540807189266
-0.4109782593004288
-0.6032226359484191
-0.6721283095084272
-0.514384406253916
-0.687902149871048
-0.3658399909419421
-0.4377756940520895
-0.6426207944918699
-0.6732906525184714
-0.6135839742655325
-0.40888264411365094
-0.586299818038927
-0.6612916806021044
-0.4611137623038248
-0.4503140822286182
-0.46666538372719574
-0.49886643912404394
-0.6668908386553626
-0.5793656895868102
-0.4888947106442063
-0.4312621630250456
-0.5870325174790202
-0.5619911814350836
-0.5934580654332138
-0.4378490604296061
-0.5049728670338294
-0.31279236128809546
-0.5054018798688237
-0.4457825723854704
-0.5779102762902648
-0.7257203890196574
-0.7759453399136904
-0.5329466219034943
-0.45705970311516986
-0.5639867992221949
-0.7548409092932991
-0.7197055492638732
-0.7831281828599299
-0.7224136417243892
-0.5258439218285699
-0.4052884126151654
-0.38717166863512054
-0.6447357961822016
-0.5844058220889182
-0.6198560565672437
-0.5474095689641013
-0.5930695613077269
-0.49833527383739495
-0.36437126081356436
-0.3916392359088797
-0.21660069724856013
-0.6284776932931072
-0.5806334747955698
-0.3050659261286401
-0.8340614378272778
-0.5418006677170699
-0.3704284102335523
-0.6930877174829345
-0.6635683578921174
-0.23709764925734983
-0.6647046353609447
-0.49885076177885795
-0.5184465678184754
-0.40251342921650374
-0.37602984441532017
-0.2504448493943616
-0.4659689248880199
-0.12110406159737101
-0.6054600234419611
-0.22315819563581302
-0.6126333025939326
-0.4597853835990676
-0.788124912477244
-0.5014775379156776
-0.6740794326707551
-0.4993212956487431
-0.6920863916682958
0.4673776029849242
-0.48724453452831173
-0.6022659164964294
-0.6614723168391632
-0.3691373350324442
-0.6053409952976192
-0.42571970217899546
-0.11934670599567059
-0.33118966056881405
-0.6102825309259756
-0.6268898330253179
-0.01905175751484842
-0.642447499814487
-0.5636415187622621
-0.33739486691288034
-0.7104082198945564
-0.5951250551220354
-0.6559217069683596
-0.7101897550312127
-0.8219234421463854
-0.40612406196100065
-0.6049159279343268
-0.45826835134208893
-0.15460378914161782
-0.6402387903944468
-0.5803750366834637
-0.43963439523897424
-0.6623321325123677
-0.3789183892044978
-0.4982001123403424
-0.6596497811131957
-0.7509728651537391
-0.07982004892812594
-0.6379804927514204
-0.634408830139758
-0.4581082602582264
-0.28886623083228374
-0.19668068640162384
-0.4410408370275753
-0.6964667201718369
-0.615754693505129
-0.390027476867699
-0.6632242799826548
-0.727784302264074
-0.7404539664363102
-0.5750599846077232
-0.6641265335187656
-0.5583823317021507
-0.5936324335710845
-0.5030445138646702
-0.6107726022618816
-0.7559299267436479
-0.6924867788102423
-0.1977874995088836
-0.22857639985550848
-0.7521152070282278
-0.14584870074514467
-0.5962693921970784
-0.4912282930692399
-0.6073999732369865
-0.5363098707216276
-0.44769768316280834
-0.6036502994905338
-0.6911991063462473
-0.5305564068891245
-0.4230060857296539
-0.5946596468407223
-0.6967478508101224
-0.655255829440313
-0.26076621487222906
-0.5249567496274473
-0.6779348240500906
-0.3347101695092556
-0.7198897577083934
-0.46359606860666797
-0.35786771790213806
-0.34087245871038435
-0.4652077203553278
-0.5485792878241619
-0.6089238025679767
-0.3810568647141633
-0.44454240433096914
-0.18086577028833783
-0.3577219225296924
-0.6026553386786139
-0.36918266417017787
-0.6422041267180236
-0.6236709695817724
-0.5958438658847985
-0.5500159749210438
-0.44778712362222434
-0.6108032497798764
-0.6566394641386585
-0.44336285164426
-0.4429056637429508
-0.633472282305636
-0.5500803014392489
-0.6284146247475048
-0.30791310063782806
-0.5885681108352687
-0.5529868668895112
-0.6216014520013875
-0.4864422216414424
-0.32418618674484323
-0.7082803539193312
-0.7635790129285663
-0.6403494733665448
-0.5695909966388458
-0.687989462310163
-0.4524322592480628
-0.15178502130403382
-0.27049990979496286
0.023935929695022434
-0.5176072160541861
-0.68209330247181
-0.7010679497199143
-0.4407191204742069
-0.6847836591132421
-0.6726715157661587
-0.06589538985590436
-0.6814711866445278
-0.32745660405653665
-0.5720245742964927
-0.4675657273080985
-0.5496134057266232
-0.6509460248792057
-0.6673814398071358
-0.5660273149731773
-0.4139589091091637
-0.23720145833991735
-0.7099156622664371
-0.6570532730605342
-0.5164206860746773
-0.5475294386954737
-0.4190704053956501
-0.5083846737151713
-0.39719109353845267
-0.19123740313967957
-0.6301354662971598
-0.5540265867719126
-0.7399990699439829
-0.6018488049486628
-0.7152440735326733
-0.6578508746721681
-0.43668136963519216
-0.4554633961147181
-0.5129612481210655
-0.3914508307102552
-0.5820003015746505
-0.5217764606500395
-0.4579245476321734
-0.28244274809160314
-0.4824686149242843
-0.41318094586009274
-0.46038900139997013
-0.05256096464257329
-0.5594583867619223
-0.666505490954065
-0.6782842136388233
-0.5740321190480377
-0.09846604986249527
-0.5523257174236471
-0.5549887978915967
-0.32107322491958706
-0.6249584303292318
-0.3930895173790759
-0.5957628270692267
-0.16295792359865585
-0.6824978525469604
-0.5894538188824093
-0.7187686481586352
-0.5098148833473752
-0.4437816889542454
-0.7834321736437919
-0.6412328383030905
-0.7010427621525229
-0.43586060926751835
-0.6200078196360498
-0.05152035620820599
-0.29360248768098035
-0.2464923336626206
-0.46794537167851985
-0.5356688583383143
-0.7485799894874069
-0.4044756008908603
-0.4941171752917603
-0.6710392355172657
-0.6927146505504636
-0.7382994889245336
-0.5558907804801912
-0.41103805071473404
-0.726756749815639
-0.4480471814721795
-0.4853706221418218
-0.35177505220741795
-0.08982024708706599
-0.4259968750396972
-0.32025245232376687
-0.6152147758781826
-0.5432678682894934
-0.678616946879036
-0.3491812452857733
-0.6708173277309032
-0.209903497150383
-0.6473025474093579
-0.4519177320733741
-0.2649100542478479
-0.11987651022401825
-0.5635987439626446
-0.39035409889584566
-0.7014230162816462
-0.6649108865641099
-0.5404044556424877
-0.44559469310482863
-0.4451433005402281
-0.6765666192590537
-0.39056240537000486
-0.5398297942702917
-0.6870488490555783
-0.5803740608216453
-0.5771342661366426
-0.3995397334800951
-0.7360976948159436
-0.666929695195285
-0.5571936506318237
-0.8084565542448913
-0.3040520434836063
-0.4993118451850994
-0.5032047006956973
-0.5971393049553017
-0.49452152999052623
-0.3899048945410566
-0.4634032411820782
-0.5902982554867755
-0.526899554076442
-0.21265377124498522
-0.6404609649790125
-0.5270818788693551
-0.614961648537667
-0.34012171758703796
-0.6040875325443871
-0.6767471593143258
-0.7638448196066494
-0.680342152799915
-0.44520632400131127
-0.8158363434950803
-0.5125181169371706
-0.6483748467218738
-0.22707911503796066
-0.3794255218829931
-0.378504248067228
-0.6760364674329408
-0.698865626871268
-0.5363973490259207
-0.7612201296908752
-0.3379847234056848
-0.41537661906292334
-0.4973394992634036
-0.3454295109159083
-0.570029530256086
-0.602299374108592
-0.41523129729308056
-0.5000410449122552
-0.4891644671773773
-0.4661859327749741
-0.48167155599934225
-0.4987204713679919
-0.5746389702385623
-0.47268099318261037
-0.6316592562773371
-0.4848398368532949
-0.6042122356780474
-0.6555488419983897
-0.37428983309590264
-0.7134764610026173
-0.5275272752553719
-0.5836899410913275
-0.7208678495915889
-0.3934381135522816
-0.15815800564715748
-0.5673788080214204
-0.7699494406081615
-0.6776314227539793
-0.26810235669430843
-0.5512223284680752
-0.3392029236443348
-0.6269320948367848
-0.31745413995656474
-0.5203233080801682
-0.6017608405489578
-0.4263925257303788
-0.19085803901115717
-0.5038681091564126
0.13700487785131674
-0.34624113539949497
-0.5818491054438214
-0.6754127759502307
-0.456280953426529
-0.6936108313064557
-0.6409146181431431
-0.5718924932099425
-0.5523903286200612
-0.3822326551703603
-0.5785214074740297
-0.551155460858301
-0.6228427794479797
-0.595974707026668
-0.5077479757280243
-0.7044316560579456
-0.4557310036717493
-0.5594549799270608
-0.45411246558249685
-0.04781676748608595
-0.5922188499103654
-0.7271938791958593
-0.4323621035188962
-0.4392941964723442
-0.30238804105681744
-0.7703019937174076
-0.6314516085826792
-0.6760839604547824
-0.41929211600545174
-0.34886635214659195
-0.5201218646177667
-0.4776932767675091
-0.17313645554317456
-0.5187636431192235
-0.6063501663138796
-0.826737191939523
-0.6717431069367399
-0.47799335008302535
-0.5282547285831766
-0.6235344100388525
-0.6738574420265037
-0.5780336898030082
-0.4688207206565163
-0.6758153512961059
-0.341113028843264
-0.48343596407847383
-0.42613985514140035
-0.530147334272593
-0.7348369476294161
-0.8501016935826089
-0.5846179247072159
-0.5850578436698392
-0.5534627983153955
-0.7286579545996851
-0.6122869818301958
-0.45299254821499374
-0.5542102443673421
-0.5593317305400233
-0.6684834824021194
-0.4623945874602878
-0.6631133881474748
-0.6801839588192751
-0.2186258678976992
-0.6871389081092504
-0.21381907071866565
-0.6274531852051755
-0.6716499474795797
-0.5311731953277422
-0.5135961714433913
-0.23820734373060504
-0.7474375524074319
-0.7547267516237288
-0.5099169522805168
-0.7633871210910866
-0.42908531200707994
-0.6162274914866614
-0.6297048895259981
-0.6588752569784165
-0.5356808041740087
-0.34654951782065607
-0.1628904721779169
-0.45203458858055795
-0.5351214741852629
-0.6314585737761049
-0.6263365793616237
-0.5041658866082059
-0.2994613129955683
-0.3876292644930274
-0.42211604738006203
-0.5096393319427517
-0.6769331027766773
-0.5814845713732096
-0.3276501526705354
-0.420423644028849
-0.6192638410359986
-0.5956574613963701
-0.6468303688590512
-0.6151924052219797
-0.5111626738089419
-0.6537212963353826
-0.4493218809142524
-0.42454187155565315
-0.37732276970371015
-0.5139099172359924
-0.2933493462645307
-0.5549139629580979
-0.5542026429592781
-0.5625648585625511
-0.4325176044063305
-0.367174420767625
-0.596406816738853
-0.5790632189627618
-0.5361418601446593
-0.11148002364836762
-0.6329762776984169
-0.6803052008794819
-0.6878563401817608
-0.7480122308810926
-0.7722200116549323
-0.44137577745235057
-0.6597229186846445
-0.3435322258766593
-0.5600296657542392
-0.553415277393727
-0.29580757506418565
-0.5714144869147665
-0.34533949828208693
-0.16850754425364406
-0.5748058497226425
-0.5121023431890869
-0.614944382563291
-0.5482326812465298
-0.6053754903557083
-0.517157502251475
-0.5893168536486857
-0.6458505797705533
-0.6860596761290964
-0.5167389385422901
-0.4205994574240292
-0.5654607250100431
-0.4665483749867644
-0.5670683667047388
-0.17920670697348579
-0.6245108688706853
-0.7351225932975357
-0.29102843971339093
-0.37679198061363667
-0.4634389171403537
-0.7552530396760354
-0.6076577454327744
-0.5131919173833135
-0.3965232455080171
-0.7401345435211336
-0.6151347307103566
-0.6907422272397526
-0.6628068437764316
-0.630728631642112
-0.23930219180333648
-0.4872275406041264
-0.647518300254598
-0.5206934237508061
-0.590028694404591
-0.5761968057814173
-0.3793796266431713
-0.5806634370560582
-0.6617469450612042
-0.6095506403444998
-0.40972134642524694
-0.6427129010953704
-0.6193492135300274
-0.3114980919245396
-0.5048076985504837
-0.6139921717234673
-0.4636495924446477
-0.6010391026890887
-0.1338911571677291
-0.5757640217484625
-0.6448441208285571
-0.4649613321910976
-0.5959318077011759
-0.2581440205743678
-0.5947367112782983
-0.7615153294764945
-0.35229381447849556
-0.5168805111842137
-0.5676294403057317
-0.5466998337510235
-0.7161811849104993
-0.5276878088632453
-0.5681412174995765
-0.7092586378501351
-0.473229760710623
0.06863197453592249
-0.6051423967011351
-0.3852053186330807
-0.35113276954125205
-0.7898032590218784
-0.2601853870552574
-0.6224215999725191
-0.508346841221054
-0.7185822866075532
-0.5729127874792411
-0.23651475803622984
-0.5846661122986377
-0.5847818081384644
