0.4943793494235957
0.38776819325042955
0.4317315850228326
0.5163112989396264
0.5981714970412769
0.5332692908543317
0.44346712114047127
0.4487980980025489
0.4951598753390019
0.5396272257922435
0.3953011734158998
0.4538655226215451
0.31079560620708235
0.516216495386439
0.31645994232955077
0.6052452415378268
0.48527295004849597
0.465866115263109
0.4900976597639865
0.46924484954751844
0.40838155951800714
0.524083799831981
0.43204240363366153
0.4352907855296916
0.32771321623308486
0.5664081592871316
0.3784077706908879
0.3405140062091673
0.5097252941676782
0.4455165612283505
0.31992229628606744
0.5030414278199964
0.41772234888863985
0.3767274261555395
0.4545727237636536
0.6180010843897206
0.3961875972845655
0.3253651095112418
0.39460586249287355
0.4737333935004018
0.39078825827253155
0.40663173965450794
0.4309404305260787
0.7352954968794108
0.3937160700583525
0.4540999916196264
0.4281655601508477
0.4457441794799643
0.5417390073529575
0.4009633863643106
0.41299724115209513
0.5999942863159453
0.5478990582662817
0.4812988381546598
0.39035684255261144
0.4080277293046597
0.34400634256814205
0.48139010369055035
0.42653716373488676
0.38878746183705476
0.3912962200010531
0.33575912658764073
0.4239212173213707
0.9162172794469076
0.3792001278122865
0.8299855857261875
0.5038259248804486
0.45900009125603064
0.5656102997542515
0.568068661252681
0.5015165649382397
0.48728088275226006
0.6264654886326132
0.4159689110212217
0.39007273570533957
0.3208900178169411
0.4904339170530478
0.834490786104134
0.45712371168500865
0.4152736375614962
0.6175706428860184
0.4706500838687973
0.3880191768207693
0.5430534764843697
0.40164950090422685
0.49847833241658296
0.45343002755877304
0.5027407341600341
0.39483283170731404
0.6367220697150415
0.4812100356991308
0.6640993315002086
0.45064591058364406
0.4469311951895235
0.4337174946914694
0.5190027948866892
0.5747482248501808
0.4042364872426688
0.5087376339236284
0.43370079333960154
0.4427129074263743
0.5006641957160066
0.5110948716136122
0.4703352711304199
0.5038791708379404
0.46397346010484736
0.40266744159599455
0.37921473427550917
0.6466544152101372
0.5070188401042929
0.49484056589646463
0.5121966251803108
0.406826468178948
0.5493297898069956
0.3835633694666904
0.7395960141882966
0.5349899798106238
0.3815238624251728
0.4795840889837052
0.42898953864902706
0.4422525292883153
0.4200113753742759
0.7523280353606429
0.6424186624700945
0.4811585132316142
0.4061275859551143
0.45215372103836093
0.5429304690162763
0.5485430582594456
0.4618759968662686
0.47159469500251344
0.35049640543413724
0.4774294163340417
0.40939362133411134
0.5407977924419791
0.5683673594337176
0.38118088921697635
0.5270493816859835
0.4710854209688789
0.5025997348710852
0.3812074350982509
0.4733632631091402
0.7785148111762655
0.34914088142309363
0.7859576966671962
0.35605143397012035
0.4606628631919393
0.32665010139633943
0.4264746976315666
0.3953878885509421
0.48995454996483817
0.3667000040994504
0.5265474370247148
0.5122310540913371
0.44231795162691034
0.4344814630721686
0.42635482867644325
0.41021064636522775
0.46427564126314086
0.5798131777399905
0.4273051405420818
0.42298366452932756
0.5022011134426374
0.42980671485457017
0.422864763028997
0.4169181612666414
0.3408415513564003
0.4194356524392022
0.4489539796094123
0.5649570026947689
0.3945417030646811
0.5056363121792048
0.6187663587299468
0.4199066963189068
0.5233280379062759
0.5584774294908683
0.44973242232507826
0.324900777766327
0.408957089210807
0.5838927315763862
0.4824444912770656
0.41255917842991435
0.38467407315867785
0.5124168261825005
0.5806776655965045
0.312844746961757
0.5196338780153189
0.364247413611877
0.5518506333495078
0.4453393035543611
0.37387781903065254
0.40020793280606065
0.5547710940544235
0.7687133253250733
0.48089869034596994
0.6907843750695253
0.41894462778812974
0.5759973821616077
0.4511020795196704
0.4599391374188516
0.47331841652411677
0.379204374757118
0.6302740099365959
0.5153383014500209
0.5917312255112399
0.3937009375530767
0.44238211301166686
0.37969437602422884
0.6155541273048448
0.37851921940406025
0.4450395564008013
0.39970776227206545
0.43654793442678463
0.5747087665394
0.3418595081185019
0.3896954704335527
0.4828871211779736
0.4074114507173759
0.4891553766630599
0.3542366931431549
0.39118677385614414
0.4478343338222121
0.4086574997450947
0.44937543888389014
0.5682619491591478
0.3865848061001225
0.4011235794652379
0.4380879774010416
0.4231262783617086
0.520147167109648
0.48109531879177003
0.5380697647996154
0.4704453123292808
0.4732602472421529
0.5515050962030424
0.5383452724345316
0.4194660746881596
0.7039244383966387
0.5570340549410605
0.3058836934833925
0.6265496734582835
0.4511860738321575
0.5800571586785861
0.3879602031530854
0.4341501744330706
0.5471193672985407
0.43141003068703593
0.4212664707238551
0.46203231415515056
0.6980406133566702
0.49029070585891416
0.4793145974183289
0.5159043488501045
0.41237151111835324
0.4908388202981817
0.7987465207951259
0.5897016492763556
0.4156397299152934
0.4581308821012647
0.4387240970976597
0.4779925261528748
0.5471124396430973
0.4094821772117948
0.40919819116495326
0.3323443750520369
0.4024380081223427
0.41941572467974686
0.3738306024002763
0.4821286015968709
0.44498034219144667
0.3967517408661753
0.6010059017721645
0.40100074594940677
0.46274254543943955
0.37236233150944553
0.3811141082715796
0.42027889360921866
0.465402930367308
0.387660906435879
0.5926101386632961
0.3840852520521929
0.39745075585681033
0.45836423906696755
0.5913128912622451
0.40785282046611265
0.5311210433031696
0.45706907679428843
0.5419226869841419
0.47613639869002905
0.5083437378066832
0.4018105330912507
0.37908234530065854
0.3687077006268128
0.42092780813327113
0.5727088858272028
0.5100375338795727
0.6258540678523348
0.4285952958300661
0.3856678728270948
0.44712612093914333
0.3842422873451286
0.5949404395948747
0.7258680837850389
0.5127986683300428
0.522864682063565
0.4331138725906733
0.4984064831809152
0.3770865551937656
0.5312793702024541
0.4579418307332403
0.40371441310171363
0.3644158296056778
0.47267105261291315
0.34269697142753114
0.564270163422279
0.4613662728736205
0.4872723541573283
0.7804118094681728
0.3749532132550779
0.7831597359038899
0.6722482176026396
0.36751985794873204
0.4587897128953081
0.5444261823342853
0.4431177196456344
0.5242065688654053
0.502963810567767
0.4801584845363456
0.4690903273122833
0.8658013102252345
0.4877813813548305
0.4003912085557028
0.5528539705321001
0.549793406660892
0.38745249071272886
0.6266496684328073
0.4042970022222422
0.47811640050744714
0.43487129407440894
0.31891886359734656
0.3417699423276802
0.7644924962745631
0.45317352398627386
0.48785989370547456
0.6017079439579045
0.4793759607322307
0.5103389713937102
0.4523271852337498
0.7270434781370116
0.41799774178108184
0.4032018404960315
0.48942627473505246
0.40081012304431435
0.6023855192975469
0.43188424486118265
0.4015566419788173
0.40960322184623604
0.415041181974454
0.6550668900802721
0.3992280249147322
0.4573065821427829
0.4481567952631248
0.4284223175201
0.47876821479586834
0.6372030238687538
0.7507726635205902
0.5350322851393774
0.5892283371503373
0.43797648020241464
0.6266720227477257
0.3941122399299044
0.41196670174428096
0.3942465116540481
0.4459150781444986
0.3512148377842386
0.4262483701592583
0.39500617405479005
0.478553518591677
0.35353339931122374
0.7067590031396425
0.3081396645810421
0.8080866187612725
0.51617431048592
0.5060494896956402
0.40067956278533184
0.7166568223791329
0.45400627024536194
0.4669651141298574
0.44454698057241054
0.37116441197479716
0.5251060864645558
0.4412839138256062
0.4959903059568566
0.3070890492413665
0.5490047647640821
0.5775374387329196
0.38438184361686717
0.29736055652130877
0.4463542361903858
0.3646158681266208
0.4552807880658334
0.24422961653029196
0.6764176794422005
0.34942827480015326
0.45625165684538593
0.4268033848554585
0.45129909238958293
0.373515554543125
0.42860005152594666
0.38189900406001154
0.465265402742091
0.4742107495133579
0.3270716841273287
0.42170747907161593
0.575511551340604
0.4543276880972003
0.4904946963987686
0.4483680315354521
0.36833305136976346
0.4735234641017952
0.3490555724547244
0.41428151859653267
0.47121937292003085
0.7062824315016792
0.448626586270333
0.5140703179495846
0.43713976565127743
0.44475259572158216
0.515574721002467
0.4554293412435762
0.5102105831680431
0.5550837741147895
0.3497735840391539
0.419588240530559
0.5418439959262132
0.4716803260309701
0.4284300116719427
0.5872527041937455
0.5588098276553002
0.4986639272052961
0.5672348559852269
0.5275597893781679
0.3417385941990419
0.39147473080904016
0.443553919262783
0.47297844617598384
0.4644878895484795
0.3909650364041201
0.42772692266846823
0.5295317225056492
0.4112618328534954
0.34028954807525547
0.744969536089318
0.5366672608104347
0.43542149388365486
0.5995943436964992
0.5269858431242324
0.4043761541135043
0.5765846750804808
0.4877181358832047
0.5273152662869027
0.39175794357381805
0.5648014161447668
0.4137287658368154
0.4464237192023751
0.3788429570917192
0.47108468855520885
0.33131006027394094
0.3357867755835926
0.467401290592024
0.7291556716367078
0.4052824829335493
0.672318398010526
0.4842966092615227
0.4340194851222067
0.6118691312836162
0.4058822795095017
0.5799093647850612
0.44550358929218475
0.33459649564626953
0.39453377139609463
0.47158897491358687
0.35766670952907736
0.4593771833767394
0.5803139890463862
0.40536762746092686
0.373621599584352
0.546845484359678
0.506817900626093
0.4281898172944498
0.34571512158942574
0.45983770146153563
0.39982045501254776
0.31003973012727043
0.556386766077624
0.4681008148602708
0.5269842184691121
0.5098758280926826
0.811925302502319
0.43062071874629904
0.5248533674463753
0.4228264985889319
0.4031910911399391
0.3840295404780789
0.3166399386165979
0.4938790345720587
0.456381429429554
0.4186475437612629
0.3679382730562383
0.6210208968883818
0.6448710426412506
0.5467444858630346
0.40329458544043373
0.4392471763445905
0.4268053392556737
0.3591078957963384
0.3991026272105522
0.4357968636819937
0.6028840924659146
0.44039376901873256
0.4442158789878029
0.575147425482486
0.37123483825176173
0.5873336321826925
0.43506290286186045
0.45142205143702546
0.5175457016722945
0.36944679612774683
0.42363927331400736
0.4574812020749154
0.4911510227576136
0.5621260323096601
0.4211955024210089
0.42390420217617136
0.3028454684035668
0.3654934030359196
0.34551242537461535
0.47440830738716155
0.3776774083231434
0.3587262717241295
0.41070493753970133
0.36450475344402233
0.4560737314634638
0.4157975506577782
0.4914176556703659
0.43466168951869666
0.4244480649375882
0.4770510043495094
0.48783649265872836
0.48714981072696406
0.3963127078575856
0.4041160011244118
0.5548216045819641
0.5360754943983903
0.3428969052791275
0.4303989746989367
0.47607513288913794
0.3979278189543954
0.4797374704964845
0.3905229212161045
0.3683376687840883
0.380993413685767
0.4661247149137024
0.4117111199640927
0.7330209002938836
0.40406592931171414
0.49291871465578024
0.4593550614584852
0.4290316552164401
0.400832409013605
0.4223915375081572
0.537495264681067
0.39583946065231607
0.33809047486067634
0.3545259388465742
0.5368643622116338
0.41137772178572435
0.4902863193575202
0.2904378183636718
0.48861674031332164
0.3559597912619909
0.3783824767253138
0.4149866243551535
0.3972807894300672
0.680423050507911
0.39488386673021403
0.32084083007453973
0.6942494454238457
0.5353470651538969
0.41160620560692424
0.5144867977332525
0.5467835254666288
0.3695456211884166
0.4239658884823106
0.48997565833336604
0.3786296299906036
0.437151666295801
0.38627692394254776
0.5739803070713901
0.7489828144210833
0.37158915799355324
0.5362451346734488
0.3383461591832286
0.3885178957918297
0.4078155975417161
0.4365624220832223
0.4023748338675865
0.428895216936129
0.3667010757964913
0.4088826007643352
0.2986818034649968
0.4791789221279418
0.4386102995669147
0.43553135944348076
0.5296079905670006
0.3843510012505259
0.5016127943897287
0.4222789002753178
0.6063010942027154
0.5484756453514325
0.44408115608607673
0.42246814004354843
0.44578500064180554
0.5196371278381451
0.5171399588587268
0.40630437210891096
0.43906197393692364
0.5372797607136437
0.4585612164927543
0.29988103456059445
0.531565461636216
0.4006336589974754
0.44881285589843417
0.5455318188816998
0.5450241250378726
0.42723758318535726
0.573939288209415
0.3424573450958358
0.3231125054209553
0.35088913337052635
0.4583698241373201
0.40356085463624786
0.43989920655973963
0.4713599243856171
0.5724023441036399
0.41029138045853203
0.3818163212176976
0.3396610121288771
0.7840916060634628
0.45201033832190024
0.6065063188619514
0.36864173228434655
0.5191755757814709
0.5363128100955142
0.3609296472825362
0.37065115078662564
0.4605479345923513
0.3932011256107806
0.4089597671526262
0.43305683709874154
0.3428917039512936
0.5337129953653872
0.33852488272431003
0.6532883800896991
0.47317334579698367
0.5116394256986653
0.5254247925242292
0.4278600722721616
0.46204674048782823
0.39951710830577475
0.4341966756792583
0.5643320267323022
0.48198340511725124
0.6664167228144255
0.2519893936889339
0.5512265012766001
0.4570099172145557
0.4554053211338549
0.404560125355608
0.5526310163302831
0.4086718593015311
0.42048181197798706
0.4452791880136514
0.5801895182875482
0.5264923709724318
0.609902980413508
0.43197834744312386
0.32851078844818454
0.48439044581839413
0.3735398880535406
0.416239722003545
0.4971780826877757
0.37907331550894924
0.48600104529942895
0.3866343183917474
0.6185293481396068
0.44408130119164985
0.3622341942344662
0.340652453121779
0.5238493651803209
0.39759027475842834
0.45344204303290864
0.37719052844087586
0.3398590732102621
0.4080736922772995
0.334306511557585
0.3941907722535272
0.42559479961657676
0.38268841362025446
0.5536701969419002
0.5333976844862377
0.4602281296547638
0.37680084447158685
0.4657225608704321
0.4827023868502219
0.4565646079483078
0.7411640103406391
0.9524529989552832
0.4565873034555765
0.48554570832491856
0.46880126336779965
0.5779912093464664
0.502441044348714
0.5343985354206312
0.5505475890289347
0.4558719722860129
0.47724089313818313
0.794078865006708
0.3440449126132879
0.5654130091579151
0.6940239707017245
0.734740613595759
0.29840052267298306
0.755718456219192
0.6001624257634728
0.4785845660614085
0.4072779569941349
0.46099142810422516
0.5478214325007408
0.38863809668577126
0.4091122251903393
0.5051815929032551
0.4309907925607193
0.45291844206017057
0.5643586671022225
0.5131118881773026
0.28888283300538736
0.29158409394256735
0.30933650844499283
0.403585772915657
0.3912369894739961
0.407852303315025
0.6543499464967757
0.34507823282277417
0.45793298293601425
0.4030549977184551
0.3394345588736095
0.4330522502970934
0.6288039508709099
0.32962837530406486
0.6196218236171266
0.3724196062221528
0.6444471558493797
0.49043493337596444
0.5180689358127087
0.40322948200734804
0.618730036374518
0.44522750652735654
0.44333817830761607
0.47224684953021306
0.7588250524016681
0.4423150582974531
0.37497925937535853
0.35324840024274445
0.5312424817042376
0.46723550788570567
0.3426614845679795
0.5498456915694726
0.7797398724545237
0.855279488872367
0.7527711730071539
0.4561098847710956
0.4225424192925279
0.4033479306942288
0.33589924814014754
0.745860264395023
0.5513165007864759
0.3773600495495769
0.5729408279340514
0.3756732707212417
0.366103388163205
0.6215798085994659
0.5125450491646226
0.47156251539131555
0.458358555735175
0.39164094940145605
0.5112933715075386
0.5677565658518606
0.4060410136966961
0.493811371524517
0.45911906997240515
0.5321270140771978
0.6176428088525333
0.49220736157120104
0.42093402120315077
0.3733278990632081
0.44206210460635953
0.5365332840165284
0.6988520623336403
0.4432162258980843
0.4562898109388129
0.3239503130425883
0.3105556163439739
0.8464877420912785
0.3919514937560516
0.413563631966105
0.6510735191932383
0.46231159631366875
0.7868581222653448
0.47327731944661966
0.3830570321865496
0.4248796822760501
0.5633004373318774
0.39233877323376104
0.39426239118364304
0.4487729801624415
0.6137219959305221
0.5695758899435119
0.33298535406530066
0.5278146718684598
0.5920694444858982
0.33315684588229705
0.5212632782069329
0.3920788956157769
0.516183584001308
0.4756308838645194
0.7161068338631408
0.8278901488609791
0.6651365621851087
0.36514229928976616
0.4169766323182251
0.46224604561466703
0.4027409379548826
0.4277221648998549
0.837308620506591
0.3710997598429273
0.47014135925956646
0.44890836969210196
0.4722767527027988
0.34947445133361255
0.4871572930882974
0.4468645018646443
0.4653980414419673
0.39945189765281347
0.4363739390461521
0.5342758298750788
0.40064444043521785
0.43615302286620905
0.3268495754122257
0.4602911446761277
0.5273149113903867
0.5041808348227959
0.3653743669315741
0.44997545731620314
0.48317573699954
0.4289278637538225
0.8345286059877807
0.7624755649866386
0.4618507861754041
0.497377111936399
0.5477347746830794
0.7645472193631221
0.7279522589453034
0.47343025878963174
0.37668392815724683
0.33741505162189533
0.8100216253665466
0.46112913500223807
0.5324300412961159
0.5636225601490447
0.5700100055406809
0.4903268736736493
0.5968129772281562
0.4245688313960658
0.33275829627004466
0.43304223131627023
0.4161486239159365
0.4482254103856287
0.4651843958294661
0.5722444324599377
0.52285772188596
0.494395282521713
0.4343210558608049
0.45830370989595437
0.3605894876546673
0.44913858564916787
0.3563627638579567
0.35910340352331693
0.35189107580869045
