-0.4261358478467033
-0.25164088657909794
-0.5242623683260873
-0.5603995121658218
-0.3874537157517054
-0.5355190498268955
-0.47547968412182673
-0.3217059556173475
-0.5334924329500603
-0.3604621266320873
-0.23130656234216834
-0.6594859753899514
-0.4799123837126985
-0.49604620680714995
-0.41128982731140973
-0.432568257096416
-0.24097414109565266
-0.5760010335162107
-0.3544993521758984
-0.5653837504469363
-0.20720031799511643
-0.6483733132131702
-0.39310933529446535
-0.556900003071073
-0.5979460512680496
-0.34270474338257373
-0.47116203792421163
-0.45042718987603486
-0.7504088531443892
-0.5686969140808401
-0.1426104782092776
-0.25931422204978555
-0.58736841669915
-0.7269349166658364
-0.492552667800952
-0.25420145698261726
-0.4993821038784864
-0.6934594250664571
-0.5385844639054911
-0.6346158366963132
-0.41022908157988336
-0.6704168028052699
-0.4859493754650321
-0.5479777954004758
-0.6891216261955186
-0.6788712445657518
-0.7211455730740095
-0.5711456021216227
-0.38306417066483894
-0.5463640142511437
-0.7247284045705564
-0.4478589125975074
-0.5015303586831718
-0.2917531765123751
-0.6442713745779933
-0.4303049884560759
0.2593374745296643
-0.6370857502363377
-0.20038714595535673
-0.588613506553008
-0.567417409474436
-0.5547594131705108
-0.6708499966108586
-0.583984099491489
0.22930793607523772
-0.6317992904044567
-0.3482121859042258
-0.39728210154006893
-0.6746294423673111
-0.25818023892246916
-0.23773118281974287
4.786970820065773
-0.3643086295630229
-0.05954414220450459
-0.05866595757590888
-0.04882919262305178
-0.42363681266395986
-0.34444923154725293
-0.6458162212253322
-0.3115722895414954
-0.5787505827505828
-0.6718777355426404
-0.4229201518329498
-0.725936506853264
-0.49953662175520813
-0.4950212737820372
-0.46880459945394465
-0.07450214931134304
-0.4234209792753297
-0.40270010081261615
-0.38882794270317156
-0.5810656176994594
-0.07623960663824618
-0.23888660359248595
-0.599233735182419
-0.4573514184964245
-0.6678372222373149
-0.42054916470947457
-0.3674610797347081
-0.40491866504266066
-0.18624910069603967
-0.2735549818220138
-0.7759604457764578
-0.6663275213373835
-0.6787566724689961
-0.4204917151934017
-0.3521148085897519
-0.5844394921780306
-0.2527426636378791
-0.6505973558816696
-0.5594288142386268
-0.5380082091706729
-0.5600238823429066
-0.2610146061510434
-0.23101246579507448
-0.6477655893099573
-0.423374617636319
-0.2081216695349271
-0.1857964863150064
-0.5712516598779523
-0.7026395764363313
-0.4444231397078257
-0.5302956464096468
-0.5156901250981176
-0.5963223412088536
-0.2536386505358087
-0.5745078378046933
-0.4392990492924602
-0.5886597921384573
-0.5739171796961202
-0.5930450959114236
-0.6419348396910238
-0.5289293959478576
-0.14734369065268266
-0.6326530612244898
-0.569492847113765
-0.4068713226448523
-0.7705463361642723
-0.5843724817127411
-0.26266239193870616
-0.48113960735478806
-0.4118387315712077
-0.3648236706095749
-0.11273126736573925
-0.639242733478781
-0.36769418102653034
-0.2530262529832935
-0.47477370368836863
-0.3369777571249522
-0.1993306564396833
-0.44295457732563326
-0.3128057323274189
-0.5787641931762355
-0.5129888030187383
-0.4853729600809705
-0.3974921941284956
-0.3742096346050249
-0.2747540557798245
-0.17101249404849864
-0.5596999775187514
-0.15287694817733455
-0.6339447255094862
-0.4663303197590933
-0.6513882953103907
-0.6515827633175449
-0.471058281261789
-0.5068822110722392
-0.5091432626436311
-0.4153244932592678
-0.15472935490382347
-0.4200728750253237
-0.49255648961391163
-0.5021360802171474
-0.1412709545900139
-0.6104697908026442
-0.5860796517362173
-0.3422988291493744
-0.38590089375429687
-0.25881648204886487
-0.5191300180144446
-0.1862790190587161
-0.46526914771081923
-0.21333888220968583
-0.6718342393244444
-0.5374571959690833
-0.3737494619154479
-0.21312499877944235
0.0741063846375914
-0.5982827259265637
-0.4576060161248601
-0.5912700976585595
-0.39515043833583263
-0.4474433075156839
-0.4077509667783949
-0.33029180580121675
-0.5031182647237089
-0.6682720562980377
-0.4388893028741014
-0.5041729799160728
-0.35801503827279113
-0.42923557393609707
-0.637005703323661
-0.28562482163807595
-0.5142325342141243
-0.6484430644001193
-0.5755396515392918
-0.3093898224454674
-0.4237192712758068
-0.6257908504087233
-0.38280948481168753
-0.461521086767126
-0.5331766475228362
-0.675958076279155
-0.6254772458600983
-0.7286327577683344
-0.4262848722462261
-0.3767806677044569
-0.6830656962139953
-0.4301828930211572
-0.4991325373623672
-0.5601810407544536
-0.43392998040728037
-0.4453702392017165
-0.6591656145966831
-0.2091923809355229
-0.48601776801479274
-0.4569437932095769
-0.38797060702112546
-0.6502587562086811
-0.6428299219967294
-0.6049794994288622
-0.5931265173402467
0.16795638744925598
-0.4737851955371257
-0.5963791801290509
-0.5209168696521143
-0.3546990645721227
-0.42050718747690863
-0.10954268230075785
-0.37576311376617927
-0.4709100193148769
-0.42064700888275014
-0.6085020781414167
-0.5359274144440385
-0.7272379037735336
-0.5170379094155173
-0.6469941742445183
-0.4774614126006909
-0.5065543572978263
-0.41753727679302044
-0.624749727381612
-0.2624445618697202
-0.6526210965948781
-0.43179520347984923
-0.47488543875247935
-0.37311779241624193
-0.7991412663961498
-0.39975667009788113
-0.5513808940632987
-0.5605097358303361
-0.6075516982702922
-0.5350411522109602
-0.6587256062584669
-0.6468055273907124
-0.29572777546009227
-0.366872956824125
-0.5890029904461072
-0.5015565336520244
-0.12272903862053847
-0.4471849566571127
-0.7076285895262714
-0.08966441464338853
-0.46368812318900116
-0.5696580463355794
-0.5513149901633497
0.11337058070044274
-0.6456649786780384
-0.654393479854533
-0.5773633310208875
-0.14098231145708895
-0.6297477158252314
-0.41766233032182803
-0.6378398082974606
-0.6880013905230506
-0.6054281588322031
-0.5291812065899406
-0.6011976867535845
-0.6492487054386543
0.19559280328408038
-0.6310066253280935
-0.3525924093161352
-0.33570998823645626
-0.5298479074382589
-0.1778229528804038
-0.4501979527053537
-0.5273397919765993
-0.45951278947836616
-0.5262439043511388
-0.3186005331614805
-0.5613287558942643
-0.4685352480231588
-0.46831968822150105
-0.4889267621526454
-0.5878009755777769
-0.6185250766481399
-0.5952114814628051
-0.47938828259020827
-0.5713519152715061
-0.44105180505436864
-0.6503275822441902
-0.6050805739230367
-0.2943048989500677
-0.4148671897060671
-0.2449873902233987
-0.35056630152203433
-0.6089894386103593
-0.680257093884962
-0.058454358070210405
-0.5047263492330013
-0.5244898792332984
-0.45097511138693563
-0.6547492097144414
-0.4342052524266769
-0.32580044832718674
-0.11058740309797749
-0.6394148624063121
-0.5888400333695045
-0.3396140064762063
-0.5697617248260625
-0.4614696698990371
-0.5042776834469527
-0.5549795167618055
-0.42877220032848584
-0.4987659018305172
-0.7754170332728807
-0.6295031825487295
-0.6268105349570945
-0.5452644215495552
-0.49125638143658473
-0.5286287942934852
-0.3332655862981403
-0.517922797140245
-0.3937943895926899
-0.340504571533363
-0.4394171053243767
-0.5175327825399842
-0.5115485308133059
-0.1446929340241965
-0.7404099756530121
-0.6220244691542851
-0.48880312733029396
-0.128404062077121
-0.45186958131365745
-0.5445903358047323
-0.5237035591712073
-0.7056566802035815
-0.48594529092751143
-0.2422058375349541
-0.5861638320598143
-0.442945267606458
-0.6747235399557031
-0.5998452195356835
-0.48260257751896596
-0.5561802010503848
-0.32894850138159387
-0.3643405979010145
-0.5806869210940369
-0.42348254462095125
-0.6442871573276467
-0.3886641153808952
-0.42981780032971506
-0.625849022916389
-0.42135221369366105
-0.2991381397692544
-0.15331492171739833
-0.4866824664834525
-0.44190011072321395
-0.30378284529903415
-0.6882018552150039
-0.6249023348885115
0.020665051039657652
-0.5715620425516375
-0.6676210016327381
-0.04639106356099898
-0.2942786621657305
-0.6184849265034477
-0.5969073861357983
-0.511287972048992
-0.2007827270733294
-0.2725891966325024
-0.37133284713817255
-0.09431890232026154
-0.5135379829895512
-0.3176106176903442
-0.597182320115391
-0.6193835059740985
-0.7941444034708284
-0.6057755111245492
-0.584131003074495
-0.5003012507246397
-0.6312858780457462
1.5669843190641863
-0.5100874864010776
-0.5805184362918067
-0.5304925953955179
-0.16429193947649806
-0.5846613572144143
-0.40422568801909337
-0.5842639929351973
-0.26218288024541286
-0.47611899008144765
-0.5079978887727953
-0.2651656191048907
-0.40730633576191333
-0.4124107195014397
-0.03710417047391172
-0.6343338703334391
-0.3708011388691834
-0.533121658792814
-0.5822994839204021
-0.5001363980908432
-0.06350879070667319
-0.544849817650353
-0.6448095681673041
-0.14201215249771462
-0.5251366024107688
-0.6414113037741954
-0.4722858487401949
-0.6393379984200708
-0.43556027305029954
-0.5012105078923161
-0.5534389549023695
-0.3646456663279515
0.04218358683775392
-0.6164315505188739
-0.27192238491315857
-0.7459958158009808
-0.38439193106619485
0.10529750490882384
-0.6156266436246149
-0.5807572661701284
-0.45965129353646517
-0.29210512457522375
-0.5076538022725646
-0.5397968136047473
-0.6614803176167207
-0.5409736369535364
-0.6039160585162564
-0.42124718468102157
-0.6682950671064295
-0.45733005854548964
-0.39247019229061125
-0.6826634158454956
-0.5334476679912755
-0.09185669310438471
-0.24550119054148356
-0.7021273457867163
-0.03549264793572415
-0.5898513058776226
0.13239824925834875
-0.3616231767697042
-0.2393934778001483
-0.18223809101663882
-0.6629831098761358
-0.5319575514467471
-0.20089341512984318
-0.30870081922200665
-0.7245307785977597
-0.5596459049916813
-0.5098616170075371
-0.6347254300814545
-0.11710359534780147
-0.6053626104968576
-0.5857670805643435
-0.509865731041519
-0.4106293227125757
-0.518281641868983
-0.3237544130178956
-0.5960173440513564
-0.37265468379577776
-0.6891789276495153
-0.38330375689543705
-0.6923962921084745
-0.1486819202341011
-0.18971361398756764
-0.5852114664007686
-0.24116221969878918
-0.48256957497302483
-0.4188910497978687
-0.5830213131792694
-0.6705715236734971
-0.07722171342266784
-0.4666729268750747
-0.48268558633245107
-0.6286488708343151
-0.6280267330655739
-0.4551233161710097
-0.7230571022652065
-0.4121997164523929
-0.33139356664082137
-0.4692760470889725
-0.7076093570155393
-0.6642283433406782
-0.4662611767128387
-0.4243680498311272
-0.7580338353996148
-0.49536846358448217
-0.7278218385417501
-0.5658113977113939
-0.6120918256076767
-0.33801388533616517
-0.12903617407017495
-0.40125374133542574
-0.3332863427686841
-0.27010100409120585
-0.6248389503331268
-0.6610907844584063
-0.27305784737797706
-0.6627558406442052
-0.6082491765421245
0.2874286191665792
-0.3897612278374865
-0.32970044614404087
-0.5452207015821391
-0.5558973931410149
-0.5862627931023892
-0.6232133679806646
-0.3980352455382715
-0.33982696623588987
-0.6154665429299816
-0.009492425308920496
-0.5734992453712561
-0.5496160261208325
-0.529209673622901
-0.6721825367436662
-0.3273072282322852
-0.5660331352909487
-0.5221172406132328
-0.289492913638736
-0.4255043619579353
-0.5398956289417892
-0.4435625670048802
-0.4507533789597302
-0.5949944065078107
-0.32700155181332263
-0.17145274194607915
-0.5165700386726466
-0.551875150048666
-0.5560115993754182
-0.6708603493957735
-0.4495806271436023
-0.5465670132096122
-0.46160068130645965
-0.3622914835897155
-0.31941129804764523
-0.4891903279735773
-0.43684298794196785
-0.23137937351163224
-0.7673215206866334
-0.6105903128802019
-0.548584897363283
-0.7125604281933625
-0.33948441562195064
-0.5181476587411091
-0.5623755513645063
-0.4635213912635224
-0.18014995546224566
-0.42482910187858475
-0.28734615622487475
-0.586411889596603
-0.5938035088237975
-0.7638057515404941
-0.650021653372808
-0.6832804864972505
-0.511383378282235
-0.5932324339675545
-0.6208140908861192
-0.28753307128278777
-0.3344899878323767
-0.1885783010919866
-0.4624732430473813
-0.1181024726824043
-0.6354653065459799
-0.6443909145248058
-0.5829672836061436
-0.2681856977711514
-0.4877963812075424
-0.6111236180319184
-0.5598735411957249
-0.6635311613167174
-0.42651506450748433
-0.47024825544677973
-0.566589497963162
-0.5264645941632503
-0.41860769971198186
-0.5299057815425944
-0.14003161777621645
-0.6141639460880832
-0.45305031383553085
-0.5924561231392028
-0.22284540482069187
-0.6181004137655852
-0.3043611158422346
-0.39531772763627765
-0.395922343035881
-0.6370388338752104
-0.6761661970571134
-0.1486621187293653
-0.065967670560338
-0.7314788587711694
0.0962277643693573
-0.6807889796875094
-0.7121641797751078
-0.4945816204747381
-0.47586283698573656
-0.2683920328449327
-0.43609294782850005
-0.6686552263843107
-0.46936190186634236
-0.6266542818887445
-0.49170582098017657
-0.49087365511651837
-0.3241285871780895
-0.5806485626045903
-0.5120512415853545
-0.22784065773016823
-0.3118926429941549
-0.4071803899697624
-0.47831600448771855
-0.15490498220390747
-0.6658220354034693
-0.33664640707853344
-0.5667066757068773
-0.2737400699078487
-0.7266921778277996
-0.14399462848218134
-0.16110190934363192
-0.6433909409037617
-0.542914139986268
-0.5329937618711099
-0.30309266923403
-0.3040590761145789
-0.46813511260507223
-0.5617252550690677
-0.4602667091701201
-0.1905290351296649
-0.619418484509267
-0.2707145784827832
-0.7562145839748057
-0.2753848538572577
-0.2580958103320941
-0.39586874818816037
-0.7486787293947956
-0.5288562810245735
-0.4786296737063374
-0.45647235234155725
-0.5323917551591337
-0.6106391060112348
-0.4786387026962596
-0.641204487845904
-0.4719883153479587
-0.2199825916111637
-0.6241230465194894
-0.5044191688861324
-0.2590315614520725
-0.3497170514925551
-0.5607595902016342
-0.30114571637251586
-0.2878807044623743
-0.22835580126620236
-0.6790805251593666
-0.33131152308946443
-0.3416566582912938
-0.40482227706168916
-0.24860006595924802
-0.5863575984618954
-0.6193593480754619
-0.5041756682146842
-0.5502605990887065
-0.1833527651176758
-0.5498954266730247
-0.6880043814481247
-0.49230316885728953
-0.5690032344824545
0.15778312982298465
-0.7527703104984935
-0.20823905566556955
-0.541880883824702
-0.22338685772245429
-0.1974290757679412
-0.43956329785413606
-0.14833513966789805
-0.3285941169972529
-0.2880626541669764
-0.20515564596109864
-0.2853819141600719
-0.5859845400664012
-0.467224397988598
-0.1016091425225583
-0.7556343103292958
-0.6620322988428025
-0.522187568268547
-0.6264162631394098
-0.46830895955034163
-0.4579090086565594
-0.31374339008553415
-0.5242554183117515
-0.4649767389821455
-0.5609416127568032
-0.681553171641791
-0.46488653423375875
-0.5555732334037187
-0.40225280897211335
-0.3996191955214789
-0.8557442024557482
-0.4707619702300293
-0.5786185866528031
-0.6068755515366765
-0.4785711311444692
-0.3061177655353772
-0.5995853312260587
-0.6456277978406284
-0.25310188709685555
-0.6565800552350057
-0.6167070932670913
-0.706085509771017
-0.45019572551692977
-0.37218926862928536
-0.45760314999131435
-0.6294350074944974
-0.28620342096028795
-0.4323616145440968
-0.45079739328544915
-0.4398524712300426
-0.6010210219420888
-0.4340380774204999
-0.5483774672810862
-0.772827098681689
-0.489601312072267
-0.5335436460012275
-0.6159794410833799
-0.6063459309328816
-0.5332849723621627
-0.6564606933201365
-0.5260086524452418
-0.6357480944110031
-0.5618843019404555
-0.40756685172518015
-0.5051132760385095
-0.44127290900018246
-0.3825364246248529
-0.1420651515048322
-0.5390870769084609
-0.4310365469071201
-0.42235198881069225
-0.4785961459730692
0.15994513812965733
-0.41558587638599637
-0.24404137284833358
-0.5757082814834805
-0.5457375591554627
-0.49490713760863503
-0.5283675623127274
-0.33930618934311213
-0.5748695330773643
-0.596358108261016
-0.6539665172686528
-0.6713778771874951
-0.09472648240793892
-0.4070114097586108
-0.5942702041007338
-0.41558476554473806
-0.48096974694499933
-0.5567169418780161
-0.4760017605103975
-0.23921980299680862
-0.5476789122699531
-0.3986623780269349
-0.6313479669759184
-0.5498700734627855
-0.3210542711808138
-0.5962631734977998
-0.3714127928381809
-0.370095429867959
-0.46773009072922794
-0.637575555328299
-0.21062738797499714
-0.5016616256555664
-0.5834546156587859
-0.5738921793548641
-0.43382738886396155
-0.4843366250876123
-0.7076372082241739
-0.5983293882900683
-0.5854581452904353
-0.3618408472772001
-0.5908020194194169
-0.5392192791452891
-0.23194579773855117
-0.5812215946407461
-0.5163204946603431
-0.4761183142267639
-0.49482751942488395
-0.4034204639582562
-0.5713274536551022
-0.45414151821518683
-0.6057939374944273
0.21054240633380608
-0.571657395772363
-0.41697577822261556
-0.7115081704926401
-0.42145724147709096
-0.5914119298641588
-0.2236185894401972
-0.5334189823425088
-0.43703559483495935
-0.49581659100001746
-0.5756629708587179
-0.2926940887196234
-0.5273530060913922
-0.7073296584751417
-0.2672958525817827
-0.5399102900974069
-0.5884511454865871
-0.5359648503848112
-0.4942724533306021
-0.6009692131312097
-0.2124921093164774
-0.6610664578950692
-0.5885550610770601
-0.6336984375918033
-0.09426873204536731
-0.4512376635810327
-0.4441546318159355
-0.28196682913055615
-0.5468839110199452
-0.560349816487215
-0.6673563277146618
-0.14624538020863423
-0.4261273753788936
-0.5535164267648344
-0.3109032666697695
-0.6744394366931855
-0.5129653006645034
-0.6209048444091022
-0.4929521724087266
-0.2523313209624688
-0.3534891799348773
-0.3443423291166047
-0.5367093232357044
-0.5421667664914435
-0.4727278215967009
-0.6369173706180324
-0.6233890350814701
-0.4038509810887942
-0.48402243380722576
-0.6474902482044743
-0.31319650400811855
-0.6170403908714952
-0.664204608382425
-0.6664923661987584
-0.5356499414467164
-0.5972940007496832
-0.6557117573094144
-0.4594340237144917
-0.5228243946714728
-0.8464022338012016
-0.47945834578991536
-0.4443028937426608
-0.041072803112756795
-0.5537631170575247
-0.6743316581060167
-0.48410013730299367
-0.77007868342172
-0.424893321647229
-0.7389546336785021
-0.8130901359056698
-0.4960582374450669
-0.6418794816336414
-0.5783695536903511
-0.5619537976725143
-0.3283733906323104
-0.6541725259545177
-0.3488304186196419
-0.5133706810749324
-0.6846520290117168
0.5792174878296688
-0.7191187835710158
-0.18021481619215338
-0.43686454848107226
-0.6858339854006115
-0.2407622952549071
-0.37338502113864996
-0.39047686534333653
-0.605183024024308
-0.3932539882240451
-0.4343390504263904
-0.4507641266067745
-0.6010921101086356
