-0.37401519292464763
-0.17933852708180562
-0.5079494097228189
-0.3912584189262947
-0.5200208189468809
-0.4148067531587759
-0.31888461017473924
-0.13349760624981893
-0.6047844962812063
-0.42069099147439337
-0.6220249503575735
-0.5460605411093034
-0.49274667066436806
-0.3858426836821409
-0.32546315928000114
-0.6661264571520009
-0.45846127140324466
-0.7523839173864747
-0.36439339300091816
-0.6638456423506343
-0.6075826692661506
-0.5108985094557928
-0.3635623436402199
-0.608632693154206
-0.3810230029847412
-0.5955626421084242
-0.591194961293108
-0.4557057615477423
-0.44465189570534275
-0.5655498865800046
-0.3616749264335808
-0.43654070570545633
-0.46305948428548244
-0.7370236802518455
-0.6294626641686899
-0.23534547679107612
-0.43370912379503834
-0.481717956491586
-0.5864925957178896
-0.7605702046520133
-0.4676684939040234
-0.5831933356830642
-0.4898003650854368
-0.6034145032694326
-0.5004380747918419
-0.47890211072238015
-0.7002074845748281
-0.5622231464971126
-0.4130477852981494
-0.6337344376501726
-0.5949855213885556
-0.5328339064347521
-0.7145775376020381
-0.6088893911751885
-0.6016835084054585
-0.3887468616008024
0.14298007873548438
-0.4225240537433587
-0.5054834580822128
-0.5968899337909438
-0.3032586558044807
-0.24634384702534876
-0.5626301995074448
-0.6569967093624764
0.10031405822287343
-0.4060762119056498
-0.6096470678317433
-0.4930811992496075
-0.5029305320861663
-0.26144935985912143
0.06259237809445645
4.573054236049487
-0.42352939325425487
-0.4798660271064974
-0.18276695303939378
-0.17157806613645876
-0.21526728367663797
-0.38531513252296273
-0.7040744275549555
-0.5074581912327084
-0.2919738927738928
-0.7065500504279664
-0.40543558563531223
-0.5758377290157397
-0.6435980577014608
-0.6268890349273264
-0.5415584478789659
-0.1347201508904289
-0.3279455848834973
-0.38223182009578077
-0.07188793402897031
-0.5748278908847868
-0.5456117311933241
-0.4946548261427154
-0.489597749116171
-0.6121850320884034
-0.28413187052015854
-0.5046476603233457
-0.46840495803647625
-0.20745863891425342
0.0690297052016607
-0.248527319669108
-0.6456262328962478
-0.5860859812992573
-0.49769502250816816
-0.05873581978278832
-0.6106160621226491
-0.5558514336483122
-0.26757283319048186
-0.443396795794518
-0.34387227271935206
-0.5079847992267815
-0.51952868927366
-0.4096363756195742
-0.3037916048146227
-0.571576475138077
-0.2626756179176668
-0.025208899210018898
-0.22988820093202353
-0.5882657197280535
-0.6790038600050669
-0.5947908191556069
-0.21103235383753288
-0.585696120770806
-0.5027315585821098
-0.36562545931891555
-0.5300851950974946
-0.41619183583822283
-0.4910025832315918
-0.7051357529868776
-0.3276458253441143
-0.7109095505570238
-0.40475624361066037
-0.5117928862859454
-0.2771115529733047
-0.6011447246505699
-0.21454974955707695
-0.7417876882616208
-0.5372060008605769
-0.25608974942524554
-0.3778865513182353
-0.3010695926498498
-0.5882290672773907
-0.3870280947022084
-0.587380695875312
-0.3986819674550754
-0.3323882259347653
-0.48889467240022955
-0.36799081094701575
-0.6738238728932078
-0.39329432312183676
-0.2695199558379046
-0.5011619498677972
-0.664871843533165
-0.5204204851211801
-0.48256339701600875
-0.5961792292381082
-0.24894641716901697
-0.40845031111986735
-0.2673756207890237
-0.26004392702873297
-0.53224475068853
-0.4481917714811637
-0.3233883495804248
-0.5083074621600889
-0.4111411384634379
-0.4164148543831623
-0.25644184413528553
-0.7009873934078906
-0.2714143953520214
-0.6544613839406728
-0.46343543918064317
-0.4476308390249422
-0.3406917937170068
-0.42370352088665886
-0.5959190454139949
-0.577099426361774
-0.21153947855518537
-0.29295309922224844
-0.4768497859751764
-0.314599985009233
-0.6132383820361288
-0.47479885323222043
-0.7523519338855321
-0.5434145386948439
-0.3592688854734183
-0.43074946148993976
-0.004170169904395821
-0.5421299549615352
-0.7129329231996658
-0.5359932318022399
-0.3154955642938744
-0.1399415959126455
-0.477455787134818
-0.5191652720163075
-0.585232179087852
-0.5350385282607819
-0.3268087463915789
-0.2254328862617458
-0.5467431047713628
-0.3791350290015224
-0.45572534799015063
-0.5075625455813806
-0.5492236676458246
-0.6781011525709174
-0.42403119699850955
-0.14973905500132917
-0.4175229580484648
-0.406168993037245
-0.16845612945130037
-0.31963634603594604
-0.6438378736267523
-0.40125679425727584
-0.23457399973981258
-0.6161081355228881
-0.6900793015771413
-0.6729263681126693
-0.4492383185811181
-0.30119672630541827
-0.567849922133275
-0.5469991967567363
-0.5452908026513709
-0.36560235781093975
-0.43321154151012947
-0.4023300306373363
-0.5086337536669122
-0.1622046463398764
-0.425880326880488
-0.5097257104119015
-0.2265021378138181
-0.48737522019964763
-0.5038690116553701
-0.169610180703683
-0.25482256179981216
-0.6699723283369738
-0.6495295847741042
-0.48323248682037184
-0.6710855392170794
-0.1932295623960409
-0.6148846486401509
-0.2950943172820046
-0.3669893685771126
-0.7811512418841129
-0.5950539282521068
-0.6369040180390665
-0.369308959992703
-0.5306215500708152
-0.38635542378245163
-0.5327529293133805
-0.35077826742881635
-0.5490567850694507
-0.5824541541824854
-0.5792769627879094
-0.2581652253177512
-0.673869776349087
-0.37685180359154674
-0.6213089430560742
-0.4050499403644598
-0.6383292958196976
-0.5139501426268138
-0.7243091359266662
-0.7419918128625177
-0.4030359368240911
-0.5225029693791825
-0.08185747567858964
-0.3442663160657086
-0.4654237759884007
-0.17659661293613543
-0.30694014165180755
-0.4905946263140263
-0.4468506167788173
-0.45466963650311
-0.502437407840085
-0.4942145516180019
-0.4595638434830102
-0.23925531496321173
-0.5304224413646056
-0.5824421317924171
-0.2525929156735742
0.01998535589040032
-0.031068803443832768
-0.5760534594628619
-0.39566927023303433
-0.6043864681686909
-0.3180591379842803
-0.4033905982619199
-0.44567908838928244
-0.6106032164130282
0.09891951810751223
-0.55059744758084
-0.4832214502907223
-0.3051337541868338
-0.4209631994206871
-0.450245189506282
-0.6500107001462354
-0.5947078293900211
-0.2907884486304785
-0.703539243055462
-0.290468582408058
-0.5943563469068083
-0.3390854836754629
-0.5496482766818065
-0.39759732848826645
-0.5033618713392786
-0.42537012444050953
-0.37865239047731114
-0.14809428588741436
-0.5718131192578164
-0.6601137275037064
-0.5305696083216478
-0.6612795528585272
-0.19714539999206943
-0.5408370040216894
-0.12612360164632602
-0.35923135893358343
-0.6221133785940494
-0.5439693548598132
-0.5373777151473423
-0.5769294340186955
-0.6833341533089156
-0.4572221474113149
-0.69597709280497
-0.7647051726657185
-0.17332112686777962
-0.2970344733005154
-0.5899510048134111
-0.5658351471206257
-0.4408070014220049
-0.5306800191636163
-0.23149287157708073
-0.3388769049816117
-0.5464682223729239
-0.5751363503593712
-0.4367867493187136
-0.5419996049631001
-0.5656199774849723
-0.5909997731349707
-0.48700637683197034
-0.6020412718754595
-0.45010776691555693
-0.41734184236095356
-0.637250807348018
-0.25920733058647405
-0.38137198396688576
-0.2912323540878193
-0.5172464666873381
-0.46929864850899655
-0.2127576218270197
-0.29134543189088086
-0.25817508673767386
-0.6740480938954221
-0.15135747985419434
-0.03944244031373485
-0.5678546541192424
-0.5291488418623589
-0.5723219034138195
-0.5216588671663266
-0.22462764639729954
-0.3358077944841563
-0.7211793995631383
-0.5872489156747367
-0.365800733838568
-0.5207682249954321
-0.5041507504606604
-0.5628892663592979
-0.376995585573853
-0.44968841121896264
-0.547723201701465
-0.6912455456101462
-0.5949660467297735
-0.3901195216991029
-0.398285734403251
-0.40720306075289564
-0.6082135214548882
-0.26155129496139873
-0.7832584982078389
-0.22242192131437552
-0.5552509858636794
-0.5703956006123615
-0.6378795681640609
-0.420169482899916
-0.5855019492435839
-0.6619406983446625
0.03242918810396838
-0.40514004267046183
-0.559986499952643
-0.5316506455060604
-0.20301631770123557
-0.33380826268306074
-0.6573645456269531
-0.49689921277762256
-0.27651061502057533
-0.5674695204415905
-0.1944298663855769
-0.4770385543023338
-0.7496141989122379
-0.6797502165377812
-0.5665409910278618
-0.7274813803988623
-0.31974880105060294
-0.5937761032221374
2.7226592043563764
-0.405555483603585
-0.6318925056136145
-0.4985946269236167
-0.3390055807004438
-0.4976118037952099
-0.19152773401527398
-0.2757555914669679
-0.05814892502217753
-0.5478284689845213
-0.5393477662077467
-0.2885627672106299
-0.33540300243362803
-0.4466810379833044
-0.06624393851175318
-0.4374115397130543
-0.3560296316889392
-0.5582778408031329
-0.6438388772451716
-0.7856467560160929
-0.345109847814364
-0.4663616123260166
-0.4454732525820434
-0.29402950296642827
-0.5000249167487454
-0.5035968606479867
-0.42361871234949544
-0.6689263764153534
-0.4776104025551144
-0.3463957473481981
-0.5660148704051143
-0.5761431635994129
-0.13545887039848387
-0.4855782700275969
-0.3731727559656148
-0.25654533885989744
-0.2155420940042784
0.20753328369408025
-0.4662458204974077
-0.6033457532532823
-0.5694728620012719
-0.3198050288553577
-0.556826745365829
-0.6171591733624282
-0.6935859708925314
-0.36321698583005113
-0.48124531043151203
-0.6165805535785616
-0.5866714950633195
-0.5946618979423747
-0.24037860595362873
-0.543365728669308
-0.6676255639547044
-0.3901069523284039
-0.5939846922275324
-0.7954970878324261
-0.16447510810560115
-0.31046414433337516
-0.4686473678526734
-0.5848936170212765
-0.3873946964077566
-0.5737725715089247
-0.39746747214603995
-0.389251492445289
-0.20387260701548332
-0.45740270858620136
-0.3939905004474427
-0.5873936616275994
-0.7047972434390418
-0.33559751115787056
-0.10855415289220806
-0.6045106694075522
-0.41496965630403176
-0.6252706407370774
-0.056009507291064395
-0.3045018276493561
-0.44588240068173524
-0.5665155631889404
-0.4787028900850758
-0.6640990616793876
-0.40284254788402374
-0.6406906040215389
-0.2807396382533236
-0.4054675076656193
-0.6426322547158214
0.14119696224254946
-0.4712452539431963
-0.6319691864442875
-0.5273478500763477
-0.5498834999660464
-0.4627458305215464
-0.349708656404803
-0.5797953062556633
-0.2532113847005832
-0.6204954477466822
-0.4636277934619799
-0.6754784995102494
-0.14784444671473715
-0.390032440548883
-0.6299631616881557
-0.2605931586441125
-0.6076335113321575
-0.3984619892766915
-0.1737145294813856
-0.5892004875790648
-0.7186789489721772
-0.6341869360152355
-0.27992748970882586
-0.48505095364606055
-0.6044552447245283
-0.1576359189391965
0.016856387060033073
-0.1900138843819322
-0.5848889988366759
-0.571221366916432
-0.4928057475429734
-0.4732908122396668
-0.6208406011483707
-0.6260771355849047
0.11144168398131907
-0.4053480688086114
-0.27782964046039066
-0.7028232918601282
-0.4289742093268857
-0.46536804662109665
-0.6345198461922679
-0.6705456184655538
-0.390313780128649
-0.6016804852865956
-0.16474127107712022
-0.4307508556001956
-0.4803628155334084
-0.6225220397608805
-0.5172161665398677
-0.17268589657649852
-0.49206468760452116
-0.2958544159622131
-0.33403862368008985
-0.49777741091714106
-0.5200339723419897
-0.6355374404104311
-0.6247550876854013
-0.7194333725020737
-0.5083519621514848
-0.5395914678988747
-0.6169683476291287
-0.7481110129511956
-0.4146809758676812
-0.5224349998922948
-0.6501052471230144
-0.4965662814201919
-0.5068188976990353
-0.37558908795473767
-0.3486390135193408
-0.46751661614994633
-0.26839998347215915
-0.2418620626488368
-0.6137811449276264
-0.5884277217632368
-0.3421698826757665
-0.6554590239755274
-0.5375141241382727
-0.7326592212863157
-0.18706090034671569
-0.5293225121774683
-0.05948887958908368
-0.563217739742876
-0.33183664213412495
-0.7508425039032322
-0.3121515382208524
-0.5893432261192156
-0.6952480689128432
-0.39107730955991604
-0.4866748764397633
-0.5629445735403307
-0.4460990876733625
-0.3948314309471615
-0.30533824981714863
-0.4628447816230429
-0.4364319036428552
-0.07397987184291102
-0.46026196690692267
-0.5551715481171549
-0.7021312314321904
-0.4328312597524668
-0.5154592538104589
-0.554393345272776
-0.6310019625326215
-0.5509311271151403
-0.14338301337267675
-0.18417672143263553
-0.6096058525918778
-0.501265255284789
-0.4878069791046342
-0.019116248517113296
0.06632941038702493
-0.440515237357249
-0.14980525262531116
-0.5384706738886853
-0.1994976670784858
-0.6160766872435189
-0.5290822161123141
-0.4500836421804418
-0.5538428673340599
-0.6545823503251915
-0.34175180336457683
-0.3563307254819014
-0.10913482010904497
-0.5928272632560446
-0.20322695986412795
-0.8125697434243345
-0.48916042215749134
-0.6170972019626044
-0.4941248528955867
-0.30262897341983636
-0.43878130636880813
-0.4370022749497647
-0.5115586278996581
-0.5537922618194754
-0.3821148230878573
-0.5171931270031221
-0.1463282965756942
-0.6281547189834152
-0.3757911263244394
-0.2553346817578553
-0.3696808590977058
-0.2583447221514442
-0.08058720013060698
-0.33960174661453035
-0.621954887218045
-0.44378375870486303
-0.5108772669244348
-0.20290911979663165
-0.5662386043894204
-0.40638524584181757
-0.21331130457942837
-0.6230612263163077
-0.6060080661446944
-0.5420950440096823
-0.5499714654192336
-0.4792926382791363
-0.6106176595491303
-0.5879420189545399
-0.6466783551163531
0.35006360691826727
-0.43628688346043765
-0.18625901621333837
-0.659937014169111
-0.40774325637870845
-0.19375910139739047
-0.41840846285664296
-0.4962926719108736
-0.616502414810089
-0.15345008351224704
-0.6214818100867577
-0.41427149091864185
-0.28136288076715477
-0.27234327071177006
-0.43848923594481887
-0.5047086547738456
-0.5826657222647889
-0.4091816834386457
-0.6369790336507474
-0.5540020951232787
-0.4180615112779103
-0.4266278379776036
-0.5707978590038482
-0.33941360984927943
-0.5032498115287651
-0.5547571324746201
-0.3603865380755298
-0.7958863950721059
-0.40354075614953866
-0.3954035923990466
-0.6078348898456061
-0.5627802634911333
-0.4449702140641346
-0.6799534713341002
0.10801296125251741
-0.016793071448216956
-0.6792309528713464
-0.428922827149946
-0.5740827625035188
0.03236739059709634
-0.49981176442287456
-0.43473575916916857
-0.4300873272559936
-0.23227958242507224
-0.1808903641016546
-0.3947140559225162
-0.26839019990981505
-0.2790795380667547
-0.5237465804570244
-0.29535035521282405
-0.11109690441072385
-0.4398030701668759
-0.5728861181268846
-0.1423901186032489
-0.6589921709292518
-0.6594077743229815
-0.1899077977593198
-0.5872254931513289
-0.49850453250552756
-0.6533826995183032
-0.17299708992370288
-0.5574455741401764
-0.1491267644267034
-0.5918486486208462
-0.46272429214223
-0.427516249915729
-0.40856579274593796
-0.6294394503869283
-0.16049118663139147
-0.49955717306486885
-0.6382032357397722
-0.33470460503122734
-0.7259380208957501
-0.24514723130200625
-0.6829599191119595
-0.5755366853285474
-0.7034541293192067
-0.26185422517103873
-0.6360717541120149
-0.4124125908206089
-0.5879758770284101
-0.475500031864539
-0.2628966871686672
-0.5100631156347915
-0.5927246899170772
-0.5108728600332988
-0.49736067451036076
-0.4406470575082174
-0.5126944935317623
-0.514436929913796
-0.5248571042015511
-0.506883981481357
-0.6865731418223555
-0.4256492382023694
-0.5492022966020881
-0.41953971269968193
-0.7154673867937738
-0.594758708121325
-0.703799373997662
-0.6145210699759258
-0.7593598585150413
-0.5548803092088072
-0.13649324722014533
-0.5273695012158467
-0.2923050483092152
-0.3604169132349552
-0.3169194585010477
-0.4902491085752988
-0.5018615095309288
-0.5674809214039889
-0.4221095092976364
-0.18332058919545416
-0.38746544595594123
-0.23519873039362293
-0.5706969619734429
-0.6388980342356991
-0.5017023716015911
-0.4153426078616552
-0.3676367561017174
-0.36059209364932254
-0.5881632528091608
-0.5468151858687055
-0.6360179207517536
-0.012372710991247296
-0.5842946180621003
-0.5640288620334211
-0.7376995617753096
-0.22942159090723174
-0.48639851423080216
-0.2897017665292365
-0.31811111409097703
-0.5259207766807267
-0.6520741865928449
-0.5941466825200121
-0.22503426016759395
-0.01410045637181005
-0.3284480704059152
-0.38560383558155187
-0.14818606174760454
-0.5452689601376428
-0.6900301952193594
0.07480856233913649
-0.22489767272859995
-0.5993958160072869
-0.5265199871156893
-0.5437104748520585
-0.3226113887480127
-0.7099070379639926
-0.6382383314062852
-0.378911631969719
-0.5923605779795829
-0.5512836934381364
-0.3571157251614353
-0.21805760123269355
-0.5900249573098647
-0.36957206359076344
-0.4699086791439281
-0.5045078125605211
-0.33103648929455515
-0.5101289296513053
0.07393986227137099
-0.3626249962848983
-0.13957482392981016
-0.6160362594977208
-0.3763411678953076
-0.6067942293126246
-0.7150247365429567
-0.6624398890543842
-0.5959419353761004
-0.5274231285331803
-0.25761370668854705
-0.49615973964979865
-0.6189244396078816
-0.4550964529215113
-0.5078105831356833
-0.19319974558674058
-0.21249007335046827
-0.8074836106908724
-0.4655296651654592
-0.5245868382986658
-0.612223797484731
-0.36059629939856414
-0.35128565536861056
-0.7417102298720764
-0.6334389502246053
-0.6462096799707133
-0.335147295990622
-0.5727924857757322
-0.3350996650376147
-0.09897195332077692
-0.3142910421668492
-0.15196153084690003
-0.5910339803964166
-0.493352340772362
-0.565979738439454
-0.5251850576691341
-0.35728985598160967
-0.6401079748299477
-0.6501345668866616
-0.657062810378695
-0.4746003308260698
-0.552073395602448
-0.5001107009661522
-0.24939510619087887
-0.7537055672471888
-0.6222574676182924
-0.42450613567411916
-0.618142349771142
-0.4254536567081571
-0.45752026476460433
-0.4565752575974958
-0.4064050976145375
-0.37051220529118845
-0.6284505504760989
-0.7071649324142587
-0.6707986130529613
-0.2079617451881212
-0.537083732470206
-0.7171928129808078
-0.21744872678919985
-0.6170384057528772
-0.61117897833512
-0.4122936559678133
-0.47044905127637515
-0.4007156115810831
-0.5774209132252744
-0.4992261972032391
-0.53537165690681
-0.6057773230343555
-0.2337295519829059
-0.6019773841606267
-0.5390484104076336
-0.1922503094261535
-0.3622980227687168
-0.6515461229445754
-0.4215366864345798
-0.6346427766899444
-0.5590692115871069
-0.754899597674473
-0.5704114886961468
-0.60013074817385
0.6008900390520515
-0.49599652982252407
-0.42844564515952616
-0.5219957108322284
-0.5478216109970714
-0.19561288144652536
-0.42449691539832646
-0.4490597624383287
-0.5753466672236501
-0.46223768305570934
-0.5114932347928985
-0.5324568876826566
-0.5742519793776468
