0.4416012207676617
0.46283324437179574
0.4535170659967561
0.6067685431345494
0.7185185818447702
0.48076203638462356
0.7776929136988722
0.5391928549597964
0.5063664729252291
0.6219254220255467
0.428384428734814
0.3624158441273167
0.41978569789759246
0.682276250524318
0.9011020708957892
0.4682484258127501
0.4852455105458003
0.6672723033270794
0.5833486925986616
0.5518576858814692
0.4313893414210624
0.44147798545609834
0.4885121058234419
0.48093145358415273
0.5328467226760578
0.6177426127887692
0.4953921672857996
0.47595907518558533
0.5862915641919192
0.5962144716452298
0.4022011778459623
0.527026886016133
0.38062992113957367
0.5066297812709274
0.5369236465444703
0.5794285346630534
0.4762527077651096
0.4155438502523773
0.3916222970219589
0.4655577683312409
0.7469916748006895
0.5638882203677229
0.38199131986849055
0.5649873254304184
0.6454573344442427
0.4080887737016262
0.528405634066391
0.5882984037447017
0.5094437958350294
0.5519288275581514
0.4005497539124064
0.40455832740658987
0.5886558159430979
0.5444690964789995
0.5152679806098313
0.49708373809030826
0.44606444103745313
0.5619683607856667
0.4847033697646791
0.3840973296966691
0.5241220309712824
0.3808466625901878
0.5928126559609261
0.7818729027829725
0.6234049463922378
0.5188077143940756
0.5278351265585328
0.4647564008698693
0.43639697383530146
0.30933751320805764
0.46278424401145307
0.7569509476459632
0.3613474198417868
0.5727104660238818
0.3900614604576102
0.4586975838298487
0.4403718362794318
0.3697029737541289
0.7414133403933082
0.4276923874037692
0.5142244953703821
0.48872780046728975
0.45528962215036545
0.5429396883127536
0.41384689420236503
0.5687998061577327
0.6311264477776996
0.49976922358620157
0.8154734625576353
0.4881698372106717
0.49872881275761993
0.46659042797374706
0.5015475296334791
0.4891434307593137
0.4216194932589883
0.4972186871748338
0.5106811849012642
0.4541329974323043
0.49486429087292705
0.6478415153292304
0.6211247601986973
0.4398423164154267
0.6830075101925751
0.584212841464268
0.5408735763152834
0.41385079389391777
0.48121206806943134
0.43506709578652264
0.4573349193266572
0.38166032251022125
0.41815660402692856
0.6874415705761541
0.5191585546346114
0.7539744957320641
0.4385570863629276
0.6303873132388457
0.6600871833631834
0.40398801848713767
0.49161587491278713
0.4645563284342918
0.47231584558551276
0.4355091842172174
0.6512887168006811
0.41953366854800167
0.5365387130969206
0.4863753973214812
0.4746651528194395
0.4268372038487831
0.5783046156587208
0.4568280046753876
0.5516440257368312
0.6214268468492258
0.4079158959653929
0.4482621233590933
0.43215915429046453
0.4701405384512969
0.39424875833974526
0.4763267594937932
0.47986322449547664
0.44271270605645613
0.5077381957534916
0.4959887717076535
0.4492770009005679
0.4636394364580077
0.5032688097202369
0.5057871376818737
0.5936054733088527
0.5295348387638267
0.6479055988362354
0.5338233906653532
0.49544127397311494
0.5719600867430946
0.8502905471709488
0.6468293298496898
0.44904343908562494
0.30323216214436394
0.7723991486381655
0.47452744378728073
0.4659925720058025
0.4672382455828743
0.45702099901673915
0.5499454589060254
0.6552839163245778
0.42277263198145504
0.4573138369718498
0.41249108224074976
0.409752817222991
0.4299925809196617
0.4022072766888667
0.3813992938374124
0.6002677691018716
0.5490228616135767
0.524131983503859
0.4344213266534209
0.456095725603937
0.48629000565003033
0.5277662794054071
0.5222854730602579
0.37394711378879497
0.6084477344765328
0.4915104211914346
0.4231389508192192
0.43561445063907694
0.5535622395884002
0.4563889354784274
0.6494982984953197
0.5758325530869981
0.5117144444557631
0.533524720730202
0.47881213156836466
0.3652258062203829
0.5767216680732458
0.5383155381060968
0.5274916610503642
0.41166292671922927
0.640790563816441
0.47676579658347856
0.672485441288254
0.464728294072813
0.5932982529900133
0.4634840877693818
0.4902687931366965
0.5644914481009572
0.7193368849226722
0.5686067175685804
0.461783583638257
0.42446308720255577
0.33641721800894137
0.8314855241445046
0.381167164375305
0.5949543436945346
0.6705046877393316
0.43230267072658685
0.5480968948789166
0.45949745951205107
0.44978449526295455
0.41945421312522085
0.6491533096388474
0.5102944476148985
0.4668057867928105
0.6687702424379266
0.5129328457627742
0.49938950685606137
0.5119175544143446
0.43477516163189317
0.46129194718482486
0.561520483760134
0.5303057396290621
0.5397133035427413
0.4982837861415049
0.3598201009798201
0.6730853615990521
0.38087803759335087
0.5051053680863865
0.6255954960702701
0.5179804682894378
0.6969579027365279
0.424469357730362
0.5842771112740681
0.40525034149424594
0.4909356017087559
0.35214517385372024
0.6108833002256964
0.4511619817529981
0.5505097737497716
0.47100240854389164
0.43406189234488285
0.8331123601560589
0.4607082339501766
0.44260417926660606
0.4596761415325096
0.5413947858092569
0.7122729458321737
0.6052792708633637
0.6312570922946795
0.4686416624314483
0.594330570542715
0.5321749856045163
0.59193642846228
0.4929734783260668
0.48411185356250785
0.44768072085485994
0.37448719845321154
0.42584743368722955
0.6395125066767334
0.5472969912648463
0.44616376479528685
0.3817890296195038
0.7311605806825192
0.5331498329004454
0.5250139634917117
0.5183802309449671
0.4696795788855815
0.4135042467657622
0.6533061108737516
0.5689860275079074
0.5273536547776912
0.4803001875779423
0.46856513105406755
0.3801138390789746
0.38852354768481523
0.6920117570216135
0.6619978718082534
0.45421693443175215
0.48810105671350895
0.5990744378938246
0.585149940549123
0.6148098689715684
0.5037942832978475
0.6395401102372259
0.5719725197940473
0.4779446185213518
0.37078850487186826
0.4535249451981214
0.42318062874859835
0.39670749523770027
0.4149571636304303
0.5099602049547348
0.42664533797799703
0.4741868524360716
0.461466435533231
0.8602942602436284
0.41654885464100283
0.4353102313063935
0.5263856765299565
0.463098613742221
0.4966784636872358
0.36069202206389217
0.5434262931222765
0.3589882242067229
0.5464711109278491
0.40567674261530856
0.5500370683316114
0.3820222379932541
0.4322992822781907
0.5280579482609822
0.5054109242410959
0.44675166426507906
0.4147734191343878
0.6513854193047744
0.42317524964130804
0.5388750277936505
0.4187733624327062
0.5444301106683519
0.46385938554038564
0.45996004519906897
0.5391569479537734
0.507927300370454
0.7942572347469592
1.1229976596481728
0.6836786771959701
0.6113692747642205
0.587222666710026
0.7464810145571822
0.3943774744971111
0.44931473174707603
0.5139704850952004
0.4934289255410522
0.44318459609799715
0.28173366044228804
0.9651467834088525
0.5351293506241406
0.4017911316356393
0.6460078255845273
0.4745764746874227
0.571001647899224
0.4684357402458558
0.5892616017130425
0.5852307748796346
0.3889442186601365
0.4158653015121775
0.7197743272356941
0.3809524448408546
0.5108550087036573
0.4468537272403778
0.41358177764150933
0.4888198676919424
0.5164697729934711
0.6344940275185861
0.480647710635445
0.5485854531562628
0.5248858333389292
0.5021889181222281
0.4474610089119106
0.423648855671887
0.4557942394245753
0.4540259344757048
0.4638279022624196
0.544092054539795
0.699601410844899
0.41397594327418313
0.5112518662598693
0.47691388450743677
0.46393937414623687
0.5100633290074464
0.5671491117981573
0.417897471125132
0.45274612673244147
0.5443039002993835
0.5941097381887457
0.4097123651239264
0.6021952904527721
0.6827684872292322
0.4944386036214257
0.3676674489756817
0.4438626759013613
0.44556954726098297
0.5636897578771588
0.5894993568558538
0.44944852545192115
0.484879800619386
0.4796361780304459
0.8378829695561363
0.3847585399472462
0.6484256225132495
0.5724353511894188
0.6479593812642581
0.4413189945216266
0.5972660848153613
0.394967555231272
0.4334244457640891
0.3378834141499989
0.6472941113805263
0.5746301251157332
0.47821830481053257
0.5028975043808723
0.4353941290291387
0.5431009921412323
0.5055642066337714
0.45636070341384505
0.5593204675114043
0.6746429676631641
0.36355418587321914
0.39363419285557427
0.5607332183625938
0.5160067341357091
0.41847530828129464
0.6723819281691005
0.6299652202117975
0.49067435262511006
0.5128132308845498
0.3955737801963756
0.4825847318414644
0.505115816039253
0.44878818072850163
0.3410042896628503
0.4689901676597818
0.47503786015578714
0.4729602388941985
0.6660415084307387
0.5309468842124879
0.25547884351640937
0.379093955881552
0.5313834378128186
0.5089524124077496
0.6461119485302069
0.47978845669319226
0.3628010913697991
0.5294522843636996
0.39172764958090833
0.469950907544448
0.5396639477801273
0.4004689963070191
0.5319916866724811
0.3761051836663816
0.5055597946822454
0.4142566650309411
0.40866572171447946
0.44543607555275266
0.4991041833270982
0.4445444492064635
0.4941072109279129
0.5698323946417326
0.6342935204873836
0.41422540240660743
0.49531679404141077
0.5160489054907687
0.6472119538727269
0.6894998834579298
0.3976034595334787
0.5959230901974192
0.5084956962921019
0.4646126555556048
0.5364844804773231
0.5184611574266795
0.4209588466944929
0.5470998135851687
0.3904850444129231
0.47865766182923636
0.6868216897397508
0.4176247171964791
0.3707485720988803
0.5704650138970558
0.5530019814957031
0.4394993861005695
0.3803638625287768
0.49881569945569976
0.48781263272342235
0.3745085203404385
0.352984776013589
0.5191253636405377
0.8495376828506244
0.3454852833600354
0.4388613984564602
0.40441291991761086
0.45103448668661794
0.6301568638537497
0.5009246311276166
0.4733147351791633
0.40322806799462996
0.45324425467160184
0.782149515494854
0.4331303213624079
0.4824590536756119
0.5140026014102627
0.48444751320319407
0.4487084913606635
0.5884805212110037
0.4148294707347725
0.49897663062597736
0.5278803196050219
0.5883178141907449
0.4297222654177396
0.3886048964858455
0.5370232894735097
0.5365838674716907
0.43123667567393836
0.5163586738267895
0.456108656249153
0.5093280901118579
0.596659067851835
0.7242586883259
0.5606625682476919
0.5417143102050666
0.46462711045921806
0.47113168164919916
0.7032955773099879
0.5283799240811189
0.44239524697509286
0.4379656181745893
0.4495248685742895
0.5568092946432251
0.6664020734265381
0.5243758438595694
0.6858405515421344
0.4649642857789766
0.46355805456049237
0.3641588370786118
0.4389293534943092
0.522660631673704
0.4197622403557243
0.46534257266490675
0.4607478133011659
0.373085551625649
0.5321660226070986
0.5424541079698726
0.5015869407014586
0.42200997445821087
0.44528177649990164
0.484254372586473
0.40104322925478814
0.43418402247373333
0.5953533883098718
0.5031467115126728
0.41046549432090457
0.4658080455915572
0.5530889782535717
0.4688629949146727
0.5150496905121631
0.5420739270928601
0.46535188158164564
0.5641606452197007
0.4876369076097382
0.6481304095947482
0.45831067965089495
0.560029886795912
0.43971767613926827
0.5473374359163301
0.5747240906444083
0.4384600470979682
0.40054140180699654
0.39990024612250163
0.6766621638073751
1.3719355943453833
0.50133672923791
0.434700804800385
0.6341689261347181
0.40918279179191125
0.5764011636728691
0.4556328745326562
0.4680943382255118
0.40614053246783843
0.3720691818473081
0.6302181617725795
0.3141644944640263
0.6097633651057199
0.4322953826747827
0.6746339308725093
0.36120883808752113
0.7221476152639227
0.3484006013879547
0.4807917081462744
0.5042407285130385
0.4003279697782693
0.5479884354767014
0.4817287520069534
0.37118146950761466
0.5464861720219134
0.6864481320739904
0.462888380375678
0.5174099084123985
0.5312020350622247
0.6716207800765437
0.6323242348429868
0.5860059373477713
0.44729757176265267
0.4593198929809129
0.640307386437519
0.48287712945660205
0.43381610469088794
0.4080433321772283
0.48737149531140067
0.4208783295128502
0.7747763217458518
0.4982950423902506
0.5020707343335502
0.5385270097003815
0.5514519019562063
0.4785123832682479
0.44761570908080395
0.38938725613456365
0.49787153604862466
0.4780255681550577
0.6560328099097814
0.5589226682192509
0.4423447862700396
0.5311540849983808
0.4401999724594998
0.556066629681628
0.3055877861360225
0.44397530633402726
0.6412882663906679
0.3793631542320546
0.637353346726562
0.44811451331961005
0.4387729590220022
0.4600005349443485
0.35026025715451503
0.7216917579369286
0.3968523345923368
0.634993880904135
0.4627263015785207
0.41441959553586566
0.5639881321063221
0.4059910439056578
0.6412628528045595
0.39545279909801423
0.3824621948387263
0.4156914636360436
0.45386086521834623
0.4827569757838545
0.47605604505509774
0.49135698607534534
0.5108472888643991
0.525221836942504
0.2858915720550604
0.4143428899992649
0.4715596857516126
0.6430739169614722
0.5044226245163597
0.8104648704631998
0.4673785427761015
0.7324225465287908
0.45282573245085644
0.3935474233969879
0.4799202640273532
0.5848218916404438
0.35434493858156974
0.4438904683475588
0.3336656142337433
0.46994963772480186
0.7804012841836268
0.5650176035659072
0.48893540816675324
0.5269789021980874
0.4553345515132382
0.4360842984494853
0.6041376760641718
0.928399162134573
0.4087163206176965
0.5735062946303252
0.5274192000432072
0.46792646024344614
0.6511053006371507
0.4524852664178037
0.5916759079371708
0.6510432690490359
0.7128201215428598
0.638294318154736
0.43754117086066635
0.4353883570279973
0.6393710565897089
0.5043513799916767
0.5407923525842268
0.4297125580968605
0.6553892179911083
0.48547692004838133
0.5456679893680182
0.511716953837466
0.5252162849251965
0.39265761868383536
0.34735174232086224
0.4967828253834307
0.5763083728854692
0.261121192816101
0.817237227926086
0.5107250856642375
0.46231900408866977
0.473238510388846
0.6417692229969602
0.5702748188376512
0.45876927274339646
0.6752059360507764
0.4277866450404423
0.43384335604477886
0.43863982092413395
0.5251473879102485
0.4492892116553353
0.3778919103353052
0.6424389687880533
0.39513118687376564
0.4966368372008895
0.5111324226695824
0.392840437910981
0.4582664227505738
0.4228431716807904
0.5697624394168205
0.4787752641386877
0.39052870286015784
0.52461618776204
0.31937364641349125
0.5797289209883703
0.502160361308994
0.7214496351988653
0.5195642236523405
0.5923301082982355
0.5911078364515266
0.4863158938702613
0.4584940340061431
0.6276786107869904
0.521038197745859
0.772122751680342
0.5043377130958464
0.5041492885099926
0.6467921090087574
0.4648422712210087
0.39302949581779717
0.49264796992621696
0.49782105917888414
0.6470179634803425
0.5705769615530223
0.6664524054946303
0.47539961820523363
0.40256221064610626
0.3986498819492652
0.5355517887022855
0.4717955683903188
0.42738272404609745
0.5428164510836554
0.4073568018666305
0.46971040956694454
0.7829743341766627
0.6358616959969422
0.3737524780404633
0.6178714557586946
0.5723074128020487
0.29302117741490363
0.48098895711395795
0.4638102453696957
0.6033258819112075
0.4629688210499482
0.49935120328129706
0.4610785747375179
0.5949790943359192
0.39791398509447395
0.726655727011632
0.4106847169639381
0.5235107022287411
0.48619683521482243
0.7434330732852069
0.4479279718781038
0.5212549541289137
0.7341407695758607
0.42641979552946235
0.5052299759196824
0.6194205828915027
0.6323346423444142
0.45429899074762514
0.5306041687242036
0.5707236205403344
0.5203598217485313
0.5760396266281801
0.4240912555595939
0.5011081144046005
0.5575134648069495
0.7650749147748663
0.5927770013389634
0.347724969428175
0.4836442473333198
0.32908335620689577
0.4168407962795064
0.4589430712656395
0.6455094607737032
0.4245267437652759
0.47568085639696284
0.4773537696356773
0.38116402612391914
0.4440713433867889
0.44119796592502436
0.539150559623176
0.5302149560688765
0.5756688306779872
0.4322433977992778
0.446165677851005
0.5743221815020868
0.373428319065839
0.42731309987066096
0.3866318476118359
0.550420451243785
0.49723756447213885
0.5630363653847962
0.729186097977298
0.38523755220713185
0.4529554154177941
0.4584902320466949
0.49041799547100723
0.6453676184955288
0.38383756043119727
0.44726648567283617
0.47818008353717134
0.4461069947467638
0.5524486714090975
0.5270160285351343
0.5149240285643334
0.46418380257826747
0.4964525995320833
0.6632046070010481
0.6271480671704781
0.4966390669801112
0.5031975201381493
0.5902546357292474
0.38721722243072865
0.5666398595714995
0.49750917821173
0.3441374361991185
0.5018432282456647
0.6144835553844062
0.705870944199082
0.39589189678150394
0.5060293271998274
0.6088866270804331
0.5291395128106456
0.44046868557514696
0.457624883966403
0.4574139137424143
0.4060355555854766
0.4419640879958785
0.4745826342237675
0.5229428561586676
0.452220954899425
0.6990178767360363
0.39788112585479035
0.6602773412022327
0.5416933821016955
0.5385588098803089
0.6091930241979164
0.48398015958127416
0.4525673952449166
0.3617825750125574
0.5434590846068916
0.47701626366305144
0.41002697700337043
0.48554734809408917
0.45851872557576534
0.5144208856376771
0.5055103096298389
0.5573955432938132
0.4655932111436901
0.5523478403835033
0.46939745427023344
0.4600174475087408
0.4681224189453815
0.5917113599336797
0.4726294420853767
0.529712045683811
0.40134305550316607
0.638054627565788
0.5428208138591739
0.46928789040644153
0.45132466408001004
0.4378884578672099
0.4121234098130059
0.5602143448835994
0.4836523350879287
0.5091363406357816
0.5015154102452488
0.4210385285666057
0.42318121036211637
0.38962643702447786
0.5824048630130858
0.5515212119081987
0.4853339362987221
0.4486770915826844
0.4285560565293428
0.5853497789300106
0.5437368670917815
0.40313067766354677
0.650301218370341
0.5693741873910383
