0.36588088252443607
0.44375343539671014
0.4338803981562025
0.4674482233977258
0.39515386213280995
0.39289428325809905
0.5065151060785462
0.42894643820984946
0.5286759375563703
0.4263257068813458
0.38545000984800665
0.37909615116383766
0.3264380925889706
0.564175192178007
0.4269222872232098
0.35722573317723527
0.39523476333479485
0.3259265061143403
0.30504735562743224
0.508918759356093
0.47764425320470383
0.34580573012605764
0.41562199208458755
0.41388527037744827
0.4141683719745831
0.323911224857308
0.4612144273830027
0.40359636895116124
0.41846924942778596
0.5275886117764783
0.414019530897723
0.39066493716657624
0.3480830226497966
0.46543393646758063
0.39262458204049616
0.49029914050715145
0.422820307794507
0.34056144413823775
0.3243678604469676
0.5870476449224965
0.4463686696790244
0.4045685307323349
0.33503323210831554
0.5620887765624849
0.7155165394893918
0.5828179010916483
0.5306594030950738
0.4222314291399606
0.5686128002004502
0.42343474652406377
0.4678081157442432
0.4342586510005818
0.3435494786844893
0.3537979461634516
0.5338414363559489
0.4807228591714206
0.4697467865631271
0.715399357291708
0.38933433548080854
0.48830508629226443
0.42869030785153667
0.5255683487892046
0.3965515082840913
0.519635090868934
0.3274053409838765
0.28316182498193043
0.40968387612620377
0.38437101163629617
0.47014622383688504
0.390382437071313
0.37297479779168813
0.5414114709941573
0.35655055822928644
0.3846136560725007
0.4359533157965385
0.3929886062995549
0.3147758452393576
0.2753390528708415
0.564967080979675
0.3520238571097166
0.5184252760667842
0.5680571331967903
0.43901481940125214
0.4299595436686599
0.4069277348075753
0.4412335187776646
0.5719580767378888
0.4468928822496101
0.4121816774667576
0.48014268263627663
0.43902712128091254
0.37718368874328606
0.3392296264837127
0.4101412660483017
0.39440858259843947
0.40360860544325
0.23031193893477453
0.429453526670813
0.42606738491956536
0.5043818323416761
0.34441447931401037
0.38723798067936954
0.7090493001874065
0.42443873310119473
0.47651520155481364
0.30976036087413794
0.3390253761660505
0.4410538959626199
0.44987240799363776
0.5490551928425604
0.3601120971987086
0.5326090865892915
0.39146451126687487
0.44214536149700073
0.38013007230617973
0.4210685266659507
0.428608743548453
0.4285305267867325
0.4897987066808951
0.4335307819436538
0.4532408013711429
0.4091468682474292
0.49564087405668406
0.42610797921060845
0.3837392750889017
0.3815434251719486
0.3427123244641788
0.5804964521534975
0.367217372397206
0.48713750268236666
0.4210478757150657
0.4400857008579654
0.36098858544341156
0.349598202133234
0.3701253543740941
0.46895139032021077
0.358999066439369
0.4211214291371007
0.3045387353022978
0.44690405933006033
0.31795830749861637
0.4528514020081609
0.41086145381553535
0.4532865623945368
0.4906966347195278
0.3537002218689657
0.4403120997067932
0.4071550131107153
0.4465749823272586
0.4824778745468915
0.45446926779491975
0.4253510634729964
0.43697896521659896
0.4984927205627337
0.38849781020477847
0.34762814851535373
0.46700599415333655
0.37862749703635207
0.5007780288786976
0.5042566678527086
0.5574490767411506
0.3459598715150848
0.5081309685095339
0.35013666119156855
0.3971797104204473
0.34334431664919735
0.34384458097321163
0.39938243196928946
0.47707153889787973
0.38459086686898625
0.4698078069143026
0.42079813209781414
0.44062851363653166
0.3346033743437124
0.3998807152218568
0.3626226826989075
0.4548382421563329
0.33006697051125394
0.33595469800832933
0.4946196183411656
0.4011369934019249
0.3658954998816685
0.32302016521791166
0.5714525011835692
0.38016093125814426
0.46536226808607817
0.4831130783144051
0.3572576050183516
0.4726483760657337
0.3852722722454395
0.4913385151706123
0.47748567953725174
0.35277256138874685
0.3759114898920541
0.36572356244170307
0.4049719489706841
0.3778537373412907
0.556288701910189
0.3507821743508136
0.4581875869581614
0.36204944855495386
0.4356896795681873
0.3380651273823254
0.34013747646943526
0.5110370361420472
0.4203978563477299
0.6341321876555212
0.30725110167810754
0.5847896923896165
0.5099365769657525
0.34818973230008293
0.4837131391636577
0.3953190547881168
0.45394848727499265
0.3858482213593478
0.40714755032616523
0.3230222614210021
0.5074515616849147
0.457369849023084
0.35612006957960085
0.4091349414839929
0.4605578088204922
0.3664437075189468
0.5697112206753274
0.5219950821965056
0.4076647649976274
0.5903537680462995
0.5307115178716928
0.37366464320977355
0.47082635576988097
0.3926107222611704
0.4068836631864477
0.3765760656873061
0.43886476381557077
0.5786267131601858
0.35676931880249185
0.35018754504298766
0.39421356935066415
0.4487280463792485
0.33511380692853804
0.5851406926042301
0.36608838299255475
0.4048327808029886
0.305580704985088
0.7809378168416261
0.332078539902983
0.37413359469835034
0.45613983403383435
0.35050491867982064
0.3670514632892609
0.3915178477804779
0.3847990391600905
0.495702141483896
0.3714709195456083
0.3383203716824182
0.36600206374156385
0.42679292587384754
0.5832937802468704
0.4618187552084436
0.4087197725230743
0.4430880656127929
0.467612991816944
0.284435165518417
0.4524361880541396
0.45170120800207286
0.3545394572549279
0.3749101912429371
0.592635014953431
0.3890835039362642
0.37332415220071385
0.455625172807651
0.43187366103847713
0.3974391468534597
0.4792394145126871
0.42164551541312434
0.32664459128380335
0.5188471008815787
0.43342154912154707
0.36232670184511123
0.47946086014322
0.6396592683242877
0.4382215348172858
0.3787637249911076
0.3372187860784404
0.4391053185466915
0.854688080149399
0.4252171337110144
0.5371105999492779
0.37750983829926166
0.44276604069510345
0.3791617749395153
0.34340827456006545
0.39132724695223015
0.3757604386721914
0.3995756460313771
0.3874178696569313
0.33791517079179273
0.45787019637947185
0.3542697261884469
0.42580790028019383
0.4319647407320019
0.37072254019747125
0.36056537709975023
0.36763806028024676
0.5034811627069765
0.4151626071745835
0.3632781987075744
0.31513501180927805
0.4684836102715648
0.4053407268087798
0.387507861277607
0.37055112009556496
0.4804223390252854
0.3370474367366289
0.5189711856392146
0.5331599632654984
0.4072938942585338
0.40124493209611073
0.3372019056458771
0.6413760381459435
0.34164223266887717
0.37238763050302015
0.4085378973389839
0.4221059943510277
0.36098826218846647
0.4542386662251759
0.5316133734733122
0.48639806097153676
0.49887857544679004
0.36583887151288164
0.3361033325281028
0.42485264300885045
0.4147444016450117
0.49301570079399676
0.6525881942329873
0.4083130506202905
0.43004406377329385
0.45968523640225983
0.4547215588032417
0.2515166095744056
0.3233111502304473
0.49078103026643355
0.37123690244218405
0.3875528932412184
0.47036499943256654
0.5012932357544646
0.5448601383379643
0.43694007670540264
0.5178538643852758
0.6002656450337918
0.4156554477074476
0.4518638757117069
0.2825062926634199
0.5320002905818569
0.4223077671491845
0.5036944249683091
0.38018383471436085
0.3712482753716728
0.5035759196331734
0.3871662407091183
0.4548408037080616
0.4241609310835738
0.43626329481352105
0.39679729268304365
0.38521492472087066
0.4929633681294696
0.5430897350480031
0.34667503836863034
0.38141931540057367
0.47729071118893646
0.46289351377880567
0.3957094115714822
0.2665806499355414
0.41851304327480254
0.47137982714326626
0.39925724168440285
0.4791510154779541
0.4349351245296562
0.33361696660228224
0.42007111038805783
0.4679590507043459
0.4520267775514978
0.5989851705859779
0.48873872783287964
0.3042909342790199
0.34042055847963704
0.47939452533439747
0.524243473330346
0.42381033704192367
0.3741487468633911
0.39763930148500737
0.42888109849528755
0.47836080416251714
0.3143693467467088
0.5672804153997628
0.4747967023934231
0.5607410001583821
0.3424644346796141
0.5114430291553328
0.3724085822339419
0.3894278587069875
0.4113908058125175
0.5650137220412117
0.300131714197642
0.46543492887705024
0.39610672689654697
0.5653373069736626
0.4605494094911433
0.47653180253118615
0.3560781966236452
0.3900800265120875
0.44413296132240204
0.5543572497941514
0.43300635795111114
0.5150143076423194
0.466704828810442
0.44208550338412905
0.40007458121163725
0.48766540587688245
0.48269146857314804
0.2873155991359855
0.3105867696592508
0.442401431710322
0.5923221923041717
0.49581177193216597
0.3125402612011774
0.3812296255511283
0.38438850699172794
0.4122550090979956
0.37335095519614137
0.42530906433439053
0.3274091451644013
0.3743726890961461
0.4042887363243507
0.5471139785627769
0.37006518221306944
0.5748045652615813
0.33790856267956315
0.40975804653438946
0.32584876595178025
0.41313684030840503
0.4803079559317844
0.3631540078511593
0.5115008273599276
0.4029703148184718
0.4727866932080609
0.42377159795320724
0.4032387132020314
0.44169367317864516
0.531142586861643
0.38907042419920446
0.3656887399989255
0.64426436896337
0.43305689243462236
0.4741514722926274
0.4359732205488778
0.43497361317303923
0.5398908055351671
0.37094382829620276
0.33382613582563025
0.37769432532505287
0.450457898051674
0.3548632028523257
0.34947668846616214
0.36792511304030223
0.3379182365549272
0.36720512504909386
0.3678691389153542
0.4369397455737374
0.5419826101717967
0.31559338247963464
0.33919767271273876
0.6301834376793684
0.5261505561350086
0.3886170631452755
0.29483458225523784
0.6321657647199995
0.4041322718235505
0.44363151462598227
0.44265096329390263
0.5223846192695157
0.34092031012279733
0.34109115727053974
0.3236242862281997
0.3253036616645749
0.3412206377064819
0.3673552749072242
0.3926437294427728
0.41958391009411194
0.3742125263279146
0.32143599364887565
0.4238389296737073
0.405631500065654
0.3732211387593166
0.6092022972296584
0.5893219565166936
0.37516976370153216
0.4316567838975243
0.42844373672660224
0.43272530566731454
0.4520236625394062
0.445340352633871
0.46865009839476063
0.29395021654475734
0.3336324894898883
0.5434706878859469
0.4116441069663635
0.45615530857422815
0.5316095491024704
0.42144282412304757
0.42275349209646046
0.36954394018759906
0.415234146302607
0.3677341664265496
0.36772255008309823
0.34819973544293636
0.45073613797559564
0.4943309832646389
0.447911456118031
0.3869043797571412
0.35025728293499514
0.48872925741207346
0.3846602626104171
0.5243511112299335
0.5317012525219199
0.4062488080935346
0.4617821939697146
0.4446769257819703
0.38474389075050613
0.37386587781397035
0.37952286016886044
0.3948653824373657
0.37157653086975334
0.5296371766801433
0.38200292814221215
0.38501393795063266
0.3704142245395523
0.4090364931516986
0.37754300629523896
0.4767534189397532
0.331529216173216
0.4023908342166753
0.41633152900341047
0.4595635935877067
0.5168317786160016
0.3386704871860747
0.3787561937583676
0.3934049219798584
0.45819241921272985
0.44254041134410677
0.4678851266038956
0.4638590851075768
0.5667596816469969
0.36751229125224516
0.35308900446380953
0.43842418103004155
0.3198564014154636
0.5131830165896553
0.5191464257058808
0.38637900658517227
0.5368183237441926
0.7486851369948448
0.4459038594669575
0.5351932871436844
0.44111915190889617
0.3865153694865732
0.4985041680899215
0.5192690744078361
0.36857941880859707
0.4491739957800363
0.4492699944081874
0.4809533296605798
0.4294373020730506
0.508268521579535
0.32843446116812597
0.5838931957307766
0.40176471693471744
0.4629945537682093
0.3401080776071953
0.430006457463907
0.32777156581376005
0.29620043278580616
0.5279171541914124
0.38395222749278357
0.5366034330842797
0.3558457631024772
0.38310173754757787
0.44729028985112224
0.46858274170065745
0.38740029245388385
0.3363301408723491
0.38464082322475074
0.3832917012178663
0.5083881923610877
0.4588935689647815
0.5063498647058426
0.4200667599272041
0.5692564851561135
0.4985649222155678
0.3965097730061247
0.37756687735776345
0.4564797089416923
0.3733748811817664
0.3416427744821928
0.4219673350099841
0.3813804379207144
0.4373403088835496
0.4223569636622446
0.46029292638614044
0.5606851167579833
0.3955349375985718
0.5556731560306927
0.3116499343091631
0.3997646766465148
0.4596639919220233
0.45042919978129853
0.3472971581964157
0.44763922510136406
0.49724487828933017
0.3583534170296637
0.3949731032846898
0.3701377300514658
0.4014874921336418
0.44814851257201516
0.40867707322424995
0.3762413561100336
0.4236028422460531
0.5449994963561654
0.425708327815051
0.3475608889262679
0.6539397058829689
0.47057866574741225
0.35840657542751847
0.3862088419098943
0.4282274959461097
0.41525443742623563
0.4181112561505601
0.47462488029992883
0.33082653855479477
0.40581417236019557
0.43504561267345715
0.449949466197106
0.3905149820934725
0.31994490430152717
0.34785984177619045
0.26031966217669184
0.41897645866686667
0.40214157250312643
0.6386403725772981
0.3504587546823384
0.5619742188545972
0.47942374872381666
0.3816400551751221
0.5634424355451899
0.3889516364115775
0.31951354428454976
0.41141319171000346
0.297149270268668
0.4534553896893151
0.26363989576826563
0.42436195570353324
0.37932251427750097
0.3677889422720479
0.42857269689223976
0.3883740329609209
0.4065976445184926
0.4415552668983541
0.4084928210950093
0.35173895534677824
0.38928334781916185
0.5174635904682502
0.349669934192984
0.49854231892336576
0.36684146883119095
0.2930435096274668
0.4278555709135731
0.46680644308230285
0.38856610388339
0.4057248754300178
0.38564406241370985
0.46849722583125586
0.38613386812460576
0.3891897884395489
0.41096176116372934
0.3291921357311189
0.5853711444281573
0.3762031078228678
0.4352883313017748
0.39062039408541194
0.3097731344250982
0.4603863952159945
0.34362398121065174
0.3425810180333769
0.4785217100496313
0.3895196327920373
0.44611113067483715
0.4490179392895606
0.4594505886230586
0.4317118673290279
0.7330774980394253
0.4471134017655005
0.44731920289967186
0.4872000127379251
0.391226704177667
0.5102226973007918
0.4969698083016881
0.3737122562772477
0.40764998348197495
0.5459990529692115
0.42113114546782565
0.5081340592069671
0.4281227800355731
0.40099047948286937
0.34393515223531107
0.6023181707360569
0.42697648757239126
0.43891472977503604
0.33874901397230456
0.4616772956518952
0.3212807261113406
0.35259916042980183
0.485224441076037
0.4342137411130295
0.4413155474244629
0.4443971101345106
0.610255765960698
0.39415297766776153
0.4732726597765606
0.3388851274402722
0.49411699122650665
0.39967030768402506
0.40373688575443395
0.31063989211510185
0.42555587405429857
0.5005507592662127
0.3817845334907613
0.2888195663381409
0.5158231549684987
0.34032878496697966
0.406015044328505
0.4407215851557465
0.49974719929171546
0.34118348340264276
0.47900500664325135
0.3530107383749529
0.39258754986343153
0.34877272325188036
0.32901152821286594
0.45463185634264835
0.4323288549261576
0.3745812527566159
0.4194634867956758
0.41085860874134367
0.4483490571202622
0.3737274786523527
0.39757308888108694
0.3641252054148205
0.5285431986775646
0.4161056110222627
0.4870241320524077
0.37666781727502846
0.3963122689966047
0.4254123500291605
0.45291064498015066
0.4146246972842693
0.4949595175257228
0.3432635022859946
0.5020602462585545
0.4091978403378992
0.42018291622649506
0.3809688503411839
0.518270770561582
0.3807182840361737
0.5259517968797697
0.4306542815730755
0.45452287457302243
0.3848161084598082
0.3737867882576289
0.4454856414126573
0.4918674255248505
0.41563973226384243
0.49783485008163847
0.3627212361497676
0.5281328174264014
0.48140435100648493
0.42392225462125815
0.4403926778818525
0.31191812696809423
0.4489914534830267
0.26599399535396706
0.34386639210384734
0.4189447450949589
0.5446706759916465
0.3783497877248337
0.46707922497615034
0.37054928469537357
0.3010725167814015
0.5036819449646055
0.35102864789560084
0.46333000335243735
0.3464293509002268
0.4471137739826976
0.3888864939235368
0.38760005047912666
0.48647154549092275
0.5051354290020784
0.5723172282126101
0.31254475075811444
0.5410259654643768
0.43220622317599866
0.4768489589851172
0.32853364056073225
0.43581185022304547
0.4362072967776472
0.4383527435386278
0.3726291922133957
0.4124913632735088
0.3742282871421188
0.32826751182299946
0.3829747805288949
0.6342682594231909
0.349998208214778
0.612439477418191
0.48627857256220564
0.4094942935260166
0.4796687633266918
0.5223440216875052
0.3481677880907067
0.4140139191877836
0.521534277826143
0.4699662446824493
0.2866875012870214
0.42212279997063906
0.45293605427384537
0.3340157735984978
0.599269102253268
0.3556517728897133
0.4680239984998934
0.3323805672003365
0.4269859142116577
0.39971163151231326
0.5407258679096353
0.45227797187534957
0.5329048365205169
0.3960312007506589
0.3542487315498372
0.47277045746920615
0.46190123272115063
0.3895750311722939
0.3456138405391362
0.4233909756131991
0.3517476044236965
0.4412540620451363
0.37955213366537166
0.483223136946601
0.48793825483844994
0.3783737836779903
0.37330959511618744
0.37280374932531724
0.5919983870427205
0.46747663063898603
0.4065547987499399
0.5698744660772103
0.33892114821475167
0.6019581797629795
0.41791429736576896
0.7201655524114481
0.6006127851580774
0.4373042076003258
0.40697233327013504
0.3943727327395669
0.38823989886690025
0.45478168481711806
0.670191890186313
0.5436497159030876
0.3115743063038292
0.7396230578157339
0.5570280692490129
0.4728191955811335
0.40201746040694875
0.3624537430465022
0.4039901507107779
0.4667879082643913
0.43314771543735564
0.38295914886798876
0.36814448053491816
0.30009102052429526
0.6238957456894605
0.4813656586792617
0.40329647513564426
0.4838862493734663
0.5023882352828143
0.417910803798227
0.3717388743123296
0.3528618857552845
0.4222694400478158
0.35694549946165643
0.5779002005322573
0.3516503552639078
