-0.19764515462364388
-0.04007519944092558
-0.016646332033062223
-0.4541362749629815
-0.45130804869502494
-0.45631019442678383
-0.35668760676017286
-0.01473077034480762
-0.5591780705563875
-0.38422613724438087
-0.38775711651122735
-0.6265410508471274
-0.49216700397271573
-0.31136301438921454
-0.6809413794616093
-0.5194493472368102
-0.508878593767341
-0.6486712010072548
-0.6212366905627438
-0.09511613872903435
-0.3428346993242603
-0.6459551053072718
-0.5322516464972127
-0.6337819891805166
-0.5906771825532259
-0.4389094653148193
-0.514007438926689
-0.7016352604049133
-0.4924644793659204
-0.6197135299279921
-0.0011608983001655901
-0.3052833555504898
-0.44642630042712556
-0.751541657119517
-0.7054295149974192
0.04815050711745486
-0.5657423488787947
-0.4224354979109768
-0.6595615143472995
-0.3494390680301428
-0.5502120284857306
-0.46524156348003715
-0.33904848599295334
-0.6374942422846614
-0.3558308431730927
-0.5512944494436002
-0.7709590185182756
-0.4336354614076341
-0.04341854437971224
-0.5552661455855075
-0.4010631627506396
-0.4310808985227493
-0.51640894108776
-0.2631879752659875
-0.5601264259963454
-0.5571225675302733
0.054157846841678396
-0.0829174777908436
-0.07055011010191302
-0.5919741445782849
-0.5617134393101806
-0.40203556839377186
-0.5753044578503806
-0.7034321603740643
0.07644449745005166
-0.37663615864597527
-0.403951367227024
-0.27243079476269044
-0.43789334326809204
-0.41120871210318405
-0.38959462088365443
6.804510100746462
-0.1389412040511603
-0.42074411633807424
0.04345381927465735
-0.39447960012803784
-0.49705282464263445
-0.49512022379091897
-0.662438936793554
-0.2615508413472509
-0.2032522144522145
-0.5651111509713426
-0.44049105108369213
-0.4552487565994067
-0.49084799362940723
-0.5633902028599844
-0.5556527113774515
-0.010323273971400987
-0.41792490940503213
-0.3708174557830974
-0.2082711060784172
-0.6133374994050933
-0.13868418574152494
-0.4031214460280204
-0.1606546971484023
-0.5571412648953028
-0.5524212055483191
-0.4420398429780069
-0.5017202770635968
-0.4046625639681032
-0.12091195922577519
-0.3574933698649384
-0.35940614906303614
-0.5181981465768972
-0.6066549612436298
-0.34360118747775165
-0.5541706964384642
-0.6723238995529425
-0.304056363737398
-0.5521053060411556
-0.53671649953688
-0.44779519750963387
-0.3151543213637305
-0.7133844934489477
-0.37278808148373366
-0.5972612203955187
-0.6485681190999263
0.03232702316033911
-0.03476491565843303
-0.40650473220635697
-0.5192460429870517
-0.3220706131100136
-0.5975411252006578
-0.44938290914673185
-0.6675195323117065
-0.5493310627140321
-0.4374468883230056
-0.1962944369489504
-0.4876975424347405
-0.3859606029769354
-0.3543998498706766
-0.6038651756048233
-0.5090905305740517
-0.3607244814193122
-0.2607353457192008
-0.7476020143298674
-0.2416956480529613
-0.564308751470059
-0.4468475738062715
-0.2701884069245297
-0.2700341015653997
-0.5430397923657981
-0.47616302439987357
-0.22661831245717276
-0.737571528337944
-0.492764104645585
-0.4711487669053302
-0.3386075013456522
-0.5736367771556478
-0.250801986764515
-0.5289402225876774
-0.6036142229639251
-0.6615593312026319
-0.5132035168744312
-0.5299167247055051
-0.39809246681050464
-0.5473747255590945
-0.3729672399051938
-0.1954243215288381
-0.29179025676310894
-0.522158310833916
-0.4050140042207345
-0.5542401375842477
-0.5382447714214
-0.6597691037630604
-0.3637588910304336
-0.435494354025616
-0.5644618625458714
-0.5792115082585827
-0.6740796993945827
-0.4487834664429626
-0.4374322742327354
-0.3177529515010454
0.10820300162837723
-0.49648114882984845
-0.5772147792349812
-0.4078825457914617
-0.403691363900788
-0.2747328933930396
-0.5272902308823773
-0.07252124259830878
-0.5830557644085866
-0.33085875867712544
-0.6189894565261566
-0.6478749633108306
-0.3384378018635847
-0.2717762141619847
-0.1908205689047351
-0.48806226963724736
-0.3709980023124558
-0.331483212992209
-0.4145514563465547
-0.4052175560016332
-0.5360588397613035
-0.4974309350634929
-0.7033904254646975
-0.6064829100694676
-0.5186795527663752
-0.38028520299045376
-0.5472315906907158
-0.5716501225984226
-0.48701714677403957
-0.3570171544534991
-0.3209210401635239
-0.5994362869790478
-0.48162614997173253
-0.11953939360020152
-0.2805905039308494
-0.6061888828841324
-0.5158190016284958
-0.4187038172372625
-0.6057943790837924
-0.4485895465908309
-0.1273013855920299
-0.3012802286891104
-0.4978729930122153
-0.6052072128650361
-0.5815530579268728
-0.41597105117920047
-0.38819977596240546
-0.46494938485629517
-0.4818700851973014
-0.4482570373262479
-0.349341350074775
-0.36876909301979116
-0.4052622798114755
0.07305787991894616
-0.24549763316081968
-0.48595857231695566
-0.5854474293974725
-0.6483962527191686
-0.5206874581186629
0.09028283433988672
-0.3503173039473986
-0.5247462386281374
-0.6003020650575457
-0.5122605916858016
-0.31840039560964245
-0.49708400928188595
-0.30426950689095006
-0.2961673659984163
-0.6143720617864338
-0.7235262518082562
-0.34945685591309694
-0.6499171398299329
-0.3739795630933826
-0.7491733468599528
-0.6955618599160134
-0.6135857018938559
-0.6292867196124583
-0.45977649761347184
-0.422249982920664
-0.7665326516153644
-0.4491091593029641
-0.5795305838633928
-0.34962586384089955
-0.5366726021720667
-0.6002841665176365
-0.6086795988747198
-0.6423167555500434
-0.4958166570547704
-0.33244134122328156
-0.45595871082525463
-0.5007456762942148
-0.47941228576490286
-0.5482351048440164
-0.2966221551925018
-0.21313288833182736
-0.36075189018498416
-0.5497474310663073
-0.5261067842687703
-0.36023992828029827
-0.6510308682630145
-0.5993677730638051
-0.35496653309628773
0.18016446548716664
-0.320625
-0.46265697844346376
-0.44612058603328547
-0.3498786080388455
0.0745285229003161
-0.6472415374477012
-0.5435337918612193
-0.3806131428738125
-0.7251808371356616
-0.4366884206287958
-0.3892399822057968
-0.6140304366231512
0.1483025349298967
-0.6902077897865047
-0.4244623428374234
-0.43091387469580916
-0.6230753542219035
-0.27274795566292825
-0.22996397617434103
-0.585659235613757
-0.44023624615533913
-0.45283275413695656
-0.4454867000526597
-0.6447858586350466
-0.5426348850972199
-0.5934795215266196
-0.33081774580054457
-0.6503510400085225
-0.18862656370403158
-0.40173493800391086
-0.1607502920054243
-0.7248829528585224
-0.5315263750891314
-0.5956844880704282
-0.5588472042018753
0.18249349024307493
-0.4295806272243376
0.0796830563952136
0.06649053559473798
-0.5094782343317706
-0.7155471145881455
-0.07113916611436055
-0.5042580431890985
-0.7325766528875876
-0.2645666594457877
-0.7075077655982414
-0.40635192143478577
0.12755088753958915
-0.04752169017337709
-0.36980725443669066
-0.5529715794689732
-0.1366958997949624
-0.7218144574646937
-0.6376373821444952
-0.4436104572552165
-0.5342830746177687
-0.5710207003548222
-0.7250481162399414
-0.24096502726353153
-0.42922280673185176
-0.39104865436294195
-0.5190879115976688
-0.6035722914346939
-0.5021091524901855
-0.6840112189090279
-0.3514348103472089
-0.5397307113038837
-0.6351091142490373
-0.30293131911766824
-0.5747296878282006
-0.3711705841151006
-0.44095391800132794
-0.5221025688496673
-0.6140818212611497
-0.439092437745334
-0.18681409779706676
-0.3969935169480581
-0.5278958371262297
-0.6764917852699917
-0.6194336147622289
-0.5302406824586446
-0.39962180957523974
-0.6492468435899542
-0.6207775223551353
-0.6488739648422548
-0.5347329103828578
-0.41395851575532794
-0.24945111005285858
-0.4477760121903807
-0.24929457500108526
-0.5903165853049205
-0.5304758822397652
-0.4139369791520525
-0.5542969455743951
-0.48159670927270004
-0.32775993743446086
-0.5737228201744147
-0.25975400663573484
-0.35108193169091084
-0.6947772016805802
-0.3078967921634312
-0.4691073615641025
-0.6362540016887814
-0.49124461000538555
-0.25593707828888607
-0.11920971182845437
-0.6511387268706024
-0.24490812210547286
-0.3447604714329812
-0.501071866408227
-0.5549594771408898
-0.5418243470302053
-0.09241907620803343
-0.4484246806896609
-0.6038362867103207
-0.33714656312031466
-0.7886203804810612
-0.04325775323204871
-0.4741759476011444
-0.6346174273482544
-0.47167478359188203
-0.3316500481932943
-0.4255626983213587
-0.45222647787338355
-0.6039130396146942
0.9396460444713358
-0.6539187561518934
-0.5432775911262684
-0.664757860055533
-0.3628297520176942
-0.5579775269019003
-0.5995153532402918
-0.40311227789826126
-0.28135834726807096
-0.3767110655459814
-0.24142621707170328
-0.05484871450577871
-0.6479826026644213
-0.608884095283824
-0.13877779997195033
-0.5203531025231019
-0.518486253043695
-0.6251243239883135
-0.4993774367295427
-0.5792858154315177
-0.20108098317601578
-0.7387154935733702
-0.4970627888333135
-0.27830653689663204
-0.5609434360489659
-0.5668592182722527
-0.5705938022427156
-0.5457580018936741
-0.28792238815983356
-0.5149616170496821
-0.6051184768257939
-0.056275638854390034
-0.09099326029569611
-0.5340945825927468
-0.31994565974641215
-0.5315647804604714
-0.38764269577560523
0.23000894081525286
-0.5839657374708843
-0.5423382276347741
-0.522839651247454
-0.18619372585706448
-0.5993762866849942
-0.6817109803364213
-0.49349320692578436
-0.4147826218177977
-0.6396523625866822
-0.2819209355641632
-0.4886432087062619
-0.3343667218235919
-0.12145783640359882
-0.5057205422550314
-0.6866497355762049
-0.15137316130310674
-0.5432386889102809
-0.6255034181382547
0.030143684380231364
-0.6562873780595309
0.24022301416389794
-0.1676502074133547
-0.5684324335064109
-0.48958661315024443
-0.3822767341486811
-0.4447088008936537
-0.11878414727481006
-0.3689737618032459
-0.5071578962360219
-0.49276652420949724
-0.44012526612113934
-0.374879790897808
-0.3115589832308456
-0.7279920131751167
-0.29975476973610476
-0.5831752973153996
-0.2657780347315903
-0.3891120639566954
-0.2997589579190846
-0.5319062970731914
0.10168683807842424
-0.6652308447115626
-0.6477721376198533
-0.47803414275435085
0.33563229989152626
-0.024630794865747176
-0.4063540087327496
-0.0653299725557222
-0.5970407780899595
-0.3930723352381698
-0.46513928631003554
-0.6096308179048252
-0.17379454673993383
-0.5936067824886524
-0.47657259163983595
-0.546061807868989
-0.2362025127678021
-0.6253153858272048
-0.5001058920078006
-0.30288691612403695
-0.07255601691039416
-0.7010170577400496
-0.4270306970556636
-0.4867062726264516
-0.3854942304798562
-0.346492480105718
-0.6422590759042551
-0.6047071009450589
-0.6119990580725696
-0.4606352203633068
-0.45815778777905547
-0.31638877907742863
-0.5182283322752629
-0.14238484729265333
0.21545262553130373
-0.5148155512794217
-0.5300309102836612
-0.828019053690015
-0.39154951671472815
-0.5557589321167737
-0.37176612369484263
0.2965939316522625
-0.42072777568045217
-0.4997788025343981
-0.4608950855376587
-0.6279584236562726
-0.4891506756441626
-0.7352822801191329
-0.4786950284664007
-0.5143290978717013
-0.564898670237664
0.07928358620610401
-0.43412144208490105
-0.6824091045717351
-0.35631044136280093
-0.5152960028007998
-0.2747704545532673
-0.6472437044734429
-0.29120349278052443
-0.4205584775364356
-0.30409890081637014
-0.7419062282271324
-0.37829023026427416
-0.6236788320286437
-0.42561880687687087
-0.3397654432650395
-0.494937810128225
-0.28660227660272697
-0.6056928020398339
-0.3802182731471154
-0.4831204359907805
-0.7037270406632415
-0.4377808241900311
-0.5344425303224152
-0.3957956816584636
-0.27858828718806267
-0.4874886167479918
-0.21964285280256282
-0.2235421627892777
-0.5903568032516889
-0.606655205339685
-0.21468399852245346
-0.018594323636035574
-0.4341261201250218
-0.8275325092115005
-0.6090204857732099
-0.5448781275064066
-0.23407921407813853
-0.21036976138997138
-0.18452800626713672
-0.5989627396638627
-0.3238529555964533
-0.6309922749748097
-0.0608625128935993
-0.3103288758175942
-0.5878063596589713
-0.6112337889729517
-0.3277878184780438
-0.4351708367979439
-0.34134565150713375
-0.29657019361088166
-0.485219270870423
-0.07651576226216558
-0.510166582856413
-0.6975038852361028
-0.6749571044521064
-0.4399078271311117
-0.23984807036582662
-0.45451083566018063
-0.7099502499144447
-0.39907071284312506
-0.351419282451785
-0.39804164247070584
-0.6089711369481551
-0.39399718060394434
-0.5397232927710799
-0.12095649872055067
0.5042262427542596
-0.6008803241828737
-0.28155972708053745
-0.6330918535424208
-0.4121074829453157
-0.512678800536123
-0.47785530061558673
-0.7116597762782891
-0.13808883592947688
-0.7085848725643242
-0.41664398484470944
-0.423204529136135
0.037558342448253686
-0.4488813949162824
-0.11863925907788926
-0.6109063189295424
-0.5020521188110677
-0.5777072006365204
-0.3854090480877179
-0.49359955056773097
-0.6128265054807825
-0.36162637205514003
-0.42569701139861005
-0.5984604667019106
-0.28055541940046635
-0.5399348254156251
-0.12729015895495308
-0.5614016589343456
-0.48067012413132565
-0.33271737883750274
-0.25803742693591514
-0.061153944154106146
-0.269724415353161
-0.3125285193791375
-0.5620815819075247
-0.4382192315923856
-0.6040112880467647
-0.48985065141404505
-0.697481148002251
-0.46504316919551303
-0.2760682835883009
-0.6534730115543304
-0.6037203505714962
-0.7372238096020699
-0.5463810512409172
-0.28419337347436013
-0.7219554612842124
-0.6693400100901862
-0.6911773456593349
-0.417580170280081
-0.6637619236768199
0.0007141136750655283
-0.5811744750730604
-0.31342297917413453
-0.23830952887620424
-0.10629173663870078
-0.5823971424374028
-0.5403746173519355
-0.2654635836512902
-0.7198036913670819
-0.5178023327194597
-0.4127839655297025
-0.13628245075233408
-0.3369680757864243
-0.5277542348579374
-0.5262795262293468
-0.6050718984840211
-0.38356926556970344
-0.22901950571477064
-0.31657506597918156
-0.65906258266388
-0.5629040258140473
-0.7072068249395949
-0.2420602945825666
-0.5930713964596458
-0.3186412998209865
-0.47447636570408436
-0.7870926570939752
-0.43557753441610764
-0.40963160658389086
-0.6751711997139637
-0.3033722023354561
-0.4908979903986427
0.02312887058431633
-0.15347248742053118
-0.46584600333289644
-0.6097072753963467
-0.6290463533782309
0.13905175178056933
-0.7007788021481709
-0.13715677605677842
-0.33459280798177277
0.22055772104268712
-0.2627714292953607
-0.5736866422533283
-0.4573797337172783
-0.2554830577996056
-0.4856777330686174
-0.13737678871414977
-0.2642849640849541
-0.6505310835160266
-0.5293489059927462
-0.41260895780401013
-0.6933641254944353
-0.6686543524129006
-0.264923020192771
-0.5932735624427895
-0.27446294755970824
-0.49985009995576934
-0.07419702280973005
-0.530666242676768
-0.40158911189469915
-0.557293615554844
-0.5558638334064969
-0.33151143536948524
-0.5797642530225259
-0.4364406151730434
-0.39456040098386114
-0.3456964761779366
-0.5660745466022861
-0.7022305684307557
-0.4679781891076273
-0.36771390699062406
-0.38561537412743646
-0.7170437438054164
-0.6869714617680808
-0.3814090121521039
-0.536172579916165
-0.29176216348684303
-0.48269893707557676
-0.1853801632623108
-0.37241651572151785
-0.576118999671876
-0.5251286987863291
-0.4395553199590859
-0.6647221773021953
-0.477950255777033
-0.4627145047380379
-0.24778014630331108
-0.5866038007591045
-0.2701944242372086
-0.6886486552254877
-0.5341084405975309
-0.43948153488450403
-0.5710254518153606
-0.4393553163820928
-0.6028263707646486
-0.3238411614459335
-0.6158954656099885
-0.6556651230319875
-0.5143422324049371
-0.1198618424192291
-0.3505600454700084
-0.23186312715672872
-0.28536567894005743
-0.5800386395780975
-0.5818678009889566
-0.4523511960381237
-0.337157469000629
-0.431184748124368
-0.3466091464202848
-0.2706923761252432
-0.22240412691223224
-0.44887229693598607
-0.5862230762856305
-0.3528707527808042
-0.3131450046242152
-0.2535844499565553
-0.5348371508010062
-0.7337657064734833
-0.3290350645926707
-0.6003148057722643
-0.23828769461700283
-0.6102116082984632
-0.5742542188987452
-0.4113305166290719
-0.4799979057968525
-0.5012756195693145
-0.19847497667699898
-0.1730463467056945
-0.44454838937719443
-0.4223715225860868
-0.6418898834444184
-0.5905808876940473
-0.1242095353739316
-0.4352718405403677
-0.3214583292964133
0.05485170073270491
-0.6212292323129843
-0.7474646242282996
-0.36326994708487204
-0.4552821113513172
-0.42661181735376824
-0.48695726484489527
-0.4850164238365744
-0.4402583637720883
-0.7933720512582177
-0.510719569714011
-0.46791556267287815
-0.3053342960618505
-0.28687064968821463
-0.6595574506331687
-0.23141102626271787
-0.5808866412715092
-0.3974985560345694
-0.46010969490532183
-0.36695097105053176
-0.26000391110037063
-0.20101333299807014
-0.3752256286868947
-0.508516364009716
0.08184987782426026
-0.5330389022824545
-0.3984735152738535
-0.6397692481303403
-0.6291425710697254
-0.4412666323569328
-0.2373088037952481
-0.4306617528509822
-0.3383143387593611
-0.6057901985992578
-0.4373689891088137
-0.358815727217021
-0.5825049211771388
-0.33889186812912725
-0.4711145172446182
-0.6898595960400243
-0.5754180536518504
-0.5765829675065143
-0.43426824863751773
-0.5477128483686702
-0.015749383474594095
-0.517274382155388
-0.5895907180981065
-0.5878973248787631
-0.18054046844810565
-0.5825975863646942
-0.39347675927504777
-0.4619471922838744
-0.26580576987327414
-0.22779000350273365
-0.6085136292187959
-0.30455725730774097
-0.3303540510154426
-0.5640782870082233
-0.06179414901259271
-0.6824372378746493
-0.3593980779386555
-0.3635874115930886
-0.37945347343675206
-0.4998076872315634
-0.16513339466421334
-0.4343087469576453
-0.4851138464722535
-0.6010299240104799
-0.5721363080633342
-0.6114933210592052
-0.7010923709392286
-0.2055246826570688
-0.4830262814660232
-0.5462152409306188
-0.4348796777771659
-0.5109119549325091
-0.6248516699980486
-0.2438118673452268
-0.407859652283578
-0.4476536701751046
-0.6355740896325197
0.016412368911060456
-0.24246772252080528
-0.5682201889755928
-0.42241500408816013
-0.5699422541550181
0.0967975997834738
-0.4457153401496969
-0.7109068138468031
-0.453094011477122
-0.44957920221351166
-0.3324845980129358
-0.6217046186606568
-0.5843256571411911
-0.30368256849309017
-0.15949468010628262
-0.664745789426062
-0.5411776382720032
-0.5688852691954461
-0.5605541011794937
-0.5153099945043518
-0.5646660031281103
-0.5810183755101033
0.6512063339217887
-0.4578190867997359
-0.46732912596935267
-0.315894377995804
-0.46243158482444
-0.5526587851380909
-0.4307780778904861
-0.25164678128441553
-0.7654216621118614
-0.5578644758693574
-0.40709399014359454
-0.43074225797839333
-0.6762256030197018
