0.31810804931439407
0.20739092040400314
0.33543891766161993
0.31558980698486794
0.3722212824172665
0.25036667802834467
0.31754854176332864
0.35953264347678837
0.31729421414771086
0.47849783545451946
0.38783044651805687
0.26669604302211225
0.33587136598894224
0.5193218436542288
0.3270490624157223
0.28988224018385633
0.2772578325120623
0.3295062943399242
0.2785149981397673
0.49614179360906
0.4552498598848105
0.28233414114341776
0.31171078954138276
0.2947554630956315
0.26663936296853913
0.3093641211001031
0.26277152667846515
0.3067617879247425
0.4490776915235615
0.4116715940155249
0.26944989951310894
0.30735371273539697
0.2149503931970667
0.3485151935416805
0.39791168052547465
0.30528054959063394
0.31244965071574277
0.3291820009664509
0.33779933240780635
0.2708250119317624
0.37374680552259665
0.2634494867248148
0.27924774982636785
0.41542483539935876
0.49869668733405803
0.5406841752307653
0.32607744248391973
0.23380971864019062
0.35855026337093726
0.27495372335344936
0.3163005069032496
0.32775661864803846
0.3052852084290058
0.2548925145384253
0.29101202018476174
0.3490140507089515
0.32850652453324064
0.36458368176508016
0.3007061925346714
0.27462993684211917
0.32579087654587435
0.2702048285907371
0.2656681267843445
0.23282661436429944
0.23467161184125576
0.4080617947454405
0.3329758144634297
0.3780591513513155
0.4942953294283596
0.23069716148355504
0.2707126095490291
0.5741379552684598
0.41490655343778415
0.25603097083453363
0.2654606601276717
0.2639185486702149
0.3395391235513355
0.211245821569586
0.37623068016587174
0.2695209313818431
0.3163513214895203
0.38292278496630233
0.28595173428678683
0.3223434894543633
0.30657064548512036
0.27215486843934433
0.321465954277222
0.3318427890189746
0.3491062056667708
0.3188984035547203
0.43056779714853355
0.28028793627390064
0.609406487071044
0.3533559080830434
0.2520297213041808
0.2318632982538324
0.2902115012127465
0.38166364564363453
0.3326855742669297
0.3171617243876021
0.37882502288463743
0.2973771064726233
0.5217548099200999
0.4259260323823997
0.33662167782515595
0.30019890677641203
0.3383177198624281
0.24549827514370534
0.22861914686201362
0.33610295764361514
0.3756342445749829
0.3907858910818991
0.2754784715063176
0.36352543849745667
0.18291649842816957
0.2757142228237438
0.359267147883495
0.2361904698194829
0.2887024080273209
0.3706366844109068
0.43126395957201835
0.17274868890521045
0.32188485005578227
0.4352699893513505
0.38565738447835485
0.3367792409589025
0.23292132148516118
0.45273705539903514
0.30718952039685976
0.3791467950710543
0.4318440199506848
0.19701071558272057
0.3177687288033399
0.2705938273282611
0.25963559234944494
0.3375048474622069
0.29554232390248797
0.24461021743602826
0.44384137931272355
0.3821790170279153
0.27985204146532056
0.23821244577358794
0.3156431468284012
0.4218556214514435
0.4045101394811342
0.2498346466883832
0.3491443431916107
0.32391366016826423
0.3309870051722982
0.34891825698670015
0.32933637511192265
0.27774252893032214
0.3471695031478674
0.4114844632481064
0.23975523273283258
0.22081611141436439
0.333835778407731
0.2502866157970739
0.4275090470246405
0.2544250461608286
0.4417460265914442
0.3278563869949673
0.47649725041650504
0.2465542711454246
0.3110170663192093
0.288872526099732
0.23297239541954867
0.28509231324598255
0.27947464711681536
0.378884704445076
0.39790279264952283
0.3666428368089708
0.4629699639925293
0.2495709233967005
0.36651118035299807
0.2959567869019949
0.33505125549078385
0.3638741523213535
0.3295280897600502
0.34958953066607956
0.41082269252339565
0.2419845776058503
0.33162203101141163
0.41741869805025894
0.20033468628735607
0.3410151856469894
0.29076066716418564
0.2447143942768517
0.5108286694990987
0.27159354939317304
0.2213755001641486
0.34727475401513697
0.2556794802082825
0.3180628003046063
0.284861310511113
0.32821909356930445
0.2677154906633532
0.43199668449943224
0.30797284462938834
0.2494085200934091
0.32934851160432005
0.291091703144571
0.20744667183861001
0.44950068476528876
0.3549309777491927
0.43539231462870887
0.22467424948959527
0.44269171881183633
0.34208184370925065
0.2498023524725664
0.39185352199488127
0.3422495663727304
0.42239506616104466
0.35164319743751143
0.41135115099994074
0.2903172870298661
0.25620630716606724
0.30377696198857246
0.30784119126331644
0.32865948774019144
0.2918440537244487
0.37439683705238436
0.304484806068857
0.3474306191112244
0.33858051705743575
0.2904634784907473
0.2372925917702395
0.34815339161764663
0.39034294097086797
0.3538785512456602
0.30233609645581466
0.4107610295435898
0.3114029429161528
0.25907691594851867
0.3346799015088725
0.36675493282154636
0.3625030136770562
0.38087331613392644
0.36336057024785084
0.22435232398606547
0.22024021977064254
0.19332798832827525
0.2773389443487964
0.4630183709269438
0.6372489335965791
0.2533081194300511
0.3191958939569498
0.2548541236262195
0.4511826577640464
0.2713584415615235
0.26688999067383884
0.29093873255763963
0.3581914373892669
0.3527446680081407
0.3410186600272183
0.3813505228112732
0.4146189489235423
0.32218083943013537
0.40802209751665514
0.36082165662975124
0.264815059606015
0.2891317562995167
0.1998542881724724
0.3811811684362661
0.487893345774369
0.31360279951087333
0.3740254122631645
0.28863717608657197
0.27237155437308713
0.25056560914040016
0.30379180725935484
0.37574966762074524
0.3575034482495991
0.3815908368250436
0.5016678872053492
0.2031328303649609
0.26976266495793905
0.286771464273139
0.4629075066046987
0.29721062524587805
0.2802071327209269
0.44466622254751625
0.3970804233467781
0.19362694031093064
0.2658415571105468
0.2687931356637897
0.3863499640907102
0.44938777860224843
0.36524582358777474
0.2723448321156161
0.2595913807552015
0.28578089694607534
0.49495452308814036
0.3461651282514898
0.3430768124647419
0.30274982046224974
0.38111553565938455
0.3721227051415257
0.37141354251954717
0.38542256419903137
0.27913610161315866
0.23933348113110628
0.27467211315867035
0.23981992168958874
0.3121930427601371
0.334980674402933
0.32334092492069827
0.3058905905401679
0.34227317178058386
0.21820241116990094
0.3413999102162497
0.3483719658583256
0.43903273446674546
0.25286720896464054
0.3429316894676411
0.3400072000744631
0.5031757492987313
0.3228967383284179
0.3736508845901818
0.3679240351753612
0.24978061438387616
0.29941634775094117
0.3473535247553029
0.3134713807803959
0.28869310018689137
0.4992287828842731
0.3463634475538648
0.36895824705999614
0.35993002821964937
0.28312620163138713
0.3216303380981044
0.3753299704335032
0.3576599938445466
0.47287555330091696
0.23831892745199496
0.2905218541418406
0.2357803252548262
0.29139041230437857
0.29785561735067956
0.3217042722219541
0.3400222213159538
0.5386326236138117
0.2806818775965917
0.32165074588625026
0.2588237317446005
0.34013820740106865
0.28602271584903655
0.31973797473494564
0.34070299229773665
0.3000818830050521
0.2174608524027009
0.37449605240643724
0.20085944529835956
0.3519475346100988
0.27758571542139365
0.1872823959068624
0.42420041515204393
0.36898954922852917
0.38894154760778554
0.32366231428956216
0.27002847338262415
0.6383854768503198
0.31772465006208117
0.3711342837716207
0.3386755166532037
0.3564030256447198
0.4277723374081013
0.41883875458646985
0.2608529298999143
0.3539558068824164
0.25175942767539716
0.4309367561494984
0.24567451146251681
0.3771796264543355
0.35054262589092683
0.2723112667651983
0.404708546007355
0.3285334489167817
0.35264194038367747
0.3580658546323317
0.3334921966706028
0.36473847662852804
0.29087958814927534
0.3789079375086159
0.25612978633122513
0.2790301507599199
0.2960593791448073
0.29734330477209764
0.32610662165223353
0.2356540231161722
0.3091975081860088
0.27089800691260446
0.3542443328162525
0.3107899246649671
0.4050243769197027
0.33090519212717384
0.5017132862350081
0.24617479266577164
0.4064349836143644
0.3074356426861761
0.31998870042470534
0.38979658932288114
0.4745207894013967
0.43569634323046313
0.3176098400401582
0.33860015617569966
0.2431739136449047
0.3364400490667376
0.3124252393111259
0.24431082808062637
0.2758046332641639
0.3735835026666262
0.41229369609471045
0.2595858405610851
0.4412398363204205
0.29551445157011197
0.27398373247835733
0.34820444340949414
0.49480704183639296
0.33960128753839147
0.15610283503818118
0.20271785287068653
0.32839497384356653
0.38006886509645343
0.3295886876430613
0.3421785028230787
0.32912825798826756
0.23547593422788013
0.3274277492738735
0.24910394326991153
0.36637878156660075
0.43767186068019137
0.3209473511199223
0.251866979720382
0.35235563716676666
0.28130168439784176
0.48651815334820997
0.2699657986335777
0.46380062343778383
0.25792659737292556
0.3340361381333067
0.38640921860941596
0.3042088252963355
0.43623766033316963
0.32413352931835704
0.3477116798889795
0.3809949176960121
0.28448534554720006
0.2859186558409469
0.4420655131172519
0.29066664211751025
0.2860596128170442
0.4742277026272468
0.2869923416510663
0.27208541365118305
0.377614231708591
0.3201346397321623
0.3451816999403679
0.2838803629109516
0.3329070379822479
0.3639905317981102
0.3005791634150308
0.2748757276602943
0.27523564363118963
0.27577904453761104
0.2906335651905123
0.3138779811411735
0.26492155559325253
0.30039069453649153
0.5099973427055615
0.3004212211991252
0.19184230445587053
0.44146130522514687
0.3913473664479545
0.27325424332964904
0.21288761809361867
0.5327004995813537
0.4075002182498997
0.2946111444321531
0.3517957956903114
0.30648034469450075
0.5293618766516671
0.3051894349823437
0.22506230236885086
0.4036575510499873
0.3723716760251258
0.26214181281352195
0.32952915105288355
0.30204917855668106
0.4952532529638296
0.23253680357385023
0.3836045227759494
0.3535619632272379
0.27483758124012486
0.33067863269533543
0.39262937687386423
0.3099404260798841
0.2799658447618222
0.2956077400656981
0.22814716503312923
0.30658311084653095
0.35645292563141334
0.3010530794661655
0.34042499263480447
0.4170826817445836
0.3015275831751984
0.3922423359157768
0.33376766002586433
0.30481770416139536
0.3258467985862168
0.44987185150256725
0.22355605353494631
0.28418141678546527
0.36549723624261965
0.4512901703035958
0.3108131105615522
0.34306148445301315
0.32959533531230156
0.3046401012560591
0.2706675905162561
0.43095249952752496
0.3514426827319511
0.2984901888625128
0.2975879763072155
0.3831760109818957
0.26396521612581497
0.2440174325716913
0.41544803079056475
0.23630060096399483
0.30501707677808926
0.4356573331079129
0.3546754037025415
0.40358155743841845
0.2880905607350796
0.35517446869615343
0.37163263724169654
0.39703475573569946
0.27070028250107886
0.30095714326504497
0.2420063764498419
0.29169734883006887
0.27690044557678795
0.3232688652504521
0.4003188323850987
0.322878697138326
0.2603064404502052
0.5492460213692477
0.274249497995204
0.3226292494618031
0.3790627521367481
0.31202126699917054
0.31575779581496843
0.25985887655527307
0.3645841972569402
0.3027976488561482
0.25729126013653225
0.4059450447367296
0.3340541910838588
0.3741827644702482
0.30003200256617285
0.3674083390740878
0.32304078897607413
0.3035502267562853
0.3696095457595406
0.3547456897855647
0.42251380901667285
0.29860832815328264
0.26492207756846686
0.3601877139668731
0.22615071475556053
0.3700456453405003
0.41051787061974987
0.3745427085010218
0.25977137962573515
0.21276765718921495
0.3212524958055
0.29966706378910185
0.35826023619299346
0.19798908006910534
0.45534860179486564
0.3539009029236588
0.24914296033945094
0.2599360718628902
0.35069697368629027
0.2604234976927407
0.359950682925047
0.4851331552203431
0.3440732634761717
0.4299564110622686
0.2664941753801865
0.3122990677773992
0.30341911782957937
0.3603539887249
0.592198635554585
0.2908267998260651
0.24447360068003438
0.24372723649012157
0.28283653138735504
0.3689191865345734
0.33727114124005086
0.26063534024978946
0.2891592408465582
0.24148433066731928
0.2928399357259043
0.323136413377035
0.3245170277098602
0.3298166162879659
0.3133053315481076
0.3294066122959596
0.3700574940100457
0.3121712563620575
0.28045489198031237
0.2786952711857878
0.4305453149754142
0.411011076034942
0.3446922144033739
0.2629843929734332
0.33244669478191297
0.3965729173728705
0.22294683421772263
0.38154583538110814
0.39533769902618043
0.2747724263142755
0.40453512982835027
0.27395478755739616
0.290010671345094
0.2992943118919298
0.22516526999979247
0.35792226603296634
0.34322821969430084
0.4116680280668452
0.2456444709338724
0.26389223335633566
0.3113048488306861
0.2813244500992135
0.40889965057290384
0.26673906717301654
0.3174358303981532
0.41068861752593105
0.26455780315164373
0.4126293113475868
0.3855367898503371
0.29226871038103264
0.3247580035358482
0.3123109450688083
0.2855249507036501
0.36272335983928505
0.15727535970128284
0.5029180017198643
0.2199064004207689
0.3950491841750431
0.3818765613973693
0.3392010122248783
0.35971969373640833
0.32369231006211097
0.2960890205362717
0.3778428667578585
0.22280786886068454
0.4545706115309988
0.2592881935315719
0.3283929552112078
0.24873792561685606
0.3031058862351288
0.2893211196543323
0.2637483488006531
0.2441149926865401
0.22786517372012327
0.26119947308020025
0.27526228263551217
0.3057007790321473
0.4017221466206158
0.38441026807518536
0.36390012409764355
0.38167070502308154
0.20281658799128868
0.344588542893842
0.3190988205046991
0.42068498195745196
0.37054049375637105
0.2714059861973529
0.23695490791926946
0.27050158951909603
0.23993439396055133
0.28396115542399414
0.24166631674671754
0.4604436931236262
0.39637476220582085
0.29260724585066566
0.2965600254539276
0.29601193647431456
0.31106239556636106
0.2255887723199323
0.3722325873935619
0.4247851453505182
0.2503637362301007
0.42860682313193543
0.2506373109427643
0.4179268296372275
0.27285970765726536
0.41104118457256633
0.3599799855968888
0.3876284085319645
0.44734445824741
0.2883285007822078
0.3748067509794574
0.27059965593281804
0.42964926670255577
0.25964897449633917
0.2602452133904868
0.30447016080025224
0.29929783469258053
0.30452564714818436
0.28990231802250144
0.4375540881676182
0.336683888711754
0.24812875243304067
0.292964549315034
0.3458883247573451
0.21682655959005925
0.35038003811414126
0.2837040975374996
0.4455041142254788
0.49105078645646794
0.3386678582227978
0.30599373046009937
0.3963262023691714
0.3040830840481888
0.3755633586189059
0.43482113545319184
0.40159356539199337
0.22420137152938646
0.44043155029804243
0.3460347868982333
0.32920613827782214
0.3277560142577797
0.3185236070031881
0.19046530454986224
0.32463881453160937
0.372151836558695
0.3133501854268521
0.40769502238491967
0.36428411872520433
0.4481906398667609
0.3447952946818009
0.27066026637872764
0.32452100101642584
0.3546316055200693
0.19884123699751982
0.30799787190566574
0.3043161537731172
0.24244453017954445
0.3567674472567939
0.3193293303510993
0.2813265568699613
0.44475173159331705
0.3232328720409499
0.20824960705703938
0.3575691526588702
0.25205167894419483
0.2913530926226009
0.4761438247540601
0.30763776025507156
0.27594369359853477
0.2793273814219483
0.3042208742276724
0.2974830511601416
0.27043048488629184
0.4355499182489012
0.2897375318902196
0.28350862483130274
0.2669922425187781
0.2769886469666383
0.29939286042365437
0.2968790718162071
0.24873503195280697
0.5232050118203617
0.23660494144369063
0.41074605904784767
0.4538127223678554
0.41799728887320076
0.3015130701827058
0.2909278972972388
0.30750476328733534
0.3202143254557606
0.22318425004289583
0.2780514541919736
0.33703375826295956
0.2584835224820786
0.3478490084864683
0.2895328728593433
0.20508480665328183
0.34272427568390845
0.4364286534687146
0.29319982227934094
0.28415824933764405
0.23467170960173303
0.2569778327227474
0.3362216375601803
0.2510435827986081
0.4599281885594056
0.3200032874326313
0.3019918112765547
0.30372110909557254
0.38276960702144347
0.35877575758984553
0.36137396829049045
0.3350273869245835
0.3029449664024597
0.37535620815558896
0.40196816941629454
0.3579824174939795
0.28409860582498014
0.2505111779479258
0.2987148542384059
0.25209950582172
0.37437876715429524
0.4122398180077615
0.2704095167244916
0.23697238651085056
0.3212310106854877
0.22281321347263888
0.5256548758703669
0.3991113848093367
0.40550379360581523
0.28361920628126847
0.36907611094902365
0.4854775672252714
0.45387467280072624
0.27224130918483513
0.2607095895660246
0.3359429479219966
0.2353205604296078
0.2809551489783878
0.41985764494840455
0.3567157221775453
0.3247924447122184
0.26846952102139005
0.3089562364290353
0.35343802819273556
0.29710453163089773
0.2638727730952486
0.37410121253651446
0.2846775571031753
0.33769502438386634
0.2832660806805934
0.2504263830836052
0.43651717437802123
0.3790920369368063
0.29454511611608386
0.39559631867353423
0.6588088321937811
0.2061395953113659
0.3651499542176059
0.3618342247820703
0.3132245245659752
0.37598520588502726
0.3447738982640665
0.37867312167968004
0.3281217670633609
0.3148625849651298
0.27836195257962765
0.46136395940415204
0.33730360954197686
0.2782915765174297
0.34585093772195696
0.3220682603970446
0.33840517484544663
0.3066730185188696
0.29342327225691545
0.2874450124272762
0.43417373825949335
0.3001913313805091
0.33871619489841265
0.3074624838513333
0.24153569105838918
0.3626505826950074
0.2408860443684926
0.32107248348607653
0.4670351253517718
0.26069999137725175
0.4111271810628046
0.32730172076108005
0.4035520450944131
0.3636540589632443
0.2605629725899856
0.3784195755041229
0.2631764236834993
0.28069535713046795
0.3616657278661185
0.287633545456474
0.28098115261185025
0.3968404019727772
0.36333887292813183
0.25384918482151375
0.23681898567074133
0.3585908886618917
0.3330988882663157
0.38091576245452635
0.2785255069840473
