-0.3665886997552831
0.12530123248996453
-0.452499441513584
-0.5166850779672879
-0.2317398779140891
-0.423137148203572
-0.27595184775361636
-0.1386616515841784
-0.3720629475532954
-0.2164006140821558
-0.24907912681974245
-0.6178057501388334
-0.21618402751751079
-0.6450890863784983
-0.32880872654959126
-0.7287715106255241
-0.34319748895155755
-0.5996787204730455
-0.27308811214537076
-0.39914770658974236
-0.2080653404251291
-0.19176136139422625
-0.40263308228217976
-0.6682961966156774
-0.5072508733936073
-0.055892405153798744
-0.39674275674340326
-0.46093516572597065
-0.2709985449128126
-0.733794578118217
-0.010159696990848649
-0.2752562269682563
-0.5733893873111358
-0.5367975373335059
-0.7078872660536428
-0.039059369234551826
-0.32028600497399956
-0.33722989404599113
-0.39544375412624216
-0.3698533349005472
-0.3178888471250653
-0.28732791866157953
0.06263749211160441
-0.574426484065968
-0.4586478671656657
-0.7205878509313988
-0.5495869977678008
-0.5232869228372311
-0.027209882625085703
-0.35154181520558797
-0.4513194408218082
-0.1735014059438207
-0.5432013572722028
-0.23770645312323416
-0.6231303253220805
-0.3002349171731858
-0.1346861461156502
-0.11383407281507035
-0.5187023453455103
-0.34034784847135846
-0.26441928743354404
-0.17794142659874707
-0.4517702614157572
-0.34348312710000717
-0.147726627366795
-0.43023670788636875
-0.0882394228823432
-0.3857794832988048
-0.5261303005708051
-0.2401242206463281
0.025426476540156617
5.361747664039255
-0.15873914952066723
-0.19465629980714294
0.13783189552094982
0.2224016940388546
-0.09123377240172771
-0.3902163893215693
-0.7429487030269172
-0.19872132254737618
-0.24056503496503495
-0.42899645661637476
-0.5087720043138221
-0.6066630034345744
-0.3877709332552265
-0.6438635293292113
-0.48558209405584823
0.15566716378629708
-0.45702347643189234
-0.5726733164555192
-0.28248458955524114
-0.5204710006228416
-0.5694735925535639
-0.4150974746130455
-0.1151701208598889
-0.4269477975870296
-0.481768930614556
-0.4348895963267057
-0.3469113936919607
-0.38720958061924626
-0.34828417138349793
-0.04373957180743628
-0.4872361172709258
-0.2981148661967607
-0.5765491841891139
-0.04811534922457967
-0.44451708466746165
-0.5164247206966863
-0.2750207541546197
-0.1492891781867782
-0.40550140946641344
-0.3188898791218447
-0.405403989326055
-0.21391766950520244
-0.4382701697279703
-0.6342489455386313
-0.32014390642490703
0.19727964502685108
0.36845340976218094
-0.6728585709383347
-0.546631661875956
-0.2668461446775874
-0.32462399916857787
-0.3235795034887864
-0.4748291386015803
-0.3726789084132865
-0.42226037526240234
-0.6451068369363998
-0.11638523152355391
-0.40003301063488284
-0.33613629131616085
-0.5004588754153247
-0.38994338483520025
-0.526341019640516
-0.34511992703578953
-0.5715978612530639
-0.3778571272337541
-0.5267051478838385
-0.6223215617431725
-0.324858359636593
-0.3118195025807204
-0.5047965134547465
-0.47801693986647803
-0.22496873496012926
-0.5942333407320388
-0.4288727353234198
-0.4346475735879077
-0.5169769060448867
-0.1038791678802021
-0.10114765207110823
-0.28527810711235196
-0.35904293597771486
-0.49743598235823383
-0.430668895996764
-0.22584540457663388
-0.37436696049523266
-0.08072021105705944
0.4946135780690267
-0.4767308607923295
-0.25496597156462686
0.028607009610526053
-0.47474957234562254
-0.42749703149221474
-0.4665513428441568
-0.5269060201742027
-0.5335338459322465
-0.1155785069517957
-0.39212190686030035
-0.3312932824572314
-0.5416162622787912
-0.44829839383900727
-0.46086936059816336
-0.6099768827043947
-0.12080754385749023
-0.6915725677181663
-0.3786230604412422
-0.06838155074203811
-0.21231512330988772
-0.3418532484877053
-0.5278397540780405
-0.1569822904529256
-0.5155237319807449
-0.5909623377023728
-0.6349677786430673
-0.5633088738870953
-0.3798189077364355
0.1850463128416341
0.05946337773226202
-0.29461368252879677
-0.31801097637368286
-0.5068809604209156
-0.09603511613513123
-0.3566825484798947
-0.35006205429129295
-0.21656765310088283
-0.2953657788875342
-0.49384867176451475
-0.46769997375693745
-0.0649157921647119
-0.09877572208859169
-0.46579693717364395
-0.45150909783057486
-0.18392523068142183
-0.6184587061578656
-0.3847972913706296
-0.5905548131777766
0.047185571770368306
-0.4155631520512786
-0.5074724322796512
-0.27601216194591127
-0.2000338808041045
-0.30250247911105516
-0.5495871843680481
-0.2900467017479688
-0.37642002156767823
-0.5121863942675272
-0.4743427513913293
-0.5721083036620765
-0.46746635362376476
-0.2464362312505123
-0.2557234463192797
-0.47104385163908025
-0.34857007611748975
-0.43927184660724145
-0.3521036801680408
-0.705860108165223
0.0693935218942293
-0.3816968416277168
-0.3493609162024891
-0.516712574590326
-0.42695539214489553
-0.7259098548845997
-0.31887513503995274
-0.02384552528885734
-0.40391853311981546
-0.6333361722906411
-0.36725876341954444
-0.4935315549846247
-0.1654372959319877
-0.19274681653828007
-0.40770670988462876
-0.45058225730831125
-0.4154633105705274
-0.24317468238621007
-0.7305142763997935
-0.20233556982162648
-0.660611984546977
-0.6065342152455296
-0.7807575423740588
-0.5600356476535929
-0.6324009188580418
-0.532116819869472
-0.5032401420906348
-0.2563918952775759
-0.685292843626747
-0.5699659341643312
-0.7339382351855119
-0.6402829273375794
-0.6341658446739703
-0.4824668237628674
-0.467103465919685
-0.6040866909342864
-0.4922006473808468
-0.6499319215504504
-0.5967265391495173
-0.2720616839659403
-0.20028383346710502
-0.12354475762963828
-0.30149919810334014
-0.4530048805908383
-0.45009047997929164
-0.07027976228985483
-0.4405992361257121
-0.42178791281923306
-0.24557211407170448
-0.2129963583266664
-0.2636473880597015
-0.4361245669766707
-0.4149489315813694
0.1753940421596207
-0.34968555991566136
-0.6057364613935994
-0.5743249400929564
-0.44527489571077117
-0.41281431734253143
0.10965548770258013
-0.6912035040892448
-0.5243529331275149
-0.30812371334949384
-0.372987215441653
-0.3537552984379781
-0.19132371296953157
-0.4299485080629453
0.06707029638795588
-0.03147626350893458
-0.35203114224357995
-0.2272696640420089
-0.6757365920224019
-0.2473576881020257
-0.44962788017498156
-0.2482299339032721
-0.43973338904236886
-0.4505900526772006
-0.6152470391562747
-0.2151738724115881
-0.6429972153586697
-0.18752076424976025
-0.48199142559704294
-0.4487631021707788
-0.34245192146289943
-0.34329649218886876
0.06210814788052885
-0.2522033459760091
-0.06967870408461364
0.13368221646382028
-0.7493523581766969
-0.7148959254886686
-0.34880004804526543
-0.30172682934507994
-0.4832604601842537
-0.47529288470208014
-0.4419675945967062
-0.4516172707274602
0.28543497553031
-0.4247376246914294
-0.4526759146157697
-0.4144542643341466
-0.341807853172088
-0.5970573034880547
-0.42115171671307644
-0.1909148234887233
-0.4959786362415396
-0.4475823249711497
-0.5682002920328402
-0.04503869565998103
-0.5274208964945943
-0.4708127615087226
-0.4061042923636186
-0.45596808756486473
-0.20860852384984488
-0.4758897043300845
-0.5821653369814721
-0.4207473809103833
-0.4454913415944041
-0.3652060073511599
-0.5289941686587916
-0.18228191849716946
-0.16772093200638635
-0.3301331076424857
-0.2694868781825303
-0.1116815063828984
-0.19567703317200438
0.20457515777148325
-0.3016561093358612
-0.5767070927401118
-0.16453102777255274
-0.652633714841943
-0.01569971466405742
-0.48943526962999473
-0.37087070850735504
-0.406435203150945
-0.70183111261523
-0.6261636446906005
-0.3588399842996549
-0.5453916864316783
-0.6002706436918913
-0.20124383162723924
-0.637991233159478
-0.318012570498611
-0.19202531576267556
-0.45497864345815403
-0.5608480044660932
-0.03863422319419235
-0.19785647442231807
-0.48156512029033194
-0.5485316820832666
-0.1560993435023039
0.06180097890991962
-0.5293199140738236
-0.5590675058893683
0.2825843948681321
-0.27499855442513294
-0.3656673023256995
-0.031438463695716574
-0.2500399803135697
-0.5356370568295966
-0.45573958012151267
-0.2913882457837917
-0.06060968602094389
-0.263611401997081
-0.28339876278848447
0.13716852666083731
-0.3375141503290891
0.37833003186825714
-0.3209725473505
-0.5983061750850672
-0.42437048447411135
-0.515437723739666
-0.433459930179921
-0.171157415254539
-0.60352648977198
0.9672011294307471
-0.06318318396104236
-0.4080559588728876
-0.5599719843500592
-0.12189472836196918
-0.19017945173253265
-0.12116691241367657
-0.41076781669960766
-0.2059378409831729
-0.3539285007173796
-0.2816503272248288
-0.11398515565147911
-0.16899554920183962
-0.4973278184711788
-0.09307173487124779
-0.41719418442859396
-0.5638804474950629
-0.7223515105364581
-0.40493515200685104
-0.5091365896728944
0.1552194692232647
-0.5575050197374711
-0.43090722156883765
-0.20223512752952977
-0.11075055109985461
-0.32613919399218916
-0.3235440938269422
-0.34835984290348426
0.2503048933891447
-0.5886829315945001
-0.309404488916684
-0.06787475066802141
0.10660723091948124
-0.5171530623703383
-0.024412222619357774
-0.44666193609539345
-0.22121593794358138
0.7491396980821808
-0.39695882485536105
-0.4452754546970173
-0.6525193316190635
-0.08419476049898245
-0.5216099928850793
-0.5689133577903613
-0.6321242948385064
-0.39195376280803407
-0.5358426407826382
-0.38164600689858863
-0.5897164618740096
-0.3953653342435463
-0.09521025679121606
-0.677981330353414
-0.5781302100451164
-0.24688717648244532
-0.005643488144703128
-0.5322527947506109
-0.4614949712675409
-0.39229220811342513
-0.28736471878659287
-0.5027044025157232
-0.40444030147292565
-0.4387500878863561
-0.16515513015221045
-0.5226873444991694
-0.08812244136214144
-0.42400582382643426
-0.577489478569038
-0.6105907861752268
-0.5944881393213532
-0.42837838948571055
-0.270075024408626
-0.599589653288473
-0.28251094270936855
-0.6090604288195391
-0.07276717843301
-0.5313156868946142
-0.23277360710952408
-0.33738121718074704
-0.21194158300172325
-0.5218389522922788
0.012091948330650821
-0.37501416684457584
0.41074392674251387
-0.2646864134032306
-0.5408180919989255
0.014409994660374029
-0.5671701537549342
-0.43159172773036425
-0.5447230313217765
-0.4546540455513463
-0.18315779748706576
-0.6664829254848206
-0.34715998446619056
-0.395889909140472
-0.516187657815591
-0.33672453845519085
-0.5407805564625009
-0.18327176658045535
-0.23922241037048453
-0.42042524225194206
-0.36756156959751585
-0.48952526589897544
-0.460847252251182
-0.5171871842654753
-0.5364612918419451
-0.6434771738196252
-0.6683203742103928
-0.3941719853468787
-0.4820237221935842
-0.4563906394127541
-0.08226083460865662
-0.4949387366512847
0.18872652023342787
-0.30553150447715394
-0.46601837963499537
-0.6833633867017119
-0.4077836297126989
-0.6622936985053577
-0.46831237508190676
0.15852675888571804
-0.09457843199486829
-0.12426423724365467
-0.40862905541390065
-0.6610013340003335
-0.6110601112290365
-0.38862148891333553
-0.5811329776901122
-0.5477911914634451
-0.36165031090198885
-0.48908399819574966
-0.6393326318474587
-0.6151444248642978
-0.22881787420016655
-0.5347763736374714
-0.32108346138376975
-0.6135339459285566
-0.2285874813053495
-0.21847271851286784
-0.5417014545272482
-0.6243463471730082
-0.36425895273178815
-0.45476405396674924
-0.6162999141065054
-0.2231797955720383
-0.398529489519128
-0.6850978398656432
-0.6077245940259639
-0.49935972108624355
-0.548249789974797
-0.5339514293759492
-0.1319741564500734
-0.27911787923920783
-0.25581881790852895
-0.1797328391274149
-0.4754896497356367
0.11599384580982763
-0.36426695976063994
-0.388671294771319
-0.4910504645109866
-0.35837364338358163
-0.49799932063261765
-0.3228753924136345
-0.6059276962557121
-0.24459929666698121
-0.5643901973825779
-0.3203866017342837
-0.3308205699193413
-0.17280186364854552
-0.34666645057076334
-0.490972945938688
-0.5855236484466797
-0.6408154266501839
-0.2607095262166262
-0.5975505409231976
-0.41444753445576565
-0.6123081069763748
-0.17190641771864834
-0.24539332432277577
-0.07178498894989405
-0.3876808406954224
0.025483806257971985
-0.12125986765961855
-0.5493795576808129
-0.4906092904462758
-0.6062434308309912
-0.719495338978272
-0.6613073577655098
-0.6319797367924814
-0.44329356858823243
-0.4903687866820978
-0.2076414266134063
-0.7121081486971207
-0.5076270504160425
0.06169357708139035
-0.32664294047864156
-0.0894993852099069
-0.3497973857039418
-0.37462875997181216
-0.36057356183552186
-0.3057822001515148
-0.5751331022019036
-0.31063255796978023
-0.5070532606369197
0.2012742922993704
-0.6514041203528005
-0.6524697628950951
-0.10845031386602212
-0.15534746633045823
-0.44854708377350966
-0.20120598054418756
-0.6386955049674348
-0.370796109126248
-0.5581514388012201
-0.31566123998109846
-0.11742444800065709
-0.3735094786318857
-0.40727983924709626
-0.3778849897855227
-0.5799850789776629
-0.4773469830755334
-0.5750274545977636
-0.490345094726215
-0.4040251153045536
-0.3848642500693851
-0.38680789319895215
-0.2048482834659941
-0.40569969513009974
-0.16760983425435338
-0.376868238713346
-0.48209815878278367
-0.2907368134326906
-0.39780133526354045
-0.24672227518271367
-0.38592346651660103
-0.22678789073048267
-0.24042831222013217
-0.4297007150975988
-0.5156634952139721
-0.3233931007280555
-0.6044747615003347
-0.26316959324294276
-0.3727437979018135
-0.4496772808198901
-0.6011975347997025
0.06942627461948621
-0.30545929379916387
0.3110810159851599
-0.6771149680479254
-0.4707859834723555
-0.19023328785242485
-0.29108137454521754
-0.6155063079820163
-0.4587489996586248
-0.22159331349305736
-0.5120286836601742
-0.3656991286660619
-0.3406217755217215
-0.5293623551717266
-0.5362286675466363
-0.42366294978836866
-0.4715473201310068
-0.5152442988272615
-0.3005338878957034
-0.39239961843006205
-0.23747308512894555
-0.26992095247854614
-0.41794392421484095
-0.3199302518842079
-0.4843816116925122
-0.3574752528350917
-0.5475396226105931
-0.37308317382823936
-0.6851843393446495
-0.044196096164503616
-0.6080085643226492
-0.5361927865205365
-0.6297458123112991
-0.5175118731643992
0.23245713651207042
0.13650331330247914
-0.5688521635740633
-0.48008731242636077
-0.24021995837342047
-0.12877676120126105
-0.4850896975601542
-0.49166546192975324
-0.46622368175118245
-0.4072666264712822
-0.22086637781775495
-0.08828673123652411
-0.21423813554629087
0.06308934608955791
-0.2357104686676081
0.2655671261157327
-0.29635506806277945
-0.5777067803442253
-0.39504505631903863
-0.3491964743154086
-0.6771368203817899
-0.5153878508582425
-0.4020999986055786
-0.3967652370140735
-0.15880001459929727
-0.3318719759514619
-0.23234604830401903
-0.6340853894618281
-0.05377644158759597
-0.5897642624860644
-0.5571510553848406
-0.15827820776542906
-0.3911929303710752
-0.45315662964840053
-0.2245793249671039
-0.6273535379452605
-0.35352490138554216
-0.3615507121330796
-0.2799300569785051
-0.13167190633826756
-0.43706270578055206
-0.3444247408320163
-0.4177349877116471
-0.3046714428081427
-0.46091299504033795
-0.40966673814423804
-0.4803693490725558
-0.1940260748488366
-0.41724058997989616
-0.4411030116644899
-0.5784795481118241
-0.5377552467914499
-0.5589848161543812
-0.49991180102310817
-0.3519915768214815
-0.3544541059838498
-0.4310557777328412
-0.46457428770053905
-0.4554773478041331
-0.232689605033045
-0.34663935969435783
-0.3472312569581751
-0.48136721563324975
-0.6382114983929893
-0.5254349583108343
-0.5235119824541441
-0.47446060077514657
-0.4694802156196635
-0.1674554189268727
-0.3776110606355441
-0.26637380131487903
-0.09038259092919387
-0.01622090396634584
-0.4425327953883424
-0.29919933190057935
-0.3020347951967999
-0.5827419444277302
-0.01069193000291398
-0.07501849131334326
-0.23449166475061678
-0.5584653942837724
-0.54851363851169
-0.3223785060936985
-0.35745754611574077
-0.2513438400057225
-0.48824970210512375
-0.49162077361245893
-0.3413313999472713
-0.710951370496466
-0.29572820089300184
-0.3223712318266923
-0.3447397232269418
-0.4079846043121848
-0.11469198034721233
-0.32457359362335814
0.2530526798880496
-0.5968024336139091
-0.4893218182246625
-0.4511916046307791
-0.7628770053923702
-0.5927585612976178
-0.32599545674700364
-0.6038373897727736
-0.46617430082851447
0.07740609961124734
-0.5476152567287861
-0.36241045045239006
-0.05913585279682822
0.09826736328296758
-0.509196417963645
-0.5997186487250449
-0.5255648868533114
-0.41916444905378686
-0.7726452237756058
-0.4365736913146929
-0.37785995050225657
-0.2933677328028813
-0.40536939379928266
-0.43338754634409926
-0.2232965489111962
-0.4557178510442663
-0.3723675270601131
-0.47189106203225534
-0.3595869452384825
-0.30279071320346157
-0.697131613852237
-0.2012851810005522
-0.6528649513254132
-0.09500934020604648
-0.3960697957128765
-0.22511206669844844
-0.616838222000598
-0.40858395054448
-0.5920335911103415
-0.12398218935778858
-0.49296886802393264
-0.3589021854769736
-0.5971339971757443
-0.24795660175959705
-0.2636597038542386
-0.3349335795135625
-0.15565196515536042
-0.20675823378220282
-0.6425373570082544
-0.5571594543437112
-0.33054322132564556
-0.3792385193011584
-0.3128372900303991
-0.25420710203600677
-0.5247855656644738
-0.5049965807063599
-0.4102869461857263
-0.44488706459192867
-0.6525233531007577
-0.5518888237011176
-0.16776188077353768
-0.2386921827774022
-0.3890946956429039
-0.611764705882353
-0.2134527075451518
-0.26462983218082553
-0.2076419878967649
-0.14066733714711246
-0.564127358940073
-0.31712317741648516
-0.5264483461390602
-0.47773322526980333
-0.22040740140199772
0.04424984826333104
-0.2603826391541933
-0.6248942737278266
-0.6829788159554568
-0.4056605513972768
-0.4896046355182177
-0.6686040075886188
-0.06613129327623031
-0.316960675622799
-0.5502137487338662
-0.4002879237238135
-0.5941248613086804
-0.5157269356735632
-0.5800039147698675
-0.43461700147133886
-0.5936729120431247
-0.42673805158626227
0.11447554316697839
-0.47014682146525405
-0.6950452494328239
-0.22349629544251173
-0.2607168459832259
-0.24610281541712972
-0.23493260308799455
-0.632929172250117
-0.20766931102061886
-0.3305092806087157
0.06637248818061432
-0.6649031918617779
-0.5558679345087112
-0.49012219905327076
-0.6517664616900114
-0.47033018138231164
-0.3507543237140518
-0.4210348472508621
-0.5221429330433475
-0.4569238969793218
-0.5589546424001137
-0.5299378496867773
0.004724362060664266
-0.47276775480340927
-0.4543114543114543
-0.0772466138368086
-0.39492653605949346
-0.5760906258571338
-0.43533023494881046
-0.4671662370715489
-0.5243870800363212
-0.54516003220774
-0.17803176582711255
-0.5678956291652
-0.6140340176763027
