0.45675768451507814
0.3274384941743104
0.4598641402967117
0.4078836641456337
0.44795102431897826
0.3372172617215401
0.33903253409615136
0.3832938568777897
0.42048578942570725
0.32694412549153856
0.42505877851512897
0.40892865083868774
0.2642067189133316
0.4596619190851171
0.31429754843524216
0.46022589081645154
0.3994305823660799
0.40204091753254956
0.35634826265075037
0.4704999762671552
0.3079772446314635
0.32891158344662
0.3075361614360403
0.30750725724588296
0.35515620035543005
0.2873598237857729
0.4423925009080947
0.45553666011485244
0.5128456684289914
0.5486647587912251
0.3362529167889477
0.5779163345241746
0.33541433748319294
0.5385610859325773
0.5772764747255956
0.38066537335373507
0.41615804853823213
0.41688980726294983
0.2513202130478031
0.4534193702828319
0.4691242580081624
0.4237763749338966
0.4464194396629323
0.6060051692790632
0.3715103531744042
0.3361016873250862
0.3097126529909209
0.37768424671917766
0.4268152639730813
0.36175284787315426
0.46580770253218234
0.40703834624019514
0.5757807996707182
0.39874736267943334
0.4146541931174197
0.36321007373724945
0.3114453963740824
0.6629374907614223
0.508786521853511
0.5576209442916914
0.606832027628243
0.4532291990822966
0.32841472546906936
0.5232965602435692
0.4220131701411203
0.3931108311114702
0.46301881816282353
0.3066955000586393
0.3827325258586106
0.41063102828904713
0.33533037247022923
0.3288053976597753
0.5841230248080881
0.3194765487483354
0.32064479135503665
0.3963140855360978
0.45203095761827233
0.3086828001643467
0.3862860745469942
0.36622676647817753
0.8019692996027218
0.5495662229097594
0.3597267869764321
0.3629454102073952
0.3924513390348454
0.4789626211571129
0.43241502206022414
0.437888980755012
0.3791583369612253
0.4034506939534808
0.5078071638212044
0.3725750047894617
0.4530836119328601
0.5116967304004127
0.3741821269574018
0.5738718732505942
0.3418688894539286
0.35617132082230835
0.4616192993610552
0.3975875886273226
0.42165917188823576
0.47407287479096905
0.5580938547197695
0.4271597476714317
0.3707580700175879
0.32762031221471083
0.3511291597821408
0.3218844240214337
0.30793351183638645
0.3960296751468191
0.6162095099304324
0.5048230356478025
0.40960881877512284
0.36645565461416274
0.38647430733313526
0.3961982823497982
0.35539705508857555
0.303335338795703
0.4051503768156613
0.7433934529923675
0.4909466052608832
0.39535319411760034
0.40298543721467034
0.38544739542992507
0.5041996572261619
0.5438343271063043
0.4142786603054225
0.3674960590842279
0.37489544761118343
0.4356911615461133
0.3926422570828286
0.4066219690931868
0.40381439848625217
0.38096766580185504
0.4138996819693492
0.47270530165697433
0.3930050918119871
0.33026996923250057
0.4491101331470745
0.45617460481487543
0.659143570889004
0.4184576168027601
0.5250105943926541
0.6220823369417889
0.42031231869010677
0.3565090420584513
0.41945578991995625
0.36798207832067653
0.3564864291141354
0.344360171868463
0.3951796565923548
0.6217499653166895
0.5080613419652359
0.3877524397524485
0.33342884539974355
0.3317909387475327
0.37207221313926225
0.4109763150709101
0.36282889857976325
0.4060788829348375
0.3004441226093379
0.42133248158843234
0.49515973435285404
0.5281626083682102
0.5134574924719395
0.42279994438703
0.2987469435038997
0.5739478571451753
0.6921940638202457
0.35379549244607594
0.44453422649472035
0.47072548386358476
0.6590796555310177
0.5437356010280171
0.42435440870824875
0.5229844184013814
0.32760038475621883
0.43936782505603933
0.36946998059926844
0.5174684747008149
0.41355575979579634
0.3027122989400629
0.4406339613312534
0.5596481896417035
0.3457562424280581
0.2964607867007699
0.6116297162970411
0.24601296891029148
0.4239823364747469
0.3583361083598802
0.23128790533794147
0.3630781006427945
0.3158210654806956
0.35793381279604114
0.48216396967710456
0.3933961901470776
0.33637794340567195
0.48436023355006624
0.3937050762102116
0.5452385935933024
0.3500005264477444
0.5350872168586249
0.3295309287290052
0.3959629182563602
0.5508997734486608
0.5891723683229506
0.3027947503457044
0.4875650978167466
0.5592023089370983
0.3404746114046863
0.5797505399086975
0.38432433503931207
0.32940277736271295
0.5034815371918047
0.42926130579055966
0.35474608416011644
0.3280891106275995
0.38718297065270346
0.42996624771629294
0.3545471260579283
0.3517265597130051
0.49226417519627674
0.40086729810986876
0.6248087090511772
0.536433603854331
0.41420947193969904
0.37614380440335843
0.5205387766161141
0.5058255619397063
0.4492091060223578
0.3784546305567743
0.4402244266272852
0.2721165055268424
0.3498891252872457
0.4822034379036487
0.46924743280922343
0.3849421173625796
0.41544545762448426
0.42512529407097754
0.3160634113836218
0.30082263977114876
0.2555119890636507
0.45187857191806613
0.41887090702022367
0.3434005048603561
0.3019499527871304
0.3371175391617696
0.4145803777089596
0.5073376048109929
0.38744152419594485
0.4183797186595775
0.44634486187274725
0.441686495939557
0.43474421187820916
0.295291763180624
0.6289635361508837
0.6026692268503587
0.5833896817463701
0.42810881019806624
0.40060280843429485
0.32102924504821184
0.36368839431208533
0.31435635656798866
0.372588986440173
0.4099350069378881
0.3775247981418112
0.3604692512524026
0.3092861569251727
0.41271502821599265
0.34754094942938024
0.4063395664655142
0.5608271067297216
0.302986634424762
0.5671075322424695
0.6778030089188096
0.2852697854633229
0.3970982679602866
0.3868549764312075
0.351768427884335
0.29265902700901597
0.3791474773525545
0.3539454904139896
0.35317458783282824
0.47493438357105405
0.4324430612753653
0.45321725565286514
0.4280827496250855
0.40891141949467813
0.3715689580136471
0.3095938509205474
0.2837158928019031
0.282766981357561
0.3420223818316523
0.2850376735571733
0.41030855721060366
0.39487174995051144
0.4712905952433751
0.4324702419303836
0.36838785622719905
0.4905136337753521
0.36165023336519253
0.37512898086544316
0.37400620704169973
0.2723914776116327
0.40739048158325203
0.4370139511010147
0.38808749040006185
0.4240459315904415
0.77904901565686
0.31737045239695183
0.32906343050737313
0.3520775460264391
0.3843842671618245
0.3210210396968376
0.3670610184815682
0.39498305068271433
0.40645257352340036
0.4001630001053116
0.2887599081587854
0.3771447124614212
0.4259002835422116
0.37983672583174916
0.434762007789371
0.4064210387772043
0.43849466248296715
0.47576055513446636
0.44025925457637566
0.29787630509412866
0.4697561471336884
0.7350769779665957
0.5731666092697263
0.4668909892461177
0.6217853171646043
0.4451113556220381
0.3789669663150393
0.4046974704803388
0.4733388406313795
0.350816466988263
0.6019885746548219
0.2742893909923772
0.30514599778393126
0.46069426490049786
0.42305721667129614
0.38952090153023994
0.5159550096222846
0.3833368018150519
0.5005168992639265
0.4785119618538042
0.3956960185029376
0.3587515405211573
0.3069939015562594
0.5807052520036646
0.2854597886127062
0.46303056174565516
0.419996488201076
0.3359327906045239
0.39182208951672265
0.45159260312236016
0.3573703751949334
0.4683069738096986
0.39282315428809017
0.27693277535403243
0.2968369910956031
0.5379186066437373
0.4976266313236691
0.3603642337027114
0.338126132773627
0.29956098808496867
0.4075199306875244
0.5881286809477717
0.373698915737312
0.38181264704284645
0.44469531186927297
0.6021570970896363
0.3036448759275264
0.35821342067866174
0.4763671925147297
0.47737905637429706
0.3975659514644256
0.3743934621527668
0.3409566907579781
0.4219094956559153
0.4009901651025758
0.4527631622050604
0.5085585193736215
0.23851418635362404
0.41569393605415506
0.40688456383520505
0.3895406673712706
0.31236490532806055
0.33914424150032807
0.38169319865590506
0.3133498561374559
0.348127421555158
0.5415905117889852
0.4723474841757808
0.6031110351323872
0.3580221978157726
0.4145810887462271
0.4081413084982726
0.4880709544033175
0.2464375618682551
0.3026461111367818
0.25287923188163747
0.41772652248655473
0.4360659480372043
0.30460109486438386
0.4083080005895185
0.2824488910415026
0.5345816849381869
0.3677290636793984
0.494340173929618
0.4845622231197038
0.3092250088136149
0.7782380639617706
0.3860202085342166
0.44807518693852
0.33699909737473605
0.3680633185958505
0.3663184140540437
0.38717733462223464
0.34142968384722044
0.38749908496285357
0.48600556732465866
0.36357537699850817
0.37189240066918505
0.4098106037536452
0.3999489886250047
0.47442631330367474
0.29855417523780864
0.22676364345549044
0.4197795573015712
0.3621052349823525
0.4847645004114004
0.4130776536873166
0.4040719878827474
0.40206319615466113
0.29962219971187865
0.6030707394826822
0.44698391880454946
0.42061387386942517
0.38437347691638757
0.38440832058374763
0.396367800034884
0.37191295500374916
0.46255240756654475
0.44111925423897824
0.551905119276492
0.4036924476320895
0.49887192594454394
0.3132259195078379
0.3675229616020111
0.7682014345680223
0.438607012548009
0.37001292419769116
0.41234431823496553
0.5073875523663208
0.5265439236611129
0.5691328003731158
0.31637030725077686
0.4936620376643902
0.3188737313909969
0.3991957834139297
0.3447186416574181
0.4001571648260473
0.3720728628072831
0.39824612681688343
0.3297602217234282
0.44724886824485405
0.32097870270604173
0.26699360175167897
0.5316258287727937
0.33942930886699524
0.3905833244084517
0.4218054007975642
0.3615763532101756
0.340924742283329
0.4011703497011846
0.3640238366672731
0.35408182503960023
0.36181429084334255
0.45351429694710216
0.30272090112590483
0.3697173330010815
0.2880241093055107
0.36758944866925003
0.46934194979757876
0.48735921765497514
0.4776050807643149
0.38034680478588606
0.43934356944503283
0.442431664010681
0.6099874211370963
0.4281371557114601
0.41058951723646475
0.3489883855035194
0.3524365168119876
0.32993059841074707
0.3980843500292057
0.4249782262477614
0.5833628819253996
0.44100807466115144
0.3638957966022195
0.41836857943284217
0.44072860749042125
0.5138936226551892
0.3594086938973785
0.38207981199393365
0.3521144489328385
0.3875878555633591
0.3813819600761928
0.38417284325748646
0.4407610448903777
0.3926469918623302
0.4208172359375414
0.3540050516169907
0.37203414187456274
0.3977338359777328
0.48667670511424627
0.40736456925791437
0.3999387425139215
0.6708130282351253
0.35705778889005896
0.36839096774678737
0.39643246833313706
0.44321801208655515
0.3430262090098917
0.4510613502571067
0.3524924464927967
0.4519001107015251
0.3331378488597788
0.3982178220873602
0.3140963146132429
0.4649557076354015
0.3210197671025876
0.49904430223308005
0.5443811990806857
0.4060502357121969
0.36099586097487124
0.47913153708142003
0.3733484307022282
0.4232197288671945
0.3494142780578812
0.4563849566859509
0.4848125932619105
0.39235745673709504
0.42053803547531865
0.3848125677464922
0.5866483115963788
0.5586642955801384
0.33367456304521126
0.3720496422398423
0.3365480579485737
0.32787583557755473
0.322529674125311
0.3343248732411262
0.35837588195050385
0.44004654807443144
0.45151893217742844
0.5272725834402173
0.27223470823592516
0.36293736715735486
0.4315661651778115
0.5026318800518801
0.39397481753067304
0.3924012908374647
0.4845121365332194
0.41347548796402717
0.39689462545140536
0.34194727796189656
0.644867826404494
0.47972477220092524
0.3500387250105467
0.36674840766692907
0.34068409429296814
0.4483891854811655
0.36170053888393644
0.40701439622558505
0.30312048734727637
0.4696244639943526
0.36120299164612507
0.332602204571269
0.42680914124567054
0.4447019162095361
0.36843974009002106
0.40051938125620534
0.41955848810820967
0.38594327391094896
0.6985770486985906
0.36538060446296006
0.4358964451867236
0.4660834336505875
0.5339561688206232
0.3413574328557015
0.3523100973925334
0.6286432543206898
0.6155544815460837
0.37829553749554967
0.4993634323771248
0.5188665829081043
0.3326618142520212
0.4427110097522001
0.3299219562363006
0.3254331808820237
0.38165949871976734
0.3701921569051686
0.3901608140272109
0.3769247749043227
0.35306686910602986
0.4180991934138995
0.3281334548335355
0.5438263532574554
0.4787546014535505
0.4823190205706354
0.42471896108551876
0.384946654428725
0.3257051280397102
0.3699730419690768
0.5101840520421651
0.33163782335795544
0.33277043081491886
0.4087747144541376
0.4653713496140409
0.825062722319086
0.458039016695141
0.43961006685019643
0.4034306523251222
0.7870667948101775
0.39381218402072166
0.5290731711071491
0.5144754617970642
0.3573735560121528
0.3503675005392125
0.4189056467913719
0.4548143483900515
0.6377051905839949
0.3647942510270597
0.35470844791538086
0.39255689364984436
0.6119240241918754
0.37462346123927026
0.7091125283497637
0.42654290753489177
0.40026387019020243
0.39835302212275847
0.5439992340337865
0.4755280891502871
0.3074672685441461
0.6253079375061615
0.5057365745158423
0.5001880311083253
0.26554207544244063
0.45079203706935567
0.3574710686726851
0.37461586117800016
0.37196921256519805
0.3539953279761731
0.34878935986176257
0.45187563442791856
0.3135381161505702
0.42591535642318556
0.36959236408492685
0.31887044488625704
0.4275835308452256
0.3731921650761383
0.43656396522733487
0.4126888803034519
0.3610985649769385
0.5791474698851856
0.47471283569636946
0.39605047539326743
0.3646545661023632
0.49657296078134994
0.5612605697987538
0.30496490968850354
0.4700484723263063
0.5760274999325331
0.4317621677780166
0.5889989157752665
0.355655471829027
0.3833160326565452
0.37510478533534464
0.3844392375329058
0.43959502637409253
0.45860133697038846
0.4541716379853119
0.32079118184654853
0.35212209717877185
0.37837301651845634
0.3641108863491573
0.40536108564094464
0.39197247055074386
0.37154435021211785
0.43758838689853746
0.2540797361188397
0.4046923242806368
0.4925377601207779
0.4756818129860498
0.37523574768281076
0.46235968484486284
0.46282348230528547
0.39183543339868143
0.33040225615910296
0.34308757759449304
0.5627670654986359
0.2965552127275057
0.4491147875911896
0.5915287176354428
0.3939455720437196
0.37551870486036754
0.39510386354659577
0.35749875206715265
0.37040990430653453
0.38789036676809796
0.39329401966583954
0.34328576416593154
0.42256366202214485
0.3416035459748898
0.5545602214517533
0.5688446653200816
0.3883594959427333
0.45689999379524165
0.4018269853117371
0.4009498332643704
0.3560427881682152
0.47765916194688396
0.42847024594883426
0.4075047948397502
0.518867490921639
0.4797668633756439
0.3101568668557768
0.37024475736848117
0.29925401323805967
0.4290561989317509
0.4163246806675139
0.4047270990916388
0.2989354754214311
0.4338203711891926
0.3460714373575535
0.5259574782852622
0.4124999905923565
0.45302971244340534
0.38838585043402674
0.3994618269006247
0.45816005096229734
0.5515597279593274
0.37415379260662507
0.30669907605381297
0.4983236700303675
0.40203454359225727
0.3115376277641989
0.45734755576164776
0.48810476971777955
0.47686634753360485
0.6191836315420314
0.36607114802075796
0.5085787858259654
0.3527249130847725
0.517616033414493
0.44976858640161727
0.4166137544180791
0.4273593601387433
0.4048517722306
0.4127619603208643
0.397337512733537
0.39976923077739135
0.4249624897739904
0.39181329561760914
0.46257733050012967
0.4780432051884056
0.39156779256843743
0.4700933000820342
0.45021142810787124
0.3792808287928103
0.4426439671518057
0.4656341959132528
0.5997623818905589
0.4428639973358423
0.5366783825429958
0.6722497778339722
0.38369410859215375
0.32168676545432634
0.40114456467211523
0.4960631838345404
0.3421704560236708
0.36814402972681737
0.3741293727899337
0.34997289174079454
0.3937348640677761
0.3725384289947239
0.3326502002234221
0.4621893071201732
0.5439533179897643
0.4345336952514723
0.40821882035625373
0.3541082800848706
0.33624512412235
0.5417462359972496
0.48048199834155475
0.5111630175626215
0.5089169158317923
0.4334406248212744
0.5166098034975467
0.43208659603960703
0.3726079778034888
0.3891172222534198
0.46183108606630685
0.3541740630359879
0.5528028255662729
0.3561023832419526
0.42179712613602394
0.4243839278336363
0.2766399684937147
0.46285724474826306
0.34898648325512627
0.39340809928439663
0.3977392146576325
0.3007262255604891
0.4095874559221857
0.5001432507790997
0.40519422982832753
0.554886718888412
0.4861801707414122
0.4386624373613813
0.5537290305588323
0.38589678639116753
0.516943572584163
0.5566296439802566
0.3440748155035459
0.4959062321652485
0.396967576780391
0.3199234589515472
0.49647186066791504
0.42961592522914005
0.449834208185435
0.4412540729360168
0.48748480666208777
0.5078374349592265
0.4311443830776192
0.3093913793306798
0.4045949186657288
0.5540373454739549
0.43202171779900767
0.4456616185387866
0.4841764796407747
0.407195900211386
0.4248630823317721
0.4350370910758834
0.45440767083995315
0.3436101189379148
0.3498976960537744
0.36897140344159574
0.42320175496247836
0.2873269000829876
0.43184091762282145
0.6503980015461491
0.33556799986986763
0.31586862486159195
0.35012003149438786
0.3767366054958223
0.5283705544137137
0.36175673131801017
0.41605447738373574
0.6982082051423149
0.6724876054715153
0.3669374030837356
0.44737371586654057
0.5960294275470115
0.34879045549284876
0.34904139299146336
0.5490226317192668
0.423426537257172
0.3632480261072098
0.463009549742591
0.2947457478486276
0.3334295471700906
0.35441362767405443
0.41436105754050667
0.5404671049198844
0.5676686429484441
0.36334897344211214
0.4188274567052122
0.35866516662393444
0.47513938967912617
0.39075785356520276
0.47770476186465155
0.2837382585056298
0.2823098959035481
0.3812458967267631
0.5137232040795436
0.40010285611426805
0.4557467125396086
0.44959877795830194
0.4204929574382686
0.3418531922424309
0.39400569815745284
0.5345017742058024
0.46868173847637473
0.3751715303481484
