0.4679207196713391
0.38315608303937415
0.4971448934859446
0.5171033027587867
0.41283636701799825
0.46320072651648414
0.6247083343532793
0.41604703479753335
0.3996796870738933
0.6258093201208265
0.4905074443788119
0.475859382050642
0.3980365014838326
0.5607572298884538
0.3584331418804002
0.7115880170682147
0.48251492428981624
0.42101599662350514
0.6151524669771801
0.6497895767338041
0.785324499442644
0.4060166412982989
0.38292828759159786
0.3791578532248013
0.4810353375964339
0.4368996564567851
0.3822039008317923
0.5601654778740758
0.5047862557338436
0.5951533990546719
0.5329434282803909
0.45787888929791437
0.3453694378555807
0.6886648378881397
0.4183617180237944
0.4543031395265183
0.39828629049747316
0.37547068943212397
0.3597415779990493
0.4842836961163628
0.5529576739399332
0.5179809505683229
0.47031067282318323
0.5312520547826531
0.5362953751681258
0.6023799994318958
0.4272212350102495
0.2826886590505566
0.4190096863483353
0.41212184904107085
0.5784614226471874
0.500843412074911
0.4823797309437866
0.37706280779455664
0.4655510409062691
0.39130659582632576
0.3751365900565732
0.43513660533656906
0.5039667727824699
0.34030500227186183
0.4091557310602462
0.41331502437397427
0.400470447202201
0.6462179341963828
0.2941715087623155
0.41246741372573364
0.49993371395382535
0.5898964483200629
0.37050777478034624
0.3677738557333664
0.41117685430178563
0.537470896590859
0.3400558615907025
0.39362781945813763
0.3884364581160824
0.4316708274862175
0.42297518571901976
0.6797787525161934
0.522691703954832
0.4040464378384824
0.4383475819158843
0.41434789225002755
0.40290164618154034
0.5054258458452388
0.4571178666369778
0.4065833251029576
0.47198728841544335
0.41315420330715
0.5252431381203599
0.5534285038716366
0.5636745840074687
0.4615108763892436
0.4706498716875497
0.4159179655868201
0.37601207411870086
0.4156086793816725
0.31916142842438816
0.42491517751549984
0.3895015055112445
0.43681208132700594
0.6451554354880231
0.4780435477205387
0.5856464083573968
0.46982047499479485
0.6083559841568225
0.35610890912244036
0.5665759868361504
0.3409678424185329
0.3695339099600881
0.4648824735153213
0.42550204269907443
0.6197439685957629
0.4634114257366265
0.5085542512285474
0.34417394133623774
0.4162701500904994
0.3732853410097179
0.45200054022879294
0.4334881102249975
0.5012467601183785
0.3581695463431278
0.4859992686903131
0.5918412555161517
0.580647901170666
0.5369563740230286
0.5108210828066647
0.384659918503003
0.5546571325529958
0.4356374626851675
0.40508280041704076
0.5907730395586777
0.4780653841334286
0.38417045461125193
0.45629045563948206
0.4074040471092146
0.4032154207183695
0.41731627848534353
0.4527407613128787
0.5162149518451659
0.48412458686998666
0.5975938412878299
0.31474941189942185
0.504604918271652
0.521934731483375
0.4278039363057439
0.4951614778222939
0.3612591734240296
0.5097868886502469
0.3974596674568329
0.4340794280601426
0.5623745238364124
0.5246214102377372
0.5696652711345784
0.4320619346873521
0.35825565328386993
0.2509784884601216
0.38711097312287296
0.39703591199548094
0.40785824457431974
0.4397058787169834
0.4613712487787528
0.44226912614249375
0.6723285713650101
0.39751545240990854
0.403373441191046
0.428297373484902
0.3866630473475048
0.5600740654034159
0.43342996360292096
0.301200131631893
0.3883711248258888
0.47686779242940797
0.46940987235420195
0.5980144323388542
0.3016611712797202
0.44477391856289217
0.4659281978732512
0.33826382987515197
0.33890864911941526
0.49826239211697915
0.4626535243066745
0.3942922152016225
0.37204180087005123
0.5388290525244595
0.3929328944514932
0.35513631726882977
0.46151619254749643
0.334215545905923
0.48917733578517064
0.571522454202858
0.32075840310293957
0.44340236309522596
0.6230562874355424
0.46793832558340753
0.33478770145948666
0.44501758695931454
0.3547676741092505
0.5532127133844337
0.3943323190017443
0.34235405608926345
0.4555912223794954
0.4178054363287326
0.3853259655275564
0.42308640634852807
0.564323817854439
0.4346242795126489
0.3264923929026391
0.4251422477964968
0.4465164743879056
0.38104544341504987
0.421887305783901
0.5203337418856947
0.33862665274836923
0.6928304981215194
0.6997624478954193
0.5122599418847117
0.4001122606504859
0.4311609344143115
0.5058245458809978
0.3600027956653405
0.3243547063814352
0.4918902315415166
0.45029504173824425
0.417783395297889
0.40366369873160796
0.516332576066818
0.3507443966416177
0.48092174589286707
0.4568239606111594
0.5126712489304301
0.5880138385440994
0.4202849446101752
0.3777308437993574
1.1249724796893004
0.561006209876002
0.47565717371075006
0.5015604148311975
0.4987484451442471
0.48985863745193103
0.3985149926301126
0.33629301811583806
0.333901341074463
0.3696169912272944
0.34442073783523336
0.5654727065417554
0.45461868613883677
0.30966596324648515
0.5742880521453968
0.4147878364686672
0.41602664706430925
0.34487129331950456
0.39079159082890813
0.5136899776492347
0.41800640495278724
0.385418424799102
0.5457345197996032
0.5394849242536748
0.6367023932192045
0.48025547061111645
0.48803933957414525
0.3758104294896023
0.43647652075548815
0.3698941263521897
0.5486205670402581
0.5097257936415474
0.47456576543650253
0.43746272213610027
0.2921998126994231
0.37496339152813424
0.4706504892372922
0.43148737766199685
0.4048404808627603
0.3749924510141485
0.40923580068642446
0.4022266194902907
0.25699933928905677
0.3815272976333728
0.39029807983010834
0.4314528799790694
0.5540712408464885
0.32362915077211846
0.4613910709090387
0.5951778575675892
0.3776484369449354
0.49562762611836664
0.429389210996632
0.5103353796830892
0.5020817903711714
0.4370715696057956
0.3672890984262118
0.41132942995082306
0.5662521747365894
0.379225983220741
0.4298838923184196
0.5864083321121919
0.3779929047336197
0.4341894855704367
0.3673017480097185
0.4026707101982689
0.5025365122059015
0.3775849766108089
0.5154599349772913
0.41069424290627976
0.5238356566655666
0.44755664184404687
0.4381124106886472
0.4129604249578565
0.35147692593930624
0.46190193913352967
0.433580225560975
0.5331410547370027
0.39794379901648486
0.4694034270218625
0.37205703035014664
0.46339953093797337
0.5208547943221796
0.443990083524732
0.36962979830543335
0.2724395475526546
0.4378308933792228
0.4702975473004745
0.4685182416181174
0.6565974707483042
0.4416725524297436
0.33772950530642226
0.4024412147792084
0.48547916280409437
0.43888607971431337
0.45385721298974524
0.532991932293132
0.3253561720560241
0.4338936471712614
0.5223484430921002
0.5276078585779282
0.42068043621788515
0.3587432338150009
0.5319716664111879
0.5596717631208384
0.4488843890598081
0.3364950897010225
0.37728604920315206
0.5407709471348674
0.3863292786830688
0.40303217278149445
0.416660517381473
0.5095147393754069
0.4704815905705956
0.48295833172686814
0.42263673319360257
0.38005251169106014
0.4281659250574812
0.5312084033951592
0.3246311991713338
0.5610401347635907
0.39839217190589676
0.4857092601527448
0.4717299575621289
0.6092651564953407
0.2844249554057069
0.3594060110131185
0.4596297613067725
0.7132478860399264
0.6647268426296447
0.49181052952611704
0.47595997548692626
0.5047347951194993
0.3613658433973077
0.3672211263539826
0.4117358419743827
0.6060458446607775
0.41951653238244135
0.4150775261111475
0.6363634802762851
0.45724698121481117
0.337480813575936
0.5783961445462974
0.4679945243154027
0.5330820237144964
0.35385426329112857
0.4892232135419102
0.4030768503915176
0.4521599323383973
0.5970482915792535
0.4972016922601172
0.3789336950012512
0.5804685501549784
0.354840538996215
0.5473425679564459
0.6391420592889496
0.34825391259754856
0.3867291368838099
0.45964922732665425
0.42112946525262
0.3451624679063279
0.47956823848245084
0.550646633279529
0.4994102928373742
0.402067927973056
0.5113531496135845
0.41991648116912705
0.3774887744229164
0.788010099643833
0.4296799900121457
0.43818025885046225
0.6458685124140194
0.42748482757762685
0.39364930088381855
0.588296165596069
0.4302059962442935
0.4047008989511236
0.5015843325757443
0.42173528413262046
0.6216472423526612
0.42839917789499776
0.6130067398630282
0.37079944745390553
0.4311420822623312
0.40806591310252455
0.4713871621731522
0.34577904681054933
0.3446837249248772
0.4562518227737899
0.4461069075486253
0.44554357459479643
0.5243518841446809
0.37534990232654925
0.5389090144556767
0.42242593809648593
0.39090739178481226
0.6090078204791847
0.3810816657624943
0.4979556606029763
0.46795391532810854
0.3744699906236947
0.6069745229046225
0.5346377499825257
0.3919558216534644
0.3814682151135211
0.39235189310150964
0.5505993301905728
0.3494950609984994
0.5269365015661378
0.40402324433577946
0.4754411437182858
0.4778061655733248
0.4612088611575142
0.4527035407859492
0.46049650024762057
0.4282172919860793
0.4742917996624359
0.34307699073060116
0.515403351253296
0.6576750639803726
0.4823980500430206
0.4375254868475812
0.49638378440110414
0.4610797252932645
0.5267556655251358
0.4556612629685918
0.356775118841904
0.5168715965181274
0.5472700556929789
0.4044927395581234
0.417883263028182
0.4547003875928324
0.3939874011742169
0.4864321103739462
0.32338168686745944
0.46801423148323196
0.4836857839129537
0.5092122038295628
0.4621279506538627
0.5019578641705644
0.4221421517238955
0.5378047579952496
0.4180587934179732
0.6799774049865656
0.5860983251878616
0.6249733209294885
0.5361421804775323
0.4160793430103877
0.5124680146796498
0.4635877797016432
0.46858532127718033
0.27959794346561406
0.4123813351065133
0.36077101527853567
0.37626283525358084
0.40962107352568106
0.6874343795284467
0.3383285951575979
0.44192539411189546
0.595964081953673
0.4651909101140154
0.43595867668444216
0.47619590225995323
0.504010843951325
0.4351667582589123
0.5740679443926202
0.3271750169895673
0.47183060952166833
0.4656325833753902
0.48848479459160377
0.40727678254429156
0.36371665731312874
0.48805482238783143
0.44077370743962946
0.44243298779188206
0.4390776283806871
0.4570250149681029
0.47593836985324894
0.35818122833791866
0.352178293048656
0.3691207095525565
0.39388068663971004
0.35403282128472324
0.49657212639368226
0.48136684061601215
0.4198036516152133
0.37657875719503636
0.4259546377808145
0.5248106677240455
0.3852228927999598
0.3928981639701996
0.5204759318625901
0.4422068090778388
0.336358553371482
0.4409516731771524
0.5601357920074237
0.4049744770522361
0.4398535428029955
0.37481134874809446
0.48059707102281546
0.3176058176869054
0.4009995729248691
0.483832543132813
0.3639774421272653
0.5475144722890822
0.4498555165620702
0.48637246307018317
0.4321218941260761
0.38012370177671145
0.45187443708210623
0.45890909103217553
0.4031481750731925
0.4503683412777547
0.3310632124940452
0.41605974706870685
0.4900673813402816
0.4256546132367393
0.4421685735635215
0.3577309961307416
0.384604644587289
0.41859026080260486
0.4865460458920396
0.5457571084210929
0.46262387395847326
0.48606304327563665
0.6764495874414386
0.3841615856190479
0.41100514213673073
0.36953108234302845
0.4677090215858213
0.4731439701432239
0.4801832723076246
0.6524059523621077
0.4484142315169303
0.42184334015982017
0.467631724604816
0.38831956813050733
0.5708965604978934
0.5069716944118282
0.3691334508142873
0.579697206283166
0.28145007745274203
0.5522604049040929
0.4181116773084364
0.5431252344542319
0.22432299986583304
0.4919808748960284
0.3039925193127402
0.3624913143923968
0.4807967298085733
0.516259841945452
0.34800309107109656
0.4041558886614122
0.40124283061058985
0.3563870608162895
0.5039069282238536
0.44122780219422325
0.4617777092379087
0.40254665210900464
0.4864330622186909
0.43122924303353405
0.4606069998227414
0.35055085633440636
0.4640496301291014
0.409388536847492
0.5088115849911203
0.3811234142983577
0.402880470212532
0.5384894693963382
0.38513403815904296
0.40066022701491016
0.5863465300367622
0.6917006440583893
0.39967943931914085
0.5300311758160005
0.5187751059320399
0.5641092011031575
0.3678663095355007
0.44793387126664924
0.42350299968482963
0.552477793081706
0.4680855445232276
0.6011202736713476
0.4231373187071412
0.5173010858768774
0.45765196489004184
0.44975484517385383
0.397825771231223
0.41905982949690884
0.38284186497938816
0.46518932130254326
0.48574013165333
0.467625765136018
0.4930873665145341
0.3087788369915651
0.5440607839596535
0.36545867912720853
0.4608731362548512
0.4662069824891904
0.3587745277313111
0.4452410250503051
0.6596752273020764
0.42672240941208867
0.3450807043118656
0.5086504805886265
0.416565113884191
0.4386466812080619
0.4121854843730777
0.5070576489594161
0.48117064856547903
0.3880721959272867
0.40682444575857835
0.4330280111280413
0.4432757888665071
0.47985456125775305
0.43340916879152996
0.34623844141536236
0.7162872915011564
0.4407199309884329
0.6323734309486948
0.5921430802592368
0.43038042504904755
0.6448130286624472
0.5044597659529978
0.37343732875570534
0.39930745837501835
0.3323093287019778
0.4213002663933463
0.5622459482039485
0.48795970935634114
0.49555562918613355
0.556055153306805
0.37930884839835183
0.41734715879378076
0.5932068567513542
0.3737624349360907
0.3451012352150923
0.4709722745415863
0.40826090831210804
0.5682589603653561
0.5418614946538024
0.3768721362381259
0.4952928395862097
0.5206029767492638
0.499103578562927
0.5017292225259765
0.3737105794377499
0.36224778438423605
0.5798475377861037
0.41621826038434817
0.42516736301674823
0.3833944430909177
0.6294308828455112
0.4087319697877946
0.48119892145037535
0.4795928984176087
0.3922215448918097
0.4947235510682106
0.3580715338076878
0.5189971481144955
0.5342368504507939
0.2739052187118029
0.5356368248324045
0.4825364132461469
0.600207484491669
0.37432365326196515
0.6183623672363806
0.5653011254498886
0.4799220795947186
0.5463757400654493
0.4723107881147015
0.3250245754232169
0.3830352734733581
0.5215401670067494
0.5183301618972886
0.41607844944425487
0.3582094311350813
0.37091691845743996
0.5114779879303641
0.35679871917106204
0.4103633151350775
0.44921036141347764
0.407587911774519
0.46639076756774445
0.49264216495151847
0.4306575943332986
0.4100518107820674
0.5695413599560747
0.43972928238492515
0.43931822237305723
0.47436189212264956
0.37187294689400774
0.4693442935834089
0.42997709838225856
0.5174221890039896
0.2934680279922862
0.5804848698279491
0.34134006018891955
0.3800861284550967
0.33267110563403396
0.5631378345178566
0.4912896639660371
0.35205426327430583
0.35687508491628644
0.5699350256672985
0.38600964185078646
0.582952424862506
0.48796069448166063
0.5648260305146253
0.40991718809084876
0.5661056360400647
0.4812411321899035
0.5062709973889269
0.4796311929197349
0.306362912195608
0.38606314722085244
0.4481517984018654
0.48396925565083165
0.5118958515133943
0.5984347909784308
0.48922773133290526
0.49659314771497287
0.4680441130676531
0.35870107155819414
0.43121044424610483
0.43887803480848875
0.3855525717110763
0.5730682290078957
0.519360241576889
0.47107790699372765
0.9708664527339285
0.4562041241327907
0.45814262781868687
0.3906309315088104
0.528953668741098
0.6271206644860274
0.48110572491892606
0.39880266658743785
0.4596152398790727
0.4788255402915669
0.46222413812909574
0.4340139040721423
0.45093562357669986
0.7845330710532041
0.36394103995847354
0.7455936639118051
0.7735799794593216
0.36937640130428373
0.5459507853589605
0.39078107460227446
0.4079275563466791
0.4409036929943299
0.41727746308317915
0.7629499796826806
0.29293333461765636
0.4691375966978509
0.31889257749116157
0.3176154645694609
0.43556113542768116
0.5729378579031743
0.42457903298685795
0.5966416934477721
0.5145837156769628
0.32560451431434756
0.699815568617372
0.4090567379745156
0.49221271370257513
0.46560274538444113
0.48214167073732667
0.4406512675109879
0.36534814279640143
0.45046260727831827
0.587871247453853
0.5534960335189283
0.4026809797037896
0.45056243807347557
0.44221067695592164
0.4712641037597435
0.4415560832839181
0.38481901064297125
0.42313806014489885
0.43440353812509375
0.4747498659842378
0.47368245327270664
0.37034543147417825
0.3812829051128078
0.4540574054241506
0.28019478105428647
0.43728173098653456
0.4995899503489682
0.7051638462988691
0.37821455943155546
0.4729674908103686
0.3946413074969425
0.3509979842034144
0.450136952399168
0.3211068238323218
0.6837563060615104
0.3950289905654724
0.5000250191906155
0.569043157306022
0.30833586440440175
0.432695745477061
0.46426331514323593
0.4880742755084616
0.48400899651452695
0.3891194387683253
0.4619353426918875
0.5335160987287358
0.4725453273451273
0.5433827365476809
0.43583018657622463
0.37105574355052134
0.4158814354534288
0.45056560774583615
0.42903215973871944
0.33499428858366775
0.6236873804118815
0.3913467350875192
0.6225674305963633
0.3610813369873934
0.40406774696172376
0.45011291968282185
0.4770600229297672
0.7551861572127576
0.41834966249453726
0.5155980402031317
0.45681791118005344
0.44656583757047397
0.523373756726477
0.4241360452867693
0.46286130222646765
0.4669391082355429
0.7231147400624814
0.39358753831915017
0.44290178078618114
0.2458960481708453
0.5008545746466099
0.39529313337349087
0.49355606596476825
0.5499718667908193
0.5177974389807771
0.5455811344983242
0.6121162412821486
0.5113442563659047
0.391230027854
0.3692860864615872
0.5601971198970006
0.4272159058954391
0.5652342442827063
0.4252565758459386
0.40211463957980276
0.43644202433291307
0.40222726824822197
0.31756867086474183
0.5266504663151088
0.5421276427959517
0.38899060822683934
0.5549559613271031
0.6588175797057682
0.40390642159782314
0.2777883265926227
0.49875234688016584
0.36585547990346445
0.45327065394565597
0.39956722909118125
