-0.3634095039797891
-0.399802158538926
-0.29297853693743225
-0.5230167373086073
-0.20002172055481668
-0.41992492788468216
-0.36685742030479535
-0.5175734779928084
-0.7094217203856202
-0.5044845138019436
-0.6104463787762381
-0.6766311707797079
-0.38338788529928625
-0.6599925101185418
-0.5508298118118411
-0.6822894295796592
-0.5668583722008952
-0.5810860179869942
-0.4806241700510031
-0.7628964385848823
-0.4467661032348431
-0.61016026152003
-0.7439291365985304
-0.7052216616738465
-0.5739191948024548
-0.494395744254887
-0.5934125556707387
-0.6018908053005079
-0.6431429883246246
-0.7250374509805964
-0.17862771534479768
-0.5228570005178131
-0.49058845303221893
-0.6734167505155461
-0.6784731117016192
-0.33392508329348536
-0.587039853657534
-0.5787498650039491
-0.5880764169133305
-0.6644333868798078
-0.4973499592592499
-0.7459216304730935
-0.4766834360640497
-0.7585000498606277
-0.5875308247990949
-0.4939580743003153
-0.6772379233789826
-0.5198332461678054
-0.4103650831048664
-0.6697597133444968
-0.5475697310588974
-0.6449765536758573
-0.4571653804189493
-0.42054763557693864
-0.8028723246643124
-0.6140640670961142
-0.10713119943025574
-0.60342039125007
-0.44058075222159526
-0.4930396061700653
-0.6597693548813711
-0.7064627350589971
-0.7324702320432003
-0.7972002987704624
0.14831726127599648
-0.28628675405648923
-0.5632548735777613
-0.4771525885370792
-0.5248363425895126
-0.4660787801627719
-0.2665006003877365
4.57509004541421
-0.5656394014201404
-0.5066548999767964
-0.23625571525960923
0.03874375200059098
-0.46626162074783817
-0.4666099579103191
-0.6198590239419869
-0.32867456244162596
-0.3987934731934732
-0.7049367851339
-0.6283546052315
-0.673833109578097
-0.5851357412221286
-0.6429823507900244
-0.6561262513769
-0.39587902447583123
-0.5138385583512088
-0.30428112917118755
-0.4028067517471059
-0.7450384775352856
-0.4095362148349413
-0.47375001008219
-0.7453565603223744
-0.5423675151961568
-0.4244741436380353
-0.6238918728106395
-0.6408981826062063
-0.4780294241841732
-0.49005998249066024
-0.4646995802378067
-0.6018609360230444
-0.6039615112903561
-0.7223031133570297
-0.4870287533498559
-0.5658762054103794
-0.6625767399621237
-0.47553198834062743
-0.6818517881446208
-0.4418794494033058
-0.5953908142643755
-0.7114026002510084
-0.7762468799483554
-0.5400211042154777
-0.7524050179067079
-0.5202705129509797
-0.49059487030624727
-0.22267705165510754
-0.7486633941582242
-0.7514727560179627
-0.5480470754066757
-0.5169282884360696
-0.5158219140388531
-0.6797108575438459
-0.423269455270996
-0.5064541959126552
-0.3005255561482225
-0.5525742089767705
-0.5201618300888038
-0.36164685340361125
-0.8153122052362783
-0.5294849192409383
-0.42182847936091744
-0.4203314141678309
-0.5515991317090481
-0.35776518879823854
-0.5815066332343807
-0.5565121097761321
-0.5210610903204557
-0.37850010680410306
-0.5930441913954979
-0.47727880685662627
-0.5020959653338248
-0.6235625307903442
-0.586902328327368
-0.5428798727128082
-0.27100153985989445
-0.6426512119536227
-0.47608998111276113
-0.8002409454239492
-0.6728124368039323
-0.6433131303095037
-0.6571213659679924
-0.6559720712098968
-0.7852761021673412
-0.3838152697373668
-0.2381952185629715
-0.42000853732617516
-0.5137701053893685
-0.27145100400991506
-0.6852982937953126
-0.5124643737078385
-0.6281295154364328
-0.7014487857016878
-0.45693723292613503
-0.5726988601453578
-0.49212587679794756
-0.5932872005143827
-0.5880593475496056
-0.7181186031050354
-0.6877408272397301
-0.7764700929033719
-0.44954286487750256
-0.68200068188873
-0.589825998916908
-0.39817510311416654
-0.6371992173039293
-0.29052949956791585
-0.5440541314779006
-0.3493325701670108
-0.6094751317721948
-0.48828150178376756
-0.6359025110361032
-0.7840876626553175
-0.3514790483558651
-0.2147790985839578
-0.3720954735007723
-0.7411833629848092
-0.5610510142705324
-0.6075371781540326
-0.3736986183260405
-0.3968186694362811
-0.5729566221541013
-0.583011968876163
-0.5662031587495115
-0.8168765449194706
-0.5692914049110166
-0.3537134377123902
-0.4257565889173346
-0.6773681414837966
-0.7757244739175589
-0.5242461236008498
-0.6747959335616531
-0.8093889795273933
-0.5656460399856093
-0.355170628646584
-0.7215659569112379
-0.6798873083148719
-0.2016021386951323
-0.3849424026330225
-0.5779534376507314
-0.6321629245694103
-0.5066376061253386
-0.6016729038752661
-0.7446302519514233
-0.349940204573849
-0.6795754507886119
-0.5432785635715441
-0.38741427829840713
-0.8071229016283931
-0.4045852283305407
-0.5815023788875029
-0.460709244782465
-0.44965638095912414
-0.6423067832663673
-0.5993332272996738
-0.45008595834601817
-0.6012205179394519
-0.633535778432763
-0.6918489831947997
-0.7821599235425294
-0.1212218557701917
-0.4358557278899096
-0.6099125976577802
-0.586415021490907
-0.5999585312787638
-0.6792989865344936
-0.39849066677618755
-0.3833074595189435
-0.5920594394985532
-0.46418515655688886
-0.570121162191952
-0.6147731627115322
-0.5816457931484148
-0.6449577070316587
-0.5819733096237529
-0.594851946034874
-0.6364535011820471
-0.44363177580661
-0.5529091957310642
-0.5328878298926024
-0.6787775647409124
-0.6226698389965581
-0.7577901648314069
-0.5583736603867387
-0.787984499304561
-0.6592705453941227
-0.679952000635412
-0.5489904502046384
-0.5464048617404614
-0.5128092784161685
-0.5386631734679626
-0.6046131116196878
-0.32989490407639593
-0.7639628282103659
-0.5158535717059782
-0.3368204739557525
-0.274796537400261
-0.7381329824154217
-0.46597726131357603
-0.4502056396084992
-0.807242185465781
-0.5787671054820731
-0.4299326760704672
-0.39119790505418794
-0.6871681769722814
-0.5304398031690359
-0.2864210208188805
-0.2989036186365563
-0.6382035551130374
-0.646334617494306
-0.614837915931789
-0.6244761228716732
-0.6738678921110206
-0.1543636546656377
-0.4508736269376861
-0.8309405506642779
-0.11721584057105966
-0.7457239734897027
-0.5562751085732145
-0.6342051012986081
-0.7686059594985093
-0.37883088143827054
-0.3460534293968684
-0.3197719628693468
-0.5694397645086247
-0.720411680616786
-0.5408411539798401
-0.7236747977660057
-0.45681038723983775
-0.6434969906315171
-0.5457304020521939
-0.6688679651152071
-0.7520781073237912
-0.6482149160405426
-0.3478468909519063
-0.5191194551584446
-0.6536902518767203
-0.42975123375969376
-0.5412352503715356
-0.25047253565496314
-0.6479224173426497
-0.5266275952390889
-0.3645469693417893
-0.6441357020997703
-0.665548473328925
-0.15693213820735394
-0.6138206689561629
-0.7766302771971071
-0.5183956768402995
-0.5620023101466964
-0.48225754344291194
-0.4543048825194466
-0.23076936957745664
-0.5714108227328809
-0.719339885966618
-0.7954401404933612
-0.6721324049961208
-0.46473594417779895
-0.3676437484999411
-0.6140984424066269
-0.6665258072084927
-0.4862285021087143
-0.4234526225063296
-0.5645806045072537
-0.6485813919222017
-0.5179617930834963
-0.5190825962730309
-0.3786377748697817
-0.3708088078138993
-0.717712656454509
-0.7081228337577246
-0.3525673940949936
-0.6787790207972688
-0.6284933034597958
-0.4474488741402473
-0.6846044901475741
-0.7795987816220648
-0.46657968505407776
-0.7012355867317699
-0.2631865117583235
-0.29226596871260196
-0.4630059200572544
-0.6830243199317874
-0.5068277744473028
-0.5321789694443104
-0.3868681305951063
-0.5316982992358885
-0.5072189054030158
-0.6008191506492753
-0.5948820421067562
-0.6705168089261603
-0.6278610994539945
-0.44452620070814836
-0.42235235473484256
-0.4923115357876023
-0.41606697281503874
-0.694635090771346
-0.522073731793802
-0.6580638341148007
-0.6011446878386976
-0.49967680406067505
-0.301906301330419
-0.5908749505644788
-0.6592136787527634
-0.5134389124659282
-0.5515296028281614
-0.6533485846524605
-0.6890672819814203
-0.39022832284228687
-0.702885671766249
-0.7145082614513847
-0.6501720662894225
-0.44276120781457073
-0.7142112010373158
-0.41317020878897914
-0.35552257003372284
-0.48515664511357515
-0.7279813979567437
-0.47483293506708457
-0.21350840623433026
-0.5968145480409933
-0.23983152478555364
-0.6215551181102362
-0.6687242724680647
-0.6955556592862292
-0.37518270854666724
-0.7096043711534562
-0.5400563759039302
-0.5479721684113247
3.955074875207987
-0.6997115085737969
-0.6667686684337594
-0.5086165174291182
-0.364144365836153
-0.6512070501349391
-0.42741701033530105
-0.276069983199066
-0.4330743518401635
-0.6705885224693046
-0.6289271980537317
-0.2947739985007373
-0.45239584390252763
-0.5285946932512278
0.04180886284143022
-0.7527493806532237
-0.7421666794485879
-0.5982518881705725
-0.7222691726951075
-0.7519814165410277
-0.3959070008685737
-0.595660488178006
-0.48360340176006217
-0.5856123747557849
-0.48832430467614096
-0.5731411830511111
-0.5622908666408405
-0.7410607936623544
-0.5540266293526676
-0.3381818773862147
-0.5224404141477312
-0.3821722931015015
-0.03608449287834694
-0.5801597285001151
-0.6670463012885365
-0.5751545509055728
-0.4350286890981427
-0.3553125979249259
-0.6879954354196409
-0.6675881445983687
-0.5467887392742924
-0.4896954001802879
-0.7732182175650131
-0.7091380447129754
-0.7460131467401677
-0.38608206196145894
-0.4803121759119867
-0.6284715761752777
-0.7184524041983382
-0.5346486899611923
-0.4062052359504473
-0.7463479055907352
-0.4884508052227434
-0.6332069811975038
-0.45034430194931074
-0.5816609451895348
-0.40514754923829166
-0.5746165954462029
-0.17496617307948853
-0.3813368125250903
-0.23680228091554514
-0.48392978873648457
-0.5174536719206208
-0.5644816155402905
-0.40293741471207145
-0.5954454185241612
-0.6019813284656632
-0.6044403137346351
-0.571539920693378
-0.5400590154771788
-0.2557702848529487
-0.6406655949437738
-0.38630416622457475
-0.7399239869469388
-0.07971992034431814
-0.5026057793435171
-0.47484153715050936
-0.6029197696845129
-0.40249456588400656
-0.764446401989262
-0.33915920377477893
-0.5827752255493441
0.019996972831159567
-0.533810516544803
-0.6324857831018108
-0.05885013838724653
-0.46414817780011713
-0.7433354180869305
-0.5594651816303748
-0.6620497103919367
-0.4673631864777146
-0.7594250689639193
-0.5441129891841721
-0.3030989926854898
-0.45547535116025073
-0.6459001717899411
-0.7066824475172736
-0.529945459205529
-0.3430305275564349
-0.5260991431088332
-0.4739123304719122
-0.6657844080846967
-0.41654747479547316
-0.38589294133873053
-0.5866837548439524
-0.6763661609312407
-0.5659817878788571
-0.4582892103176102
-0.5618767100202229
-0.7448317559240053
-0.5711968667846133
-0.4233941873178239
-0.05720790930998341
-0.40597820215535935
-0.6039061506625963
-0.578198064068251
-0.46223332532308015
-0.7243279085054246
-0.6265611674717401
-0.566446494355558
-0.6165647143720996
-0.2060398155438084
-0.5305174072344125
-0.5203476738369184
-0.770365162947467
-0.7218024317803264
-0.5687489726692667
-0.5573656151709062
-0.6791271679359174
0.09746112099107355
-0.4166135237973769
-0.5789442044403058
-0.3443828449612791
-0.5803001434063382
-0.6775896267114929
-0.6800087829712486
-0.3630199286182299
-0.35296703737905005
-0.6075036231246693
-0.7098128213581895
-0.56216230482963
-0.7435341639470959
-0.5119399309176145
-0.40756425807895796
-0.658715954990651
-0.6988063600738705
-0.6785617561873268
-0.2693021372923225
-0.6927600542834371
-0.6189477134139304
-0.6822846790940773
-0.34269287155895517
-0.6475165518569583
-0.46100063531355845
-0.5569189784295869
-0.4852768534879821
-0.5120244855590157
-0.612328077513502
-0.5672059567734221
-0.6262334875375982
-0.171563293434893
-0.5886555471907932
-0.6252028596679119
-0.4307117959127471
-0.45457413094935345
-0.37253201224145305
-0.5310853325392613
-0.5922794648195107
-0.5092602496988163
-0.5601996595145002
-0.7279762868791964
-0.49952362579822207
-0.5299710491245807
-0.5787511847837135
-0.6852933779225577
-0.5361477242371808
-0.47629828407287017
-0.7350912908803494
-0.5267054403965827
-0.6601682005225024
-0.2181963384770275
-0.4640198590391354
-0.5271787208607293
-0.6861273135230386
-0.6122920824246465
-0.6919640451578382
-0.7124688773675882
-0.6719998044451481
-0.7985981682674304
-0.3132448692917281
-0.2852268750158863
-0.6593509268193654
-0.6550423146199735
-0.49827900688022714
-0.3443924821318274
-0.7592481995432988
-0.69827364997904
-0.5303246882130039
-0.6211899807401364
-0.46108679505298383
-0.6369273315568686
-0.4297914791114139
-0.6236988994153496
-0.41903677456275823
-0.6033994149552869
-0.5971631749439344
-0.4157975179218876
-0.3771051291257191
-0.6874701399365659
-0.5018635761229067
-0.6087987402609633
-0.5454592137374494
-0.5550775759183132
-0.48912255039172664
-0.5235255203894689
-0.6681839270847786
-0.553701325394414
-0.5060620122787086
-0.6968937593565185
-0.48974378724327955
-0.6270283098602586
-0.5309838591226893
-0.5508768588182473
-0.5009305767943535
-0.4362887618950523
-0.5718301137307616
-0.2876663999871708
-0.49727300857488355
-0.4911528498318673
-0.6598188384346694
-0.5924709763066087
-0.5889575049018709
-0.35368763902129013
-0.717710748452448
-0.49081514242550306
-0.37635668270271166
-0.5054706308789705
-0.6788139651621018
-0.5944194924506196
-0.6003855538629531
-0.5486045731323167
-0.7004051221096009
-0.7091420423037312
-0.710576984379981
-0.14940859099398215
-0.6267838193273934
-0.5964011206091516
-0.5681051852572101
-0.433080477809748
-0.6800272050938617
-0.4046462002398061
-0.7226126980388253
-0.7766297869482733
-0.45142212634098905
-0.6855742800888952
-0.5166707896979192
-0.40602553594577256
-0.673070368707967
-0.336423448469203
-0.5172268323861645
-0.5691674659986374
-0.6372194919000442
-0.4699946489595875
-0.45259344659483935
-0.5571901506670955
-0.6211462248076239
-0.4046335560812358
-0.7045408329103506
-0.5590989048402656
-0.5213832619613809
-0.3998541674916399
-0.8259115211906475
-0.3873951586697761
-0.56979100438255
-0.714004268593006
-0.7272524121903134
-0.5795664998167912
-0.5317866622108829
-0.01616875873799389
-0.3779400736465323
-0.6784375175538787
-0.6396231801921385
-0.5920798705754801
-0.3110934790088261
-0.8228576927009098
-0.6951287163332067
-0.5402826838403173
-0.6506187602210881
-0.28957694614065754
-0.28166946165166495
-0.3047141376664267
-0.19370663943020752
-0.3736547438306667
0.35412998158155723
-0.5115325427304568
-0.7809149864429865
-0.7549319285584482
-0.15486384848896742
-0.5692649599947588
-0.7490209606676607
-0.5393885307291739
-0.5099764105939387
-0.17362022233193042
-0.507143442914971
-0.41208159760121665
-0.5860394043589237
-0.5660638171167887
-0.6360528078777195
-0.648319752341235
-0.590148596497286
-0.7415526059293562
-0.5102593056926328
-0.09815828261364846
-0.7471880208280584
-0.6151420640970575
-0.617085981341743
-0.5508938979616294
-0.3661801753034499
-0.8049008001058349
-0.7674008196940879
-0.6609619730583268
-0.44718767278221166
-0.4265687331169685
-0.6339563949683503
-0.2641056633418012
-0.4660488164737736
-0.4226198769879974
-0.3365639616802527
-0.7250369128165574
-0.4325491455065366
-0.6139735028812363
-0.7075508262132327
-0.7818913976442192
-0.40226253827554304
-0.5270989206984691
-0.558223060094153
-0.7626431921740876
-0.47951318226183626
-0.41030409619891234
-0.6167392159534725
-0.7241578511218771
-0.7423668423756525
-0.7122019580206116
-0.5383179717847286
-0.6769061371049663
-0.7273167870968525
-0.5421869780315925
-0.6483760011311505
-0.6076935949020926
-0.6191719042962058
-0.30362490096054084
-0.5208050174147687
-0.5568351709960755
-0.6770954320018485
-0.6086887270951095
-0.2229157857144422
-0.5270331071200929
-0.30823394364565815
-0.5647998220862882
-0.7137077177021812
-0.5390975371829629
-0.4702149974636139
-0.2364800754023105
-0.6495252989981906
-0.6868915592722606
-0.5172594252570525
-0.6585291212215995
-0.5745671839923403
-0.4795994018672799
-0.5704980658890815
-0.7705984130495072
-0.5523967991413767
-0.3247855228098898
-0.35399801378314116
-0.32996693625939144
-0.6856764144496548
-0.5894526431849099
-0.6753504203369394
-0.500186465174446
-0.22356533939100406
-0.5459771785317763
-0.46302273501103125
-0.6169870945675788
-0.7576649597081262
-0.682615411941375
-0.22876400812111328
-0.5222183324678168
-0.6490733040275632
-0.6604721179571794
-0.5277607284056179
-0.6459535925328653
-0.7076475360642438
-0.7148624314164782
-0.6573603144562526
-0.41849152237630316
-0.5102829811429214
-0.6554994997779763
-0.26151231560581
-0.5889005648233284
-0.4962416695590645
-0.48747237788277237
-0.5895713743444344
-0.5865235564303419
-0.5999610256539203
-0.42689435406287746
-0.5896825546930515
-0.5942821304211972
-0.6341305347375429
-0.5938712454804068
-0.6520961812739801
-0.5628651980742762
-0.5979992041957757
-0.584165307111079
-0.6520030823487295
-0.5606169122402008
-0.34918300576078587
-0.6070624719395112
-0.273910783956315
-0.7899606866008418
-0.1830185384955946
-0.3156247598391242
-0.6643140377418584
-0.5606540043078128
-0.48292542172986097
-0.668437309643302
-0.5439578608824976
-0.5997693816229136
-0.6453406352348011
-0.6804417564835962
-0.6606021847501368
-0.49553470366191155
-0.4662170709956129
-0.6465193101913534
-0.3446892276494502
-0.48738724039066683
-0.36238444786257096
-0.6590701716271997
-0.42763458875073973
-0.5078173744178348
-0.5897890541202643
-0.504017823717605
-0.7300167820411094
-0.4203979677999655
-0.7374347645203251
-0.5865503561830824
-0.1695746116978954
-0.20553733867242818
-0.7224313654789142
-0.6904514261035394
-0.7839390299262411
-0.437436584617294
-0.5472690268317488
-0.6262539469256997
-0.4262764194989709
-0.36662971175166303
-0.7745575624555571
-0.5849870591659653
-0.7819428379661183
-0.7173146600144505
-0.5237570605670824
-0.5520223403297
-0.6846856388074087
-0.6639273724204318
-0.3834546610274183
-0.7875627013487526
-0.8369075814614445
-0.5168515043348905
-0.457539431806687
-0.37868867249060856
-0.5823710847449374
-0.6928856271031637
-0.684889629516623
-0.7034773460917685
-0.41147136158043907
-0.668574796119803
-0.7318528653480109
-0.33170130532813297
-0.3940658352290792
-0.807593481016784
-0.5140703704622714
-0.501048363340207
-0.6890826114736701
-0.6862329190707258
-0.5082542300582966
-0.7530218666211369
-0.09955932702081007
-0.5044235153941081
-0.3224594485217715
-0.6045630223159841
-0.662769483666493
-0.25668652286745103
-0.4448811133828074
-0.5887047485761358
-0.6811321128067348
-0.5448492778420815
-0.5007386989686557
-0.33108695245528924
-0.4865195175842386
