-0.21158069382181435
-0.06505309402062731
-0.1668877700067018
-0.3652044698981763
0.07793171139529972
-0.19503341319925493
-0.16225083429061987
0.03048772918554562
-0.1013095578957752
-0.34693965003279076
-0.23118811148200122
-0.44550910454886455
-0.05707551491225876
-0.3069511861379578
-0.3935413589904809
-0.24116444627321612
-0.32283790590398026
-0.6273517523712103
-0.23467690277152548
-0.21459900306909754
-0.1321212924230091
-0.06403357710089705
-0.17263826965126444
-0.6780268449005764
-0.47749902266789945
-0.35456963491541416
-0.4147605667621737
-0.5086793233040051
-0.4491184169095279
-0.43937729871984793
0.28707067886834464
-0.3127486220582396
-0.4018660763490745
-0.43644487392781356
-0.5712293773538014
0.11790601823260999
-0.2675464514007358
-0.4761853954440948
-0.3612238161237152
-0.4803314657367865
-0.5463826502425525
-0.4259153016359786
-0.19010266615664456
-0.6188368702721441
-0.16796348409682124
-0.22957948595403185
-0.7376989486574024
-0.2582501829103403
0.2256281057230979
-0.34332388484371323
-0.6348259958328601
-0.4493700062532816
-0.3870396499425901
-0.48419412647927795
-0.4959162679953725
-0.47606873851497344
0.735009594650735
-0.416571966889664
-0.28172774285253005
-0.1981536564946161
-0.1956383738461131
-0.6330355366826087
-0.30973135407487745
-0.5758615666024572
0.366468463556752
-0.38683199357299125
-0.4389620049624534
-0.15625503971814794
-0.3858988517370304
-0.16662997953452952
-0.004988696610772084
6.397818029962938
-0.1322432898920814
0.21395341760210576
0.44020794443393507
-0.15280821411863196
0.08820456315659489
-0.27562174032053943
-0.4561115304847701
-0.4439395921496567
-0.1211282051282051
-0.5582370511830432
-0.04281694845209087
-0.4691682541326082
-0.24120725478709767
-0.3159207236189584
-0.3203670867799767
0.15502017720852718
-0.4962636563249523
-0.2930711855878145
0.2906563936909904
-0.5218491150891118
-0.15256451036803925
-0.433553528363217
-0.1372379983124474
-0.00854183122775903
-0.26385828651825965
-0.12788248344170366
-0.3222054861588594
-0.13641040806962296
-0.05803219291478505
0.0092101796722694
-0.4084099016968236
-0.3727758126938301
-0.4022928858066287
0.19583643971602624
-0.2635998929567413
-0.4891533470252152
-0.3213298824464475
-0.3471846265733591
-0.6970163278272771
-0.5956167547416119
-0.5898219790663953
-0.12849965440727892
-0.1366176023465026
-0.405472120726259
-0.4308931895865384
0.20931182483567978
0.5416653904215984
-0.17214737229508273
-0.5520587584487717
-0.13820756916985805
-0.19907644729949317
-0.5495482970262043
-0.3194292759825456
-0.33382158406106344
-0.32195090280833627
0.00013962536475174215
-0.09711747769950958
-0.6576238321188279
-0.3508179600362268
-0.5217360361661809
-0.41820056472722933
-0.3162254799857873
-0.3391245608939693
-0.5288700170197294
0.1622173859154107
-0.6705398722459608
-0.5109723553088044
-0.05003219287254778
-0.42486823706572013
-0.04264702185689325
-0.33001984090086556
0.07273706414566372
-0.5762360800576016
0.12699752776650305
-0.41342879872712807
0.0423727643935494
-0.16717826042849532
-0.3312727980507216
-0.1864790097015591
-0.32593229571842647
-0.47278801728848924
-0.4885446694861136
-0.139425991712555
-0.14810138559066363
-0.38640465731709506
-0.25527332546889037
-0.447589026252278
-0.3283910919755568
-0.05477778741835983
-0.19175918451047522
-0.5743017078786801
-0.32803115099958613
-0.5667880008754762
-0.15119210112968395
-0.5499372998517997
-0.4413838706395818
-0.2925222143753096
-0.1026442718265703
-0.529545201633268
-0.5639925406060463
-0.3534275305018046
-0.26088285117780485
-0.15495539735284689
-0.3422322159695897
-0.07446514951325717
-0.0760660708304687
-0.2981479299237961
-0.3076737677734256
-0.1327313177565636
-0.3172349849820602
-0.11590565789215561
-0.6305676165202693
-0.5121729772037961
0.0996687913918305
0.3792321617932237
-0.12230039973786297
-0.11545623549781409
-0.3567679846418031
-0.2064982988076416
-0.6595576303075279
-0.42297786326736875
-0.3957337511263279
-0.5235578257731387
-0.4929818567306545
-0.3802963410418932
-0.3199223723728589
-0.5282443866639231
-0.3285607882840763
-0.3290795395800826
-0.600411964213628
-0.02898817262263372
-0.6730199125526241
-0.6046406914255974
-0.36793441948912986
0.7048145401631432
-0.512384760260888
-0.45123519874798645
0.08679412235369441
-0.45654060856377665
-0.08402913217631498
-0.3622159025755108
-0.1426222739245116
-0.17321765680752263
-0.5138577727992034
-0.3612392017477635
-0.1824996782634808
-0.3451450946202762
0.14041112264692218
-0.30781120267423207
-0.4710187327677155
0.07671177972572826
-0.36194327034919815
-0.2910561694331724
-0.375864418090564
0.3340246177107884
-0.20510168752947358
-0.2545312362381465
-0.32800608460886616
-0.24633835771858384
-0.5194845711900341
-0.2022006158297759
0.13422415175605387
-0.061836608701374716
-0.32395114722264806
-0.20502359934490633
-0.441293745843541
0.10418506273487076
-0.3820317822145365
-0.34869199061637396
-0.6120252923958083
-0.4061145096648268
-0.11540735063908923
-0.44823548588660383
-0.06627239729904474
-0.35931983141120444
-0.30100528114879016
-0.25954818206900937
-0.3420478654554002
-0.26969444394787184
-0.25877773300745494
-0.6105995749171386
-5.330651423448729e-06
-0.571325490732508
-0.24453897524513632
-0.6916385277211352
-0.1680398565367453
-0.5083252922948783
-0.3359134317251643
-0.3234898121127237
-0.40174670820522357
-0.27439374153312907
-0.6598986065645007
-0.2554000483856526
-0.13935992467530067
-0.23171911814203963
-0.5160929256419973
0.2676920318367916
-0.3166275095411281
-0.5580759793249966
-0.3300677455429348
-0.10509049947018932
-0.5421956887946094
-0.23788670853977303
0.03066131563646217
-0.1746988272921108
-0.2465477918804831
-0.5056889600175837
0.1480538749084743
-0.43532381105774864
-0.5630020335046547
-0.2861559781064549
-0.14123411351724532
-0.3746895429811703
0.3491594805892025
-0.5842849810081101
-0.48274630873631147
0.14334230689583777
-0.1864930461571637
-0.40098448395981323
-0.41424222637573815
-0.5431150444911419
-0.16810375869948083
0.05408210578877915
-0.35959205923058674
-0.11707177688701753
-0.3991371464339918
-0.3892690436658357
-0.5119636030984671
-0.29373614072114596
-0.11368965504821112
-0.6207898413115462
-0.4134968583609392
-0.22353712721131924
-0.31113884546641346
-0.3277502314103809
-0.45938023497012703
-0.5325328238161602
-0.578419599670481
-0.30421449460737293
-0.08239523807425758
-0.4243448427709726
0.22589088220739664
0.18347620224239772
-0.4645040249350857
-0.6071548270021045
-0.3014389985993947
-0.45584805370958725
-0.3527848987713974
-0.47115356467467984
-0.592064836146405
-0.42069012666576405
-0.2268219051301211
-0.29150185503313075
-0.3510431927689353
-0.4362974903874501
-0.17833540065851713
-0.6364194216460842
-0.11948000606429295
-0.16297534164074023
-0.39705682186388436
-0.3606963804306707
-0.4520925314207077
-0.13553955456596822
-0.24183405433343486
-0.47520154735982895
-0.21146964549572864
-0.3326803084098405
-0.17688399661303983
-0.16373365712045382
-0.42477193651712364
-0.21092019785829402
-0.32171936810667784
-0.42242857807518974
-0.25440601338307817
-0.44288457784565216
0.0021443566323372555
-0.16333052689115266
-0.34785535961460456
-0.17371435198107857
0.35284967144964463
-0.12039707616940312
-0.16878598019951144
-0.4531720350672596
-0.125368250544341
-0.5354113396883416
-0.2236242476737367
-0.5894790896393066
-0.3441883009079448
-0.18300876171770844
-0.5197264217966727
-0.576869958923906
-0.3206614505625769
-0.13830289652005331
-0.3087448749096233
-0.4570204314927368
-0.466547150478537
-0.3650775835461152
-0.3045647575822278
-0.13533169546320678
-0.40486542625288247
-0.09738123938892944
-0.4265979098089772
-0.05916144062586193
-0.5376114937197222
-0.3968580327652887
0.2750436292345032
-0.6447641155338352
-0.4114119988733895
0.0351021582834812
-0.3613785001932506
-0.24118308757620932
-0.24327001957860142
-0.14505477612883955
-0.26221707595911026
-0.20819467587304274
-0.18797019144549193
-0.2415124505810633
-0.05404652159931401
-0.40219330912702106
0.1718771367831286
-0.5601651957003035
0.24400767339391355
-0.43580933295500224
-0.5545414725726159
-0.45774167950333755
-0.21421710536206773
-0.5825625174687208
-0.48884375271517344
-0.570004398670624
2.308803509302678
-0.420765230793141
-0.6794678884367984
-0.6681916134050163
-0.019488509030188523
-0.554132887853901
-0.133962004668903
-0.023835699281304544
-0.24073693002311994
-0.25183141986910873
-0.3316150118718061
0.035644559406226045
-0.40831340645827624
-0.1711065296404843
0.2008822891919575
-0.4484310214380823
-0.45642363441148837
-0.5402188102194319
-0.03613402294187907
-0.3822613762255003
0.14631967628135195
-0.33986286213820327
-0.43906739959810565
-0.2673406104927318
-0.23943236714975852
-0.4621690022850349
-0.5743988269032273
-0.6390399408366901
0.10214946844323482
-0.2698284774627364
-0.11889236328260716
0.03829927364419869
0.3378724000889601
-0.3997568116004496
0.0038271410483974224
-0.1971181918395028
0.16962954077450576
-0.060869415224684705
-0.33217301262303695
-0.38109380593648906
-0.4641385793679321
-0.21563765229216555
-0.6159647874575316
-0.4756403940623494
-0.3103343053576739
-0.43135195497004536
-0.21729847400844013
-0.2027537104960816
-0.48220771336365276
-0.13349113655420097
-0.5129396869282112
-0.4086880453308952
-0.2430033762586274
-0.45600707890830383
-0.2829952094653248
-0.503164018450913
0.3669495006603386
-0.09837302780198302
0.0967524038817846
-0.14470359962531773
-0.06644557327540528
-0.3323403448813458
-0.5156622068471963
-0.0047700219786595156
-0.521588012005801
-0.004145392897072138
-0.16544816667180975
-0.6526081770116283
-0.657968751576547
-0.24704470545687687
0.026335622891009085
-0.36756393980009355
-0.3474558667716729
-0.3114471296505425
-0.3597396201366138
-0.6043275206483926
-0.04612912388913703
-0.44732025959765187
-0.42597235990436766
-0.49453677737325985
0.21727447392917237
-0.4962217354977636
0.6604222900532275
0.05021646339143728
-0.22820341205556546
0.3599420802156368
-0.2695429188004798
-0.4939409553719939
-0.08999781863908746
-0.40550249754253387
-0.28708947909637195
-0.07397127296053393
-0.29638728761509203
0.01648989503772479
-0.03775000109657614
-0.2961976159457074
-0.5096229362088897
-0.3464657816109878
-0.04381687072465862
-0.4515269213315181
-0.12459212871643732
-0.4356248442713855
0.0945013344737737
-0.3893810560888852
-0.5672008069716529
-0.5327611859501319
-0.5089414518942572
-0.3193353223309037
-0.620395336849201
-0.2831585393267136
-0.24602825545735518
0.4504187469976938
0.4857778179709652
-0.2469002813584745
-0.39137685228215113
-0.35970716521784696
-0.3554599887856456
-0.575779350570693
-0.44756485862646894
0.2916784567996056
0.03952085205614001
-0.18865144528174563
-0.27319784743347336
-0.3972527930631982
-0.33554699364226753
-0.6605445602795453
-0.6435909505237518
-0.09426085215374473
-0.5345831823935722
0.1564583830124659
-0.36757859830367956
-0.28057027340826174
-0.00794616639205649
-0.10834247857320797
-0.13306588839502098
-0.5103889273285724
-0.10490576608222907
0.10487212430240492
-0.40224193947791825
-0.4935048168385022
-0.4522221426228334
-0.40291056964566585
-0.3901451612310339
-0.019600340007441534
-0.40853370333756844
-0.36374809371521233
-0.4921418848359488
-0.19547260845498637
-0.415942528488034
-0.5400400677643757
-0.47269693672948676
-0.4285775394414998
-0.43922142819791066
-0.3160470987896124
-0.2709363489323529
0.1258254805834327
-0.07863161751236489
-0.42183330122249085
-0.4244797114644046
-0.33587623788499765
0.08120743158828045
-0.34268978644165304
-0.5771851405217278
-0.19681720922532797
-0.3216441049316301
-0.3715056566454771
-0.3542510907702068
-0.24517904632321103
-0.4710231600784428
-0.5878807364538756
-0.33836088595941066
0.061095581924551855
-0.18698742398480464
-0.30938514157131275
-0.18298589759480532
-0.6364374739790775
0.05778781464963351
0.10384948548817104
0.07063317311018756
-0.43847471755968215
0.3944047659600238
-0.3079092933598333
-0.23219964136282129
-0.4405818511889187
-0.3003844651982596
-0.6945216860630501
-0.48801967655982775
-0.5812355807397096
-0.4972757794387911
-0.44391633021471083
-0.15970507323310837
-0.43673939602954176
-0.09451922667091837
0.11660617909564515
-0.067729443022834
0.05339656888576609
-0.32359345028645464
0.1468844972349332
-0.5611115987752173
-0.30276672081440165
-0.6061395214581868
-0.28803924669699993
-0.3836007817868448
-0.32205180266695943
-0.6698527215794904
-0.3697699232651601
0.013126779830238511
0.0521930080907095
-0.19750494476572086
0.28426823059374035
-0.4454563849416309
-0.14215656697276216
-0.5301975865269858
-0.10443886626515815
-0.6151794868786019
-0.4175280976828084
-0.2220654807650572
-0.10316622128345054
-0.634037717577656
-0.3908060303478023
-0.49464173569030545
-0.2358366386872764
-0.32831866233112467
-0.6098284691195438
0.1830750268987024
-0.380560044706913
-0.2419483877175383
0.3291202439010502
-0.15967868751184652
-0.3032656444260256
-0.0329097328338528
-0.05840403633187344
-0.5048951382268827
-0.46500506471581315
-0.5360096045074041
0.2568666455812095
-0.2985521287354676
-0.2372963990837598
-0.7374233733791312
-0.11366349565839994
-0.18471479153895484
-0.566218253638347
-0.5146995667891109
-0.5634810328339178
0.08196721311475408
-0.621003842834029
0.08558800289025875
-0.27206637820668644
0.07572586973580957
-0.3208991033167683
-0.12836144508045857
-0.5994531584832675
-0.5598878498396656
-0.11372174444734243
-0.618042434716853
-0.4351019610358276
-0.278558017158261
-0.3979762687431671
-0.2838428202642245
-0.4473088212240591
-0.23099696800677802
-0.49940322958109057
-0.1636947109830105
-0.3267997284532957
-0.14546179808895632
-0.5514237847962804
-0.12835211973880717
0.014490827546342554
-0.05380306579875313
-0.6528828202306642
-0.15059527792153174
-0.5846786628376769
-0.07762858600740986
-0.33949802972246107
-0.34239923149043905
-0.35219095906601183
-0.3092017236548246
-0.3915541474136103
-0.07465842960899213
-0.16898535181949678
-0.48992992491620946
-0.5003685956505713
-0.2948116007239995
0.22071335116828297
-0.412929919834497
-0.14874578482165973
-0.5111530935993924
0.036393627082278765
-0.0877289887754327
-0.20362264280091721
-0.04535982975626347
-0.0017928254385631483
0.04602979116457342
0.004650150788349886
-0.0447648055381777
-0.3950586092490873
-0.34756752462835755
-0.3091857397280804
-0.29321036942403916
-0.4519626056829551
-0.152258420368468
-0.08923183712524511
-0.15643915454700877
-0.1520658646006004
0.20839068992081647
-0.4760079570928696
-0.1043443424657039
-0.6053257930247001
-0.23167366293532332
0.16110149188449677
0.05415136803374789
-0.03471240452755027
-0.04560122006221203
-0.6307791165743314
-0.6214182386568674
-0.23192095549151107
-0.12783122160607488
-0.187628823051779
-0.39095166291610034
-0.5378779030832285
-0.44251461108856477
-0.38171319287242395
-0.41509545195506836
-0.2697298983254754
-0.3379643009399784
0.03101288679205196
-0.46808256533768594
-0.5944244639031326
-0.6854631172021357
-0.10790583773210194
-0.1411496809801594
-0.5802722491236003
-0.3503315702947497
-0.13070682595426877
-0.20534078956747925
-0.3467364455016452
-0.38549492933926277
-0.1336530507683809
-0.11676791981791262
-0.21976648814314106
-0.3551448431743277
-0.20668937496495918
-0.5577040260021067
-0.5497426354928748
-0.38727975191411507
-0.5159238281606087
0.24541065491624645
-0.24314975004094824
-0.404191874041768
-0.19510766988295533
-0.00849298834682991
-0.507679200498922
-0.14775859652401413
-0.24970427602332743
-0.39803983336105936
-0.05310471299398141
-0.21036127083894318
0.15875266013999562
-0.31982113674867685
-0.32974089179449617
-0.29282533509007524
-0.19956220833598387
0.09449483187009924
-0.41923463083101636
-0.4340637617261912
-0.4553770102820986
-0.5889568205292067
-0.06249487410809474
-0.1370019225694575
-0.4970695848896738
-0.3435555820034829
-0.14528534335933102
-0.2945249469772588
0.1358188630413194
-0.15511606790518415
-0.5938614887951551
-0.6350478638105701
-0.5090075191747329
-0.23937635262137075
0.06781225768748878
-0.5427611883904645
-0.19383721477429697
0.15808793421553377
-0.36952998779333335
-0.6260787659251524
-0.26820256422553673
0.12377659389138969
-0.5090998871331829
-0.06791609421323536
-0.5663726179087546
-0.4200861592464485
-0.49354911633852827
-0.6494999799230072
-0.3954217498908138
-0.41416637889455554
-0.11354391862339572
-0.19545172456223892
-0.05419319752554893
-0.6173702876658348
-0.31857428682848904
-0.1778559132696042
0.11429810902724527
-0.3779283569085773
-0.2512273775922654
-0.034477039049129986
-0.18689933560472397
0.2572277009605463
-0.2227688798112803
-0.16471433048778583
-0.5746900837432661
-0.3780305872403855
-0.5465355762430063
-0.06989878967071836
-0.1996201652636564
-0.1805845090499469
-0.31843087768569167
-0.01791559999643211
-0.025177819318507974
-0.31104752451065526
-0.22210028122642153
0.41187269979250096
-0.5995424264139926
-0.3321180079629267
-0.2785382719533892
-0.3655387667311745
-0.07409092206176847
-0.017333411889471368
-0.6359688833335567
-0.45711718134099005
-0.4025336593434903
-0.32225067080350767
-0.047037307173903815
-0.04548870116095252
-0.26141070849871173
-0.046872256279962415
-0.14981610648310303
-0.4237006555826763
-0.058363559429214756
-0.2910192867723222
-0.05271528265158835
0.21450787477259992
-0.5802022070440436
-0.38587372457984914
-0.2869268362043088
-0.434754273960007
0.08548679640865334
0.1725198211988533
-0.42575652863211727
-0.30270712053903764
-0.3046596421253866
-0.1986509399312725
-0.6322999217402239
-0.49884428097179034
-0.10686356667580624
-0.35528563975479327
-0.47745466969452216
-0.43340859208445764
-0.5469919655659029
-0.4801026839160175
-0.29113724064649626
-0.19650031528691106
-0.23371432311344612
-0.6657471436394744
0.42617353940698044
-0.4948066467649805
-0.637561766099075
0.09964305138835378
-0.6046498672534587
-0.2575510650672901
-0.5490564176032866
-0.4495217645010182
-0.2403066433525401
-0.05900536084851271
-0.2976549954897608
-0.6808697507451958
-0.3933100923392185
-0.4016995926698224
0.09403338379503863
-0.2937657917805393
-0.6031537678965783
0.3123689545824741
-0.5645754471573886
-0.4447825086876695
-0.33120773496374234
-0.33661252149650495
0.47310156208206267
-0.4877411313492374
0.15390238478057167
-0.38797169615122895
-0.543037478128937
0.03836443044117346
-0.5083784880680813
-0.4869231836688899
-0.5776816004186172
-0.396330079009612
-0.29736619274197257
-0.07494681638004476
-0.5640236604676855
