-0.9876888251075344
-0.9879293742074449
-0.9974945440173217
-0.9883590960965432
-0.9878631277189114
-0.997967722322016
-0.9913712272208316
-0.9886767547616387
-0.9797421983420578
-0.9904943957550826
-0.9951846435040397
-0.9983378961623524
-0.9928141318741724
-0.9870367436299998
-0.9920279577124976
-0.9950707385710796
-0.9906660937317698
-0.9951543338320896
-0.9855703837087164
-0.9965587925519782
-0.984586700989949
-0.9990655489032039
-0.9973340862679178
-0.9989353613582704
-0.9992206164328309
-0.9986228889302007
-0.9896646941890024
-0.9934292057432675
-0.9916065466439363
-0.9974265789010701
-0.9865633369213417
-0.9981491573835184
-0.993602939731979
-0.9927395172296994
-0.9954955170238391
-0.9994792342226361
-0.9907277043553328
-0.9833671853551079
-0.9978270279250958
-0.9973383484177669
-0.989446506007684
-0.9933701572175756
-0.9898156980281837
-0.9942565305550676
-0.9708549711334822
-0.9989507995952551
-0.9952854501567987
-0.9926039706300214
-0.9817324580191913
-0.9995929165328519
-0.9895105503099784
-0.9931450663836673
-0.9958744865957945
-0.9828944606790552
-0.9962362207537435
-0.9992111090917658
-0.9734069912362262
-0.9936229993642763
-0.9869625353899006
-0.9956817100286587
-0.9948289999206497
-0.9937154240214944
-0.9938679138706252
-0.9980517483390722
-0.9800888222532683
-0.9911644632503446
-0.9882228327551096
-0.989340953042577
-0.9846787391726652
-0.9974849483603826
-0.9890678002106388
-0.6319883071462128
-0.9988498531241986
-0.982030438702266
-0.9852001099328624
-0.9832245832615173
-0.9971452207056987
-0.9942530217052151
-0.9932127975844077
-0.9846987669570033
-0.9808540792540792
-0.994043162902202
-0.9926376304549044
-0.9969760685832352
-0.9904006333980157
-0.9953174739188695
-0.9889994013831457
-0.9874660057899817
-0.9882908519579097
-0.9987612453240943
-0.9982141350231671
-0.9933815328523038
-0.9983011662600246
-0.9836765310813753
-0.9969132741418428
-0.9975737839440065
-0.9938345656099733
-0.9982633274800083
-0.9985820422337384
-0.9937636339522951
-0.9884910763043159
-0.996824560479126
-0.9966520473730818
-0.9941353569412765
-0.9961835618577867
-0.9917269472821669
-0.9896970863576183
-0.9994708649635082
-0.9984508054969463
-0.9941230079335621
-0.9961757416286543
-0.9845089560294726
-0.9949749600945546
-0.9842362400863898
-0.987840037200651
-0.9965233995753955
-0.9892025285388469
-0.9922391092496216
-0.9800030629881638
-0.9899934848236177
-0.9978909471069204
-0.9964877414272907
-0.9950690487659982
-0.9979145486301191
-0.9916830156604417
-0.9975756408501983
-0.9882804440821508
-0.9967070377459132
-0.986529479565809
-0.9981532239303709
-0.9972438214440157
-0.9961909091681608
-0.9971621196665107
-0.989839739270005
-0.9880644639850917
-0.9990756337494441
-0.9876017993977704
-0.9943387652758309
-0.9942184684950527
-0.9848470052352728
-0.9914617315596278
-0.9948107160363485
-0.9990530154020894
-0.9806469850482439
-0.998543718228425
-0.9903605033024613
-0.9871964996022274
-0.9838718899660679
-0.9930722132593321
-0.9975381709655561
-0.9971966191150037
-0.9983512089009213
-0.9913350555583156
-0.9923728097455157
-0.9986145836986857
-0.9921700865664558
-0.9913529753544337
-0.9963614324830355
-0.9968395475217128
-0.9876993507687906
-0.9910852970348405
-0.9981855513821218
-0.9989184050841678
-0.9919666781990488
-0.9994252030913661
-0.9964761682659662
-0.9987415554670531
-0.9935873100943109
-0.9904752242518788
-0.997937713586388
-0.989513871649789
-0.9960926423785348
-0.9885637146612599
-0.9809885931558936
-0.9879931607578125
-0.9895942067659239
-0.9979203558421005
-0.9901299204964126
-0.9944732500589205
-0.999245266387911
-0.9944568231839026
-0.9931643376848349
-0.9832678958268526
-0.9975780435644608
-0.9927873984932981
-0.9866643787286856
-0.9962895045707445
-0.9945971118570637
-0.9945089669446268
-0.9931857350773363
-0.996913350733323
-0.9880015765925279
-0.992299726919751
-0.989641052869733
-0.9933834085519166
-0.9978938549708534
-0.9838417915232375
-0.9830910439879088
-0.9971224053324355
-0.9965805985645285
-0.9956189441833332
-0.9911120618567373
-0.9952611218568664
-0.9826675510673725
-0.9912367185352817
-0.9956313923009714
-0.9965636411971289
-0.9945835637004373
-0.9949424830118462
-0.9918669340035581
-0.9863976638378884
-0.9912894073801113
-0.998345297341926
-0.9907935149240082
-0.9894723090991524
-0.9965083302217244
-0.9953580042357877
-0.9923295630579745
-0.9931349793577777
-0.9881731373459741
-0.9922217925036039
-0.9893126590246195
-0.994521821153268
-0.9889489677617745
-0.9969141402296104
-0.9952924492888624
-0.9847476777595776
-0.9887328904090782
-0.9907587068328187
-0.9838912231446686
-0.9990427498904623
-0.994393118827652
-0.9911528009784745
-0.9967715946146151
-0.989183607595135
-0.9966999960254598
-0.9976407659945279
-0.9882226554728842
-0.9896585005236462
-0.997979222344495
-0.998188397753258
-0.9955827008122458
-0.9942445123353236
-0.9987509319740622
-0.9983224211470021
-0.9980295473995122
-0.9990776441264169
-0.9889338274076585
-0.9926030246909905
-0.9983217632198341
-0.9987251738500867
-0.9865094159424795
-0.9882371447114837
-0.9920164610515952
-0.9904270113763308
-0.996525258033002
-0.9897550988589879
-0.9901076819306426
-0.9918351706972037
-0.9936177601389061
-0.9951163617599743
-0.9967967251450071
-0.9924359229923261
-0.9966777716619833
-0.9897628150544148
-0.9893342757712145
-0.9978704398933278
-0.9949266913457895
-0.9813362287945651
-0.9892589778567003
-0.998891814096745
-0.9946912633203635
-0.9932510049694994
-0.9888502412444888
-0.9976077155006661
-0.9745279595699939
-0.9991657782515991
-0.992857211305802
-0.976067903481719
-0.9840128714015954
-0.9967952003045567
-0.9876075682855487
-0.9981800052535932
-0.9887639903149583
-0.9994910897204473
-0.9924021910545918
-0.9923868186017862
-0.9963226333366115
-0.9971568830472757
-0.9962015833849036
-0.9927947754634302
-0.9826227956183685
-0.9964617912411001
-0.9935068973870459
-0.9901184149516709
-0.9898831694584824
-0.9934145440724158
-0.9881669996484399
-0.9817719638213983
-0.9894329332132161
-0.9833382056200045
-0.9964611555542748
-0.9956600836782784
-0.9946990602739895
-0.9970701555916253
-0.9914275629065604
-0.9879708391577707
-0.9878146802559239
-0.9996200265259962
-0.9944774566085876
-0.9984525984217238
-0.9738089678235162
-0.9907089393960126
-0.9834095484527436
-0.9949842770284112
-0.9899849408892379
-0.9867407029420261
-0.9942560169187971
-0.9898612397385881
-0.9948331070549652
-0.9909734135046048
-0.9972390157170218
-0.9910774968196157
-0.9924397372538257
-0.9909864878520593
-0.9974881202356394
-0.9934164225633048
-0.9938143693326384
-0.995879319515578
-0.9884145136187517
-0.9962492937610967
-0.9977463017546565
-0.9830705286898394
-0.9942285218740503
-0.9928713795765922
-0.9866863968167432
-0.9948300500272471
-0.99591055401516
-0.9960621546671148
-0.986642034228825
-0.99648458448995
-0.9869443110739865
-0.9911367806266518
-0.986839485473265
-0.9893342403293421
-0.9907191153965412
-0.9917928785495298
-0.9963786895675402
-0.9993725911983508
-0.9987538211273319
-0.9887579541822918
-0.9951650066441537
-0.9935203919103909
-0.9958314761220173
-0.9907109883503884
-0.9971148914633536
-0.9977509627582135
-0.9937015788826451
-0.9904212198395093
-0.989685278877848
-0.9967701230441888
-0.9801199175333668
-0.9916874894699499
-0.9936248454567975
-0.9941135490133151
-0.9904855569377146
-0.9991218230751081
-0.9984816870276711
-0.9945789724739751
-0.9904518403749186
-0.9955922024535937
-0.9890761775674378
-0.9950067418514125
-0.9948677761126636
-0.9981206193481491
-0.9977056754919361
-0.9905399089748536
-0.9929475417337742
-0.993343675167274
-0.9875448257819396
-0.9900517854667273
-0.9915776243270469
-0.9911938793906814
-0.9838260308906822
-0.9995921388166076
-0.9875031182174601
-0.9949787760227369
-0.9857391092895897
-0.9958815286924396
-0.9903130849212959
-0.9981276314020007
-0.9926090614108881
-0.9991033950771881
-0.9843718246196244
-0.9934087630938024
-0.9896260385001439
-0.9962698449745082
-0.9872308650905148
-0.9832146830420511
-0.9952455086579316
-0.9874271331330976
-0.8974688650229415
-0.9935680334663006
-0.9953413330857153
-0.9907348992892472
-0.9938370611240498
-0.9978179790071342
-0.998233058688564
-0.9784952050254617
-0.9933165136583485
-0.9969324903784348
-0.9902671194828416
-0.9875260517492771
-0.9935774634236466
-0.9980679935200845
-0.9891286331742436
-0.9901772898862319
-0.9954308625879557
-0.9912982920992106
-0.9871036441079035
-0.9886133624315927
-0.9922075355971135
-0.9957670295447405
-0.9861812933391508
-0.991704755247262
-0.9880194409267858
-0.9971418251684931
-0.9975677481585865
-0.9980525410529499
-0.9959986486454108
-0.9891843928330117
-0.9925022583559169
-0.9868653795491324
-0.9944496552791128
-0.9936231101573125
-0.9985400221722773
-0.9966916549056983
-0.9856094684020072
-0.9985194469918901
-0.9953520643925164
-0.9920427214228756
-0.9958537248504622
-0.9978687615584062
-0.993117682472456
-0.9926660974512471
-0.9991455950431197
-0.9896871746117978
-0.9993536161650919
-0.991703998240873
-0.991772790801431
-0.9965154674363903
-0.9858935207091514
-0.9951734335669862
-0.9940028085691236
-0.997709262539695
-0.9876595978069073
-0.9953929440913741
-0.9926391017628169
-0.9984994869336135
-0.976375151665301
-0.9978402248093134
-0.997246542863198
-0.986509826458837
-0.9977259932607345
-0.9909416005977034
-0.9875113645897362
-0.996931789700163
-0.997178856018401
-0.9957789776268997
-0.998762725887659
-0.9972152585420383
-0.9951332625340436
-0.9910452835676581
-0.9960383581378043
-0.9957262128209722
-0.9894456221494187
-0.9973022865842448
-0.9899947246682628
-0.9920220179353257
-0.9843421049985824
-0.9940166032013291
-0.9931401006057438
-0.997584388269062
-0.9917206932216645
-0.9945979259078908
-0.9983495194255871
-0.9906871329007225
-0.9889209765552696
-0.9983978811396708
-0.9901222845264522
-0.9905731267317761
-0.9827376361708281
-0.9981853525757505
-0.9925980296299153
-0.991393884567295
-0.9868966455003092
-0.9769558922449469
-0.988130167750589
-0.9763142754211541
-0.9896875445668227
-0.9986265716344999
-0.99915705324205
-0.9888290673871304
-0.9899451163011714
-0.9926853832756524
-0.9884028146977192
-0.9865390217686119
-0.9985208081371556
-0.9962324861210771
-0.992638239026131
-0.9934281070829684
-0.9985392656924458
-0.996352673438203
-0.9771785446401499
-0.9975559233239443
-0.9923933921532664
-0.986880940634046
-0.9819452232190538
-0.9981150724357569
-0.9965437269577224
-0.9784678486443368
-0.9974575959749167
-0.9974787238030968
-0.9896367709384994
-0.9945528319715414
-0.9980707256505897
-0.9886223145050268
-0.9913019331251276
-0.9901419143841617
-0.9925527339430621
-0.9710142012888323
-0.9939882129115916
-0.9933141984876792
-0.9963491038026413
-0.9951672737310558
-0.9962409892025121
-0.9974570234408312
-0.9949578776721881
-0.9889067330469345
-0.9958538733942894
-0.9969943439891681
-0.994610702431091
-0.9922579028562285
-0.9963241015185137
-0.9908312939945126
-0.9975950792854774
-0.9908729979988031
-0.9880812574876502
-0.9964871407209128
-0.9962777071710144
-0.9976746386746248
-0.9829232873281718
-0.9923275248587416
-0.9985141272697823
-0.9967082199040775
-0.9899039049651367
-0.9871593259557588
-0.9866550650302254
-0.9977190943499419
-0.989926732434893
-0.993312342790804
-0.982204028994018
-0.9980608125869641
-0.9984634329873221
-0.9879183292050295
-0.9967832410649661
-0.9925653512637733
-0.9880112378461657
-0.9947780732677758
-0.9910903659043884
-0.9911725069045629
-0.9967793373239261
-0.9940378422217149
-0.9988726008302314
-0.9935401219174941
-0.9925739446662005
-0.996109796862328
-0.9991477057978683
-0.9925022498306308
-0.9952991261665697
-0.9963625903941667
-0.9984841431150574
-0.995451896905406
-0.9973580394500896
-0.9949347362473747
-0.9986634007960946
-0.9929837180655161
-0.9882442411229796
-0.981532870675386
-0.9994588358042891
-0.9917425708168789
-0.9713050568091833
-0.9898445497004362
-0.9984371768784266
-0.9951460128765492
-0.9965548006313911
-0.9935335792493705
-0.9904218696408836
-0.9777683899244866
-0.9933762592491235
-0.997417949511096
-0.9990565847519052
-0.9878236088469307
-0.9942985321783016
-0.9914825064086986
-0.999280105480197
-0.9956195332017149
-0.9888716544864283
-0.977840306595306
-0.9974507255767475
-0.9963913859642987
-0.9991946324859612
-0.9931048294437006
-0.9989099588913937
-0.9945823438586353
-0.9913868593866658
-0.9906091733731095
-0.9964050176557548
-0.9895228265565744
-0.9969288385812184
-0.9936657540385544
-0.9942124252624839
-0.9872173506105629
-0.9940352285456434
-0.9863148070549693
-0.9975167627616365
-0.9988219124288239
-0.9834664652018894
-0.9987110148432621
-0.984510028291224
-0.9888224498253507
-0.9971444008255496
-0.9792395839059818
-0.98821099459803
-0.996196961170512
-0.9834402528116538
-0.9980315616000532
-0.9983565732594667
-0.9982575281132261
-0.9938921745173491
-0.9834005131730903
-0.989626852676391
-0.986913859310506
-0.9960931799513836
-0.9993847625119542
-0.9893356911500673
-0.9992265408320045
-0.9920560135554832
-0.9948347297173201
-0.9908222809957923
-0.9982454383483337
-0.9970616034073737
-0.9929605081838038
-0.998933342287438
-0.9974644058194305
-0.9970321692232833
-0.9969443757272569
-0.9983269234613616
-0.9837371421547356
-0.9863726360546204
-0.9950893363530581
-0.9886015582630984
-0.9982330915047976
-0.9955641091125785
-0.9971148162670521
-0.9976880950942951
-0.9993994580824125
-0.9909315622513164
-0.9890702332783056
-0.9795137847455841
-0.9918547989552736
-0.9973864848220857
-0.9891493162859146
-0.9933326982279254
-0.997237531492141
-0.9962524304250547
-0.9944419063131602
-0.9906107567600727
-0.9933073269795569
-0.979430068288842
-0.9824352426952019
-0.999240502181362
-0.9977980138447083
-0.9944705160135711
-0.9963347072329849
-0.9967993937972469
-0.9977844047647065
-0.9960867168406036
-0.9832651423340075
-0.9942973454616093
-0.9920171806016633
-0.9945651743969876
-0.9869087524289162
-0.988963679410547
-0.9949551682959904
-0.972946129714278
-0.9968556456549226
-0.9980249433871513
-0.9878503988875065
-0.989226838316586
-0.9932702148557256
-0.9903165181607891
-0.9938108920556522
-0.9757959018235675
-0.9967667299876719
-0.9975247212154125
-0.9930539288449471
-0.9910186124234408
-0.9941068836177023
-0.9998799659789289
-0.9909085976154184
-0.9959174468518928
-0.9857158099709248
-0.9809295534962873
-0.9995014680247443
-0.9976413647221791
-0.9991070044594909
-0.9911645186242359
-0.9750178704031424
-0.9984826742730943
-0.998513835686159
-0.9961641386101491
-0.993442468670226
-0.9966381321075011
-0.9969798405400363
-0.9954062887699169
-0.9886697423993418
-0.998210221806432
-0.9918419342593724
-0.9946159693341243
-0.9929131918261298
-0.9899607026456363
-0.9966447121607755
-0.9995628321090579
-0.9918873740549328
-0.9943438140557966
-0.999384146202078
-0.9934013477149074
-0.9992200268482502
-0.9972432815511094
-0.9925063828802538
-0.9906788778832097
-0.9851644711624825
-0.9975475601055902
-0.9994154356231746
-0.9902363685527268
-0.9991689405587393
-0.9957606223056488
-0.997697100866982
-0.9947055090143534
-0.9819745603817188
-0.9849346509838108
-0.9986224481196186
-0.9847151817417304
-0.9929668957475428
-0.9950789364084376
-0.9935607413363597
-0.9827817752342518
-0.9858967200106492
-0.9982858313717847
-0.9929662951042906
-0.9949530620518408
-0.9923843171412401
-0.9910333524784513
-0.9960542720331877
-0.9983599639511557
-0.9894384392301607
-0.9920274706852594
-0.9917127440639787
-0.9965396891217754
-0.9900578940173719
-0.9935158913993212
-0.9815252016079553
-0.9942536452628973
-0.9892375635739866
-0.9985671101984207
-0.9933112613992506
-0.9960630181500416
-0.994240253541883
-0.9952342796378532
-0.9964959194857347
-0.9814466578698025
-0.989497548782142
-0.9795772374956043
-0.9916737944219607
-0.9970655198583355
-0.9887295573353796
-0.9896652359375699
-0.9952452378123638
-0.9858548674427929
-0.9964771293842755
-0.9973288924092109
-0.9973113189684554
-0.9984906219852336
-0.996766923860824
-0.9841092715893297
-0.9990440248428577
-0.9922358586966408
-0.9928598944052933
-0.9892736109286746
-0.9915278427357483
-0.9992522189258811
-0.9760502606769079
-0.9950077824537862
-0.9875458105721058
-0.9881180274637676
-0.9990989189729568
-0.9975924523042546
-0.9867519670804801
-0.9955677665794469
-0.9964278835416772
-0.9977791691081168
-0.9948408926627434
-0.991217178100854
-0.995505966020533
-0.9884975628072568
-0.9870931830437126
-0.9900483755392818
-0.9872854339411896
-0.9941819754394888
-0.9961604175370552
-0.9838227634084485
-0.9966685245640576
-0.9856915344951374
-0.9930156898124581
-0.9935441789258626
-0.9810269899167592
-0.996624891634613
-0.9991788232096337
-0.9945163586206256
-0.9985345361360565
-0.9901726628047571
-0.9935887324119641
-0.9873572652734466
-0.9891901084197792
-0.9936163104201146
-0.9918142637406151
-0.994538088970109
-0.9996471236675405
-0.9984241686459902
-0.9861448415588543
-0.9905296323352348
-0.996238335077074
-0.997020607231311
-0.9944770365845309
-0.9984477716636571
-0.9978789032893025
-0.9991754686659007
-0.9969594338394266
-0.9944615800494392
-0.9971692147080377
-0.9997903623712197
-0.9948575635448627
-0.9971909835284009
-0.9961439985788598
-0.9912074475022825
-0.9929072363091551
-0.9959486142687445
-0.9879243105969124
-0.9918622864707216
-0.9970443487500699
-0.9976578686604811
-0.9936348328980014
-0.9928308950666626
-0.983145146255837
-0.9992832276570244
-0.9961726209767895
-0.9967312728045499
-0.997408107287939
-0.9876649141093341
-0.9936825406181885
-0.9947436763820625
-0.9992019996948822
-0.9913664399354393
-0.9978984204566538
-0.9866030462404637
-0.996143161191705
-0.9775677073861478
-0.9903008099680263
-0.9979442105642086
-0.9982667923872857
-0.9887140653970784
-0.9955674113654774
-0.9892345898028866
-0.9914130527513153
-0.9932514172809995
-0.9906382068153854
-0.9885860262212539
-0.998034862057525
-0.9824240619317227
-0.996484025562421
-0.99925275513577
-0.9937124761927784
-0.9983716721141099
-0.9964206485485818
-0.9947096270947612
-0.9914633325420811
-0.9987739283776913
-0.9949192137727859
