-0.5128259110250105
-0.3236217126902337
-0.33130101558606695
-0.3515056787763405
0.004628937106699182
-0.49989311107841206
-0.12627386546151184
-0.12869769231724118
-0.5487238009647356
-0.3743907619388303
-0.36858452867251135
-0.5366120750966963
-0.4679059540764061
-0.5118873060912901
-0.4947155244264428
-0.3535412598552143
-0.3535686540108762
-0.46275794224381034
-0.10830360441908014
-0.5598846135800691
-0.2125551286176676
-0.6981722957348305
-0.2567616371074179
-0.5858955853790867
-0.5053495746278381
-0.32263009624047245
-0.5274573046704547
-0.46095407630038565
-0.285788001148534
-0.4945226314271765
-0.1817522216874905
-0.4091630296451847
-0.6348950487146428
-0.5587224419450283
-0.3510832265958057
-0.007579174789515915
-0.3213278215115203
-0.5301343714909159
-0.5296477336819415
-0.4795465527824577
-0.5563307089395043
-0.4279438740201236
-0.2516991321554406
-0.5255333900003324
-0.5601226222596148
-0.4381475825451885
-0.7285966598715552
-0.5049382360167962
-0.08206873286497605
-0.6952276713644171
-0.6652387513309992
-0.18452055157007505
-0.47759529753166113
-0.47139443646168
-0.5875015629876127
-0.4886963779675963
0.058045164098201776
-0.3189093220813529
-0.1517608816142289
-0.44019516734111663
-0.5320840056074272
-0.3669140137395821
-0.5518165796787093
-0.5480472390325573
0.13239002283027224
-0.3970406313063824
-0.38496569854462653
-0.5093075410034914
-0.540491903615099
-0.28414282994621864
0.16642256116240417
6.071305528005429
-0.4653311746445323
-0.1598773626891958
-0.5010547130145518
0.04155565951788839
-0.4210687202195399
-0.5979336900338657
-0.5235800691467722
-0.558264552067393
-0.3914181818181819
-0.7099688409945533
-0.3846859316751726
-0.49285846236029024
-0.46654065829458496
-0.6222119065707851
-0.23603835690218214
-0.27027151504517943
-0.2717386929579648
-0.5423526554602175
-0.31395113794923823
-0.5306402852241712
-0.44661557133946644
-0.5230575652720981
-0.5023032193192724
-0.373958722020576
-0.5463244030810014
-0.45339005432899127
-0.6347661841151275
-0.47035096518092473
-0.3365975538932277
-0.5785851028329557
-0.5207783616535482
-0.4824544327029148
-0.5629775270992299
-0.3567823248503899
-0.7725811979455206
-0.26066668553504785
-0.0015559301313278755
-0.5557884222501863
-0.3911641267675299
-0.607850490165313
-0.5110492390549416
-0.6001771057074341
-0.3743977250371112
-0.6887274353324122
-0.45549167030822557
-0.23663356072072825
-0.14136565515128968
-0.4105344434000268
-0.44786534557788366
-0.29883607041618515
-0.2481668686704127
-0.48320342709175124
-0.6489063882148874
-0.17722318802383472
-0.4712017486275727
-0.5717642998337046
-0.10692692982356321
-0.34990623160209444
-0.416672514095022
-0.5745077711401354
-0.7370062882607081
-0.6815553132313121
-0.5132214776566819
-0.6865401759800582
-0.06264536261364718
-0.6104119252539499
-0.5387511763184692
-0.2045199124089042
-0.5688765268820625
-0.36384374646506545
-0.2862225184926638
-0.31157513181412383
-0.5907111960458432
-0.31550127301575587
-0.5072537788385044
-0.20974626815644665
-0.23658375357106626
-0.5594137026197032
-0.4500490814752489
-0.7380462645316795
-0.6649499616363345
-0.451971280982863
-0.34271015487601403
-0.3069425335850239
-0.3350010009260601
-0.16460134849944266
-0.5552036644830813
-0.27445789534638154
-0.47893901424481067
-0.4113515954947682
-0.5181679394441207
-0.5548134128389333
-0.7262043642066209
-0.24718436413270872
-0.5448591060306143
-0.5227316148465743
-0.4745285703745086
-0.3070774112588699
-0.32802036163589315
-0.5195409060692876
-0.6778419997973784
-0.2456983359379166
-0.5099217354577051
-0.5616198242460868
-0.2612712875701971
-0.6802034304652106
-0.3465551103778773
-0.6121013546641986
-0.051714739331003054
-0.6852011287153656
-0.3881691230253147
-0.5206492380997363
-0.7033949711378534
-0.4766149563097533
-0.4544634330675447
-0.2409890403973356
-0.45853739545740413
-0.640575184419907
-0.3777317516490777
-0.18683391275161576
-0.3236521029042139
-0.4273480912256932
-0.3117586871515026
-0.5214978903447292
-0.46232713530087155
-0.5149601656228839
-0.41378127786403285
-0.447791656724984
-0.3376602434894783
-0.5210231709743495
-0.4520230205790025
-0.5236717068482396
-0.4071247712108719
-0.5363056997481626
0.0672160736522505
-0.5192901546718449
-0.5322169720586908
-0.04612126175482193
-0.22431835048885165
-0.33643409459269175
-0.6303774969612181
0.0036294253064273227
-0.4846874607773073
-0.6886801888302128
-0.5548587959405921
-0.5500967592791195
-0.5851697199821045
-0.47158376820305453
-0.5740998672079318
-0.3283332003510732
-0.5200832005970542
-0.5091668560710965
-0.4508467675913921
-0.5066289432341123
0.180520239691153
-0.4696370050679608
-0.2777285501912315
-0.16498069616029662
-0.5518373420055482
-0.6850402610099856
0.23747519310118362
-0.2739028003696152
-0.5854154980115889
-0.6684711079314789
-0.2862462541556282
-0.4885949605242965
-0.21220403720968445
-0.21500812241261846
-0.4343952815457821
-0.6616229709694997
-0.5650967101335558
-0.4833106095036106
-0.5019533266320737
-0.6301746177804843
-0.7379616410145345
-0.5082954211340218
-0.7242803010002243
-0.18711149859998155
-0.3933704571050609
-0.5293325395508622
-0.661578553628315
-0.45274644045751206
-0.38871942183617175
-0.6784634156446248
-0.734799840808104
-0.3117537636573837
-0.5745884580418792
-0.29479474141138534
-0.4975435462259937
-0.4205409522450945
-0.29900614699911715
-0.7363677974448853
-0.47335836433634504
-0.4666874143662874
-0.5049598037438832
-0.5085725945142391
0.11152639285963319
-0.3944016623349324
-0.513350121137006
-0.38859508867919296
-0.2823786761276058
-0.37775039514183517
-0.524332473206971
0.025172575095850684
-0.32064632196162046
-0.43399718265319326
-0.3272912101875829
-0.012723033642915074
-0.05313634766311357
-0.5975446362621538
-0.5711084545322962
-0.49245908653331905
-0.6617334267060456
-0.0075516726504043195
-0.4710481470074941
-0.6025012507322663
-0.2524259072028065
-0.7001429741085458
-0.6130105545535638
-0.3594692679022023
-0.5421365372760835
-0.32037822690995754
-0.4878571173806043
-0.20059601327755464
-0.4909817262358849
-0.5701105270829939
-0.23738216818007551
-0.6359625781602358
-0.4832248358277064
-0.4615481589004189
-0.4030714878054217
-0.49884045144544076
-0.260023281360156
-0.3711473058455057
-0.05245232319306627
-0.39756670550684214
-0.4152544920440047
-0.25782930602147036
-0.32661077398258037
0.0882154674468094
-0.5052376503779741
-0.09995409206627429
0.1106077789111551
-0.6568243787491431
-0.6115511082795624
-0.32100243014668817
-0.4166861247609278
-0.6584030574272516
-0.4373027675481993
-0.565782166258766
-0.5143053624833943
-0.18210136841957658
-0.5175001082704161
-0.605153904915141
-0.5045343636899647
-0.3704295617210073
-0.5180400801250413
0.05517547108618009
-0.4491634702679012
-0.526908867959301
-0.4042913851472679
-0.5793182935597123
-0.23784513356437012
-0.5480101105218814
-0.45028030694604587
-0.3421723948201252
-0.6144036639425198
-0.290283016447284
-0.4758962604947806
-0.3699281772679737
-0.13210704610110305
-0.37541851143538285
-0.5285663633898762
-0.2975684407413705
-0.6949901824570267
-0.293341746653885
-0.391241549449952
-0.3657047113646217
-0.3755196597585462
-0.02127348312141116
-0.22363860214035422
-0.543725555436973
-0.6423031244959899
-0.5843535638262601
-0.2967565619386275
-0.39164095791606734
-0.4595993207898557
-0.5869875238690127
-0.5500267946474062
-0.44587598401929035
-0.5788039286875346
-0.6240298985246426
-0.6084622951418515
-0.2723651534271306
-0.574604031791014
-0.5132554091763972
-0.29487359353517206
-0.7198531276975102
-0.48277426295844306
-0.618465886944473
-0.2451969271768874
-0.4106400800999941
-0.1248732955130826
-0.5610892517117851
-0.3356952194546647
-0.2605371891557239
-0.42171357330054915
-0.5818589780605564
-0.4490401876981878
-0.2104026610750817
-0.5601231028624971
0.1703076225497262
-0.3780823582062538
-0.45115103911678733
-0.5186318882070731
-0.4848567747252097
-0.316116238051992
-0.3227965731342299
-0.4680300820325027
0.04123551131536746
-0.3282663467607017
0.18854306011197436
-0.31735032276370856
-0.5946791077820226
-0.5442613598054011
-0.6091782750976812
-0.5591941644882145
-0.5496508197865464
-0.5029513302646311
0.7729289567891899
-0.27407818732839456
-0.7218981614357347
-0.725468927680013
-0.10090668072827412
-0.362145438109109
-0.12905808971883867
-0.21018388912585084
-0.2576021414824025
-0.5527226521075228
-0.24101997510229142
-0.1569592151112502
-0.4945035141466931
-0.5658214375780959
0.07921052967101155
-0.6441805358422616
-0.3958145598864965
-0.5688861736184497
-0.39563332431884246
-0.5094812291238037
-0.14234317305198674
-0.5498285776727542
-0.5463227867498638
-0.42392679822910506
-0.1802360348951738
-0.6072712268706059
-0.5117725669031753
-0.5053655967594641
0.4446627483772963
-0.522542147979909
-0.43961364741852543
-0.16044371683414246
0.09311331792645303
-0.6961767017800164
-0.6649593205348002
-0.3339019619651596
-0.29045162838121513
-0.20478204247318482
-0.6027007100458337
-0.46145236812074075
-0.5617770803955724
-0.4903443746766744
-0.5717322937409748
-0.6342580768569052
-0.6091530072835248
-0.2746963043445455
-0.4979652649337367
-0.3367023913459274
-0.44715213354777095
-0.4251159408460528
-0.2764579252251627
-0.6150045714672716
-0.6247273596462398
-0.3291026151304831
-0.09602818718073343
-0.5949103433566957
-0.017292479207063602
-0.3687862840675447
-0.29378706932877646
-0.20298675230830993
-0.45127059711772805
-0.21043050558345852
-0.3340691899477479
-0.49589949296755426
-0.09283607082258227
-0.5028893839078776
-0.4594595556905928
-0.6141436201461046
-0.5346903409377554
-0.24666168021502025
0.2665828779911271
-0.7590637884749173
-0.5563992247077336
-0.591051137469918
-0.08339864242735698
-0.2724131590753639
-0.4520748285517186
-0.44035589092393684
-0.3092027081100537
-0.4829725194159331
-0.3907735270246104
-0.4198538772347373
0.06902701748190004
-0.1033298841217065
-0.6819375958986127
-0.17295957506837756
-0.4677719605296622
-0.5042659933442916
-0.5347413804165116
-0.6635314260650597
-0.24187795237636175
-0.5907311516913538
-0.40207640761377
-0.5043658321394727
-0.6570786917699764
-0.5204885135794072
-0.5668465360076949
-0.03420853116245559
-0.13775512713121613
-0.4152265022289848
-0.583435636417139
-0.5014864448928342
-0.2515970126794808
-0.063148508690618
-0.6872125719391375
-0.6200666798374413
-0.6180564287690243
-0.3270199025642963
-0.49105832903763036
-0.5617411705126516
-0.3765351143412665
-0.0951130606025696
0.10996856065240634
-0.1861616096773537
-0.6245508894442563
-0.6463671808485092
-0.37796379365587945
-0.6067514852176709
-0.6488299270000888
0.2629779046171508
-0.10312605446290461
-0.430898286656919
-0.4799252132652508
-0.6180173420043356
-0.45720161940740794
-0.517179531105199
-0.6041414503668505
-0.581850643662242
-0.6313542247530355
0.0267075017166235
-0.6480653338435048
-0.4532494857755801
-0.5502219417692907
-0.4812245420086313
-0.487818879962599
-0.32954652804550805
-0.22887242883153805
-0.33473521499979925
-0.3255372440977912
-0.6205073871705328
-0.5520837653694899
-0.3373918083812088
-0.5689077802841959
-0.15348280754187338
-0.5332322871420857
-0.5282837967401726
-0.47003816410209104
-0.324870085342983
-0.5034638002714172
-0.6773460183813177
-0.3757006883699147
-0.266510598748605
-0.37450369937669875
-0.48451382053873265
-0.47423511342476177
-0.3769514397450824
-0.42299413812053493
-0.44409668056755397
-0.6204648966669042
-0.21745615732352988
-0.40512173918049865
-0.6471367051430443
-0.5023394962151096
-0.4501207548220703
-0.44344813083198026
-0.36712669529863673
-0.6338443014539287
-0.31685323767703627
-0.6224664105930212
-0.4089952721297097
-0.5731062166507065
-0.38421114794371697
-0.542775301380145
-0.3469944903125465
-0.564344103981622
-0.3683299200300339
-0.13361365182553478
-0.34527737799513974
-0.3027362748729136
-0.6475566521309915
-0.21719144458700942
-0.20342424750365165
-0.6011548117154811
-0.4666167279901265
-0.518140552821135
-0.5242963354682513
-0.6198452352551804
-0.6977210875643411
-0.5020943054374014
-0.3680563531258374
-0.540010831969561
-0.3762494053362586
-0.519567650508549
-0.13203144604621028
-0.1302155945763111
-0.11417530300368874
-0.3660611526784467
-0.17059833604346897
-0.71107829418538
-0.15433771516315625
-0.5959879913532651
-0.5166077641791771
-0.5859416363452028
-0.23872304230916974
-0.6272628749613643
-0.6271670723837637
-0.43110750215159893
-0.10803268012056742
-0.39580251085903373
-0.11183982961589733
-0.5097295207261932
-0.6665990543692736
-0.6009083675905053
-0.5865771549479755
-0.5688677211114355
-0.7207196562369919
-0.5793934488595889
-0.24414734450258432
-0.429308445199828
-0.4082836756272276
-0.5169367721453095
-0.10686386031454462
-0.4936780905475209
-0.395246167492939
-0.3833706850567012
-0.17468773127520426
-0.20324184860563443
-0.24872667629767004
-0.35401412455158765
-0.549806405778225
-0.5047705567969396
-0.13449909292481355
-0.454272322847156
-0.5598458075407992
-0.5061214138185216
0.03853852812411569
-0.47897890506833257
-0.6332644806914498
-0.5328658062728764
-0.2457374129545499
-0.40467166801398186
-0.5220648869455411
-0.5700882265872239
-0.7499511210285835
0.4717437919347027
-0.6121428429982725
0.11746958678593906
-0.7202586416451942
-0.15462131413827285
-0.112550644451955
-0.07592144377679162
-0.3718012381638072
-0.5945917208110182
-0.4617026825826443
-0.5575450894377233
-0.32682963329454623
-0.2872540169983346
-0.33118717744804244
-0.09142730320410236
-0.5009195545863661
-0.09586965710105932
-0.37329354863873937
-0.445618531625865
-0.30847032591456813
-0.2663353779037511
-0.4245819441829651
-0.35739183281916
-0.4953333130515121
-0.08903137944731312
-0.5401902636041611
-0.5332622377097195
-0.6136107832816975
-0.417561795538689
-0.49456856191839416
-0.5849261408581419
-0.5815774706638923
-0.4360982662313868
-0.38957989241852664
-0.2236699322158795
-0.44621250645544897
-0.3833790514352051
-0.49465962428810967
-0.6160123274367998
0.10676628024276139
-0.5898833901648414
-0.29076409458137353
-0.4433141770157312
-0.3270102901528702
-0.3759985135260682
-0.25182928916116226
-0.4344442950153076
-0.2774207218023872
-0.45841694182264736
-0.31828991843261073
-0.5570485275516123
-0.5758578356782009
-0.47548699019871354
-0.33488775734256226
-0.6925165221236764
-0.4798169480103468
-0.6255110941714735
-0.45521054858505045
-0.07854614050286887
-0.4734300491107499
0.06664670086111563
-0.451306499789421
-0.1994384151469107
-0.6110003124650406
-0.6237722234416154
-0.6204549154247999
-0.46389574120042204
-0.40482393353902335
0.10690423162583515
-0.49462812102960924
-0.5638303072153649
-0.3521200756645683
-0.3833384174574295
0.02963884435746373
-0.5335438330293732
-0.6954145348369987
-0.40979133490860475
-0.5236429086399089
-0.2044058004314195
-0.5136415409079136
-0.32036066301447735
-0.20599169204564546
-0.37350796525939345
-0.19513475606225353
-0.6711457270171289
-0.5269891517780482
-0.40226870239846646
-0.5988101833793377
-0.5142067249967675
-0.2880127048391192
-0.45796630437787045
-0.2796500659555214
-0.619681180051548
-0.09426225988991647
-0.38138686969339347
-0.2532840015324055
-0.6881220650763159
-0.5093165427702827
-0.6383616637740749
-0.6149048297958264
-0.6524203233593908
-0.5536390376118968
-0.14836231169368314
-0.3855207141927184
-0.6596570942711859
-0.3720637610021366
-0.18799675808945215
-0.39505858809359995
-0.4843633199401981
-0.47488144261271564
-0.3062279593336802
-0.17327718609435627
-0.4176531540897331
-0.316459416333735
-0.5183648430511202
-0.6029321848270858
-0.3463827374768794
-0.3170988309788167
-0.07037198332902045
-0.5998223663886314
-0.43228128748154626
-0.38613103084629585
-0.7055159641854992
-0.19607132571299957
-0.3426917228986819
-0.4254206583489429
-0.696078882689844
-0.12715903345980356
-0.5454005704292455
-0.05334007944867432
-0.0743876694851942
-0.25567075900746994
-0.4128569294450019
-0.8445077787453528
-0.5625931389802077
-0.3473632987927863
-0.5747757671582447
-0.6595879850186437
-0.046250487747305946
-0.5963222016926413
-0.4989617365749687
0.06503085383594713
-0.4613528934518842
-0.2239577145459586
-0.4738441918710517
-0.4218121671844972
-0.4770598157149451
-0.5565546784541748
-0.47122658070281825
-0.4206283301790653
-0.5208779855761958
-0.3862639491146295
-0.6388570863003366
-0.10471097414515869
-0.5513871010114278
-0.5758400126506112
-0.2570993419526548
-0.4508153415913298
-0.2561182487809609
-0.561438027646641
0.1636956856867992
-0.5976301704083369
0.23961955800931103
-0.6052795662394824
-0.44799060476990454
-0.6210732419763269
-0.5656180246148365
-0.6213110144947276
-0.5137226952052697
-0.5648023196324541
-0.48459874976532025
-0.30882904081255075
-0.4000511407053255
-0.33314148755458683
-0.516231201775545
-0.3610657296609694
-0.14238658002373847
-0.6937070361228336
-0.3580353762809216
-0.4459361722502507
-0.4601713142900268
-0.5254061748310087
-0.4795111563744097
-0.5656826582392362
-0.49651162385680064
-0.5331294263336059
-0.34430251351697594
-0.49559801274132054
-0.14773026135158346
-0.5781687677878707
-0.3911579372664196
-0.39437164004081443
-0.5175499354640836
-0.3543362411800434
-0.3458728625975742
-0.39562615040322047
-0.1177340728854065
-0.6537342298467548
-0.364399504093488
-0.49212434632864466
-0.6048204391739775
-0.23214036569592708
-0.3138238785801264
-0.47407935233794496
-0.5955865815013605
-0.4290390833520157
-0.4113476009908313
-0.4207714387223511
-0.4298529513304743
-0.4139495726924815
-0.6524716316681884
-0.5575540046045617
-0.4502717968485726
-0.5163662827144189
-0.3927000543217429
-0.5862311951233152
-0.49623157072936364
-0.6587085219936812
-0.6835128727554738
-0.06249817503082804
-0.5208740467382315
-0.6572261973024855
-0.27872247695682395
-0.4641921519013322
0.07210055417667244
-0.6706194570060369
-0.6501673305302682
-0.33273385516294457
-0.49074388978556605
-0.38474899399274526
-0.5146905598859887
-0.6601004610713349
-0.5627106613862645
-0.5604972152716119
-0.7722257301555024
-0.5034093446812734
-0.18365246322064155
-0.5558924310651047
-0.6465375350020454
-0.7044220105218256
-0.5622665712639326
-0.07596760819558124
-0.6383863674736752
-0.3840349860179889
-0.021585594518915983
-0.5464631663280067
-0.3522318885427142
-0.32884054854892036
-0.32472076317351206
-0.5441548619157445
-0.6337942227366514
0.011135399800887959
-0.46224940779550283
-0.6582823144908856
