-0.6892519618882801
-0.3976088415119287
-0.5275393947725671
-0.768247426988094
-0.5179983484181904
-0.6204457684480562
-0.6670014970612915
-0.403887930285388
-0.6672758483219876
-0.4492879180826328
-0.5361102382671955
-0.6306680566245457
-0.6436582298511689
-0.7351361862099759
-0.593903990407814
-0.6162033979058159
-0.5476882930618912
-0.7294347746436963
-0.459058000829344
-0.3733087201523385
-0.612134920785145
-0.6775970084937185
-0.7371724242085979
-0.7946782957964456
-0.6566877439451949
-0.591708733143617
-0.8031050938870123
-0.7100819836436137
-0.6902925293965064
-0.6776738022192634
-0.3939339390087544
-0.6690901734749797
-0.7758361310347894
-0.7716325127765769
-0.8054505438834617
-0.5874218609342422
-0.5976635562041396
-0.6717351449044359
-0.7468334506534219
-0.7627904243231595
-0.5772939060414874
-0.5300401083620404
-0.4238751672501255
-0.6861368460541248
-0.6664655197423771
-0.6515721203929461
-0.8233294566567043
-0.6658156016686365
-0.3592116818026046
-0.7024391710964294
-0.7730862507914394
-0.7301841305919169
-0.7369382543971392
-0.395698994171685
-0.6917473203299769
-0.7152965408614528
-0.26152099942629925
-0.8210651830917254
-0.7355739863217305
-0.7494695127783361
-0.8075607691697305
-0.5547522060879667
-0.6016516414740505
-0.7792012283813439
-0.24638520689224333
-0.5926691130695849
-0.4077379270362558
-0.7171775648633263
-0.5189253828652021
-0.6471059802008472
-0.5317109820643947
9.075794748655843
-0.7528584532648595
-0.5124653370814298
-0.3666064653372405
-0.2343781547780267
-0.49278360842030366
-0.6660713474712436
-0.7041121157604315
-0.6013145765578842
-0.8626759906759907
-0.8153498648272721
-0.5263414882686119
-0.6300461120125381
-0.6675289697213782
-0.7132472306299279
-0.46870564111216206
-0.5426835687340995
-0.7573620057151972
-0.46090409872298205
-0.5824333685927188
-0.7816143803968391
-0.6453720108256226
-0.5601100168574217
-0.5931747196694472
-0.5957006546906576
-0.6143886825959453
-0.7535986353979724
-0.7194503674650928
-0.6799544505945966
-0.44978200005200797
-0.6709222473962451
-0.5837906529104937
-0.6442830749339767
-0.6971599654379332
-0.6125417262756319
-0.5772589413985107
-0.546464824210266
-0.6944702175776323
-0.5802167923543275
-0.7608209890526751
-0.698518520843009
-0.6827547551450609
-0.6742066154389534
-0.39615831738593893
-0.7957446894223527
-0.7117262186252268
-0.544481536005308
-0.21482267486380646
-0.9219024315036132
-0.7421300685949945
-0.6065778086408556
-0.5771740916502466
-0.6203710944854294
-0.7763074665072125
-0.46848586522590463
-0.6847694826976765
-0.5825797747168272
-0.5703170595703935
-0.6603530578374914
-0.5124958184087923
-0.6917801816806737
-0.6042712838285745
-0.6783237560802284
-0.5861396912425862
-0.6464025286454967
-0.38243764445124934
-0.7195884702992601
-0.7355786306526327
-0.7042492936602387
-0.6173837691092234
-0.7040427082940564
-0.5404750086187042
-0.6317362966090627
-0.761755550382477
-0.7098837681266373
-0.5531360381861575
-0.5238165654223574
-0.6296039347996112
-0.5038261076428437
-0.6980278170854527
-0.5490091767522276
-0.6899291238180403
-0.5775594930536604
-0.5635374964299852
-0.5265616784058494
-0.4672566976601116
-0.551302503273845
-0.7152768884729679
-0.6165489239656923
-0.5847943068393124
-0.6251709968565132
-0.6369015328752791
-0.7617559069540264
-0.8003797271998997
-0.6863926937507288
-0.5817211671850965
-0.8590262735435911
-0.8072422025698053
-0.6444341557541462
-0.7559699597389739
-0.5881579179584321
-0.7487030236685845
-0.49094548422688994
-0.660530092156753
-0.7069268180379291
-0.49327405068264585
-0.6363759761665521
-0.3040851598711604
-0.6549145828857267
-0.5953974938163086
-0.6644850723107629
-0.4911512236953835
-0.7302434807632953
-0.749733881224929
-0.6379397315716211
-0.7292158551422584
-0.6402443521486173
-0.624815286937615
-0.6175893115925092
-0.706920701639752
-0.5740813731135547
-0.6447488329273613
-0.7317763743815823
-0.5132799796949483
-0.678623330002504
-0.7605065427714397
-0.6654236310678983
-0.5706522755756749
-0.6592012690960914
-0.5989573205723473
-0.8347818786350206
-0.5682912134952596
-0.679452574012156
-0.7976305340654586
-0.7167073546795498
-0.0361377341858937
-0.6223833668208439
-0.7769458354978808
-0.49024879274801614
-0.5492142880191023
-0.6659506454676457
-0.7347728367314176
-0.4482293118043994
-0.5750872824981621
-0.7210787059262815
-0.601558021606526
-0.6173813983860743
-0.640151066143059
-0.4797136690254365
-0.6739684274011429
-0.7802157858808302
-0.5833560798974504
-0.5506607508819245
-0.6211236836787225
-0.7348728572024413
-0.2366795215265542
-0.5184586594079619
-0.5320622829797399
-0.6513586655024869
-0.6016875869716333
-0.7606244026760115
-0.408463138257116
-0.39636646887672117
-0.5303275785884631
-0.6859749831082042
-0.7698205777321372
-0.6199191728575408
-0.3696552149003019
-0.6690198737095844
-0.49209718121202706
-0.7404868406046858
-0.5962971860800097
-0.6595569298769349
-0.5624738515037083
-0.7528631253068353
-0.791956030887048
-0.7067727983804177
-0.8138618106461659
-0.7067474640473477
-0.6484664098392893
-0.5178398892422491
-0.7115542773343638
-0.5209556791871822
-0.5772279597838725
-0.7817728400803468
-0.7708252130422474
-0.6597676255761131
-0.7763983088595966
-0.6195956839885898
-0.6385056175390366
-0.8178285490120157
-0.6075250226122237
-0.6841947912743706
-0.5935852816178333
-0.5959750341875495
-0.6143926546358387
-0.5753490541288949
-0.30793030970145535
-0.8216285276993783
-0.6879579915233918
-0.6338043789683823
-0.6614613864749973
-0.7993459362781797
-0.8596702910868246
-0.3523920066800443
-0.7332689232409382
-0.6395245487693274
-0.5335911366930194
-0.5339068942926509
-0.420218607239077
-0.6918244891510023
-0.7900787502881434
-0.7128630675132975
-0.5754698720764844
-0.5981151226386606
-0.7190514320911611
-0.7707771216481444
-0.3804075865177299
-0.6457229626751096
-0.6901258602840158
-0.6165892906852489
-0.688000568313324
-0.5579518001296329
-0.6517084566822413
-0.5943527977592162
-0.5552782038391347
-0.6543048969757252
-0.5301361545840102
-0.6070370589374265
-0.721007636418085
-0.5628743701217074
-0.6672550967625397
-0.7153881926817326
-0.5801895299460593
-0.5843964836199217
-0.5435814177986447
-0.8129418716677734
-0.8325411207053077
-0.6639718927461903
-0.6663738487908092
-0.4077575154097292
-0.73036891817423
-0.4525687575643754
-0.5329422125357173
-0.7873453439330794
-0.8038743235232249
-0.3542887906534799
-0.6471530403162968
-0.7843963182747435
-0.5109220672010117
-0.6543532750658307
-0.6404563667341843
-0.5629471001965188
-0.5963011216815117
-0.572792233592517
-0.5561078110984965
-0.695137033694071
-0.7263262064967677
-0.7765538311554974
-0.7985381786415466
-0.7575076096946365
-0.8058066817661621
-0.7051271281707922
-0.47298187020045135
-0.5770332556871686
-0.6637065068164755
-0.5724724182077006
-0.814665224059329
-0.5548751699894799
-0.4534217279165426
-0.6544994442288593
-0.6299112170456036
-0.5881166330460297
-0.6959600707841932
-0.7985624193564519
-0.6884853425805785
-0.7327042989409964
-0.6732698871692696
-0.5869614005154776
-0.5190866663700072
-0.4827459251222158
-0.5803132183660643
-0.659278104577215
-0.8067240443968741
-0.6223051908948573
-0.562784322294841
-0.6819796361743954
-0.5391490701941775
-0.5576653720258352
-0.7296037296037297
-0.6292808805067442
-0.7694399555780197
-0.7519300226116642
-0.49217357724531835
-0.5891305421705684
-0.6398957291076537
-0.7784754526973918
-0.6848298212632229
-0.7130807231927936
-0.5716447748731454
-0.6516837120878735
-0.6657391657891937
-0.6759794907368022
-0.4387979939979461
-0.7342505322733321
-0.5603519931746823
-0.4979520055988982
-0.6956414568337079
-0.7380724825381262
-0.40146634822085076
-0.6425443334986868
-0.6347757968802769
-0.30500420664728894
-0.7986628599622884
-0.7553063056693529
-0.5681715427762591
-0.6879237527842088
-0.6274922461439181
-0.6732735803161357
-0.47589454737299447
-0.4225453671433722
-0.6762254435439436
-0.3300586670716265
-0.7327356884443499
-0.7789386621026965
-0.8361822962859232
-0.6252466043355589
-0.6849031890348498
-0.5603747758423981
-0.7792955906659321
3.733096354560581
-0.7478549318758742
-0.6749622241731527
-0.7231801959783901
-0.46841081864920686
-0.6886423890949173
-0.6317415774346796
-0.5492003035782586
-0.691328414241273
-0.740841544549407
-0.5646440227803262
-0.46924657929205144
-0.7568052991605725
-0.860765878143963
-0.6206432721199165
-0.7571641603334591
-0.7403788082136625
-0.7627791462050102
-0.5646620692763616
-0.7206067320266882
-0.4525721718870277
-0.7009902883446476
-0.6911557559827466
-0.515678155974978
-0.6049434829510811
-0.7658202924142359
-0.7697498589527927
-0.7606530374420832
-0.37606233482445567
-0.6648399150120888
-0.6451490514905149
-0.5294117647058822
-0.04252685728651959
-0.8118783468179638
-0.6937060416426871
-0.4957752158214044
-0.5622483456286611
-0.5470111515827544
-0.6375878165151401
-0.6852694062864698
-0.659596455332209
-0.47281741667879945
-0.6296546947951619
-0.6657715237697307
-0.7628815417460043
-0.6906454192886353
-0.675972921177016
-0.6215599762153525
-0.7472381689489124
-0.5619758546231645
-0.4393195299239849
-0.8492713871299087
-0.8686103558516837
-0.5527629778562045
-0.5672802510066175
-0.6824580191815074
-0.3751231233353505
-0.7889045747256775
-0.46432980347564995
-0.6376395022079486
-0.6495691824732436
-0.6486991290844228
-0.6549372521000469
-0.6037124349888655
-0.6101196642074065
-0.5592225135387068
-0.5870471868079178
-0.7449258041804379
-0.6964755975743877
-0.6612577365345257
-0.6058135352255014
-0.7295828927870953
-0.6645979254804855
-0.6554840769787926
-0.457658294254941
-0.6315826634403937
-0.6057882562999635
-0.7179395492236004
-0.2818240130619862
-0.6501184748247967
-0.501925907583949
-0.7409035679362795
-0.17585580585757174
-0.38487495339760025
-0.5987397157986277
-0.49428846570864304
-0.6868076550905269
-0.6215572497408337
-0.5527786688565819
-0.6902757816857271
-0.42037822552138565
-0.810863250218904
-0.6395963412921155
-0.49525580147459697
-0.563805382580814
-0.7665894820545776
-0.7765402874968012
-0.44108859339237294
-0.46122133175092084
-0.8591334988387924
-0.687398559020833
-0.7560813550710123
-0.5291295429526321
-0.5200209768004286
-0.8016632672244581
-0.8264449065377271
-0.6950910034499235
-0.6962030288152876
-0.7224029997224315
-0.7532691517646055
-0.22237391216091162
-0.4304845205982659
-0.32809432868215405
-0.533179789161201
-0.5995458540048902
-0.7946117876151014
-0.6502973806472284
-0.6627816746768115
-0.778279370912208
-0.5123897454139751
-0.6497763285814989
-0.5472631500018746
-0.5816269687422676
-0.7438066255349898
-0.750171484733593
-0.6328758867370758
-0.6580470505023336
-0.5662559130993401
-0.6872650257988275
-0.19872323431982916
-0.6219309992985141
-0.6214447790750444
-0.6374778600773582
-0.7556154017060641
-0.48744590083911715
-0.5850339701838552
-0.6810793232737734
-0.4645119845826475
-0.6162938445446094
-0.7358618401187325
-0.779463609044669
-0.7160828520623956
-0.8098322932582797
-0.7330896210006019
-0.5586850322925896
-0.8167727322450082
-0.6668239590614019
-0.3548169628472997
-0.757747237360791
-0.6965674666371235
-0.6425289991885269
-0.4160208125123954
-0.5771525066609188
-0.596384967098658
-0.7002392181914561
-0.34449124632073247
-0.6969331989985956
-0.8421215530046426
-0.651032980338487
-0.48272853599760773
-0.5257862142156664
-0.7166887101857574
-0.7207082795919831
-0.6221232735773596
-0.5872791916899783
-0.7100954580842453
-0.6895771566177709
-0.3002927412538397
-0.6432688827301557
-0.822832977326425
-0.6542380029500096
-0.4937992614231384
-0.4108695985172251
-0.6160189849033145
-0.7349135311609124
-0.7247028500882005
-0.6390940358303727
-0.39095315296488925
-0.46192495695953184
-0.564090319463702
-0.5375463178492622
-0.7128117940981618
-0.6971763299462044
-0.739808689329718
-0.5975524491714166
-0.7199702757264715
-0.740189440649434
-0.8009612452188003
-0.7416525422811586
-0.7644527097266273
-0.5644140471483959
-0.7232994451435693
-0.655672179696244
-0.6394809679509508
-0.7519260370403051
-0.6202260085485098
-0.648760813505926
-0.4245620232604298
-0.7001605849215405
-0.29709510058698113
-0.7548552987782295
-0.5671564393294241
-0.5631484381160514
-0.6136789457592838
-0.7586762287438753
-0.7125708407608313
-0.7063808889385931
-0.49462289278348787
-0.608453573907684
-0.4956995891970882
-0.8166677017575844
-0.6845128897709869
-0.7901591300888476
-0.6478087085812664
-0.669573406048267
-0.7886917666851672
-0.5978624153276975
-0.6519930232186005
-0.6630339082702978
-0.7133484115369264
-0.6810184340412383
-0.5911813215222798
-0.8942837512414797
-0.5643989072525128
-0.4944991925837865
-0.5986225437629326
-0.7832786610669912
-0.4308760353170542
-0.5012706480304955
-0.6233106388017287
-0.6107435184034985
-0.6225101244250609
-0.542793136320305
-0.741054586381542
-0.7413406169947234
-0.3386775256770928
-0.7193846043693448
-0.6163749084048304
-0.7976458517734176
-0.6240460387860596
-0.8025166243595534
-0.6397974614145344
-0.7105096377956696
-0.7935756030177452
-0.4259949294910545
-0.7304972387274732
-0.347088824754814
-0.7767200911836043
-0.590656617032064
-0.5160080280062255
-0.646148779270324
-0.6822333570896958
-0.7828069998712847
-0.45555887570234055
-0.6849523568099525
-0.6037828048218087
-0.5549985468223079
-0.5606961069340639
-0.6736470464553961
-0.688233397355914
-0.6338680011811457
-0.7661505057596797
-0.7644219660208934
-0.7749425011558291
-0.6469035783961896
-0.7083618312715522
-0.6484893658770562
-0.7273274590774227
-0.428336346170994
-0.8109488954321549
-0.5130559693697113
-0.851694744334262
-0.6367175316497821
-0.4679417654638737
-0.6910141096944279
-0.6856765802764025
-0.6171665807270984
-0.7994704472278812
-0.2898667030066269
-0.36214227908513674
-0.7862604621117082
-0.6817613332509497
-0.7774956445845312
-0.7139643909551996
-0.8470143913014716
-0.48539354552392616
-0.6315267719199457
-0.4921992050993021
-0.5792924046249609
-0.4544833840993874
-0.589000609143481
-0.48500455450098795
-0.5902175413264819
-0.440190661242334
-0.44525524113083303
-0.6286331475584169
-0.6629378178181663
-0.33271644308751824
-0.8008480128409864
-0.673488520283907
-0.638730208899817
-0.5831132485073409
-0.5014263129282541
-0.697390125956369
-0.4252969161851118
-0.7858685137738054
-0.7530704904483655
-0.7061234146899718
-0.7270003383816213
-0.6528281348401811
-0.7221268819828573
-0.5644070408801396
-0.6156478558243558
-0.7685843830075995
-0.6220286967292135
-0.7499763376757699
-0.6416141912429595
-0.767020257750203
-0.640580093604418
-0.8338624735474538
-0.7407621044911715
-0.45250663399664903
-0.4939542308291147
-0.516207771375739
-0.5425385324074592
-0.3342957067844431
-0.5196709727502539
-0.6537222783393061
-0.8299466481330917
-0.5140743174131508
-0.6817295568957061
-0.6615867368614581
-0.8453546293616734
-0.6458202340239545
-0.6703802359362748
-0.6973670233150415
-0.7964202209960436
-0.6784235096788228
-0.6183115903096985
-0.6364239415217608
-0.7083674414087382
-0.5867688501950268
-0.7463245198895073
-0.7057789320321197
-0.829438518110708
-0.6012175704501396
-0.4669718276251531
-0.5937335944685623
-0.6006232182726271
-0.40836224670948135
-0.45706625257389083
-0.6964344544266303
-0.5725141912726592
-0.6983079844708568
-0.7060457938533309
-0.3269605340706675
-0.6016442782593283
-0.441395668056019
-0.6652760910958185
-0.7661419103994912
-0.5522382623457571
-0.5668113466987018
-0.4330625666660355
-0.5052655677655677
-0.7642701107423692
-0.6279211705773794
-0.776693796818639
-0.5715708021567846
-0.6074000075394881
-0.5917997637933943
-0.7090605733636187
-0.6283296602973442
-0.6493833831339959
-0.5223148454663096
-0.3615173306872124
-0.7347432664891486
-0.5883143821463558
-0.6874215008205781
-0.6800647011689644
-0.5513890120584938
-0.5824052060384466
-0.5939448967332781
-0.22368211882246952
-0.6281595086724109
-0.6739314606197286
-0.5040765430914584
-0.49025008171249473
-0.6393533919448735
-0.5180807635926191
-0.7091372406261376
-0.6759013385454359
-0.687971853193196
-0.646911592249663
-0.706322317659048
-0.5239274186413541
-0.6038139035027429
-0.7202020147980119
-0.05873195712764266
-0.6206935505057138
-0.6785699448813938
-0.7222664786531395
-0.4447434675838775
-0.562138004607467
-0.7050044317603203
-0.44544420312338406
-0.7332908235637418
-0.425230020838438
-0.7120265124382793
-0.6642213931214523
-0.7799751145310578
-0.6544412226364148
-0.7705457096131788
-0.5080320502469472
-0.6253435587417213
-0.6533178502638843
-0.719057716970361
-0.5835451807318472
-0.6434150617034974
-0.7932466997023205
-0.5635939614264602
-0.5901595949073086
-0.7162279374684821
-0.7757522354937667
-0.7538468517053157
-0.7683990361549699
-0.6652672889728926
-0.6413934736682629
-0.7061029323093827
-0.6941502794067962
-0.7932272293806861
-0.51718467847936
-0.6555189222198449
-0.7648182561725273
-0.4977026172836337
-0.6380612728530026
-0.519339277827696
-0.7013916755057443
-0.6187842629646921
-0.7095298896918052
-0.4931392931392931
-0.6449360851361771
-0.7628455841564692
-0.577366781606274
-0.5942234673941093
-0.5768909932839464
-0.49927788440871357
-0.4437200105356781
-0.6234276695813177
-0.669220640302591
-0.8165778281920785
-0.6571032775585435
-0.6545984638619308
-0.6939552990457235
-0.48461654315361835
-0.7253994391548194
-0.8040550084569889
-0.57018966778637
-0.7479018371827539
-0.5444330761400974
-0.6193193892959007
-0.5755652643905954
-0.6626949324987654
-0.850222057441277
-0.6483323712470211
-0.7590982692285217
-0.771039365760016
-0.7395391724987482
-0.5870827573164528
-0.602582190715861
-0.8489563377700778
-0.5869207722805617
-0.575974323166653
-0.6714001614018907
-0.4933162093518691
-0.6901197077630868
-0.6193245950527504
-0.7418865019571976
-0.7203888900785919
-0.8479338489184485
-0.5853365921441156
-0.6395224315098165
-0.5543537211250384
-0.6234998877455308
-0.7398083321484431
-0.6572993762503355
-0.19571497351949937
-0.7445850543519293
-0.6238237428039128
-0.5406181525965437
-0.6880869902719172
-0.6866353937365056
-0.6095144917118426
-0.6702451497087315
-0.5661520432864076
-0.607797795782799
-0.6756597804097743
-0.44371038861879036
-0.6975338335481495
