-0.5425067746228326
-0.3396262010338282
-0.5480642001615315
-0.7449943460332135
-0.436462254388679
-0.7239614422508308
-0.4893983080216801
-0.6681335369158898
-0.5234313458211006
-0.4709913253443034
-0.655674865550048
-0.8607418088288306
-0.6319882734094563
-0.7102611375977645
-0.5484990276214011
-0.6671587506120971
-0.7595921538273285
-0.6975302562929594
-0.7955457454172294
-0.39993075520508914
-0.34342336885540686
-0.5649372481362278
-0.6883034676577388
-0.7281467563419984
-0.5809820481157658
-0.6394929142415879
-0.7900211716194095
-0.6857970239798691
-0.5511812006619329
-0.7066716358400941
-0.22966682953530992
-0.6706209682654464
-0.7487827801518462
-0.7936401040058179
-0.7856439618421304
-0.51026915266181
-0.6568402770641071
-0.6784790922019776
-0.6700853448991995
-0.6372970784521151
-0.6400687169060238
-0.7123800801138161
-0.40055941031116193
-0.786615508079796
-0.5819354589147736
-0.5926115382174048
-0.7437812626399664
-0.7410373933251796
-0.5543581862577107
-0.7521430957462463
-0.7109975052396106
-0.7188961913476308
-0.8515089370890624
-0.7056248890036972
-0.7361382700275192
-0.6826073786878294
-0.5338409266256504
-0.6452958091643033
-0.59627800608182
-0.4958251806962874
-0.6949705081069644
-0.4531640533785361
-0.6414977744639507
-0.6070682801504952
-0.4530673209073045
-0.513168486532248
-0.7233769477447454
-0.5223001928359846
-0.6212528440464627
-0.7035421921850459
-0.5545995067205414
13.082424179151223
-0.4856766592560076
-0.42196896789139143
-0.5429344935771369
-0.486856425282545
-0.3795284864834058
-0.797264968595378
-0.6837737865229194
-0.6195333724775555
-0.6932289044289045
-0.6997124692947926
-0.477455750772044
-0.7162481600495124
-0.694158916999231
-0.6381297963843342
-0.6757832714978885
-0.6018883235371524
-0.5970383532361521
-0.5753639824652442
-0.49044365988495886
-0.821778347048952
-0.5451692525309246
-0.7737362983037723
-0.6268296441644402
-0.6318629042549239
-0.6488090216662402
-0.6968875169576796
-0.8393881913547382
-0.49888641764902264
-0.4305672332642784
-0.49822084057818294
-0.6256475271890488
-0.6172004226460928
-0.6852017925923314
-0.5254034939249229
-0.6540401787810214
-0.7020379082184516
-0.6037766667733141
-0.7154539995232017
-0.6657252351456449
-0.5708135112405387
-0.6287636013598313
-0.5713653193902021
-0.5231377318333841
-0.7314849877734851
-0.6321302221450678
-0.3021460117356778
-0.6760146148292384
-0.7518600579900432
-0.7506934860944681
-0.6896826918592298
-0.7428770857530479
-0.680346648361038
-0.7136990566177597
-0.3204833851149417
-0.704287167353181
-0.4574848608452825
-0.500403985557313
-0.6268329674871239
-0.4971108264456066
-0.6584309859873043
-0.6795233237605093
-0.7264969307864783
-0.6086242855697241
-0.6306313509108951
-0.48059523028354373
-0.8149679264232439
-0.634618583095566
-0.5756830433767923
-0.8220295203511052
-0.4332855724394505
-0.7370258103370092
-0.5625864373241062
-0.7613625167147582
-0.6891834249658684
-0.835304693715195
-0.3338104730189338
-0.5910315104669466
-0.4445565824190083
-0.653725730166622
-0.6198215661875759
-0.5435510402349292
-0.5924038393607899
-0.6764727250863066
-0.49027077416562875
-0.448883601250588
-0.4784705462180327
-0.4767390697598056
-0.6700352206227987
-0.45272230189879775
-0.7176001515934181
-0.5867602033532802
-0.8325959392446969
-0.7261108667427395
-0.5311280376972831
-0.4644622666510719
-0.6519208295184714
-0.6850460098449473
-0.6616156411932184
-0.7242804518593974
-0.6941895556719043
-0.7377614510872497
-0.6534427668467316
-0.6484062123116537
-0.7417610447913477
-0.48319563457472364
-0.5570028381546707
-0.5275080524785922
-0.7300064455352273
-0.6262750669474029
-0.5919951069955159
-0.6001404033864961
-0.684599762088089
-0.6908834751981215
-0.5207356706789407
-0.6724511337516429
-0.31260891645120437
-0.8104340391768524
-0.7088456108529596
-0.5801303658264527
-0.5835794193089474
-0.5873554064145138
-0.6211837264746232
-0.5546356591606717
-0.7433989904544827
-0.6463207064732058
-0.4965511431931652
-0.6450660007357664
-0.5746770834005068
-0.6030016457119008
-0.7943732727002977
-0.7087088182135269
-0.7024826391239019
-0.7294809045137974
-0.7026044611193915
-0.10547494788095872
-0.6954771633156681
-0.565468347009784
-0.5876422580554065
-0.5752008647671906
-0.562021216996366
-0.8364688209526867
-0.5204878701778135
-0.6280075000192111
-0.6954346028697924
-0.6884758513332042
-0.5534428190792139
-0.7130265869783841
-0.4432324253435698
-0.6793355528450227
-0.715480021631781
-0.5371880409507258
-0.6560848480912809
-0.6716155478949922
-0.5503997108179126
-0.33929187417247275
-0.4287232200951511
-0.7523840534647176
-0.7286415596151774
-0.6950997788688003
-0.7893706539530488
-0.3496975580969242
-0.47398374915041963
-0.7039790159166904
-0.721995673429063
-0.6694690742808469
-0.6456124844399226
-0.46427295315933226
-0.43380888749148455
-0.4260358620281361
-0.534684541987151
-0.6484595151656378
-0.6649824298754496
-0.6456736124317421
-0.6258125266594591
-0.782405705497754
-0.6492109698864542
-0.7278572094952827
-0.4984958356518195
-0.6442084234612703
-0.7905013795920758
-0.5697881521776826
-0.5794187102311192
-0.7448510133825775
-0.5937679166382673
-0.7783704165658041
-0.6596014627957311
-0.7447962227333663
-0.6018529083467692
-0.6868541781395126
-0.7643179380844544
-0.665210263169671
-0.6178162750948754
-0.45257158314426726
-0.7252837533643581
-0.597506667011884
-0.6411315474975952
-0.5106916234173747
-0.7000659065878124
-0.6547279218711045
-0.4072736346916331
-0.5344571911537621
-0.7023178188170701
-0.6007880466586042
-0.5334504964129737
-0.6247641257995735
-0.8006631306089398
-0.7553455274780375
-0.4478284326949016
-0.5020663728476046
-0.7130086491388757
-0.5450066742075383
-0.6242852905998697
-0.6791157575151259
-0.520312552427608
-0.7652711905006331
-0.7767090133967324
-0.716955160610527
-0.7413381612833303
-0.7768359779402668
-0.5910302016479224
-0.7806367859131627
-0.6460612548203144
-0.5317633840995827
-0.6531639444956744
-0.5382201747315813
-0.6708882467437812
-0.691662899927052
-0.6502085239150321
-0.5300372908184728
-0.5536103417100993
-0.7889264102675382
-0.7838855529673995
-0.6551243585329464
-0.6791471265527037
-0.5142367009551032
-0.8378103010353808
-0.7447287698839758
-0.7328571317895519
-0.6233455483719204
-0.4854736591663105
-0.6791119691599982
-0.17111735141032752
-0.3853764748865391
-0.7885090479740242
-0.8859030140896386
-0.6303924912113626
-0.6174490569601822
-0.7491031735148584
-0.6193494183289324
-0.7507660015668454
-0.73048705124407
-0.2694410333561036
-0.6029814063605261
-0.6305322552670134
-0.7521348328702164
-0.6901718210562064
-0.6786347055102941
-0.6805403361844465
-0.4859624303264576
-0.798228359497995
-0.6296740998960912
-0.6389849017539265
-0.5953265937644024
-0.7430497242263114
-0.6779428721112714
-0.6072671820945804
-0.6680156095716296
-0.4631809201241886
-0.7115523555644137
-0.715741148769082
-0.5287432741899253
-0.633611904325273
-0.4594250308437469
-0.6785660701961451
-0.577231338056471
-0.6783447716355531
-0.611954268216528
-0.4815728617368723
-0.5637474025439899
-0.39726919185146353
-0.40431342499720185
-0.6724255912209882
-0.7058893191028142
-0.7300948486197624
-0.7586988787449662
-0.507910453347306
-0.6639772135951578
-0.5726947399756508
-0.7076664369982604
-0.7117723980644977
-0.8428667364319563
-0.7932836909837261
-0.6829979152152755
-0.5971450683120845
-0.703743986191425
-0.7862146727498618
-0.7309001374898286
-0.7085657868563159
-0.7642778384396343
-0.5992222057370186
-0.6522808739472309
-0.7776308987036105
-0.49388495066418076
-0.7667761903861333
-0.6532669621376794
-0.4817856357755237
-0.8362442234610241
-0.8029350796581987
-0.4129676003025352
-0.5187955165875912
-0.6420012340757255
-0.66699341351736
-0.6141472044153142
-0.8033782134314799
-0.548834318779825
-0.6428140815530439
-0.3597644205408756
-0.4649125555546394
-0.4928544828228284
-0.6160980319838879
-0.6310495787459552
-0.2789979923221396
-0.6582916577995318
-0.8887042931634734
-0.8133532496226797
-0.5184295500901223
-0.7274254804925768
-0.7718100539402597
-0.6797290152309524
2.258634598900822
-0.6571533569911413
-0.6394012425925614
-0.7252577610301785
-0.5921657804924493
-0.632698859956809
-0.4791822978593027
-0.43120127679088144
-0.5840398692008003
-0.5995774376666314
-0.6236968326975545
-0.48213859118730074
-0.6432531563715772
-0.5389015773778568
-0.42625702835140267
-0.7373320876527905
-0.7527872577027053
-0.6923117268601976
-0.7485027494196922
-0.7180943000174922
-0.44130335450567454
-0.6696794197593258
-0.690905138119128
-0.5631678944632648
-0.6628177618310586
-0.6615903441598673
-0.7942920730169543
-0.7339645580399913
-0.5644756672313284
-0.5922908475183367
-0.613017858383712
-0.4664879003424786
0.07651788390690123
-0.7645983931870952
-0.5593835379927425
-0.7211969741799834
-0.4489234091045403
-0.5598186538179581
-0.8076172608760989
-0.7562800724258391
-0.757792554907328
-0.6430454406056683
-0.8118934951100708
-0.747560085531919
-0.7215616303378117
-0.7117041664780359
-0.6123883464521771
-0.5491937550988012
-0.7106512299985444
-0.6374691133586116
-0.5085018386063735
-0.8543620827830641
-0.7403663091218741
-0.5222608092572442
-0.7602557725659148
-0.8094226261920374
-0.5136396362174744
-0.5128000233384957
-0.34519340105069907
-0.5566599759132879
-0.5351988847091236
-0.6324286897749192
-0.744338002953528
-0.6798412894147002
-0.3470535963468944
-0.7153731557648277
-0.5565391909951268
-0.7051394450897122
-0.6162621457183505
-0.4632402620352943
-0.4572313766465117
-0.7875325742181204
-0.8591711784950544
-0.6765132516608384
-0.49568317594912314
-0.5128023711635912
-0.5080274317250335
-0.73931834499458
-0.40545442480812194
-0.7500822354666236
-0.19193732546462527
-0.6187998639982921
-0.5499608990691456
-0.6141169130570414
-0.6861457522321327
-0.4638689203463062
-0.753185482596663
-0.7255909419700064
-0.5324753313743857
-0.594052208491088
-0.4261925993765866
-0.6477815691334327
-0.6744427521283247
-0.6182351959851887
-0.48403165742374776
-0.5065065127642177
-0.7701305118996145
-0.7745455979323608
-0.47446966505420146
-0.7768118843597341
-0.804370449045401
-0.751123688826136
-0.5578337966372846
-0.574798010090675
-0.7076082144539297
-0.6631306485043916
-0.7889156632015015
-0.8186381660938857
-0.6945953447797296
-0.7522511349337385
-0.483345837802769
-0.4663426530714272
-0.1802974768726626
-0.7139866632638523
-0.5896392599985822
-0.6154867990761317
-0.48356563067392927
-0.6784820687893311
-0.7289981198489294
-0.2835372015748922
-0.6546122416252677
-0.6762568889888652
-0.7910708449498445
-0.5769676504919127
-0.7884805485691405
-0.7594494129011085
-0.6843815842560632
-0.5535595398002686
-0.7439139053170142
-0.6721838036929672
-0.6657486235996855
-0.7025148373636347
-0.5246473053982181
-0.5217378424415434
-0.4906548963393044
-0.5374489042988049
-0.44089431666524465
-0.4954149435901553
-0.6161219913856912
-0.6429553803589929
-0.5295311637891488
-0.6188470026355433
-0.7522015568655368
-0.60883414352307
-0.5107131927765859
-0.7126924784597863
-0.8313636304503884
-0.5164630166637751
-0.7709260495874889
-0.6558615261756058
-0.7246699223164876
-0.47235886806687066
-0.7419262267378015
-0.42206216855889156
-0.659663191659984
-0.592345665209138
-0.5485039995115101
-0.716118607093803
-0.6514782657477347
-0.5285166487836626
-0.5903414684698689
-0.7039979741065493
-0.7052708867960998
-0.7324859093588468
-0.6624420469883997
-0.5426451919097929
-0.8064772977381893
-0.42950708145216154
-0.6209224053635003
-0.7594748343767169
-0.8485092886172455
-0.6846701994472485
-0.46957860392445205
-0.7155065437879515
-0.7316595928004207
-0.7001078138574498
-0.7191303197520599
-0.49688057191200213
-0.6091070781728863
-0.6781416118262589
-0.5765309019064597
-0.7374232737083244
-0.8486419605499104
-0.7832530223705202
-0.5697632243835207
-0.6858036518751229
-0.7071207686940199
-0.8446130458366605
-0.7803858284249741
-0.49513212181180477
-0.6956998645026191
-0.6079891009907189
-0.501778303279245
-0.5139140140151388
-0.29010265007794356
-0.2277580654605071
-0.5911091068456956
-0.6124645603480142
-0.7646310419431293
-0.2688184988914224
-0.8046652892167319
-0.47405350495145865
-0.540208795665251
-0.6278192394227076
-0.6828538601083232
-0.5410247072128194
-0.7480108852269836
-0.3623034725759182
-0.7228670037333437
-0.46511673098822
-0.8224485175828556
-0.5929166276184253
-0.7428696459355524
-0.6977098363566865
-0.7455471148472531
-0.7053710801998058
-0.5476475589610297
-0.7585369561390876
-0.8317155717172515
-0.5840082346597951
-0.7442753945234094
-0.5785914722744633
-0.8351088193811421
-0.6981149017452396
-0.45787326387308547
-0.5980712591943693
-0.5895214558205918
-0.42444439804013506
-0.46048705834450704
-0.6911124267361317
-0.5673542753917095
-0.4636665994759121
-0.5703225293930727
-0.7212189082723691
-0.541481473372306
-0.5820127178599371
-0.8461846544888261
-0.7140139166959963
-0.6359041060834082
-0.6649126512295334
-0.6563227780271058
-0.6913342515801559
-0.6845586794364507
-0.7702720221017958
-0.5678789573878759
-0.641852294925572
-0.41957136277397244
-0.7464685259911086
-0.6692840281208927
-0.5465908095184447
-0.7093371711457346
-0.8196479282792584
-0.6664887038373934
-0.7128232321225928
-0.5716269792251846
-0.6599476527735784
-0.6175728395707205
-0.6484805253581014
-0.49299869172633715
-0.7352281808113237
-0.553770112768532
-0.7030462594586161
-0.6566653897138409
-0.4226779538019464
-0.6350490963766579
-0.7320022115194426
-0.701673607098863
-0.5340390339661796
-0.5809356279537293
-0.6862518696719622
-0.688322612095086
-0.6684926801149739
-0.6311790644897342
-0.5630522812039942
-0.712996142527045
-0.7604197186315941
-0.5828078861021625
-0.6863839386130088
-0.17612262717724303
-0.6055023180255923
-0.6736125414271537
-0.7167875078033616
-0.5978705099086408
-0.49536923260565796
-0.7087171715349319
-0.449712039860542
-0.7813908480278614
-0.48691599904015037
-0.5289837079078724
-0.6782812553475479
-0.6311976393712373
-0.43516762917850565
-0.6800988792038701
-0.32675025806059865
-0.5259465087287489
-0.7704047121675489
-0.6908051593049107
-0.6489772517365286
-0.82232677362029
-0.9364062809799906
-0.6469418014994678
-0.7062095723763354
-0.6651862466935474
-0.71700216044279
-0.6364858257815078
-0.6439213077984608
-0.613834621200911
-0.6365067179983721
-0.7813917544629791
-0.6133218889201308
-0.5443728577408636
-0.608430324747111
-0.5857856242822138
-0.8326654355290122
-0.7451290749636273
-0.6249254122388399
-0.6396667901382519
-0.3701498337879008
-0.7156242701919742
-0.6513771396426562
-0.6950170883298759
-0.4516529113119937
-0.682775113107808
-0.6792086597398401
-0.7538747962209261
-0.4965286964313647
-0.6959118745728751
-0.637779307593821
-0.797828681792696
-0.6209214642486506
-0.66762116246018
-0.7917187371894092
-0.7707430006957742
-0.721106970451366
-0.544828328646516
-0.5972450627485097
-0.7296408053843705
-0.5537251231498893
-0.6881387635023335
-0.6388022554129139
-0.6827425541388179
-0.6339871599333168
-0.7546635092900181
-0.7401767526333286
-0.729508675941467
-0.6264167512412717
-0.3236741008224233
-0.6020940282815613
-0.6913577082934463
-0.5529613110996219
-0.47044934968818175
-0.5410055362568896
-0.7855292819099233
-0.6492507050702316
-0.7785981516810782
-0.5294104759004336
-0.6535205074629918
-0.4573539148789777
-0.6911385478043149
-0.7449646467021879
-0.548648237768262
-0.4434940472403956
-0.5702510114302666
-0.5910344675404916
-0.7273852740204712
-0.5840324281571315
-0.751790612532375
-0.6415747502856194
-0.7899231600507659
-0.5637653155599561
-0.771935655186894
-0.6727529445641521
-0.6342409618673065
-0.4364354178578952
-0.3805280237231382
-0.8604425383509673
-0.7681741684811421
-0.6508482098000469
-0.6998195256745321
-0.5488013134048703
-0.5754108271183682
-0.6324640345025176
-0.19224951466132262
-0.6140780263955281
-0.8056052230732382
-0.4482678688472175
-0.6502024976647647
-0.7140793928953308
-0.7395791563405928
-0.6959293859686254
-0.6789855774436006
-0.7170091493187642
-0.7035462146632059
-0.7777493084874072
-0.5043494019572308
-0.5473332666858278
-0.6936795476066918
-0.27617774353628965
-0.666043609615132
-0.5971999801664145
-0.5572754520260289
-0.6399002223306762
-0.5639123086780322
-0.5247468239051037
-0.5583805080231121
-0.6522394632961462
-0.48845343721830453
-0.6458068133910189
-0.7210358769541874
-0.6476969124766477
-0.6133031534543958
-0.6786916122429324
-0.6049085060850553
-0.7358485535938941
-0.7141913457058819
-0.6811247685327945
-0.7106565931370363
-0.7169457738339939
-0.6927448908826301
-0.5406500009353429
-0.5416300198959942
-0.7129867027629588
-0.7866275047320671
-0.6082183771905508
-0.6561962621356606
-0.7687871071489121
-0.5130400383802846
-0.7642686645444957
-0.7351156232112566
-0.7696656889374992
-0.6515928183223683
-0.7961841634662389
-0.6246976234722218
-0.5934787700660016
-0.4593599216801473
-0.4960860758722567
-0.6602228725511495
-0.5513958132628413
-0.6816622351176993
-0.6401644662791159
-0.4986694942864139
-0.7521795086563433
-0.5674204106761104
-0.6703310881620316
-0.7471467436382336
-0.535915352215179
-0.5481606461882602
-0.6967861573396406
-0.7741253889829265
-0.8443949224322447
-0.5629340547103898
-0.8491844989481935
-0.6579871747519505
-0.5566795521863548
-0.8152814008086605
-0.6879558232495361
-0.7087391930268965
-0.6227690375930067
-0.5989380890349189
-0.6689502824226833
-0.5887112272167673
-0.8094067388187136
-0.7229026994973803
-0.5362511876337843
-0.6991322120347634
-0.731828176809354
-0.4273406067766207
-0.44046489876518596
-0.625075582634134
-0.5215171641398965
-0.7937625267256033
-0.6626805769072794
-0.7718281646299285
-0.39971275214156393
-0.7229124677116325
-0.6746406600775533
-0.5827611230094761
-0.5167339031827115
-0.7757379875446208
-0.7564080295774298
-0.6431093936820947
-0.7653419041087006
-0.7140045370088524
-0.6565926347220247
-0.7575227938773013
-0.020020863424811422
-0.6413788464679826
-0.4500548707347575
-0.7480188803242331
-0.751189806579895
-0.5094680319855966
-0.6377371021156462
-0.7411814899126342
-0.688804193205828
-0.6543644003824669
-0.49982993980577706
-0.7231747942801463
-0.7367462253728595
