-0.48725907355222015
-0.3283479253714448
-0.23634973278573015
-0.5651433600493057
-0.29741996692738165
-0.4569876203194452
-0.5392851048558617
-0.49790417551133564
-0.6949876770862303
-0.5133193972455733
-0.4564470993523041
-0.6164154675032396
-0.4047456046106822
-0.6086436112751523
-0.5228267703870505
-0.7370418896986015
-0.5021812314495726
-0.5598841106412991
-0.2769234244482201
-0.47262808264722206
-0.25017319376880987
-0.5572722235989942
-0.566438378651678
-0.7478462937267284
-0.6496459885946895
-0.48008551530838417
-0.7088925419103403
-0.6487222124867783
-0.5550887131564017
-0.6362263153127925
-0.3830670492242921
-0.3609429937454804
-0.5800004756178637
-0.7777084848424471
-0.6797336500411019
-0.10497979854688931
-0.46981172795099996
-0.5642899988419616
-0.7000675501379421
-0.5389452650550485
-0.611647313759274
-0.5387679863749912
-0.4043377702027661
-0.5564790324189053
-0.4435618478439564
-0.7091959988499867
-0.6555806491634549
-0.6310152793620856
0.060719563913639404
-0.615136415925449
-0.6512746394667207
-0.557047615466357
-0.6085640677036621
-0.4708568107331407
-0.7044172394118753
-0.6486514138782873
-0.37481948208668814
-0.3642878082683611
-0.5566130221518725
-0.5314448736100172
-0.4832729388737535
-0.44666182350719696
-0.6070505433923044
-0.7265174972655103
-0.38509046921320744
-0.5268162781281657
-0.41082624302895615
-0.5783466829867385
-0.3862082041592932
-0.39335794345818853
-0.4376681253368097
8.871796210262566
-0.5928857672864244
-0.26615605826033045
-0.2915166094991987
-0.3085908452958412
-0.3142968659600815
-0.5195504051239185
-0.6110244651877372
-0.48112711021329546
-0.30462843822843827
-0.7159117150771563
-0.5461655386757925
-0.5111856046745037
-0.7024013290374547
-0.43827364574463634
-0.3117366215622116
-0.4822001929993859
-0.38773155566950834
-0.632968695673444
-0.2086930412103062
-0.6313585187545653
-0.49103580878524505
-0.5350513385115461
-0.3823832331126494
-0.4424435969379926
-0.6503103449754999
-0.46827158569280736
-0.5456421877215559
-0.42487625592424283
-0.2900829526641068
-0.39993325956759224
-0.6317505969420439
-0.8262449510810411
-0.6100960533243317
-0.3581894322539913
-0.6318709565348031
-0.5612523026603187
-0.5811533753075235
-0.4458562302151326
-0.6963836429512605
-0.5577717248044987
-0.6068698290462904
-0.5109837647468385
-0.43682149052993047
-0.7877934262843883
-0.6209571213926119
-0.5663832963569637
-0.35611175531100264
-0.7845863857680696
-0.7000762166605558
-0.7141648572035633
-0.5586342206049438
-0.629290743782024
-0.6724761189383119
-0.3394322438077475
-0.6596870649170773
-0.4885114994822879
-0.58461018238688
-0.5790715174105107
-0.454115093708439
-0.690557576118084
-0.6735626793534892
-0.519204026122009
-0.5974470411514468
-0.7096066186375893
-0.254946885685747
-0.7483123867005363
-0.5586807206097434
-0.4762045844636701
-0.4819319271550568
-0.4378417103427473
-0.4573334801970071
-0.3999581343672117
-0.5801588375731525
-0.5951042396959522
-0.6202100238663485
-0.2756526659687021
-0.462697288116735
-0.43781088250984007
-0.6513927665379075
-0.5766214175230967
-0.8122001976142769
-0.6557208775286019
-0.5150617048887909
-0.44118180817022307
-0.42902783225455754
-0.3278282232491693
-0.34315125843471417
-0.49686284394607233
-0.31363252029200755
-0.6025994117967713
-0.5990037234408826
-0.4139908147967248
-0.5371599295369114
-0.34576419992729424
-0.5338987944101374
-0.6188537301286011
-0.6563860399911459
-0.5083133715489169
-0.6666994804016401
-0.4617800184720008
-0.5528954511425103
-0.23328247218017967
-0.5400902230386794
-0.6564636261605958
-0.22925244285090335
-0.4963033476122481
-0.23669180611202767
-0.6532219412629944
-0.5850010561676786
-0.5196622684166169
-0.5376721062469698
-0.5206064007750261
-0.6449701594755896
-0.5385105819597077
-0.47534180498026607
0.0017384487979417726
-0.4859387421520975
-0.45404695344858215
-0.7234364695169004
-0.6617731739086254
-0.5994584969253245
-0.4921971142465929
-0.4468824607184498
-0.6191235628485379
-0.6738340389851264
-0.5997932953834889
-0.5330050443642168
-0.5227089526732916
-0.4808680063172572
-0.47747020390043393
-0.38185464692266224
-0.7079704357478375
-0.5967171318468618
-0.5208048517243151
0.05938632452323314
-0.7352036894696387
-0.5434207134435736
-0.12622443120311003
-0.4901971540124553
-0.6488425322584027
-0.6817076806641745
-0.4020875323113122
-0.5741561838017003
-0.498450863249231
-0.4999044609392224
-0.5585429387175345
-0.5367653338125846
-0.25770129231441763
-0.49098176881198424
-0.5166153946174692
-0.343869311487418
-0.336044204128953
-0.5238733735439153
-0.5443254966841381
-0.2535161518870205
-0.5439268040806338
-0.6097945697227212
-0.31780986240486775
-0.49270755302458913
-0.6935527457679252
0.021132860277075876
-0.4447009095282825
-0.5300157631330715
-0.6575604272062957
-0.4075842928812496
-0.6938529878190882
-0.209776782964043
-0.6681306660378347
-0.4447069096937001
-0.7013558548855126
-0.5346375805917779
-0.5418875927889714
-0.5646458746502213
-0.5406337104333386
-0.7260042612651378
-0.5712898975865621
-0.524363471070115
-0.5096721784644134
-0.5757476894474338
-0.5897947830645487
-0.6754953107117908
-0.29691373051424796
-0.7572259079406334
-0.6687475025292112
-0.7355434885180793
-0.6624839645876135
-0.7917125962912118
-0.7231998015626938
-0.5662483685070919
-0.6761138862920215
-0.599574469816241
-0.5828372780208002
-0.36134557833237124
-0.36848573881371516
-0.544986148150066
-0.6479100475121695
-0.22057836174006595
-0.4893717416199007
-0.663497978664141
-0.5299494450041129
-0.5889351013184699
-0.7194648947674903
-0.4514562700982551
0.04379625865061345
-0.6015151918976546
-0.6991428174426348
-0.35470227833146734
-0.5236849204208255
-0.037059271406817466
-0.6276194378894714
-0.7080811519306954
-0.6676564824628789
-0.56913459154513
-0.2815152836962722
-0.6652924066659823
-0.5738477228120737
-0.2602974675063647
-0.778664174821507
-0.5171132221665158
-0.7835174407044272
-0.5095868499629909
-0.3224651202377913
-0.2089025216677961
-0.3954596795603892
-0.5833263695888335
-0.6074555251904488
-0.5207797225591154
-0.6886413887217374
-0.3665380858330541
-0.4528316158381748
-0.6481993452591106
-0.6332118470625111
-0.4856262194022264
-0.4973330195709299
-0.40507577514642057
-0.6713289659385335
-0.795277266403491
-0.5586458728769133
-0.532753333406844
-0.038869086695422696
-0.7045656687287207
-0.1185756218935134
-0.5751587608313219
-0.6978311878686605
-0.829746760912953
-0.05473513974952105
-0.5118808062734646
-0.8089024225567956
-0.5995193236573556
-0.6271900465196817
-0.6443599618756024
-0.37046689730743276
-0.6669042600799757
-0.5951998740369795
-0.5328582987825149
-0.3538049982656261
-0.7034681870137578
-0.61480032931414
-0.5695289405149321
-0.7156726584605229
-0.6983676264263516
-0.528027246515742
-0.4229408701585535
-0.6639823278272998
-0.5501816089642092
-0.6076281348476225
-0.4084211327969075
-0.41269083724629874
-0.536142169120202
-0.6455413342453681
-0.528601559166776
-0.5517906263917634
-0.5445264983483153
-0.554473778969163
-0.5554547646660313
-0.5212988179169058
-0.6726924359771194
-0.32151554308447394
-0.3695379258917651
-0.02244870591390638
-0.5496594891045122
-0.4164474634155528
-0.5775890751478336
-0.6326601864494625
-0.7442993645937684
-0.524043251297022
-0.5957905403554898
-0.4713781754851087
-0.4453771973590773
-0.5967906693757395
-0.625528875473704
-0.7825083676731251
-0.634934364505953
-0.48099880695230957
-0.6327416153660774
-0.45783847715296927
-0.6609444709447515
-0.5878596756326658
-0.4988746333526024
-0.6054976198439382
-0.35601422379770314
-0.6457620297233801
-0.5945539503551048
-0.7041685039511154
-0.5360979633829235
-0.3626879197491263
-0.5500426269616296
-0.6443104401205333
-0.4913863448515489
-0.7339579231197636
-0.39699022642496384
-0.3172703183685023
-0.45756198188302943
-0.5765253919616022
-0.6870945118005952
-0.4852806330518306
-0.4987755161231263
-0.32876967603090446
-0.4265444454789022
-0.46976076317087223
-0.5136005950651666
-0.06052735600661933
-0.7190064079827859
-0.5478721563207526
-0.6930941303998298
-0.743025336141964
-0.6501718100060833
-0.42204300692378144
-0.59312852115805
2.058589219986891
-0.5800830829404756
-0.5341174807111141
-0.6585658243172169
-0.26430695317191777
-0.5778483237690943
-0.3923967557913024
-0.0132184702138865
-0.3733933261973644
-0.5366297534872241
-0.3836693805887123
-0.2476769665466707
-0.4233240602061693
-0.6087815108689612
-0.47294270645184594
-0.6336052270672009
-0.6187532354238165
-0.6922544212718343
-0.5578180988438916
-0.5367608472924459
-0.3423559340871949
-0.5093223695892694
-0.6417538419265569
-0.2498682583212346
-0.6598922423901318
-0.6544091642190122
-0.5450090088216253
-0.6367014213761072
-0.4000608588768902
-0.7422521796468606
-0.6429004238760336
-0.2896635429603702
-0.29893296073179454
-0.5699796170916981
-0.4332438768772225
-0.518625969788931
-0.40201923269157724
-0.2928620095847839
-0.5225012209782853
-0.6312369387288257
-0.47985041612519697
-0.5601873507281214
-0.7550393846646094
-0.6156342602140863
-0.6030356897156274
-0.390693708784161
-0.4582156460731884
-0.35927178383554764
-0.7108737149423492
-0.5071464082453421
-0.22600889184601902
-0.538643007912589
-0.6233637097015149
-0.22026610818908743
-0.2526066144555755
-0.672923988682593
-0.4514706337042125
-0.36864549205539854
-0.26795579525554936
-0.5856041750301084
-0.31852680936738365
-0.4287020025861516
-0.4757790891618111
-0.3401411566723003
-0.3337499636161911
-0.5460921505070503
-0.6848638563625876
-0.6308068487068985
-0.6669008364527944
-0.4172131214913327
-0.3316639831452014
-0.5859527000735009
-0.6106592225856924
-0.6470387230430144
-0.2808012676388086
-0.36003294917149015
-0.5010136752830419
-0.5666957611251109
-0.03225683210642629
-0.5925748342746274
-0.48543417752282436
-0.6520135369141845
-0.2940768396357308
-0.4790098987301322
-0.6188744405439984
-0.4269648773868011
-0.8043729185446479
-0.6674691540102541
-0.651641794875085
-0.49488858188343765
-0.4660416465824737
-0.5372100283660612
-0.5799178691138843
-0.5262405687878688
-0.4473168242568504
-0.47149837337180894
-0.698004818086355
-0.341916832009693
-0.6537729554995664
-0.4740650276287339
-0.4751798158697754
-0.7142947875495279
-0.27991003191649444
-0.3405217898920049
-0.6769465259991632
-0.7184322759880034
-0.5481160308275472
-0.489769251104649
-0.6166308140687577
-0.5204507695845509
-0.19728669597422424
-0.22804050749571259
0.1380299072778632
-0.540270899517291
-0.7939453201920557
-0.6630970105266835
-0.45170651767595854
-0.6762526874570032
-0.6165282072051603
-0.18488814869311423
-0.5545798351613475
-0.5237543583398944
-0.5403804702354882
-0.4815324328831082
-0.621590354538288
-0.5351258304936419
-0.6605649447358328
-0.4986659547308966
-0.6257195925915373
0.08927304225910522
-0.35068846587164937
-0.543335710454816
-0.37736945166443797
-0.6145560799574494
-0.44057944111570607
-0.681803675060702
-0.33279456249285616
-0.3880696189826153
-0.5754942808080616
-0.5092821102116549
-0.593506449435745
-0.6377924230394184
-0.6624263135516899
-0.554009456078843
-0.48596381884105566
-0.6418835702381488
-0.7088103846094714
-0.36863376872299475
-0.6472007410119984
-0.6863681895186791
-0.644470680450327
-0.15223816171695453
-0.6275255053561567
-0.4954079667661881
-0.567195846302312
-0.3846854970626624
-0.5291155278744581
-0.7500003107500886
-0.6423329683005874
-0.25655837188439956
-0.2502470863007678
-0.4264588290831318
-0.6581867779867324
-0.49168949997756634
-0.49904634284708227
-0.43355691831471943
-0.501556855992439
-0.19943307151545134
-0.6596295035736861
-0.5875863224363191
-0.7219023540294153
-0.37362540452437387
-0.5362391434217177
-0.6683716521735019
-0.7331096651837019
-0.4535016641357685
-0.4847380754403205
-0.45068573489411473
-0.5140720963455285
-0.5803253142763789
-0.4260485149901403
-0.45298244773832036
-0.5828081291093844
-0.5217615308558501
-0.5605289599066542
-0.7061432253844293
-0.7565361728150316
-0.5420408011230436
-0.579529490201681
-0.5178474142526055
-0.29648508453433287
-0.6698659270211536
-0.5021682197550315
-0.38842009460780463
-0.6733884329931272
0.012668189004040029
-0.5569250898743664
-0.345486759181533
-0.6214977254772367
-0.30903291651308334
-0.7436468040084006
-0.6580619358135235
-0.35876722127721894
-0.3713439060527905
-0.7874798344764267
-0.6270801786433076
-0.23100312326271538
-0.13150951430694602
-0.679691023563465
-0.4867470394596212
-0.7411264326826952
-0.41943588235973767
-0.4498116960615303
-0.7499074483742517
-0.5306982481822489
-0.5349497450395448
-0.6936388217241106
-0.6348444359101553
-0.7051497290006373
-0.5761530974504765
-0.6441649044602387
-0.39894906395531243
-0.4999376425717564
-0.6214579580641826
-0.32015372767771805
-0.44462686341736024
-0.31126486263036257
-0.3688490824286075
-0.6169329645411978
-0.6510271742347995
-0.629448590983311
-0.34539407377544845
-0.7492675564029233
-0.5537546426561621
-0.5991468336508076
-0.14665490320110536
-0.6790742215818066
-0.7038605560908625
-0.8014176071598788
-0.6894059564626707
-0.5535709987923714
-0.7273896699479386
-0.6459866492659597
-0.5442556582722347
0.03620932841319524
-0.6611002456664736
-0.15058079837063776
-0.5132156805548803
-0.6938171496110288
-0.5166464297486867
-0.40024117837765516
-0.7005399210090828
-0.7065683953684894
-0.4071269541606717
-0.7442595622046804
-0.33359751274322064
-0.3255671621823191
-0.2696483147678743
-0.6515436461119741
-0.47312262384673326
-0.11727116750073818
-0.5802922744883896
-0.5032714315249249
-0.4551523646216781
-0.6256694481626255
-0.6498971691121274
-0.6678349121908147
-0.42907420424541215
-0.30503157399826514
-0.6974813514910972
-0.5822158075338603
-0.7139382946248843
-0.47046694602604544
-0.4228395796287922
-0.566382319938237
-0.6012610925993057
-0.6131276973556589
-0.4986497689633233
-0.11010503257978387
-0.3217395777889024
-0.49116220720130316
-0.6498724829497879
-0.7505559443366032
-0.4383207997172622
-0.7313150630559114
-0.46629874561671886
-0.5837345592114759
-0.6109967312683122
-0.4900279558449675
-0.5065111742359424
-0.6263877791577999
-0.04894594540755996
-0.5231060244119093
0.19311281802173785
-0.1556539369557375
-0.6777530613815177
-0.5297928856610891
-0.7238300868177175
-0.706076128704682
-0.7439896669375237
-0.5904940744837929
-0.5285810681880405
-0.1179949786101084
-0.4841650433096854
-0.6561761994367478
-0.5799417175717516
-0.6088774438505375
-0.48580470034859785
-0.6864219801726661
-0.5196750181285424
-0.3995248606324791
-0.43071449106552745
-0.007769527272389082
-0.6395962678748472
-0.6299812910720246
-0.6145139895776035
-0.364371003061369
-0.5015840464144683
-0.694380360081374
-0.658138276499424
-0.582187759440813
-0.41344546006073535
-0.36614127403304725
-0.6729817565102607
-0.6769983921212344
-0.531369190273784
-0.49141437263215165
-0.6711167156708208
-0.5662655016021841
-0.5918515144954047
-0.6674397293754626
-0.70276447891796
-0.6171061948537334
-0.5328875734200317
-0.6824825535468272
-0.48600008336885475
-0.6481776647584515
-0.38907493753059064
-0.726939460870976
-0.5223741486279058
-0.591519166320856
-0.6578205754574173
-0.6135805738084968
-0.5039380004774686
-0.6316543362655084
-0.42515147463673436
-0.21880319106628696
-0.5157836086779399
-0.4543719500520856
-0.43044126899094914
-0.118858702191468
-0.6606855274307508
-0.5189143968417118
-0.6358409808395348
-0.4875357045521313
-0.2556291477786858
-0.5260718996799383
-0.5141905827154433
-0.459572107527849
-0.6586519833457635
-0.3186158689538095
-0.7410031692593264
-0.4768796403242468
-0.37118115318416517
-0.6696778367498533
-0.639956498813604
-0.5913825576450099
-0.4190757563909144
-0.5360324700619494
-0.723199848276049
-0.698177376018791
-0.5352374221013693
-0.5818523905126907
-0.2144662794546932
-0.48434548735493915
-0.5869312156844263
-0.43502988430984496
-0.6854789077938173
-0.5843818567138696
-0.3365486284969747
-0.5414387523178962
-0.6529208385351932
0.021612625068043793
-0.6636872032416167
-0.7017616569155664
-0.22698151967131872
-0.3800900247709146
-0.6792515642944833
-0.4301611196203073
-0.6131361061961886
-0.4929667956396127
-0.641449523829196
-0.735393473021155
-0.5979851506769543
-0.33382944293978467
-0.4989018782100146
-0.4944828453270703
-0.16243683578436927
-0.6748259556022592
-0.4367234916759245
-0.4126378053693734
-0.4968075793844461
-0.5664895012393101
-0.6922346758528781
-0.33288256380535336
-0.582510382020529
-0.2263836655419455
-0.7223452429192606
-0.5087293743838283
-0.732640731108136
-0.5754875476631715
-0.5068368144093099
-0.37556215071485705
-0.6853452598732277
-0.3787682615618894
-0.5838302663434427
-0.4325388684226958
-0.43597651311247804
-0.502348832753921
-0.40582032687115344
-0.4683307858490808
-0.5413074289354248
-0.7163070295672607
-0.692563089375986
-0.7378578705924844
-0.3851002365121755
-0.5924804942303322
-0.6126849801213964
-0.6259188263172988
-0.6985663989586958
-0.4650102923808304
-0.40285094466630955
-0.6280327968347644
-0.36647746415152455
-0.42723479639169243
-0.27363393387448026
-0.7064944856934735
-0.4798165667631092
-0.3704469838770943
-0.5512957347352251
-0.16290853607947015
-0.7797961478544968
-0.5353418111883964
-0.6703890167413594
-0.6180309687326707
-0.25011783870614984
-0.42468517026953767
-0.6411688365577644
-0.4913143425541778
-0.6210171865920268
-0.31909865882230615
-0.6686327247954075
-0.4515009003538944
-0.3449895152289851
-0.5379581322551193
-0.7835059138558195
-0.4826120817829244
-0.6120234651101188
-0.6250046147111717
-0.5075848666181981
-0.22793291895625004
-0.6782157540563214
-0.7114126300059298
-0.36754542207887014
-0.6937317479506415
-0.642723442447209
-0.4386577867745316
-0.6995280937420744
-0.3294865371732191
-0.5188056541902183
-0.6706125612065328
-0.4556068322908476
-0.5635534355545307
-0.49272284100287245
-0.6555196278060068
-0.5302976346665667
-0.6810218037293576
-0.7365421267384991
-0.688148514976713
-0.6752958983648047
-0.5288533850872481
-0.5070939358268255
-0.6431203161306228
-0.6929344518697568
-0.6888159764383702
0.006877574493125633
-0.4903780818758726
-0.2653902384780572
-0.48192077517806364
-0.6412564523527348
-0.383556393251236
-0.6261747758590638
-0.5407879158288823
-0.6730884658257682
-0.5315874893060238
-0.3533833121348577
-0.5494994532842905
-0.6478491530104953
