-0.5830482808972054
-0.07209073803395448
-0.05606344405684533
-0.6204830289592783
-0.20326750912365754
-0.5744585451446055
-0.16968512455866597
-0.434890822647318
-0.77079928377773
-0.6555028915518989
-0.3731251449789174
-0.7448261416003351
-0.16636434050421012
-0.5542512279084506
-0.44711722645454677
-0.5761617211628581
-0.3501011647462913
-0.5257494845655579
-0.27397876944077376
-0.19350037291881367
0.10199882644659397
-0.2261624208597266
-0.3255080666872411
-0.5069057264344005
-0.5990208063144962
-0.3811065509302292
-0.3540254936773741
-0.47849174301285796
-0.7667504948544843
-0.6248551669860888
-0.35055271249765796
-0.38374640134903176
-0.45175735630912267
-0.6477739367796054
-0.7180062226385516
-0.42880512325112724
-0.6190034530244795
-0.38179875894714793
-0.4080378105885388
-0.3681960062166151
-0.6724569825609408
-0.3339464930267021
-0.07930359388038043
-0.6360554070289239
-0.16146875936832122
-0.5683280873313097
-0.5121056204414166
-0.5082189543156546
0.29773710589444813
-0.5948262806212159
-0.5857050945687051
-0.6393555638189863
-0.483570494181895
-0.3117470414440013
-0.4802464634450033
-0.4327133943175623
0.45806296860472023
-0.4120395532146868
-0.26502687219023746
-0.34013057601997027
-0.5396421297643293
-0.5628140486218617
-0.4451738629431302
-0.31092362159749704
0.5046853170681841
-0.2120560826933264
-0.05905356058769168
-0.5831324337996407
-0.2668896443445055
-0.24439727999619243
0.005371066454089874
7.283134102416871
-0.3402247742581081
-0.2562412272860409
-0.15622780373414807
0.6747026814074313
-0.05828550901595606
-0.6373953741857322
-0.6141137895601455
-0.42607218153994997
-0.2515449883449884
-0.8212368868490952
-0.42530775610487914
-0.6445209774946552
-0.5604256672646725
-0.8052042161626766
-0.5824136426241157
-0.1110821124660058
-0.5784647078377504
-0.5684311495259011
-0.03198857046414829
-0.6115372597869924
-0.3898983365290126
-0.37346851533702746
-0.31822572007073674
-0.3916416695338661
-0.2558226322344123
-0.22125439804585686
-0.5140605227180912
-0.38674920844950617
-0.16250964313885252
-0.25852082125858405
-0.4806253294567566
-0.5006029930493573
-0.5024397493998242
0.024778859134779983
-0.499455393947361
-0.5246213915759241
-0.468838457743194
-0.49148703742263344
-0.276981932289314
-0.31153269233183123
-0.3744848846702165
-0.31832047007369824
0.0203047591794394
-0.4821033633994143
-0.49742297354731735
-0.18463580003732194
-0.19215656245214083
-0.5255621204661086
-0.6317912197979456
-0.6315302616509558
-0.635992994706706
-0.27051924842649805
-0.21339143197418428
-0.29766906737353205
-0.3989741962012076
-0.3283863073013083
-0.07650852433911379
-0.7035956899027745
-0.3973988462887868
-0.5112881227746667
-0.3555579174122037
-0.49184452993861577
-0.5013109113823906
-0.5480341884086225
-0.5418261554277216
-0.6559121215834092
-0.7633971540872573
-0.2732041094325945
-0.5947534188675129
-0.4495195631135076
-0.34508576504768546
-0.33168315945975446
-0.375120860559667
-0.5851429836537396
-0.4075608591885441
0.01588165358475836
-0.6660116303042402
-0.2725944001499444
-0.4540571894799913
-0.3201679034118133
-0.4186855890616634
-0.3258400506447649
-0.5572968598900686
0.05170100526285583
-0.6085418867212103
-0.3377547376053853
-0.4152276346681115
-0.6003256374796477
-0.42493701013792273
-0.5661157561111096
-0.6283814536702849
-0.44114346961895645
-0.674234648885149
-0.24031675046127043
-0.40598456998950305
-0.6190249336896352
-0.48892706938895975
-0.40779631780948766
-0.4715504917780194
-0.23806879349597318
-0.4796319126568838
-0.310095118559809
-0.5774605242401266
-0.6001049081857163
-0.16402507999685675
0.10715884852010508
-0.07715649304737218
-0.5524581177935335
-0.17316039439345318
-0.0904777302069008
-0.2356198627353719
-0.6344141886006585
-0.5691644653165051
-0.2532584625352622
0.01911295724532804
0.04815397809765243
-0.20170128226616213
-0.4415808845299201
-0.6411502035213646
-0.1332020532654249
-0.24693657986782241
-0.6015839864618331
-0.4080871213623421
-0.41597300390104863
-0.5527777747489694
-0.703014388326049
-0.34610792071182284
-0.21690548200501708
-0.5533291281521074
-0.344773333425341
-0.33872594095823955
-0.5159692986612159
-0.6807606617195585
-0.4882214627126484
0.018477424409900543
-0.5753424041785221
-0.35838887006041537
0.039351237374450586
-0.5535397373430996
-0.24405687425289624
-0.5813223860743526
-0.3615096146775844
-0.5657404347859497
-0.7240013957788801
-0.4469143555790135
-0.7370387847415859
-0.4898891986178187
-0.3626693942788448
-0.11000240702526834
-0.7002624183267286
-0.45878668099412273
-0.298545946968033
-0.43841482392750886
-0.4763649255495155
-0.4381593107536721
-0.317260913426813
-0.20564512900444915
-0.5757352101714593
-0.4434175242299918
-0.3958750315826476
0.22009013768126306
-0.19358213628414553
-0.35804875602869324
-0.2959022490219792
-0.48116045172886746
-0.2905144630565393
-0.38480604554695363
-0.5019503615783681
-0.4677041937703972
-0.5469366549666105
-0.48195352510730965
-0.29408645748861584
-0.5827555760819365
-0.5949170639317303
-0.6706524599164656
-0.5550099091678319
-0.6347702501255491
-0.3072943787994656
-0.4903052879028942
-0.4071685807141533
-0.5898037088231942
-0.6154006073388855
-0.6065168821102067
-0.5842404414526025
-0.6410530461861642
-0.3375470149138136
-0.727773192269011
-0.6342974079126876
-0.6634831777362467
-0.6518390491304669
-0.6323625332742093
-0.6797311625481619
0.011650655587495356
-0.24757720056388022
-0.3417927789141185
-0.5114918238260413
0.28350085170390593
-0.5245419930064571
-0.6169434348037175
-0.08120962300945485
-0.3994076702112699
-0.6574640212960652
-0.2355195033188245
-0.04893088689828244
-0.467318763326226
-0.5161123009769677
-0.43539518782325587
-0.04050830475162824
-0.3026549871149116
-0.5508356894839677
-0.46691978621092634
-0.3506731395676738
-0.3865391056228062
-0.5908968895748751
-0.5437114601512507
-0.4014743674715538
0.14960593473255945
-0.5020828396252798
-0.5029528007657097
-0.4585421672373119
-0.3189818941791424
-0.22402758954818355
-0.598047223312052
-0.4000892291886271
-0.14563750609889234
-0.4986629689561358
-0.35300541067904245
-0.642920331922304
-0.465423639384238
-0.6806719662287984
-0.5020157151888861
-0.46962740795827257
-0.31545423245290444
-0.5751082760436803
-0.6257691913904891
-0.5996261586918659
-0.6364651885377876
-0.23974061994003573
-0.6339764299987626
-0.4086034533654673
-0.48610197153594203
-0.1676017178709053
0.02180941942214647
-0.7774793750218882
-0.528366984813304
-0.453407889289981
-0.35766906897610196
-0.7047585451051122
-0.4626846447034853
-0.6222244981132394
-0.4933020902733187
-0.3974987429610829
-0.2831957096043077
-0.4151071977287293
-0.3967144837449115
0.1539797069180632
-0.5141847226745567
-0.32256089720831416
-0.6226276708501849
-0.6930573807714129
-0.6478437728946499
-0.46643104738986385
-0.09057418014879735
-0.36495302289027826
-0.5406369060287628
-0.217113756896293
-0.36935912519170566
-0.5502873784414851
-0.6131364560782858
-0.46222893824692024
-0.24006223400165533
-0.6038340625081868
-0.21144611850095382
-0.5201158766516298
-0.6817479819494999
-0.3455274475915426
-0.514193103792811
-0.3072388495566586
-0.19731765892520278
-0.16969290599436768
-0.09422207681512548
-0.5804135878811468
-0.4437882836193761
-0.3187178859137147
-0.3484134709526553
0.022441912481531556
-0.4633856434694492
-0.5732710311286274
-0.6201469349827221
-0.6837663412212477
-0.49885741540958634
-0.7285684067882501
-0.6491834375725695
-0.2778633518802103
-0.5328073524605987
-0.3817662245462586
-0.4756376441538764
-0.4156643106509793
-0.4730781788596999
-0.6114473813253936
0.10667848277373577
-0.5894564456282025
-0.5344802374234373
-0.6784382269300943
-0.5461571516845298
0.0552846330882319
-0.715677656647718
-0.5860519490008402
-0.24500966042000447
-0.657388104896999
-0.542880322586379
-0.26408047407997615
-0.6282413496857981
-0.22085250397864525
-0.3896760567655521
0.002406366993763825
-0.07016990506851115
-0.2100084929541463
-0.37717106828455865
-0.1245477789887654
-0.5122243816431412
-0.04634185014549531
-0.1510013950958832
-0.7050665559092314
-0.5740113170164983
-0.21494042239710268
-0.6299930399136291
-0.45149863333300094
-0.6408774237119449
3.697726012201886
-0.28003257265709997
-0.6873892049771235
-0.5817011637774435
-0.18362115686016026
-0.3094888176380251
-0.5719232155198376
-0.5024620677363996
-0.28849835117613803
-0.5239406785407225
-0.3113413832846818
-0.3222364551498027
-0.49085534375941764
-0.06481340322371525
-0.06982239467566523
-0.7464600913099807
-0.4983175796153919
-0.6806709221731834
-0.457312160548081
-0.7118605949039174
0.12688173813532463
-0.6577358593653959
-0.40405789574598827
-0.4792941513864243
-0.48034654800431503
-0.6483842972200832
-0.37003767325406955
-0.8073819675162055
-0.18741658859638818
-0.3770516358544786
-0.4766882079077201
-0.23472394716043804
-0.5998070916773838
-0.5245031595209279
-0.35525167958030185
-0.4168161335173194
-0.1862252344109239
0.22919823023605465
-0.48009335787812757
-0.3262031878225334
-0.6258709597146569
-0.5397810524228898
-0.5613409310021091
-0.616076666691601
-0.43127921066297387
-0.5272292392895408
-0.31999345252603467
-0.4646138312669228
-0.5934596527104702
-0.3285878590456121
-0.5630738074897573
-0.5168568622803156
-0.49537661716812575
-0.2978283262242462
0.04505712518747023
-0.7724504636551957
-0.18114700153269234
-0.21207209058380486
-0.2592952566081604
-0.47628930817610055
-0.2700292068453957
-0.3132376722190464
-0.274272486849574
-0.31199686640891905
-0.06397386529601017
-0.5745311791558831
-0.6651312775497706
-0.32282805135633275
-0.589985520992039
-0.5109918381101897
-0.14612416710916226
-0.4782248967254804
-0.6508196010861266
-0.6116558540175546
0.23058178625725353
-0.5099399118903851
-0.509564582234306
-0.49388030915208425
0.4318679484678908
-0.44251043972279686
-0.04389005818992207
-0.21025969473415093
0.22378093388158724
-0.42179166254536604
-0.6404820769192243
-0.06387731451795312
-0.5600640482528944
-0.5144049945963676
-0.5102357152939063
-0.4138762505802737
-0.040929576785886476
-0.4895621187472104
-0.476298546597297
-0.32021491210720837
-0.08745853114349504
-0.6033102696376907
-0.6929253108371646
-0.46293896557101155
-0.3244333559001965
-0.3378340140412696
-0.5580399495458049
-0.5968082351734145
-0.36646471366231875
-0.45491752011880443
-0.5491066104158371
-0.4906236361830202
-0.6502499994284421
-0.3540964537935723
-0.543647646615647
-0.5403085572841171
0.1320073952161945
-0.08370375361635257
0.16200573462211612
-0.20229001059987128
-0.6041942115514668
-0.6805145020236905
-0.4399130887536046
-0.7862052006778085
-0.5885388712727624
-0.47306325170519004
-0.7466683148304674
-0.2556705282495408
-0.5039530320251829
-0.36982935912400644
-0.4638403252465342
-0.547087622110171
-0.33177054536941564
-0.3609547726116084
-0.42395824429583373
-0.00825990398400308
-0.5841477478051995
-0.4345936006318035
-0.1758990770093701
-0.24667775316604834
-0.2985053334295861
-0.5528829337166521
-0.5672210532755282
-0.12627173083872006
-0.6786318864740739
-0.543671637682412
-0.6876922168136532
-0.33835485341488525
-0.7359491843793919
-0.16475538521572633
-0.21162501181631593
-0.4554440919649694
-0.6800838262025476
-0.5908196396262423
-0.6202895116644767
-0.6575867942557229
0.16990198900364423
-0.27361142977138125
-0.294024240770052
-0.16544815940115926
-0.4718442907044704
-0.14475471954927616
-0.6121130243634366
-0.34163367536559747
-0.4783382088774249
-0.24950660498496066
-0.37844985251586627
-0.5603811212054066
-0.30593486852262247
-0.3568633760913188
-0.593636906042763
0.4385343922642246
-0.3184369295304186
-0.2913414558723483
-0.4462477647579996
-0.40032792055009847
-0.5899595324767364
-0.5321280934795789
-0.4809736072178056
-0.30297135482529014
-0.4752518974287389
-0.46247091071424273
-0.1312759845793332
-0.44016798735376106
-0.43173354388906754
-0.270874611998006
-0.4034412411480392
-0.3898821069099558
-0.7559629408248656
-0.5419299639005889
-0.046978529524797294
-0.726684553026876
-0.6807184721993551
-0.47757754099085786
-0.5656442992681295
-0.3113277557402973
0.10910569773330275
-0.6777858085409
-0.7806396208812113
-0.0770813904276078
-0.17446003313822964
0.37267989929152756
-0.5563585320308432
-0.24559473972682566
-0.5287447009557642
0.03365186031736625
-0.38256602580224786
-0.47184998418453
-0.6557054105507429
-0.26857738650527985
-0.5694222194400211
-0.7243474982908769
-0.4838869142261618
-0.2018523466397254
-0.21660930697907935
-0.5806331883669321
-0.7194295914462758
-0.3831011193258626
-0.5957114441055563
-0.4096229612306507
-0.7574767253050609
-0.5637000052032746
-0.28409807561207895
-0.6309946714031972
-0.48450338193370523
-0.700570684331039
-0.5940648812875506
-0.2759530899728152
-0.51462905266595
-0.32668551402123464
-0.3515619452995997
-0.3989805011403284
-0.20060831434207074
0.3667494983588696
-0.36701369632214087
-0.5699331004677046
-0.5852032668772945
-0.5180346093468448
-0.45272005084207173
-0.6206595385481148
-0.32601318065377793
-0.3033559169676893
-0.469427116429345
-0.43939140419001027
-0.3430454371503232
-0.290841522982695
-0.6145088151223981
-0.41566359810448683
-0.5135435733435625
-0.633437466794177
0.7376477770660218
-0.6620030029785167
-0.3334277033850679
-0.7162504524068042
-0.5620658586915454
-0.47840699988734087
0.14782896576330545
-0.5555297891430591
-0.7052353530435561
-0.3112027318090981
-0.5352836732786742
-0.6363868197380195
-0.20871168493262335
-0.18810308253046493
-0.21653681271828892
-0.39600876348903097
-0.1427700181996792
-0.5284902618508984
-0.12038928819001068
-0.6098432754150743
-0.5684729769778656
-0.5723605348636032
-0.5870433758843601
-0.21476847500452337
-0.3963845948071108
-0.5506435528407564
-0.27299353994759307
-0.3058047709697693
-0.6456581627792561
-0.30721029780260495
-0.5745504476866695
-0.5514406102109022
-0.4601392386804324
-0.5062447382119882
-0.30295918315844717
-0.40463248955750736
-0.7942275825266351
-0.5975180515991297
-0.5816336567062093
-0.30489103594842376
-0.49922961733451204
-0.5053826524608572
-0.4771082398979802
-0.385190084511132
-0.3155007136764048
-0.37282761217016325
-0.49916539432151696
-0.17697722387319115
-0.5906457583511167
0.02986418928491922
-0.2201252117686277
-0.6241428533695007
-0.5711537268719782
-0.2786897529999338
-0.6505888181870295
-0.6031718926030812
-0.46176574030606
-0.25800947447891753
-0.3669514169962714
-0.6340449216150486
-0.12361058740963507
-0.3946310256226644
-0.551150779758403
-0.4534652115825518
-0.4475794282265145
-0.6217588550325
-0.511789665873223
-0.43612496702736503
-0.0074766007504498706
-0.33891396553489783
-0.8183133261853234
-0.6287731119179926
-0.6013710793232304
-0.3858324137883173
-0.275016637935573
-0.6554531086764351
-0.6287475356341635
-0.23554511369804776
-0.31945756624346033
-0.4606961544138328
-0.3299680180618914
-0.2560866097482315
-0.7575804322007471
-0.08069150544621653
-0.7270985355965732
-0.23908346336765252
-0.4050401585041499
-0.42133272380800946
-0.5025768276388624
-0.31918181926616607
-0.4483560254819323
-0.7728575212825894
-0.6640659378542416
-0.21881323864888616
-0.2985720473953526
-0.15546587955189986
-0.4092969048577047
-0.8574812095887449
-0.47758867691966145
-0.40682445442517456
-0.7131957622721393
-0.29972530978614276
-0.22066438127356316
-0.6465854795559954
-0.49492787160557855
0.06703439082579084
-0.02245953854990334
-0.7827467373166392
-0.3632016795925995
-0.2477287021351806
-0.6751425527471712
-0.44195793777209097
-0.24236913774238955
-0.4638540782474453
-0.44224176274506866
-0.6614168643181416
-0.0009042364507056947
-0.4818888981318823
-0.2595299557979201
-0.2005191094046516
-0.5529357577112977
-0.7151819140522014
-0.5122726996563914
-0.37702150871926127
-0.6203553612043076
-0.6004635462271598
-0.5439274498421919
-0.36931599725790276
-0.4762064999166843
-0.24899560624755487
-0.4211163514181395
-0.57542003440394
-0.49729844781383814
-0.7049236778644874
-0.7726218201696907
-0.324813028539724
-0.29503984746935147
-0.5011806261055394
-0.3639702871567102
-0.20712578050463265
-0.5666872991694969
-0.287440250667434
-0.24148572395611248
-0.6323066413211358
-0.4674191279425202
-0.25472396948891396
-0.4518431354671803
-0.6989193636673472
-0.7323530956148759
-0.5252304556704033
-0.7933106540370384
-0.4159991502443047
-0.5390882049251807
0.37007092519997276
-0.6000341521082359
-0.39595341251579647
-0.5753778583550038
-0.25349415510469675
-0.23372163458557443
-0.5279791801557717
0.01881133441439962
-0.4652320520060198
0.4659852400017084
-0.19558653585086885
-0.46754238600898457
-0.6954141492679111
-0.49739585620559124
-0.5134639762387258
0.08401589520007269
-0.37003799616864563
-0.43291218457302194
-0.5285026858893164
-0.34380974468300196
-0.3302684548141139
-0.6960499500880042
-0.47742394103598573
-0.21000093929586958
-0.7024115508134936
-0.6613811108935448
-0.3773858544723273
-0.4264259569719741
-0.5117290903261652
-0.40910185083872697
-0.5018299417519587
-0.7028186822309351
-0.46111266784476246
-0.37190153710083024
-0.23502410667849483
-0.34288558968119326
-0.662279927741538
-0.36844051809204137
-0.5373973927478184
-0.5692195626892947
-0.3632471492744956
-0.3401263410965529
-0.5461498735384086
-0.4106011457526008
-0.6862520676618193
-0.38102338611518244
-0.6423831817535508
-0.40313502727656203
-0.3928139128860867
-0.3856058205804548
-0.5439122142046666
-0.7432189993674903
-0.43223124548976044
-0.3107131536710903
-0.48845454645346476
-0.7471479660112295
-0.3480480561659336
-0.3088447241424286
-0.375827136974245
-0.22300557753880287
-0.42488798643299597
-0.2650835130873208
-0.7598959789720934
-0.44773293697264505
-0.7021020878081287
-0.5998668902547567
-0.05871571584836925
-0.49037746114561515
-0.5289910498367032
-0.29442677510796694
-0.4412286861537514
-0.007317358763650487
-0.44223497104604564
-0.4510428463026987
-0.5465700656003192
-0.6594679501959879
-0.2984642795452656
-0.6577256975012377
-0.4489187523168105
-0.6177505557311374
-0.19082266856213792
-0.5073334183020717
-0.6876318205503585
-0.5118144483529433
-0.460255053247644
-0.302613256495264
-0.6701470211858382
-0.25971821746656315
0.1812510030492697
-0.30168718162013913
-0.5526850201071164
-0.3087135990576475
-0.7183484467653658
0.20633276835760866
-0.5525896277485651
-0.5356002964353939
-0.505270089329883
-0.5397061043732072
-0.606346079581085
-0.2049257129836054
-0.487021266801694
