-0.3847966454269605
-0.41791629961005866
-0.3639458354097571
-0.5206519950798737
-0.22827483468813584
-0.4303417391521626
-0.2847072814176168
-0.39819217034729026
-0.48669960996847694
-0.11015284981816012
-0.44433056344770966
-0.7285275864420651
-0.2936927933105131
-0.5394803174557449
-0.4606033133983536
-0.5718087634255299
-0.16387123762474842
-0.5451745064589468
-0.3268809084704413
-0.5460599226335024
0.06251632564214196
-0.22640392595737835
-0.3196167913167382
-0.6871321110462772
-0.5438521156912995
-0.3980423000471907
-0.5476742387336739
-0.3249504858126568
-0.43156027237456634
-0.5676184091219033
-0.05475509086968176
-0.34456016823646096
-0.23118957197494108
-0.6516871058687573
-0.6936939627979889
-0.2529837555924243
-0.5583391568865229
-0.550834633415784
-0.38603045658646634
-0.33630581566952683
-0.37833020945538576
-0.6454359050880248
0.004151192499447212
-0.701616196631321
-0.3774792808997456
-0.5766905754920227
-0.4121075369250927
-0.26583701556213535
0.17161529729266617
-0.3478866567921179
-0.5053684911455951
-0.6066950501585604
-0.6339523697995509
-0.05996222089475127
-0.451667169274448
-0.4082820083062405
-0.030087143168015126
-0.7143245353123117
-0.1805454996363225
-0.5887622909490674
-0.44658396593223476
-0.2228948832596769
-0.5338450936532683
-0.5358952360911019
-0.05165491078020461
-0.4289964360187754
-0.03514554646238329
-0.3437663252408382
-0.5044124299799086
-0.5419259554519061
0.08074264720679943
6.185519653390405
-0.4875883260878801
-0.3846052896850002
-0.02998347437814751
-0.060532341860980485
-0.18302019415262447
-0.6082284159967791
-0.6355750056255188
-0.11360393551547159
-0.4375533799533799
-0.5431763281781165
-0.611586178785846
-0.3339455715877522
-0.4537823106213158
-0.4623070144780468
-0.31618488013873647
-0.38018685849635925
-0.4144158916467788
-0.40478973493445436
-0.13628701008915592
-0.6934998934340916
-0.4885177675618715
-0.5650817463966252
-0.45361900678530387
-0.4449021194661033
-0.15034251618926975
-0.5180244190585638
-0.5338437089494539
-0.4878664493872629
-0.4933169797255714
-0.6285561234346734
-0.4893819727235938
-0.47205968957795386
-0.6267712429496658
-0.41895699423052385
-0.2865918928816233
-0.2407552110571995
-0.3076380340721756
-0.38407614288257785
-0.5522843007022534
-0.7356496416332986
-0.4285052821406378
-0.537453294284454
-0.10491477831631285
-0.5676386108100921
-0.1154528802236415
-0.09012419913330155
0.3134049489137331
-0.5082123549627242
-0.3948942320129215
-0.5367342602621175
-0.5478496080940068
-0.4402981616166883
-0.5859248753440701
-0.589813636893509
-0.42784386429380405
-0.37917542593580367
-0.4464064793756025
-0.5367035372064944
-0.32874405398128276
-0.5157122341284341
-0.5656300916120366
-0.36116556599728
-0.4087822520340482
-0.5607343673676809
-0.17440414998869916
-0.5520533553042237
-0.5196017310257283
-0.08135279581443013
-0.2892951989661969
-0.4523223734650529
-0.5243047459377651
-0.04244531078075835
-0.45723999415321814
-0.61814840780783
-0.41158313444709627
-0.42551396027910704
-0.5685890156783309
-0.18388385068988883
-0.5031871087823969
-0.1145645642910106
-0.5285119313759584
-0.5662018227128472
-0.695172087243648
-0.4390273411022371
-0.44885593337575747
-0.22347860907585576
-0.5519906746129473
-0.08322694479831602
-0.2316359670836502
-0.7244880477415435
-0.5307675125164381
-0.4496964269966285
-0.7576471363214272
-0.4820276007764433
-0.15013983539545503
-0.4486153601849991
-0.4759357443265065
-0.4589540072017695
-0.23009846973860298
-0.5986893115355879
-0.45009256128320074
-0.18988642376364331
-0.6114608193859948
-0.5187657460384734
-0.12488464188271751
-0.2677226012304546
0.0667314792992378
-0.29309969645385375
-0.15191949958093998
-0.43717852324242057
-0.18701394785737713
-0.6898434899897959
-0.6754397808433616
-0.3168582075090716
-0.3414476009694158
-0.29394956601996364
-0.34622877817979403
-0.35470329197714967
-0.3957408628720711
-0.5417165767003026
-0.3107758801365557
-0.31145107650136733
-0.3666394346312174
-0.3828866355737257
-0.43754518225006794
-0.18350704512834806
-0.31683782587278725
-0.501866886780894
-0.4431695842087541
-0.39748796137519227
-0.660119859212988
-0.26163821693988326
-0.48092907390839074
-0.6170182967569512
0.6183375075205328
-0.48308768333850255
-0.6218298920844952
-0.1375617745898167
-0.3568374689425963
-0.5163861002010252
-0.29961585212026687
-0.3380531574114749
-0.2535188358576738
-0.4929110879963016
-0.42794150069817005
-0.5813886148170392
-0.27026079685733473
-0.40815483183519574
-0.35457645821106637
-0.24953382329908308
-0.2293648353091171
-0.10244073869637556
-0.328611613866308
-0.5242926856396068
-0.09377575533490456
-0.46402434292604594
-0.5509585589721281
-0.3896835006439974
-0.5856006455334967
-0.4954433105205919
0.04353164575034632
-0.1791488159331638
-0.5926060564276291
-0.3734239528505971
-0.2626469092493461
-0.5596725420761548
-0.01963981354087525
-0.032103180841586636
-0.33692397634852617
-0.33144062749470965
-0.8263640928508017
-0.28646580583452896
-0.48640142356488897
-0.3203615223858975
-0.48624492870502567
-0.5431189077695507
-0.6717531417047283
-0.31279774568761587
-0.4031936573767855
-0.11251169411676129
-0.6852751891321472
-0.5075171069488595
-0.2140767845336617
-0.35273575790136275
-0.581661750044106
-0.4581150099908893
-0.5252442096473141
-0.5020575468188019
-0.3719641223326988
-0.31032282387465066
-0.4767158507959367
-0.48288304991453984
-0.28462764954309844
-0.59294068311801
-0.21099959868472148
-0.058644008511382434
0.04583262773068236
-0.2754632620038668
-0.4002030282462153
-0.2616770949823936
-0.49803601042077145
-0.44466194576158397
-0.2291646928345716
0.09968916809841696
-0.14956556503198284
-0.48993325571255397
-0.26813495525074005
0.05927974103048284
-0.08574623696849018
-0.4287226430679072
-0.4965315564037547
-0.40525603127218274
-0.5756906173473161
-0.27046564104284804
-0.3358094651473155
-0.5466619345514254
0.21142362929847866
-0.41673077851816825
-0.39535755910484877
-0.1417526269135001
-0.5480660160090197
-0.39843785804542386
-0.11463244997681635
-0.5857110765156002
-0.3160142761254983
-0.24003963932622938
-0.45105849112615815
-0.39077393271350075
-0.4489429514648946
-0.1538181700302197
-0.45788228504804995
-0.6144562516261337
-0.3489957864017182
-0.7474002543716627
-0.20924722150831504
-0.3241842731657995
-0.38023801249824135
-0.5113924246767433
-0.6485915950243014
0.2044394118968836
-0.4809047495245002
-0.06623461537697166
-0.18131363368538436
-0.528081489301027
-0.6617671480634925
0.2150411709317565
-0.5627280860318868
-0.6277104990720319
-0.38651705786265883
-0.5657526031383363
-0.5031401688251278
-0.3180779223901168
-0.2834068369158811
-0.5546887397178379
-0.5985585879430712
-0.08986235791301252
-0.7329026968640326
0.11741315682914243
-0.1950889003841641
-0.29185813866929416
-0.6050209014686094
-0.4480171661943575
-0.2697578304094618
-0.6580646988438038
-0.44010412403202304
-0.5386712883039141
-0.575300951700666
-0.2559913273291767
-0.4811438147175407
-0.47413855473194727
-0.26061845039145004
-0.30393623431400796
-0.07568389691690876
-0.5848157576242535
-0.6387015007635867
-0.2812227513291718
-0.49327262014437745
-0.3281018911531058
-0.5031250379252176
-0.20110695258878172
-0.08582252107207124
-0.2969680894474822
-0.5357580706465653
-0.34463243960826395
-0.23161820003235203
-0.35794244447890095
-0.3608153260482568
-0.5841353279198435
-0.5347947635603355
-0.36894362333103986
-0.4984694349723431
-0.49890900699841756
-0.3118357847166232
-0.5775892652652473
-0.6810098025237492
-0.39680617347844305
-0.3821459636914616
-0.46484317257313035
-0.34053782088337936
-0.4117682560358897
-0.42219871706299855
-0.3917815704572375
0.008572700957470484
-0.4232645500486238
-0.5679128517344023
0.06189519113866685
-0.5528762758804734
-0.5621008693520694
-0.21892213929606158
-0.23028159798410783
-0.4213314813733282
-0.03170580202810192
-0.38087292210843166
-0.7033684752550268
-0.26041828089778146
-0.49445691252138285
-0.06083627445115737
-0.07866949215432432
-0.31132136465671517
0.006209880277983859
-0.4336124162250428
0.11427907838876586
-0.49612062850251826
-0.6431020675119081
-0.6438469557640543
-0.5068330908355898
-0.7040198609078802
-0.46468956931829025
-0.6739141059590881
2.272727272727273
-0.2738903926850749
-0.48393261130151444
-0.2477338932965737
-0.4759140044821374
-0.6637612702507673
-0.4128915341750821
-0.26313586729064414
0.003384109384375675
-0.31981839041179483
-0.38692239393468436
-0.3685879745949107
-0.4219944240085654
-0.5827991582378846
0.4384310042201984
-0.6382885068003378
-0.5798143106390321
-0.6815800413377261
-0.5920886575169585
-0.7303992819837904
0.09852136650104767
-0.4704033546871372
-0.27460018147148924
-0.43050312774461824
-0.5121930842831012
-0.4390590472081689
-0.48928041224783747
-0.6140165500394983
0.4010456225934988
-0.45842674677021517
-0.5229254395108054
-0.09387490120808391
0.31848245452875246
-0.3863769125281726
-0.3144919458899504
-0.7014097451513827
0.036296207441172415
0.012974244127379238
-0.5235167461867908
-0.5653544976006679
-0.4912731219067106
-0.013139023037820283
-0.36836554694374163
-0.6662000382564055
-0.5269237426931732
-0.42797018123651287
-0.34408767880099983
-0.33292391124735377
-0.5407153364315544
-0.44949282836302656
-0.10411340737283585
-0.6089815222421635
-0.6461872180226479
-0.20678987565788232
-0.011583902441792073
-0.41979910921933034
-0.28460814756248926
-0.645703877614958
-0.46460507732018796
-0.6104683527365181
-0.022469733495814204
-0.44353110565621306
-0.3476736013576438
-0.537306417333401
-0.0492388507168039
-0.15741087546079485
-0.4618142673689658
-0.6888719724114426
-0.779051347506281
-0.29035285994920396
-0.3150211541426149
-0.49072592848804536
-0.26076450273250174
-0.6090448523742397
-0.49398085694096483
-0.3545904520949937
-0.3837113987744999
-0.479030872974533
-0.2366881752429518
-0.6003378623238906
0.20489134671380557
-0.2873971750652993
-0.4014379051991625
-0.2438617982059028
-0.5513060423524698
0.21835105824855608
-0.38778989885613074
-0.5469565249319803
-0.16688437504009854
-0.61269889333317
-0.33061393360969177
-0.5326038971016861
-0.39908532302887256
-0.2176277459510497
-0.5603431260024534
-0.48994641254091575
-0.5271778456271012
-0.4468921784234968
-0.2999611500248345
-0.503452924374683
-0.3238601444044427
-0.44175383397741874
-0.1631986187998448
-0.24886054918161615
-0.6628831447636799
-0.37382565242771976
-0.6217841294372899
-0.3867502549189924
-0.53253995003767
-0.29190082345676144
-0.2573857632137747
0.22794052118948918
0.05429006122959236
-0.30976362443575645
-0.5322712588373367
-0.35270829603950454
-0.3760580209334614
-0.6361754915403112
-0.4430011294077359
0.40477210683612136
-0.5436384774975528
-0.3816068683687625
-0.21250176976747578
-0.21374993052081595
-0.5680859801134586
-0.6255095448719403
-0.2863226789796925
-0.5267735126521553
-0.41674705480911034
0.025377298048938766
-0.23494993941712894
-0.3172396315265245
-0.5200665741839737
-0.5917564919981956
-0.5370589994534224
-0.3872409470289812
-0.06702384382943723
-0.3467358573894889
-0.19799648986539978
-0.3511090625276745
-0.381066573158332
-0.22389891347991336
-0.5329084811555064
-0.6131462485744794
-0.42777787569075376
-0.48632429684634537
-0.4410727104791032
-0.27230277344040454
-0.6315027034013313
-0.6415066033337488
-0.3798523736809496
-0.03257593728247389
-0.3725727025410337
0.0234029105919609
-0.5289494787489977
0.29377021926125413
-0.10571380594736533
-0.6184759572656479
-0.5290130909235407
-0.20161298833793595
0.11727531459123777
-0.3956038662635065
-0.4490471217936016
-0.43186906185648355
-0.671440658072341
-0.2678063344142409
-0.34127513302865137
-0.1953779866823345
-0.569164195069772
-0.2904954778499647
-0.46609173725566494
-0.47415059723939185
-0.46026377464270946
-0.5101010936646867
-0.7276595591057927
-0.5543593618767312
-0.34489190414997356
-0.5648439948902724
-0.3322133993219346
-0.5413624437807277
-0.39320684160525654
-0.5430872504649473
-0.5473544530783024
-0.6116858818653137
-0.33601579224371175
-0.3795170682743505
-0.6122962818604474
-0.588320952072765
-0.5698826972489377
-0.3965804112812267
-0.214903147723429
-0.4173261472271242
-0.30517831180373467
-0.025818642157028046
0.04228359657636982
0.12231161075004389
-0.6021493629400033
-0.004938334550314726
-0.5214744897168851
-0.3562655474076694
-0.6375640572586199
-0.5079244628823085
-0.2125539309008572
-0.30915405178698824
-0.36533864385957365
-0.5606205235347863
-0.32368801085281107
-0.16832892199019756
-0.5107520541900127
0.1832542430849472
-0.49217371096121215
-0.34679973451475127
-0.5233125580161782
-0.48598030982973517
-0.37564264854073864
-0.5823233921881504
-0.42064995646701064
-0.50344971970194
-0.4096077549790265
-0.4225794931762959
-0.5572247851488817
-0.020126582056616545
-0.42157249561230453
-0.5013591318970162
-0.06937953659588962
-0.3168980048029725
-0.1357517421773519
-0.4009503180699013
-0.2443013892886477
-0.5228725356698833
-0.5465015168499807
-0.3596018642380263
-0.41691769939625034
-0.537328081035453
-0.14618045672497973
0.05331222013217248
-0.5624692346934209
-0.18846247050202802
-0.6012774429541073
-0.2481175415024618
-0.46047883252187677
-0.6063159053681488
-0.7063182494777703
-0.7218499628094783
0.052163687817846534
-0.5445979584871418
-0.26011696252382144
-0.7033442991340798
-0.6145325725062406
-0.21664976779701334
-0.34946849843302674
-0.48151920926522424
-0.4202642580125246
-0.41530718170779524
-0.7201807122149383
-0.2944852166423865
-0.4192179289834368
-0.153683261660294
-0.43998002546461235
-0.6467546669147701
-0.24459944300875625
-0.54853992771147
-0.4967133666557214
-0.6001562564009527
-0.169705899290276
-0.40637622997895717
-0.16249196036322816
-0.4246661105177789
-0.32566694498261195
-0.4756565998666974
-0.2766502764399935
-0.5082033979464505
-0.28371072079678766
0.03162303949734988
-0.6523878205345646
-0.5000657982947069
-0.10766210661922573
-0.3984473307069915
-0.030894013496257394
0.07612779909257655
-0.40386442788398524
-0.4339201745396282
-0.3328690571613658
0.24132184594067663
-0.628754938928681
0.007683980136970226
-0.46470474112945775
-0.09716864518028438
-0.32274896326889135
-0.4474040863821486
-0.03599800643951673
-0.3756440136834233
-0.5036203802991857
0.0021606250126501355
-0.19089314988424083
-0.2861132771453213
-0.5033532434999962
-0.34814566974414735
-0.7732558615663055
-0.7297897285966587
-0.36367439331049584
-0.24092029103740845
0.12773808860620908
-0.36314529280251234
-0.05451927812788088
-0.36416322478301866
-0.06800915282254137
-0.3404608795055081
-0.48599260133157735
-0.21794536608145595
-0.5243184545922158
-0.30075785193286325
0.1432736166196279
-0.5092712317791065
-0.3667417866350241
-0.4584180947508048
-0.3399672073995795
-0.5349062758079851
-0.39371767751968545
-0.4402593019206557
-0.6667291556366768
-0.12284195542828141
-0.4826623454168097
-0.7867786915148697
-0.3026692064870803
0.10238945418941442
-0.29991805834776436
-0.5720090845337743
-0.72581129333758
-0.5149164918358358
-0.6365369420110937
-0.2543931786165929
-0.46994070525648207
-0.40452712132133056
-0.049120658026241305
-0.583744686916334
-0.4240019386329392
-0.46228078461005634
-0.30234971598605875
-0.5982037945033952
-0.5765574409420514
-0.43756228668063335
-0.6107303784573795
-0.4075707780284117
-0.5848958472897884
-0.2269141714626039
0.173394922291332
-0.3620521421161753
-0.29120755701150713
-0.19462647240200084
-0.16558716494014494
-0.15750673835861395
-0.459442452345356
-0.24507368997721435
-0.38854457568067235
0.37121373124256435
-0.3279506852863681
-0.3700961367247129
-0.40308700280364024
-0.47197156506373
-0.5189937162692883
-0.1283476626916358
0.06056589602307515
-0.2157241603777748
-0.40923159252558894
-0.6246427629844451
-0.6962934376835335
-0.2934070063074695
-0.3202146240936907
-0.40575073183407406
-0.384316204432997
-0.3966584371027354
-0.1878177926685443
0.02385529206416081
-0.22700192712184553
-0.3439769540730966
-0.31914935809216355
-0.5658681381250629
-0.5677243011300238
0.235871688348307
-0.5691227162546285
-0.19411956849707554
0.4061453751920881
-0.34321345127762704
-0.5005764541877702
-0.045393506306651864
-0.1069463086691564
-0.5050765316225101
-0.38192515267250843
-0.3102443680632571
-0.49025437491808604
-0.43395747913489424
-0.3098713939919342
-0.5225995050225651
-0.45845236634293485
-0.11632905539657346
-0.6111215138269928
0.26782080623597915
-0.5426769998686457
-0.3813261432118883
-0.5730414240193386
-0.2515466313416533
-0.6503539863811034
-0.405724199925823
-0.3746148457333981
-0.605040109588745
-0.14819568799440713
-0.49757346791479234
-0.4015800413803207
-0.5190274579127165
-0.48885506757223035
-0.5264322773523652
-0.11677700875498112
-0.500717902885703
-0.40496617134751384
-0.3295998127705063
-0.3316326075515793
-0.04029537010463614
-0.6281606729324615
-0.38112727522152035
0.19797154787420274
-0.4518406454866363
-0.3422988055609947
-0.5719448210514644
-0.4805867164042327
-0.11282587567416047
-0.3122842161079361
-0.5401668386224904
-0.43132560615542515
-0.6958625785836635
-0.4067920939072265
-0.4216771126337112
-0.42050062281616957
-0.26322519163573005
-0.2723091147836492
-0.30863652285152976
-0.24595979604094517
-0.1988177081462906
-0.4010620462620152
-0.392071983791729
0.023257037515202156
-0.4738955501008628
-0.48339023832318073
-0.6403003860149877
-0.17305687080246643
-0.25031203689388476
-0.13371531528780342
-0.5141962245468842
-0.5324771045203854
-0.5826610497105081
-0.3303520067352378
-0.6690050997049082
-0.297138704915176
-0.07181585420954864
-0.388065736272336
-0.6158317729253213
-0.203225375048184
-0.5857256113023174
-0.3856184504063583
-0.4637883787260221
-0.2655466474491787
-0.31311410058844186
-0.4856838995032762
-0.089896296828709
-0.43580667403349355
-0.491900974794944
-0.3503643325132999
-0.09425810736123909
-0.13509088151906215
-0.43328160619802986
-0.5717088010554162
-0.5136085456444439
-0.45539543463223425
-0.39324327782433743
-0.42654823628352867
-0.5779510439704615
-0.3213511991256614
0.06221121106445639
-0.4803649245156538
-0.7364507084191461
-0.5044447139960838
-0.48617714070432894
-0.5009689695590672
-0.5493280250248826
-0.5630326387430203
-0.2251176911143209
-0.43779967686717647
-0.37399783433777767
-0.3777711966911183
-0.64542726146272
0.0493076116999205
-0.44357577153209726
-0.23079886976624706
-0.4715004034465549
-0.5481002465905088
-0.39342185911221494
-0.10656449969985912
-0.5077909224820476
