0.411187751804847
0.3655495112495533
0.4552266607290883
0.39539686836306603
0.31646463241149253
0.23028224661943478
0.2792494782333041
0.4511084050657875
0.2919449368321435
0.6955575952543219
0.3234373467085689
0.32744648643245006
0.41755183769635956
0.4664247853435531
0.2799253271894751
0.5029214456190996
0.30104771627712773
0.29399798412204586
0.29101511813456016
0.38883824690015406
0.26740505608404336
0.28686585609013904
0.3064805571201461
0.40273250625676277
0.29460107883875625
0.23239985004057387
0.31343443126304193
0.3524856534743709
0.49918498060835675
0.281207234716715
0.3380286322450064
0.32193790466616806
0.3436867370445304
0.3490761786833955
0.41876648262087085
0.26044697185599774
0.3270218974402021
0.25465127649749164
0.3829791111246133
0.2806168564091183
0.30017973817147314
0.35544286219198945
0.30387337873820375
0.3502585560710594
0.3153030046666858
0.47362238825375474
0.332754510352717
0.33286308725982744
0.33019267530656665
0.3502257078403439
0.4045561011206109
0.4972625071680349
0.3528003558125365
0.35060271551190186
0.2879423602510913
0.30211665447966246
0.351483156797207
0.3583939595998888
0.32324107015614506
0.2760814955388425
0.32388982425414703
0.41886801543665025
0.4359545268837542
0.36642119592555406
0.3389107610700734
0.3037491465222325
0.376619710964899
0.36331204315070087
0.36409428085275397
0.244532626269459
0.2733177082297768
0.23134280657434325
0.3218465348116777
0.26188442199040324
0.3551495075141267
0.23873496062956032
0.25327586660703094
0.44065304730726357
0.3933953527585225
0.32109914146884433
0.2895481733238271
0.5615999178250585
0.32990748321969715
0.43175406127100724
0.3986850521843993
0.21100949477415354
0.3751885344442106
0.29436098074595146
0.2922405502808315
0.5336448183826447
0.36054426133650563
0.38643243806422906
0.31806539775333736
0.47438411540693237
0.2847809772800105
0.3082911729215249
0.29324777100825977
0.3583308139257113
0.3546613699319941
0.3993728850426101
0.3198825501793947
0.28573910111371836
0.3661936188946794
0.32692204056075225
0.2843224374049916
0.2770142901328951
0.2976615222575722
0.3076482276000002
0.33934773041709115
0.33359291178969874
0.35043764560024776
0.3703051145575441
0.3255429929199283
0.35579567651203287
0.257475204034333
0.294091573020145
0.30414320286499613
0.2571064199843847
0.37625562552363073
0.28204801480752534
0.39909514329617723
0.31432947932053584
0.28881862047281825
0.42707365436913797
0.3724296474328428
0.39953406867516233
0.26558407433179343
0.2728400498873866
0.30730944830460966
0.6024588321608421
0.34572363851179433
0.2591872075314484
0.3512325716970274
0.3472420638673558
0.2765363027908634
0.43647714340183374
0.2168310479950283
0.2709528247732968
0.26680422418117694
0.2322152341356154
0.3367460268361489
0.37130636529469857
0.4638397877065738
0.3477280710471869
0.2925083054050506
0.4306509933275252
0.2954637509807529
0.3374899575890706
0.24784060476193465
0.34477028647507246
0.3191011091251514
0.3690078915413274
0.43334185278594034
0.3069344207104526
0.30242160360703607
0.3143389787370258
0.4595013157278494
0.305924618234888
0.39679449148032736
0.31940853437157346
0.29146401735449184
0.31883148574304065
0.4573307399477898
0.2525498055888241
0.3496016398795328
0.37203374169793985
0.32267048601172843
0.46112406378460663
0.3879068981196658
0.24541937422807206
0.34890537392240595
0.27358119878090875
0.44420152837195115
0.3136906488633916
0.4491234988802363
0.32376841759798947
0.4141366223327024
0.2187554371675101
0.2683239869829117
0.29425916697793697
0.27487704090730886
0.318652919794327
0.29654626730677497
0.4745642472549297
0.3739609642326338
0.26810338912481074
0.33647285590230486
0.22998778584093402
0.342924683121736
0.3956627157837878
0.41439582869730407
0.38965068797612756
0.3691997132557179
0.38825733767862197
0.42516869867161927
0.5499935419768471
0.29432322902074615
0.3687803940459999
0.30505491612488417
0.36385321581506724
0.2489869134024223
0.32019541336043705
0.2558643408445411
0.31564318142778247
0.5086906210369054
0.36807975034563667
0.2787683418338303
0.4165835155815789
0.3324829886298896
0.35566172933259216
0.38180838984451126
0.37289640700976995
0.3400689323695773
0.42663892568922657
0.38168533509351715
0.3512709849723418
0.4056128817224178
0.35486884728862395
0.29470608822780414
0.3015471890615257
0.27509323705876787
0.7139372112604455
0.37457727168169996
0.43178794041542407
0.351507454224983
0.3163130988657286
0.3992546717241495
0.427868341895395
0.37265791557771216
0.5871534202589994
0.38850371988087157
0.3913776438213174
0.26780564532993534
0.3006996680402676
0.31531296218296034
0.4269513760523249
0.3049559518515739
0.3023613773815675
0.4098430531923537
0.3891791832065654
0.2955681417497688
0.26433381545729323
0.4303600165974205
0.37372873003048385
0.30513408142822956
0.40138515669907354
0.553019160009181
0.30970119533227114
0.3112335652004414
0.30194483041890957
0.3826303113129547
0.32843086934739235
0.3512989127383509
0.43601245847668074
0.23872247710660188
0.44323784850392195
0.43775453599412917
0.407124816799784
0.44206183311338576
0.48039735889640317
0.33192073201914596
0.3686365791782314
0.35913423566829683
0.25876393733034436
0.2883246586718477
0.42246287526610393
0.24964088425951664
0.25111411556988095
0.2843381970449127
0.298682122851736
0.34362628345264895
0.42040413554771217
0.33251161162553605
1.0881288371349134
0.4529039419448693
0.31481021239954365
0.4030862990480623
0.2718419172305456
0.47213521439943906
0.24230684646855122
0.41605342375650783
0.3030037847977183
0.3017348484991441
0.3554935343325565
0.2949813948377594
0.3577164607223081
0.3081314684348804
0.41683670512095444
0.3671331274157253
0.26177418350347365
0.37874229600221976
0.3125152120848687
0.24645976482171703
0.30276854863863095
0.5431941159829045
0.25066691387537204
0.28530772230674356
0.28371286945026747
0.3745292968505739
0.35800422344311383
0.43143830518444887
0.42931400038132844
0.3151912446047882
0.31461007880938274
0.2985916647392104
0.40168697246541796
0.4527662858547467
0.2881012198375253
0.313540772213488
0.27424247787375206
0.2740664515205465
0.28165684138080793
0.39865840625334403
0.26469374682559255
0.36662031929714584
0.3452583193057122
0.33176440589166883
0.37462808494088634
0.2350863740703768
0.35619522405886217
0.3101013863649605
0.2610751670290077
0.4219797365233959
0.49247066625314084
0.35652325711026195
0.3058389305620643
0.4112361612484173
0.2896974085863947
0.38455804465861226
0.37701003518752785
0.3850272973991409
0.4501659111052608
0.46137279510676243
0.41125528007590867
0.2735792872543438
0.2982527070056123
0.327521729624889
0.2811339606984264
0.3307837513890648
0.3714124003320347
0.2788256692432751
0.28819153616689197
0.3019796513756431
0.2983559568535936
0.35286282661544144
0.35096636727717406
0.5084678815572844
0.27722682038975394
0.3029847090569836
0.2555973700879018
0.34457146786448123
0.32282045867026943
0.2506085617832921
0.3666540876428313
0.30380778159887756
0.3116979123247686
0.29621100399736283
0.29129671641686716
0.250661218843722
0.565982378693751
0.2639758277993725
0.36840982612308965
0.47271072028471633
0.30310957830693797
0.42368746568973464
0.2493787016387558
0.37337314627074825
0.3568006001723232
0.2799058107711252
0.43887160788408297
0.33995061347814826
0.4121029948716824
0.2702568291139601
0.3960324098230225
0.3967375972474466
0.3221509663100997
0.46100204735142347
0.3301326305502595
0.33984651628385804
0.33882093474043806
0.6093618005333967
0.48663683840552113
0.2821605882499042
0.42960947005167555
0.4891076198596399
0.33619858622830606
0.3805066094315924
0.4864829566161015
0.35175263860601086
0.41401721257484925
0.32812587634632145
0.3816166855395527
0.29206115837040186
0.32387143066286694
0.26461416025933326
0.4570743730612398
0.34176922812434357
0.303489551526251
0.30993946788200577
0.3532073385170667
0.41317879615104053
0.5270468697756729
0.44425621413254784
0.2847084257115988
0.23440888164002666
0.329274755049657
0.3578124677082064
0.31969456163635346
0.43009008856852204
0.26081802254049047
0.3454158808568007
0.33128113263148845
0.2984053304128861
0.32590550944504165
0.2472552299971928
0.2938897938192288
0.6778351364650513
0.33309202170059754
0.3617208724456434
0.4150025657839891
0.3447521192040561
0.28078032974978967
0.34033760490380244
0.2753752511741408
0.39602675915066315
0.3160397254187257
0.3363793479080119
0.30808080469407195
0.5772327969421979
0.27775174394186697
0.22499973755438532
0.39968130361167314
0.3546474437580066
0.5943564464965527
0.49697372359469283
0.4611873185789864
0.3632627730431923
0.4734409914328304
0.3676852867756349
0.2941972699794652
0.400511051916591
0.4392327815678
0.5406007304433958
0.3779832711696588
0.26708876962878847
0.3226153753556665
0.3254876317344303
0.3891472951987467
0.333468681925223
0.29833042689759354
0.3523433755766845
0.3715278524109472
0.40815121690097633
0.34038586784632957
0.2939693991087326
0.37819939157685306
0.5978550532416641
0.48405482373210623
0.2944537066543851
0.300967843713951
0.35192904417153603
0.32789268626910417
0.37705814939705534
0.28154189684551945
0.3022983701409903
0.32821421899409614
0.30089874712640935
0.32453835792737523
0.28043904227229166
0.336729206272412
0.446265517911346
0.2961745589463542
0.34303760030327163
0.4388597971144773
0.4266973166290541
0.4084358852000408
0.27862501063732575
0.4177872371029796
0.28303963519731357
0.23555114103165833
0.27152240966513497
0.3660096550755426
0.2820992673228857
0.22790067951789453
0.32666312584204765
0.2661788860348652
0.2550099229148314
0.34735646582971236
0.34104669232826046
0.3314603186218618
0.2958469038573636
0.3231520829609737
0.26058117360497934
0.31586004812322205
0.40330714702939857
0.4010971251989628
1.157593925874589
0.31185942868546507
0.34667291794189065
0.4217001027773145
0.3231165242328225
0.4516039237574905
0.371676903589419
0.2798952328964615
0.32987720143393695
0.3838467347988327
0.3010522648970172
0.4755740741917522
0.31133905872248013
0.48042700118176623
0.36857483072365477
0.29960666239380174
0.3300504297765986
0.22984917218902995
0.44321468363286415
0.30638570950829697
0.29592353782628034
0.3284152300212663
0.19965513473390264
0.29740066601709264
0.5052475403707869
0.3393093368616033
0.375190322323013
0.34958002420673595
0.3001321328213643
0.46226204257824366
0.4293918358805492
0.3117356863653768
0.2903110519940129
0.3354596764882225
0.29579268809914877
0.33348972403588223
0.24663027591561562
0.3778567090942548
0.23777930013504267
0.2629738946468934
0.5034985591398232
0.48424051472109
0.28104014696548985
0.6086048348886475
0.4606525080068268
0.33008091066654593
0.28473292683876344
0.3243806249304829
0.2659699105035688
0.38221813866127125
0.3176969516432184
0.35287660020102624
0.37243242609070065
0.3905367742639268
0.296996970742683
0.4064721071708591
0.43220488328748413
0.2662972187133856
0.4108532796656021
0.320362878413505
0.3133178296015071
0.4023978512159222
0.37942709479507464
0.26069319549546305
0.33409404880995125
0.2870962779692426
0.5785114348283256
0.33885814847195134
0.3352527205963668
0.30218824502601904
0.28123388376524844
0.31636611138681964
0.4500234144447219
0.37186021267548003
0.303471763752151
0.48814593023283087
0.3378068545591208
0.3943599236034966
0.26630584848627814
0.37441314858020114
0.3448139360977882
0.38218623973319005
0.3154040640350255
0.5561324066441076
0.28903738108671323
0.3545732633294211
0.3135977551357356
0.29908428931640035
0.2642292407236409
0.4437961051613423
0.2369298095017961
0.4117264338467484
0.36529643354127955
0.4002404014617479
0.2625883499203955
0.2921793734240166
0.47454897055332135
0.44004598194240774
0.3593197448428891
0.2323957641004919
0.34780564070291936
0.33082492006686737
0.33570049618140824
0.3240690384979928
0.26415990997173233
0.3845301870529342
0.35300560774778766
0.4781138935826513
0.40017780390849383
0.3627882099116001
0.4139932295287868
0.3762529567557468
0.43506507832678887
0.40390517316136343
0.2192836171795645
0.2934566744412586
0.3486426448981184
0.4376974073657309
0.38643252699445524
0.5273448569909278
0.3301125743327057
0.3570954561205333
0.2998538723093096
0.34355502754293243
0.3407290890610787
0.4629732872449536
0.25546480897569573
0.3549605884792012
0.33584045712581256
0.31951799773173095
0.4713602895121453
0.2551326397978378
0.4332342971172858
0.36780740379350646
0.38977758252132244
0.27534264835423744
0.43386522706536274
0.2990715586088852
0.3855666778502059
0.3647726235289842
0.3155617778688523
0.33081932989312607
0.2853991791030233
0.28484766080875346
0.3511428323877817
0.4731089207029418
0.27288880611949506
0.35916171765839855
0.31142689731662293
0.37342574990918487
0.25531989875989514
0.30350364487554016
0.2981996331950213
0.3696262830205133
0.42493926586476194
0.2769182891310218
0.3488549833563832
0.33673500367432374
0.2967211348423865
0.531107279639559
0.3784019592598487
0.3361060852549992
0.4028870113584921
0.26406243279093977
0.3033844334754734
0.3457986999824035
0.2999285111163325
0.27196031371449725
0.47411132630696606
0.26427893702813804
0.3843489474210874
0.27761641155619476
0.29631808876540233
0.41159470899675804
0.3252912085120492
0.36182354835100167
0.4104915663602133
0.29567535667675443
0.2230593640412188
0.5068050616064934
0.39297891517037054
0.3793671003961178
0.4117544372731104
0.46875283659439254
0.2850153206326781
0.666047408194159
0.3522882829023208
0.3320915501187724
0.25966998660291274
0.3229021182101347
0.42129222935436383
0.41421727847375794
0.3625709151845176
0.3574674218960099
0.41011159800546676
0.27944212471427504
0.23703920075671375
0.4482594256649204
0.284538892352144
0.5263384588064933
0.3533741911891492
0.4169459124268116
0.37364060877640226
0.4331096715259052
0.34624168902269087
0.28610806901509284
0.3080884484564995
0.27420501229155225
0.6063922903751849
0.3198744119105713
0.2600345270068506
0.3386745489317359
0.30979150434489156
0.42840107622208967
0.3385478202431557
0.38386230281989114
0.426606919588352
0.29252204199841497
0.2603000511964881
0.5860490264922545
0.342062711978385
0.27155973394899185
0.2681331320174207
0.42700566237196236
0.33538755432031764
0.30217331671821696
0.273766263800654
0.27866195315771813
0.37118192437935615
0.3695110137290453
0.28871980642439155
0.4632935359384824
0.24397475101138544
0.4152859379049295
0.262199180450089
0.366911099366708
0.3963893285084839
0.34606473969155355
0.39910902727667025
0.39244124012768256
0.6572083217437158
0.42812408215793424
0.2656284868940651
0.41651491305621485
0.3477679703268854
0.3003333815547481
0.7816336614252987
0.3389224775168042
0.26684920601029927
0.35488998178952974
0.28175020383451166
0.22772363101789939
0.45517889459130517
0.33955672386092134
0.3152401168714492
0.31170655277273235
0.5246338672876177
0.2876593751892976
0.328881279105161
0.2550240060964531
0.19349582218789763
0.3326210624549089
0.32251920734365874
0.28606636500671456
0.30072056673290565
0.25692543017265795
0.3657127242253623
0.3638560583917118
0.33000584936915583
0.4207006795005511
0.25130528737827584
0.2984029205907397
0.346265781245766
0.5156209279485514
0.27771361218219875
0.3319183819611269
0.4410680306729829
0.3541857728599696
0.39058222541394283
0.3398841679441562
0.43731226661428446
0.31689569691324093
0.38815378040297016
0.5342562349299422
0.4733682197760584
0.2862686618278824
0.3541491258793284
0.40171586050708635
0.4239440381271706
0.38497022673870923
0.3320023651724822
0.24170862317949257
0.40127259784443126
0.2650840977635608
0.42114224304027265
0.3548354840380063
0.3370122232406188
0.3018849401725683
0.34406859485711655
0.47765104759460414
0.4649660112615321
0.413467601017265
0.37113883811605153
0.37613182362027153
0.4430337658349661
0.4880306287517022
0.4702225920648092
0.2881179001045368
0.4656852251599611
0.32989754109296393
0.22076115923266207
0.2910959174963531
0.2883738562229766
0.3839138570128768
0.26418147885810483
0.35500420532263904
0.3352903843575664
0.3395057959453618
0.2622346710317476
0.44927548900213066
0.24413962237781148
0.3620043868192782
0.25865530120914787
0.4440658805589752
0.303738507040985
0.2991365851561252
0.30822302188194844
0.3262887802782551
0.41813293521073663
0.48094412576654155
0.4847355523209624
0.41976495533964103
0.30286030425171795
0.38298069498981097
0.41512556799116773
0.4324349025243648
0.3358688496682993
0.3896815736365192
0.5809429752408841
0.37398352341448265
0.49737609012216566
0.5347071892121257
0.28518586909299615
0.2728187672436729
0.39147822263564436
0.30070552467497563
0.3419188247310591
0.4536977975554359
0.3865615505408873
0.30117662683878155
0.30060304356492656
0.3569130617146931
0.3328298157927063
0.42386351756097174
0.36484622192788135
0.3328849906861206
0.47385689124999575
0.2851573385554317
0.31070842597978077
0.45263835037269745
0.24908804687774552
0.3426263113283682
0.2693629763812
0.38614817060519846
0.46965096227395214
0.26448460240031535
0.2990129555770548
0.33067321133400956
0.39108083682264005
0.3142501937183691
0.31951029477161624
0.3356011897560287
0.35895943417617654
0.3084480930738762
0.2765791458360953
0.34349707135383845
0.3847265931406283
0.49900043842002584
0.30912639142564907
0.4177442815328502
0.23933265846769547
0.3654812000747933
0.2856771918921313
0.32996641526475634
0.5102367709985285
0.45778780401930047
0.4485276261834761
0.3412192917391708
0.321063849884126
0.31894158568285963
0.3767615620956696
0.3388979307803661
0.3886270618631375
0.33491985737462004
0.30694652861060745
0.26006556664657354
0.4095065814179465
0.3517957781356597
0.28757256032043416
0.3427844485421467
0.4005734830559567
0.2987632480148165
0.2736933694382387
