-0.6225564519711593
-0.6401500051675009
-0.5171343632395649
-0.6833843887839923
-0.49355247870463526
-0.4921429701793791
-0.5394768553620654
-0.5997306255198183
-0.645237080805161
-0.5708970518094557
-0.5957568269646804
-0.7828353192194153
-0.6757081344893353
-0.6908335373845911
-0.7464051236309932
-0.7840040232975881
-0.5642147139926068
-0.6601447134481002
-0.597466467236881
-0.5000380199224393
-0.6084230849311956
-0.5160900798229594
-0.6312069497613154
-0.7943200039458636
-0.8140028420196955
-0.506480859157145
-0.7706711888199073
-0.7368669212450218
-0.7572847989857391
-0.6537801286502345
-0.6314992854597486
-0.6802571252156926
-0.7418966606456203
-0.767265065402126
-0.8065163260624367
-0.6889169814169863
-0.7309865270384148
-0.706780770316743
-0.6591494366449661
-0.7655369666575245
-0.7569719658231775
-0.7767721387095861
-0.6704740784497911
-0.8406169421664206
-0.6760722194822402
-0.6939570786178435
-0.7287772128073561
-0.704550040562856
-0.23574580191912273
-0.7786937454149405
-0.764207808732991
-0.5703327052197492
-0.8218340312012659
-0.43366860943831836
-0.823433361038055
-0.764098732524249
-0.21593157134661412
-0.5359727396398444
-0.5538001388132961
-0.7513340410432384
-0.7144629301452111
-0.670231289693007
-0.7918886554147179
-0.8220373278080838
-0.4792625026976068
-0.8753934862521865
-0.562839208851471
-0.6101873637983865
-0.5931865960589167
-0.8172965946409023
-0.3981118532415348
11.159628334290337
-0.6282398032635221
-0.3788271856182648
-0.6697766721038223
-0.5256272622066825
-0.6601137421441758
-0.8736413527125075
-0.7544469311270214
-0.6907748426371848
-0.5418219114219115
-0.7999894740346991
-0.5510766156310947
-0.6532468434038877
-0.7807522974407791
-0.6358290162781879
-0.6100797993579063
-0.6722980085972453
-0.7013951103313294
-0.7204747453040016
-0.6019385466199071
-0.8973397838470913
-0.6986613687695362
-0.5782160169703422
-0.6971621347387116
-0.6359351350652833
-0.597911301818889
-0.6606557355928971
-0.6758775954646755
-0.745068148800822
-0.40749521093553615
-0.7535732476245676
-0.6489204271402182
-0.6672665988376009
-0.734219721034746
-0.3880677963824914
-0.6857681762270068
-0.6995398986275714
-0.7964594169976947
-0.7924131729118193
-0.7124956603447329
-0.6200449998117162
-0.6278777613958987
-0.6669922617649395
-0.73633680897108
-0.911615591928486
-0.7536440530849491
-0.3843828401998797
-0.452081738026998
-0.660692349392497
-0.7439857785911356
-0.808441339710935
-0.7885182287899578
-0.7342179122893912
-0.6397011222740008
-0.5018203811734574
-0.6527040967227661
-0.7392064886574001
-0.555554110492082
-0.6256204114892605
-0.7307365311967102
-0.7285709429889785
-0.734539852495965
-0.7217813078157737
-0.6419694028683661
-0.8200585285929262
-0.5406432045028691
-0.7491160350518029
-0.7915547576918083
-0.7532734937625275
-0.48405588960243123
-0.6698496788708319
-0.6978904559115728
-0.667037612871714
-0.9070036867207675
-0.7421571159735804
-0.5920143198090693
-0.6291461368444504
-0.6869275249442865
-0.5546756729479951
-0.8267755383026734
-0.6162907848063445
-0.7234876711875072
-0.5966177719350982
-0.6906262682947604
-0.5040025934261609
-0.6450439512329293
-0.39633978722713453
-0.6858444564842634
-0.6295280981544938
-0.5355014435353943
-0.7062630924538147
-0.5696209547258476
-0.6506868551193601
-0.7567705975975402
-0.45434623061463864
-0.6826513797733912
-0.6961670252016604
-0.6294758145270947
-0.807445122149182
-0.6704887534490089
-0.6818827322089336
-0.7554684837711847
-0.5194010689045574
-0.5901187198811275
-0.7387746933201478
-0.6347958458285592
-0.5729705431276112
-0.4025159085552676
-0.8093746729028598
-0.584070947212058
-0.6623359421565839
-0.6392627841346976
-0.6996224823460795
-0.8682780549848351
-0.7345567884451243
-0.5089530348923272
-0.4595046790612798
-0.6565298085749915
-0.5520738863904809
-0.6146345209781217
-0.5505879889515352
-0.5460052504684592
-0.81230963587405
-0.5246714309509268
-0.7191022673821319
-0.6553620631564716
-0.5191363764486333
-0.6423255828454205
-0.6739977171747135
-0.7884797795599737
-0.6887715024732805
-0.7735279195865173
-0.645890920904796
-0.8350601430334075
-0.7435588734131675
-0.4618600551272545
-0.6811595668648948
-0.7529314624664195
-0.581461504428944
-0.6305524184440645
-0.607629370650321
-0.7132685824369882
-0.5393967046703633
-0.6692191834507772
-0.8236484504187336
-0.6612839648042117
-0.6679178642414882
-0.6804107286022558
-0.6916153247179039
-0.7123077422373435
-0.7857375048390767
-0.5775462043182769
-0.3848838075447265
-0.7198416948037485
-0.6095416185855103
-0.5584448580216185
-0.6408239465625615
-0.7098580911024697
-0.622361902372901
-0.6277440634431964
-0.7826213048302226
-0.46051360393674173
-0.5152542631751778
-0.6514232260207646
-0.809553659132074
-0.6558796622540772
-0.78868988410229
-0.37039448015278154
-0.49070344023476387
-0.6893812579091091
-0.5893584398798738
-0.8733235930657819
-0.6310392661836739
-0.6522168491401559
-0.7137692920589016
-0.8564914950429309
-0.7206725665305792
-0.706406675837209
-0.8527406737347017
-0.6686513434276623
-0.6800629077255762
-0.6445071169176043
-0.558104988956667
-0.6022479082598089
-0.8183872653379788
-0.709469661224875
-0.7790077265692877
-0.7346671976077597
-0.7991107528215304
-0.6933595528516978
-0.7393081945247563
-0.63720500709895
-0.7126023349459719
-0.6734863767718388
-0.6812955531789476
-0.6452777490096574
-0.5350861340251261
-0.4611573211670834
-0.8263427098774488
-0.7377846063554283
-0.4893520272830618
-0.7127994196449084
-0.5838688545046169
-0.8078787946341491
-0.3571550356079584
-0.7042070895522389
-0.8170078147834045
-0.5853172286367789
-0.6034972445951675
-0.38381091132716416
-0.7446724875683882
-0.7595596631267456
-0.710513521134978
-0.767450837962097
-0.5799458108244138
-0.7542059336823734
-0.799125984016283
-0.35528973237669476
-0.7647688435494867
-0.6058678369350774
-0.6112552868598522
-0.7982166877874509
-0.5183106475752755
-0.6294592859435746
-0.6400906116126762
-0.6723203286527984
-0.7304293076224856
-0.6618571741844822
-0.748699986434641
-0.6820783035886173
-0.6824783076939701
-0.7845395759315278
-0.6581605790367552
-0.5113734362959683
-0.6484712487183366
-0.31127882704711995
-0.7217764779315
-0.7302344652775189
-0.5976122779426234
-0.7267788685958342
-0.6192265836002591
-0.6850393896684999
-0.32159004413918646
-0.40202867515221397
-0.726429489841354
-0.77598088503342
-0.6914335720582464
-0.6779602320279358
-0.7810351162393897
-0.8048738005046808
-0.745161678593978
-0.7617332391394397
-0.6401943953091915
-0.45289875994283324
-0.6294005562546667
-0.787442528555389
-0.5109537966442136
-0.7790827367756586
-0.7938255517834971
-0.5014333481910594
-0.7427302873676058
-0.65968315001652
-0.6583833437513126
-0.6338875820749015
-0.7233653594262208
-0.7867047737547567
-0.6294434703376598
-0.7337798588205634
-0.5828612116080364
-0.6448905841673866
-0.5877789543609948
-0.583056310615209
-0.6752731130963296
-0.8033235841958085
-0.6768244196165119
-0.7187460528884245
-0.5775201390971514
-0.8456897603063284
-0.5865278863886322
-0.6678398200625412
-0.5916003267216892
-0.3992475182739412
-0.7177488715479412
-0.6649278906071129
-0.6182671215358737
-0.6666600448956078
-0.46023208273851207
-0.9104250540903239
-0.6576194468368232
-0.5953625460986729
-0.686045744843658
-0.6024683623903392
-0.6235751767137188
-0.8122206479792722
-0.7553294203764163
-0.5822426569394272
-0.6890157961224852
-0.6667316703611212
-0.5659073032836398
-0.6406801978290192
-0.683272016757908
-0.4659850170491813
-0.5824526042314261
-0.5091725740037288
-0.7213137272272119
-0.5515192291405934
-0.3240788511491649
-0.6554376622701988
-0.7426378477496661
-0.5658110628918788
-0.6869280468914053
-0.7157385283012161
-0.3157920946482534
-0.5983782249236655
-0.7404869355025899
-0.5837128939855546
-0.5908517525950768
-0.3728195395360556
-0.6172695564698994
-0.6661701269279707
-0.34857174825638493
-0.671096262309534
-0.4251341615655868
-0.6236847083303776
-0.7631378249769951
-0.7924691530909147
-0.7551262797950657
-0.673831719360549
-0.7214876515689964
-0.7453358540529974
3.4537135077900474
-0.789967880640315
-0.6790669159730546
-0.7053254655175354
-0.6497616118117503
-0.7286720994716099
-0.7246235022343538
-0.4800641599432893
-0.6058195614318742
-0.6630879054415071
-0.6594707467312141
-0.6021125600322919
-0.6601083396054402
-0.8049157881688824
-0.20453299447081774
-0.7842297641790985
-0.763647496980271
-0.8416481475725741
-0.7740151668807608
-0.7329804336418082
-0.41336286209437406
-0.6934681946701999
-0.7523140634365144
-0.4912225986270187
-0.6691627386145116
-0.7787629708965312
-0.6280929637593176
-0.7960882743474388
-0.447219300410438
-0.546867902410433
-0.5739684525050378
-0.6765157502540363
-0.44317181894659485
-0.7335272186120794
-0.6275875229446722
-0.719011921563288
-0.6913892720766109
-0.22178109089445536
-0.7921894958298895
-0.5892547660311958
-0.7337904719772168
-0.7045772062809579
-0.7313770108071015
-0.6961682683419695
-0.7091416891918882
-0.5300330481235004
-0.7119780540142707
-0.604649195967019
-0.6859483006528986
-0.6593661653075308
-0.7278555729071621
-0.7293420473400833
-0.8309910663599152
-0.5740236179986027
-0.596791306304858
-0.7399117841252266
-0.24419719168370885
-0.7970311911384746
-0.6478379357002649
-0.7044185735313796
-0.5117009510437639
-0.6261436689726009
-0.6513939509788952
-0.702728110197953
-0.4540802087488935
-0.5978842162475746
-0.5995482846447637
-0.822782085375643
-0.6112928694669505
-0.8361293080065427
-0.5499456158681763
-0.8139368522005039
-0.7137650242764512
-0.771431241676337
-0.645063274876341
-0.5204924724381652
-0.5445992776853468
-0.6860966029873439
-0.6661271090502914
-0.6795994714628993
-0.5416133602960396
-0.7064629803878157
-0.27989455361872817
-0.7937111488157284
-0.6533501340873183
-0.580811389958239
-0.6499001503388268
-0.7349270479032315
-0.6394287400716
-0.7403335029161189
-0.6230578585430122
-0.723602855630651
-0.7450210560236202
-0.5763586362987513
-0.6346485911920076
-0.75852135621532
-0.7820588053616653
-0.6640426862819954
-0.5568398086024008
-0.7295507327620726
-0.527871651394004
-0.707581968214263
-0.5867170361218688
-0.6536775153717609
-0.7819215709263799
-0.767381795087301
-0.7763848276524288
-0.654789078137392
-0.674723174987113
-0.8014944693781054
-0.6257833535991977
-0.41323253554404504
-0.26506934211436267
-0.7108129647229394
-0.724959238258987
-0.750081864502242
-0.7816755446972125
-0.7554339973955467
-0.6552760024454037
-0.37826788798969474
-0.6420138111672006
-0.6173171371799199
-0.6349727224250379
-0.5731782557945639
-0.7099661353199399
-0.6447334474025853
-0.6674524190214333
-0.5919356588047822
-0.725343905222041
-0.2602200151120331
-0.665057766298918
-0.7787332103516764
-0.5195006602329428
-0.8155161618269833
-0.5601321411751764
-0.7155938590690561
-0.4631234434540148
-0.6601678243064198
-0.7302311357328726
-0.664497515559098
-0.7123814335682354
-0.6209889476242374
-0.834525753957411
-0.62821063521497
-0.47343451838298317
-0.6360627256172502
-0.7736195818387599
-0.5706810089143348
-0.7299689808930918
-0.668701213573186
-0.6287258245234019
-0.6797976302045864
-0.6917700506727241
-0.5902095876387073
-0.685158957769834
-0.5151655093127092
-0.5539964584478232
-0.7973064182323292
-0.6953102447199786
-0.5042321155300699
-0.4598626296123575
-0.6928307869742758
-0.8155499609172235
-0.7022592987401582
-0.7245165691817133
-0.5808564808861727
-0.7327693911107084
-0.5436143237058569
-0.7147728561935787
-0.719365543951455
-0.7581883419185063
-0.6144550042913048
-0.6177350918309514
-0.7083387500502277
-0.6953957494226787
-0.6123694742389858
-0.6338574344243707
-0.6518290196131303
-0.65202544576901
-0.6907350080777024
-0.5338560295525856
-0.6103605437289975
-0.7068332337118948
-0.8163734795525434
-0.541023254665364
-0.7913285822950097
-0.8281952289270518
-0.7414497133026188
-0.704460491766728
-0.5968319035965757
-0.4372694051606319
-0.807962440487765
-0.6783994165460346
-0.7286523818619685
-0.6228457699736267
-0.413464488553194
-0.7578511451836231
-0.6320631203646209
-0.8404963158411087
-0.6370070441449134
-0.7252645329988401
-0.6570719482225844
-0.5518567437564069
-0.5930241217927109
-0.76823048101213
-0.7743625130180879
-0.563537407027422
-0.4606757287065719
-0.749412524146382
-0.6135265700483091
-0.7471787094486438
-0.7094643950646446
-0.7733868187243071
-0.6889588167838987
-0.7095426615953966
-0.7451436103787984
-0.7213722721667173
-0.680314861931203
-0.8317768368420793
-0.613667014445666
-0.8120325581863957
-0.5367205397001782
-0.8236203135558247
-0.591577463715668
-0.4862866682566182
-0.5102448307631893
-0.5635602959964221
-0.6840923285450413
-0.5835661684696765
-0.7137682789651294
-0.5685949943202312
-0.6600254714042256
-0.5209374006990785
-0.7417175014068654
-0.7105073019070348
-0.7121127628052536
-0.7512899053994792
-0.6145732963298465
-0.7521652669811165
-0.6393723290958357
-0.787358266451285
-0.7542225497751943
-0.7761500519102557
-0.7546562533205823
-0.42040112958669035
-0.7045549056997185
-0.3141318448218308
-0.8584806694000141
-0.5955328857499927
-0.7513529527123729
-0.589339778479547
-0.6579411611154886
-0.7169797805125107
-0.5654098663631323
-0.7724684553853293
-0.5464390753415245
-0.6104714908065366
-0.5646835987625923
-0.5095375486222242
-0.7918429199394866
-0.5079987879747019
-0.7669149959695244
-0.7853457501793815
-0.5934378163899504
-0.6199416545991598
-0.6893005831452669
-0.5878132733040455
-0.6718748248691422
-0.5718727961024959
-0.7123977480772963
-0.6737352648403011
-0.7254447817436823
-0.8280987162605691
-0.6209893207217437
-0.5997332468579166
-0.6916890546398972
-0.709371171060638
-0.624831140787774
-0.4388024973628293
-0.6045485934541253
-0.7573433725916078
-0.7982950853203054
-0.7776652259785128
-0.49983733215369885
-0.7800566510906237
-0.4837965686851333
-0.8092073353948653
-0.3981238569017425
-0.7095497504244053
-0.5756682295766453
-0.5662075676188818
-0.42805246640263245
-0.5764986711116301
-0.2868217054263566
-0.7257556315614027
-0.7858531616379583
-0.7407278437278623
-0.6197812653569076
-0.7533474191091566
-0.7909640715200122
-0.6291381391291683
-0.689406614436274
-0.5455277165738522
-0.6222653324890532
-0.6093082750446073
-0.6933861216940015
-0.5947403752801609
-0.760335456295399
-0.7805949571992977
-0.5755355936049408
-0.5670083983509142
-0.6577114472097001
-0.5957311771461518
-0.6060505801764331
-0.7276993010411066
-0.8540713600829621
-0.9135190491235333
-0.6803314526035269
-0.6506951484724823
-0.8006686132168974
-0.7911134504417833
-0.5378889858009784
-0.5778830209043485
-0.7519500845199074
-0.7116659827460398
-0.5687453289482577
-0.7830802099298686
-0.6125304801549261
-0.8658683390301012
-0.6716938307737105
-0.6916531577902502
-0.6611519531725546
-0.7713735076258089
-0.661011172965411
-0.7385075990450821
-0.612267592509174
-0.7876598713120854
-0.719183904788892
-0.8063730554879514
-0.6840570692487871
-0.6174480306449233
-0.7129578035270708
-0.7857566545991053
-0.660228649455485
-0.6519075378255458
-0.7382162760028927
-0.5115747737142676
-0.6436736070960092
-0.6568289436193997
-0.5812429533378598
-0.4763088532763048
-0.7492932193494707
-0.6868867968603999
-0.7424821838737469
-0.6800022652702219
-0.46894410618313437
-0.652561004291348
-0.7734606627746362
-0.8165052449561963
-0.7274750108064404
-0.4611225834241265
-0.6667661647721249
-0.5251379605610571
-0.6292546559865837
-0.7545936318145694
-0.6597139467440021
-0.7260413455415267
-0.5867758664426215
-0.6629566102461644
-0.8370100529432846
-0.6531288209925682
-0.6762770957983414
-0.679514536562638
-0.6424452285654098
-0.6295290236809943
-0.7684497019110681
-0.6676423189854274
-0.8809418645543758
-0.7282820491698929
-0.6962864932590223
-0.7628072847335655
-0.6811492903786585
-0.25269645979757877
-0.6539021220345761
-0.8616574538056203
-0.4469030262337537
-0.4776788010412743
-0.7913337590590471
-0.5430513466076793
-0.6855755962106653
-0.7151830029232602
-0.6998523118869997
-0.7038046415947927
-0.6204408210802155
-0.5235521257559369
-0.7903555852692351
-0.749724476639364
-0.38729011352563963
-0.7162550899776697
-0.5949968440477131
-0.6966542138226569
-0.8739113930914808
-0.6964858922157974
-0.7532974182638814
-0.58903869007546
-0.793114768272221
-0.5241957419450557
-0.8110634036393205
-0.7293107402706412
-0.6217999543884567
-0.6180760578118668
-0.7999817101229605
-0.8685063820230559
-0.47366991193470703
-0.7442275733070028
-0.7502889880910023
-0.4948799828738103
-0.7810382941755932
-0.6680129647949575
-0.5349288204079342
-0.5294618688572185
-0.7243177535366403
-0.742095163501077
-0.7948820366011623
-0.8060331955128378
-0.6765188227770121
-0.7461026335945324
-0.826669486869785
-0.7286845646467097
-0.7167575849336304
-0.7183958977886736
-0.6231455349933388
-0.6571606518905578
-0.6188622821737861
-0.6930592138489391
-0.5018256095518024
-0.862525718521169
-0.850805135755897
-0.7234454110967207
-0.6699471642146801
-0.5595489838578798
-0.7785021351210102
-0.6699157580224739
-0.8838439825371665
-0.7269973979439491
-0.5306550323726494
-0.6129951482438628
-0.6331217099285575
-0.6949529102311354
-0.776775068566795
-0.5981800099619802
-0.6686351665980926
-0.6015942237064331
-0.5552893063059237
-0.7171628407460545
-0.7304315177065563
-0.5921127779919287
-0.7220234745368864
-0.57968024007046
-0.7553254851518372
-0.7113428219679908
-0.7172909068191419
-0.6830366709411448
-0.39042660479366065
-0.6614263509925089
-0.8506713869013487
-0.6754865270809095
-0.542658478553114
-0.48919384282267303
-0.7480627952899688
-0.8278686634084687
-0.7721459753793436
-0.6109652409499654
-0.6121050341946505
-0.7122995117646693
-0.8472841773812647
-0.7309360825324743
-0.6654339514480424
-0.8078736832683258
-0.665208059353366
-0.5437955951411392
-0.7075540307990391
-0.6349842774875384
-0.7543295890800512
-0.6599940916203226
-0.40448296153640406
-0.7264668294685056
-0.6697893765882436
-0.6067808115478106
-0.71631337419391
-0.6893254752477337
-0.6338617889799122
-0.5928766929147806
-0.7211084996405258
-0.6373421065874894
-0.6885506974239424
-0.7354185053489712
-0.7057942828208433
