0.7447236093702408
0.49211763847151996
0.38186270184200954
0.38517495055033285
0.36381934481913086
0.5241633804609706
0.7092626676218494
0.45773891119208004
0.5724137371602188
0.566613428845297
0.405243815363189
0.404995028942466
0.343736996593455
0.4680388965470002
0.5251619873057449
0.3959652901664186
0.4484423279648916
0.4528348686770696
0.3653026529641054
0.5564127647721379
0.3959527149605128
0.45340869996132804
0.37696822271833386
0.4546578775014758
0.3935902785327298
0.3783989617367616
0.41283880264109446
0.40737050862365615
0.46860920763409
0.7300592335023854
0.37043599354543066
0.4110044751268986
0.35409005555020656
0.527291356548178
0.4758140532162603
0.47253053571108333
0.4143412884969798
0.3656398749353235
0.36392931627879466
0.5181735500069367
0.6802721027210048
0.41116456652007904
0.36017536877212314
0.43612622293387715
0.5826008019973153
0.5061351276814241
0.4341700361245995
0.5432798469060541
0.4719617620837559
0.524946999571723
0.469855113589359
0.48688828456795263
0.3519634481857076
0.4070868130989067
0.37942310158418424
0.6163813770363231
0.3420608914039441
0.5394665146214551
0.48374938960693287
0.32533571738694933
0.4830803853026282
0.3870002621681932
0.48300758251103854
0.3910982918696518
0.425962652273786
0.4245532497324684
0.4408168868950905
0.5034441566033652
0.38400597186852886
0.4714602308987022
0.36226903402445687
0.6415656500394964
0.4106973268418627
0.4250305092317029
0.30458674935820484
0.31822353938959647
0.41415509061540856
0.33425335870672607
0.6665003068260934
0.4182923484742308
0.5714579660832895
0.48240687096815643
0.4200250725038382
0.5272621036436749
0.3697431660798933
0.4057837141298125
0.42653853691543564
0.5205713932796783
0.5672588717058867
0.49472544562195425
0.39320846793471537
0.4029966323322954
0.46486445782656033
0.4712551340667995
0.44182249868479234
0.5673052019043098
0.47924006211510006
0.4288086004195036
0.5702570805321597
0.4141821060397358
0.46181055062966403
0.4127387051947792
0.588947782436847
0.3634353565808369
0.5206859658965939
0.35066126027260325
0.4957754158100185
0.33865105747769636
0.5039539200990002
0.3842275347055213
0.4820688322282071
0.5345248032660359
0.5214903666854512
0.5333071231280264
0.32936411699672197
0.5623248117504636
0.4386053319227433
0.3444370829516673
0.46497515776201886
0.5009027341890003
0.4847023824801551
0.3837273544542454
0.5523875195317591
0.5107148362450737
0.416066379254429
0.4734169823817915
0.45038537975779264
0.5667272961471543
0.3871949192000516
0.5288925718765384
0.447182439329443
0.5510302691491132
0.3695144051039631
0.3708166006266392
0.4130944497187474
0.4763544620939588
0.4200225706199442
0.4085011660033367
0.5769926503944713
0.37970751778941847
0.41086856001216787
0.558218879666314
0.4421659441624651
0.37274980020361936
0.4995359684413331
0.6018366745354445
0.6119306075283814
0.39467533172639696
0.4639552681033078
0.46752335282763113
0.385840240210925
0.745083418607292
0.5244694428232102
0.6417068444879919
0.39268530270095375
0.414645052001304
0.38941794017868764
0.4061004790611239
0.4973695515628946
0.493295611969247
0.6179396792599244
0.5345263866567264
0.5763434436265389
0.6189613023598343
0.3575656162334454
0.41499851733450227
0.4101692522234674
0.3319467894414255
0.44280076831798587
0.3685106087900512
0.5268407746813573
0.46932901041454284
0.43173278921986963
0.4246534655751336
0.4505229448162862
0.46334047120596383
0.49998642606374205
0.4650298766140406
0.41190245737083137
0.5541841477813204
0.46458170105698304
0.5704082194065353
0.5573296638569393
0.6253090405252522
0.35638481475734807
0.38538178861355243
0.44708458792860994
0.36719223287159625
0.44868985398450656
0.5830702370482198
0.4773197673324008
0.3759114998662507
0.4239575457607988
0.5244959947519916
0.37531356173726627
0.4454799949006191
0.4689653894252275
0.5530864922803123
0.44039065428467145
0.3569834932214536
0.4310270557643662
0.6111712457848691
0.3526495027775019
0.5116881498900626
0.6461853912667317
0.5869265132157044
0.5082465136308804
0.47199236014389745
0.4807140036066779
0.38193191087708167
0.556399811912007
0.5003001695617039
0.3954986938270147
0.48849233206677645
0.6612724707575575
0.4568724686336358
0.40733159677260344
0.4373906233331647
0.5055751167262419
0.42663951084427304
0.6281127003768291
0.4425033771330586
0.502235521076382
0.4345683573437532
0.6402441208977336
0.46800987038453934
0.4994725363279259
0.6341624471952356
0.42617678779766904
0.5103705567926883
0.42181263496106675
0.449501648942135
0.5129613874372163
0.6279473959796673
0.484931069434391
0.4413633702187776
0.5084410714696176
0.4029290905823345
0.4643032752891636
0.48782168069364273
0.38897196396376366
0.39447016014150166
0.4163467144122529
0.3328850497901012
0.3970461785429107
0.38785420068914833
0.4064529078903948
0.4110496577850881
0.4762859913465804
0.4687767990116399
0.42729665328325733
0.39144365601826914
0.5400482773654376
0.3623456437541359
0.4558284661031396
0.468234715128579
0.5085561274743001
0.4490878529228789
0.47273447420260317
0.524393123576173
0.39418577705833313
0.4688879467396215
0.3293885367207653
0.7147920944365707
0.5918468685060077
0.4980467596353624
0.4648159158218941
0.31152646354992647
0.43949136252192195
0.6158685720315796
0.4291903259104351
0.4549099772221352
0.44447063143927
0.48874122618534876
0.4743627957382223
0.3609635524340437
0.4215078383689076
0.4818893308286855
0.44568616270243006
0.4504672813910683
0.4038881588386198
0.4236443160778194
0.7123855616883571
0.5079667789965766
0.41359866296408115
0.4799361235608599
0.46570194709704876
0.5364646801376519
0.5072312717227573
0.3926774638286675
0.595659304265998
0.40059414573641644
0.39805044257206285
0.38231203293680943
0.4842406268750336
0.3769888394166939
0.3859074134820661
0.4398048463899081
0.42128497303289214
0.6027725305747522
0.3712731598283874
0.5599494399003146
0.5235201061359945
0.355799215363841
0.47692581613634527
0.46857182520381563
0.4642174162810878
0.2751044458770246
0.8144748235525285
0.4683753080355845
0.5002273294093283
0.3971112017816282
0.5036373607039571
0.3897324943406127
0.38955426871078935
0.4285648550397894
0.46610260111429025
0.3900257743542958
0.33702134111966076
0.5022946272186036
0.3806599755811971
0.49148337828584254
0.49020935869908344
0.43860969099004293
0.4656313611846338
0.45415276910159585
0.5004128664005358
0.4948818203138809
0.485401072635882
0.7767179693004467
0.3580436844456634
0.45426088441878854
0.5258251545487304
0.47952693057960977
0.43327431062842986
0.38040955261997855
0.5269099816571796
0.3911396402267514
0.42555664652924396
0.35049113953925104
0.34116929274515756
0.49750992481277795
0.37933545849799943
0.4965118259306564
0.5086233744089738
0.4096427042090171
0.4323649347117469
0.5536810971203898
0.4571080461250289
0.35495629213234425
0.4966488289505942
0.6098452810149675
0.37337167296041235
0.6145932633343036
0.513072634524812
0.35474596471739106
0.6239172845707657
0.431679629521843
0.44846771675478286
0.3498660843770098
0.5012210569781318
0.38038198544299956
0.6570040791883137
0.5001311165094435
0.5164475938957636
0.4206680739627802
0.48488396985547483
0.503206924083078
0.398574247740919
0.6916090500853493
0.4401292033488969
0.39572004019650736
0.5439279748565538
0.4707637343954337
0.3537551565796992
0.4300285180097699
0.42070867054509486
0.459374662750188
0.4863274206183128
0.5433759627395496
0.4599159460841558
0.4859023570615319
0.5445955789193204
0.493249446277559
0.4124193173819237
0.3638253824604721
0.5876272848937971
0.4390271161241654
0.49485871389095343
0.3721537952401894
0.5413078282987859
0.4096300466289395
0.38129732327733745
0.334252128418372
0.49018098629170037
0.42747865319562656
0.4906910410352188
0.4350705271375302
0.6274813647905905
0.3968310984538587
0.508228463923248
0.5088903626689443
0.4602509778196755
0.3342012778550077
0.4906825004454093
0.4126080522017182
0.716016755005282
0.491500916431414
0.4528008345669079
0.5370879802031613
0.42877283961270335
0.49854054176220364
0.5458282267064254
0.4048063879193635
0.445118329889853
0.4988736923973665
0.4436172499758745
0.5895006623911553
0.4267104598692803
0.46973446425429494
0.30646714943233194
0.5005989621343839
0.4657755841203963
0.48420591053632905
0.4365984651486187
0.35513505820428876
0.4047348439336041
0.45759153972420963
0.5355874551969412
0.41256107858446955
0.3934609104415569
0.3498373807823348
0.49562441268105417
0.3872877138262064
0.5291092210178231
0.5137679731751287
0.44068657904167235
0.39683211539447705
0.5087532881461084
0.31162422435230835
0.5015059791889399
0.5123949182087237
0.37603330688700015
0.43184290862132424
0.46864717753335605
0.46062578918982267
0.3942016313360693
0.8428330671975046
0.43321110176420946
0.6231598272120705
0.4088630452535521
0.40017870116768184
0.5028658682406382
0.46862093813607536
0.5101274967361433
0.47415579644548106
0.4540067245883519
0.7789337189962896
0.6214348500317222
0.44751617778692176
0.5121419076068464
0.40987851701311684
0.4042017139562696
0.45508890513239997
0.45666416238957136
0.5038198107971412
0.46052008249731596
0.3694009397241839
0.5966560697333654
0.5199484506329028
0.4144881948726804
0.503944483770187
0.37898099238320165
0.46030913187526146
0.44424696206044084
0.35083630274675
0.42664871436445023
0.4532053710483516
0.38233980513979804
0.5216310492008364
0.4458676699905634
0.8693012896107363
0.3522569167981023
0.328487603582506
0.47053854221628005
0.4396832374310077
0.6020506233969186
0.5300778938427515
0.46344469243690256
0.45235398730203097
0.35322757989604453
0.4957038728715981
0.5954634217071388
0.5277430004358709
0.5014873202413038
0.49252433179398036
0.42971223619132987
0.5186231692484288
0.4767340819647915
0.38587652857235394
0.43020427020425817
0.39040756950311556
0.39173441501430356
0.3907484977915023
0.5023804836900628
0.45912919667287844
0.4254120274341276
0.5324865199801211
0.46892560720403725
0.4784561714450094
0.46070396778269207
0.39613093807165056
0.4029728118366608
0.3533698147569577
0.4320182751224437
0.4726482792687962
0.4716986045425529
0.5007599240038849
0.35906655925671244
0.34004384836117074
0.7494742920103588
0.5143260801694456
0.5157121499449739
0.4946420530137917
0.5357627304224943
0.4286554229758403
0.33474023683782805
0.45997583680416076
0.38748796824454307
0.4164036544025858
0.4178025474594813
0.394384977484563
0.38817567558914673
0.43607575498225604
0.4195390863667596
0.6106773415334242
0.4201303383432658
0.3716036895630422
0.5559563184374045
0.36814463975286066
0.3185942438383378
0.39920499177549107
0.5893338510833807
0.523109507828365
0.5740136266683424
0.40685160909794654
0.5898475874484498
0.4664435482262912
0.4285963372799824
0.4701591056154139
0.4944804163709815
0.4695709187688144
0.4402381138997403
0.40751220243230957
0.36843559484734933
0.379033115423678
0.4728387797047952
0.4811820207233031
0.555934174323492
0.39160362633634654
0.3781636795199495
0.4078613784148961
0.43388329652968083
0.5610739892051047
0.518035144797068
0.43013113458404256
0.6246799289404209
0.4422011314509471
0.4296602916132496
0.33793799992438467
0.50871633319854
0.47874647478718624
0.38844435683957385
0.6049675301111881
0.3492023335974738
0.4874426575906443
0.6592597929148825
0.5431876943666816
0.3505424024609919
0.5534315080224992
0.42768436050215847
0.42895457853715496
0.5528650077418076
0.34749542860409255
0.41138980240002493
0.5475004638843267
0.3357416006545248
0.4467256028356559
0.43568513420578037
0.3780475411339778
0.48312255689933503
0.456095649786324
0.4296133134929014
0.5481437926319161
0.4585165546018395
0.617419603969108
0.3682272082530931
0.5470288590676945
0.4342776896371873
0.4257873579287424
0.35442559994953077
0.4815693726521495
0.3791513020195127
0.3983737426067701
0.489560873782864
0.4473792459285268
0.4082162707230653
0.4182630763033648
0.4617325802378204
0.3947944331319316
0.4258440562240164
0.5448119240711835
0.42484593894018724
0.4342639590088666
0.5053699977915311
0.41308688268833793
0.4869535725080428
0.41861493570339026
0.498313921319144
0.3518354863184318
0.44173550279442486
0.41921430868027515
0.48281130896559676
0.4053535038950949
0.4145159904640839
0.4140380190440764
0.39768364008244755
0.563413201328167
0.5236178893932404
0.3938728554607691
0.5202168141974144
0.5673880583701588
0.3714450089200415
0.5793154407261547
0.4296415058153471
0.4371245225682668
0.40485823385621406
0.4142331322853104
0.42804472669979676
0.4144698493143923
0.5662357364046592
0.4781264332313625
0.46494567463158387
0.49496581922801663
0.40869511971475386
0.41357450859459494
0.42914750717717975
0.3774739524423234
0.39878736330166403
0.43166895518987664
0.648325946856517
0.35039641250483133
0.4128588655032037
0.716633981284649
0.39838429639346795
0.5961245066793723
0.46431650071366504
0.31399743809021496
0.54421534764071
0.35963976579935364
0.6321016716305683
0.4410243651324517
0.4521855542113824
0.4588477971988837
0.44420446236519373
0.46884784745904473
0.4792585652622009
0.4461869861095193
0.4683946577120737
0.3443373809253411
0.47038821667090314
0.3723158531530417
0.558624207401034
0.4381617341033126
0.41687881861425086
0.5682957433708015
0.5235565016762256
0.43929369573676935
0.5075978599870279
0.39515134723886886
0.48253549525539896
0.7402982760030717
0.41296975589031765
0.43927692577454963
0.5289029754923333
1.0331892529837343
0.5242922354715781
0.5098289706853858
0.4109934835397871
0.4044085483760311
0.42385289228418555
0.35506710608595965
0.4578996669737248
0.5728063177360367
0.2841109850079974
0.5009846203237311
0.6328716484945153
0.5884981092006174
0.3890507253583046
0.8378965199566795
0.46246537806210236
0.45558896569611984
0.47253142559194866
0.37476796229703097
0.3456870022924288
0.4112369991357382
0.33765092702968036
0.3696682939121984
0.4180307883627065
0.45924573064694535
0.40682779628390126
0.49920008307583935
0.5647897290422803
0.3764345229352518
0.39538254339472095
0.39138632477914886
0.4894157466849789
0.4124304088531013
0.3891956531210036
0.4566865056961001
0.389688272721987
0.5347969250078705
0.4677282577621278
0.4990404881277126
0.4292019429683761
0.5545417915351715
0.351997238505133
0.4720871939540587
0.35680427003449783
0.6340688326447952
0.34823737023642504
0.3329260539010082
0.5038217598384956
0.4274337415364749
0.45931489478402404
0.5328312981917231
0.3285916345103963
0.48979729348762224
0.3999132111143063
0.44082328793747666
0.5486404817302595
0.4902634465513953
0.41951058183456097
0.6426567870458667
0.39371361704847296
0.4674320748356838
0.5891423345787733
0.33664068171629163
0.4008915429941178
0.444920137516219
0.5503573153228849
0.5066234954612034
0.42822302849626204
0.47425625758728474
0.3463144494940504
0.4897543784482753
0.39256638785096226
0.4650756789211564
0.39488003924494025
0.5837962914201873
0.5013210246324501
0.48175401232005105
0.445479498885207
0.44775371502003114
0.9965788586368363
0.48276486966226656
0.36953895134170267
0.477912880839871
0.5769585381476858
0.46634108759822335
0.38250617691407973
0.49371672301343034
0.47024300791482854
0.40304950519508953
0.45778902360558127
0.4845839872505603
0.6422603541916515
0.39801980901252043
0.44382874824537494
0.5120728087821735
0.47111958572191276
0.41566735363966234
0.3838545175691226
0.4544394875083867
0.5205102659694723
0.3792941833685942
0.5358537149313627
0.31933631598527806
0.5038362634203738
0.31307905921829415
0.4860651416056433
0.4069475221669104
0.676161552233189
0.4209658135230168
0.44116431977770615
0.4125676888201317
0.3805742834847342
0.523413422064348
0.36036985633605345
0.48839043769526425
0.3693444282577809
0.4728265713665646
0.3780084482195674
0.3780830856408735
0.6508702039377281
0.40027800721388723
0.6674961796454169
0.4513611825969813
0.5078985900715339
0.4408775342452742
0.43233832198900396
0.4184088390272862
0.3480045603427809
0.5180427521650217
0.36623959920245364
0.4323611100186583
0.492754998079906
0.36986085909686117
0.3621024351548017
0.4841598654884015
0.4042725610653301
0.46626947777859584
0.49977700306590683
0.5993354726520987
0.3590026450801213
0.6555651937510454
0.45291737687267
0.37707851424380384
0.6638696923780236
0.4759133581702813
0.6664427932582103
0.3589666098272993
0.5142506010617086
0.4661426102368938
0.38014270945265327
0.4725159511558662
0.5822771308693308
0.4520191150736752
0.5468951542369582
0.44149124156997865
1.1739113941057495
0.5278013560700922
0.5016259026605658
0.4856939492939159
0.43561148516639797
0.3818389572447783
0.5414888979324421
0.4489590590292501
0.47704962617383523
0.53401598237499
0.7581391596350795
0.5298426688143703
0.5395844450205968
0.44612451584825263
0.5031915133944366
0.5157338837912101
0.43522416950600373
0.6390845404924753
0.6947680137904626
0.5375102224087392
0.4695387732044994
0.39170672948363416
0.5536665457448848
0.4331955732202231
0.4687760890410683
0.4345083365017701
0.5882791196507597
0.3775671574370294
0.4019782624915303
0.3349241970385862
0.550823555081322
0.4901972648559598
0.45494960872198575
0.41677555733026755
0.39565882116663204
0.40502682606021073
0.6694633139218564
0.49158631191860863
0.46052551523126856
0.3900793542255335
0.3879678772254713
0.6593700166622881
0.6418982622168035
0.49945959950037305
0.40296037941829627
0.4289771252139723
0.38341135615224764
0.40382023524620836
0.48253820454402796
0.5189494142972519
0.4131709017370308
0.5126091987604474
0.3997720692385411
0.39052895921581376
0.4517643550602046
0.49711092541408214
0.34357453672807464
0.48764169011331393
0.6341829216051463
