9.008227116584573979e-01
1.045906706307760503e+00
1.337371353044567002e+00
1.147010449101382612e+00
8.256001773797166932e-01
1.010975027966925843e+00
9.668096172550050271e-01
1.368967819609103742e+00
1.094495451712105050e+00
1.553500839658976895e+00
8.807874886232797129e-01
1.298467642322638227e+00
7.474413604495762087e-01
1.162304173598402768e+00
1.599617255894103307e+00
1.148164936043820195e+00
1.467247275153340302e+00
1.168902762147534302e+00
1.422293010113559797e+00
2.112960376344406033e+00
1.567776716474502674e+00
1.213876435978376245e+00
1.915886279849071672e+00
1.344199650670249602e+00
1.214227194294567047e+00
1.445061837116555337e+00
1.359857644402562737e+00
1.257112235664278099e+00
1.487408809753438366e+00
1.051785919317116180e+00
1.111481985735887745e+00
2.099666702622596137e+00
1.254883363974768073e+00
1.038415757364451242e+00
1.051452979172906366e+00
8.598279726021808012e-01
1.220027414872293159e+00
1.260684638663244872e+00
9.168309743896965180e-01
1.098471421902039946e+00
1.005874985130845944e+00
1.242903474535088870e+00
9.906972665169134773e-01
1.217977381444852014e+00
1.326198023911370871e+00
1.153785421365391750e+00
1.298443277890508618e+00
9.843112702488374666e-01
1.234902060906712284e+00
6.229531644540974300e-01
1.507921684971746501e+00
1.522988685741906378e+00
1.263023418728079994e+00
1.113004975431683752e+00
1.159585602454653364e+00
8.627838244104562015e-01
1.038763662199027271e+00
1.257402086576997924e+00
1.771364311745374343e+00
1.477869578753493007e+00
1.771379876327721092e+00
1.132019024785548167e+00
1.845703420979602605e+00
9.890078226816296780e-01
1.424516922919865536e+00
1.148897783103598247e+00
1.616925010370706906e+00
1.303051868086725795e+00
1.154292192431554120e+00
1.382723771847566008e+00
1.971143320622625428e+00
1.743813018282603267e+00
1.092452381100580627e+00
1.246008854316905889e+00
1.479737634935679225e+00
1.436046956002503094e+00
1.352308180085985301e+00
1.230501779678861318e+00
1.257989568021969928e+00
1.462421287659514846e+00
1.355727586205111246e+00
1.187182118962720745e+00
1.834694068868203187e+00
1.433498070332253960e+00
1.059808981621298996e+00
1.315819132362795463e+00
1.193252540589479160e+00
1.279786835401117706e+00
9.547108714684824360e-01
1.207317190993753453e+00
1.165532369546911307e+00
9.724466110491376547e-01
1.076349688276026839e+00
1.379779045584258457e+00
1.259782146813913650e+00
7.175552827626899832e-01
1.086693026996113032e+00
7.456985673167735307e-01
1.280043081844618458e+00
1.492952720763312424e+00
1.800487123168375225e+00
9.280798237801946016e-01
8.442915384998295192e-01
8.176389427164203472e-01
9.243672912631556438e-01
1.747245744750604235e+00
1.365821032368673471e+00
7.292638224601840635e-01
6.882436406204882617e-01
9.202652319919226720e-01
1.636473233886460266e+00
1.241360341603762185e+00
6.326216853518631389e-01
1.203334141779735411e+00
1.093229149735016392e+00
1.112343891221744485e+00
7.108541987557510655e-01
1.724489203538657645e+00
1.092018518944435135e+00
8.169195689690907924e-01
1.377816491978108182e+00
1.000161298980314584e+00
5.914343242945302448e-01
7.066005933954426776e-01
1.172501211417183331e+00
1.702286047642361355e+00
1.572172004288908909e+00
1.220761391642994020e+00
1.010596728105559672e+00
8.273650116935001853e-01
7.719811864871672924e-01
7.572848139550703017e-01
9.001921798164845834e-01
1.422288173818466950e+00
9.593247391335422147e-01
9.891108063429669972e-01
7.401529689227556164e-01
7.576075397861316008e-01
1.504559590138416114e+00
1.900108807283402035e+00
9.598360503748882833e-01
6.148862261267443730e-01
9.960985478177003527e-01
1.718129619297579236e+00
1.726509053566021024e+00
2.041522528703078265e+00
1.299689707823004747e+00
7.318943262681357753e-01
1.172565013214252883e+00
1.280704433993586466e+00
1.326851020484949073e+00
1.704073146115799409e+00
7.586022491260968614e-01
1.357174024083741992e+00
1.264346652353010914e+00
1.284691822805877237e+00
7.582163247984468057e-01
1.008586989671020007e+00
6.976811769920254758e-01
1.095552987153920244e+00
1.776239755386609165e+00
1.524867836118394937e+00
1.182879456004347851e+00
8.575852397854037967e-01
1.344414528293423006e+00
1.204462585804946473e+00
1.020213541097922727e+00
1.158838698181470006e+00
1.676983594709136050e+00
1.223353817654919906e+00
1.001105217775732026e+00
1.565514926811733876e+00
1.337836030659380393e+00
9.123358358725663919e-01
1.067111757682385420e+00
1.074871637112296163e+00
1.300610062094986974e+00
1.405152193431624896e+00
1.387056783064840149e+00
9.621183697258440803e-01
1.380780574080130885e+00
7.742590036891467964e-01
7.116832601972038486e-01
1.175053313366232421e+00
1.290752199762657870e+00
1.690253970181838428e+00
1.013256292029213856e+00
9.895730513554787944e-01
1.239727149666549399e+00
1.286735457884082390e+00
1.692384966442464611e+00
1.064682242775975451e+00
7.276253059468700268e-01
1.123183272898154339e+00
1.254190021649270959e+00
1.803336916554804992e+00
1.175624103957910949e+00
6.761361278517932227e-01
9.388183074892897384e-01
1.933994993438530319e+00
1.030431033904149141e+00
9.678208719398068149e-01
1.129482968417619082e+00
9.607467510543149514e-01
9.641975033414421636e-01
2.973340694715104204e-01
1.365754752153143015e+00
1.303167908983817957e+00
1.263460718768174784e+00
1.345720584924392726e+00
9.095810463810899416e-01
2.931431214423237952e-01
6.692033434132551584e-01
1.197521087099028048e+00
1.169683442600893741e+00
1.410989954237881649e+00
1.119429735380788715e+00
9.938278695282624087e-01
1.138354611344073675e+00
1.190196466369283224e+00
9.260618317051239057e-01
1.075827164175208628e+00
1.223843992551816751e+00
1.455613931545529649e+00
1.300598241968600410e+00
8.857659874147235657e-01
1.495513257872916668e+00
9.540551593963527699e-01
1.124658649885570405e+00
1.704784614126918063e+00
1.696136103984352328e+00
1.773170667056708227e+00
1.291133724861120546e+00
1.589493191994026278e+00
1.141149190595034169e+00
1.612897347406807347e+00
7.987809746019729484e-01
1.130662761485745849e+00
1.228006078039932891e+00
1.114045480374111996e+00
1.617115760540132285e+00
1.519567545939190634e+00
1.317811040158347824e+00
1.442168251614407870e+00
3.317458911318352244e-01
1.460410643807602105e+00
1.132398919637747525e+00
3.858007062361593076e-01
8.801542732674846325e-01
1.688930811920392516e+00
1.000718917912311268e+00
1.443865581839862022e+00
9.852082949905187625e-01
8.751834963360494157e-01
1.405694949701318919e+00
8.254770890613353229e-01
1.623824913409088522e+00
1.547612130400480623e+00
8.762793600610523370e-01
1.067555857135458197e+00
8.970298502721841816e-01
1.665924609751732843e+00
9.946046307193520120e-01
1.040906849636438203e+00
1.531875025318000461e+00
1.232885917695348610e+00
1.383534197646529407e+00
9.579153255871364347e-01
9.916526898457506123e-01
1.022070538939148676e+00
1.129632638643771836e+00
1.273298175610739325e+00
1.051872319895794217e+00
1.042987056025739712e+00
1.618558199205504256e+00
1.253358331813459570e+00
7.467211763793153434e-01
9.091029462583840592e-01
1.535966145710173425e+00
8.796080777956072350e-01
1.041708241186724004e+00
1.184144586407559263e+00
1.079610631464577031e+00
1.409278743602869088e+00
1.366198378801797730e+00
1.257497127858020480e+00
6.230425742057578153e-01
1.918894821980704046e+00
9.185353272886437326e-01
1.052053045524111941e+00
1.110092686660108852e+00
1.399990430843079725e+00
1.583490036435774684e+00
9.202054745661506496e-01
7.952856587551381251e-01
1.196774554275769953e+00
1.412741271791011721e+00
1.631339026830248118e+00
1.336641228854068997e+00
1.248519195072640642e+00
2.585304808402267285e-01
1.550736316870841014e+00
1.467539328327628345e+00
1.283630158959733425e+00
1.526876370899864277e+00
1.060261461992190180e+00
7.395023972639327425e-01
1.822286991414174828e+00
1.069942316337809451e+00
1.031652935472039401e+00
8.909217464779548568e-01
8.075970727882957334e-01
1.517622839311891791e+00
1.428863691770420941e+00
9.698123994246785617e-01
1.753796194252474461e+00
9.742567731905422690e-01
1.479928223603401483e+00
1.083125112572918658e+00
1.568812734980735479e+00
9.193385477988750276e-01
1.064715871271645131e+00
1.419838538126343197e+00
1.263199961837341512e+00
1.481362765346211807e+00
9.797821670406858807e-01
1.119586602633485528e+00
1.136770708870897373e+00
1.228380312987075174e+00
1.654772009811323885e+00
6.044531912275366015e-01
9.837663175094306656e-01
1.040270700858969999e+00
1.043571593472463421e+00
1.424907833844957894e+00
1.394169573318824629e+00
9.916997033937973161e-01
1.348084936402994760e+00
1.044622917844783672e+00
1.156946587615041322e+00
1.375501019110089373e+00
1.041840453317886439e+00
1.087630200950101322e+00
9.939981102349702002e-01
1.604749277774508709e+00
1.311054044107907712e+00
1.504858368082174547e+00
9.327748345749803383e-01
1.872604175857280007e+00
8.165971465620811554e-01
1.603669417326716085e+00
1.295796955923851579e+00
1.282996237565401598e+00
8.229732116540913189e-01
1.973336831713767392e+00
1.612725612898083805e+00
1.113370244929092978e+00
1.194020639344706813e+00
1.454442734642613866e+00
1.519126961630306027e+00
1.607859509723769120e+00
8.931953018532765576e-01
1.196107136545935923e+00
7.525446520521220650e-01
7.969571489247404550e-01
1.598654367314180202e+00
1.558166254579214316e+00
1.277213326142470073e+00
1.236775686933496488e+00
1.640935030801469185e+00
1.375209967364376062e+00
1.502202104355742307e+00
1.452804004445406694e+00
9.405391806664269438e-01
1.238167728367624010e+00
1.197642297640111764e+00
1.508776501255593594e+00
8.059193424297208530e-01
1.804861276197013753e+00
1.404367843791575199e+00
1.450937195873735597e+00
6.969134561079854961e-01
1.197475520433801233e+00
1.119933833960082614e+00
1.358054587237283783e+00
1.153718149350553723e+00
9.324155158692102319e-01
1.388359418796234479e+00
9.032007874521768009e-01
1.752741058593774381e+00
1.094818329820163916e+00
9.637086187820539385e-01
7.928908551517102055e-01
1.528880821546548363e+00
9.738691229442575370e-01
7.799312066766661555e-01
1.749716134027240688e+00
1.279438984979836214e+00
1.524243269441381887e+00
1.482478516100349752e+00
1.199822326434166531e+00
1.104674822702205628e+00
1.351048355659700828e+00
8.895346275993446516e-01
1.803015702213289106e+00
1.706555688693229822e+00
1.494643831345140672e+00
1.378363703809697638e+00
8.791996849385185220e-01
1.292290138753189765e+00
1.118401570667082012e+00
1.970927417784280600e+00
9.756656755201267295e-01
9.698147058628332484e-01
1.540152799135696249e+00
1.406715380862525677e+00
1.985486003290723334e+00
3.010098162503012098e-01
1.438756114682920195e+00
1.206870809536066069e+00
1.486789222964973289e+00
1.585914214031803215e+00
1.438380358524876224e+00
9.855623272307997285e-01
1.702498160776376945e+00
1.005266995129724394e+00
1.465809271573925487e+00
1.056474499494999053e+00
1.008285749425866351e+00
9.599117669570416123e-01
1.791873670885036463e+00
1.688869390754772715e+00
6.672819030523108319e-01
1.085647812538985679e+00
1.516369675985918875e+00
1.284673076013184589e+00
1.457393198643619048e+00
1.064681854007354378e+00
1.176035046389647398e+00
1.167754363096918047e+00
1.575288480466555008e+00
8.133558841378094595e-01
1.555370688966355663e+00
8.016368015686251569e-01
9.999036450359009010e-01
1.010677174146609625e+00
1.827343325392541518e+00
7.837252934782762415e-01
1.323204276103247867e+00
1.421012276801636220e+00
1.367108023087499902e+00
1.099052309016150142e+00
1.779149926761400602e+00
5.059842708444027837e-01
1.669723255013009666e+00
1.364250265977118737e+00
1.479989674962919999e+00
1.092570414640167353e+00
1.173823779439507886e+00
1.124133305327468690e+00
1.265903158925931082e+00
8.743636350090159270e-01
1.428125357814263641e+00
1.208145900534330464e+00
1.005759002855235673e+00
1.337069767588078717e+00
1.197420534537557479e+00
8.985473710069741271e-01
1.493043925346863476e+00
1.094089078988884634e+00
1.643071809311746012e+00
1.284632440439390288e+00
1.513754203767720297e+00
1.698535387541616037e+00
7.403211599203721738e-01
1.023100576042156318e+00
1.432805743526132325e+00
9.775912986059234200e-01
1.603961034905138083e+00
1.783775758851146698e+00
1.216156339877459969e+00
9.700329703652400548e-01
1.578152919609013605e+00
1.253637221751547015e+00
1.221762579324570774e+00
1.096966427459082016e+00
1.239114112819278857e+00
1.401722818681144345e+00
1.590181306998622146e+00
9.577330106147755595e-01
8.919852530085410347e-01
1.590279077625917248e+00
1.501741983115893797e+00
1.775706748582298600e+00
9.090707009936270788e-01
1.234518414321084112e+00
1.213768018770801094e+00
1.529989479966010091e+00
1.556915733205535224e+00
1.512333923963951277e+00
7.748795593088204647e-01
1.463708991041859031e+00
9.912010869652636558e-01
4.489824355023262492e-01
1.679270252291408694e+00
1.185098631070602648e+00
1.078404453460145129e+00
1.238083667529495946e+00
1.825740466795028549e+00
1.212630200091849186e+00
1.698439436235027244e+00
1.029664763393966398e+00
7.616133416346763108e-01
9.169816874263321260e-01
1.088011538764880548e+00
9.156196803368973347e-01
8.837073067701887163e-01
1.104560541053739131e+00
1.073308294734760526e+00
1.551690681107493530e+00
8.957197601113106034e-01
1.055684000025673530e+00
9.331644946975671262e-01
1.794323234495409869e+00
1.146743438556409700e+00
1.023895848441175538e+00
6.183568382714087486e-01
1.500897672569334595e+00
9.656664310027179843e-01
6.994176707037097485e-01
5.921149511006656985e-01
8.928159194244806862e-01
1.182915971159546054e+00
1.431582497497922324e+00
1.594811872690201859e+00
1.475400164895847022e+00
7.768829401335517471e-01
1.176919092212401763e+00
8.467675548112041373e-01
1.273856473463359951e+00
1.709754349829697651e+00
1.022327459576680253e+00
1.187950158869524486e+00
9.114400374460899235e-01
1.372727986928124810e+00
1.596438881858436742e+00
1.425963024313404937e+00
7.864236527964661994e-01
1.546193841231151778e+00
1.325819441509937135e+00
1.337354035981488831e+00
9.840740803418012161e-01
1.116421489148734070e+00
1.386666019239814807e+00
1.218174778554322435e+00
8.195064227039610127e-01
1.200524765589858101e+00
1.449212326864647737e+00
7.917847503018565769e-01
1.041346930120863767e+00
1.262805898088567913e+00
1.679222079853970317e+00
1.430777425742399522e+00
1.476830820363728147e+00
1.224977734226610160e+00
1.538772137441742904e+00
9.834954977322478697e-01
1.229029523207483043e+00
1.134992900424451445e+00
1.032089737916780825e+00
1.162697340956186931e+00
7.574375824027131943e-01
1.332968358932600905e+00
1.463306408150693683e+00
1.075122666613543165e+00
1.134134702818023754e+00
1.605607650700116018e+00
1.539660948300447751e+00
1.732093078539532982e+00
1.789343472125481060e+00
1.194900749065298307e+00
1.557639526895685744e+00
1.155762755698965361e+00
7.488266953746670618e-01
1.340816519668545315e+00
7.290934771508797985e-01
1.263984057155670415e+00
7.517408821589642853e-01
1.428818365009812519e+00
1.388996042952606258e+00
1.001935150167815314e+00
1.959463655662326609e+00
1.472391499211053834e+00
1.758873728034880290e+00
1.068236610183394664e+00
1.177199629145352811e+00
1.846296922005671082e+00
1.404784488913079166e+00
1.918582049549411250e+00
1.085634774717769480e+00
1.478692784512710245e+00
1.654698508252333777e+00
1.458083318127930239e+00
1.078519263451800159e+00
1.171782473564075611e+00
1.849902083627663396e+00
1.109504572039188064e+00
1.319005591640796782e+00
1.074792691735775962e+00
1.075297058527035832e+00
9.395199636494744322e-01
1.448679395718214469e+00
1.097997117488011432e+00
1.296105462453341461e+00
1.460462980934100541e+00
1.282880132338526158e+00
5.261323443675274270e-01
9.240351373093672604e-01
1.625658247173942694e+00
1.778267454568984940e+00
1.662557377791216595e+00
9.794147269545225853e-01
1.474847479433941677e+00
1.334277219425550998e+00
1.460670647048766480e+00
1.262248804334070496e+00
8.044719598155577467e-01
1.106186238596436944e+00
1.293382472943145123e+00
1.545845852652987906e+00
1.558443043722230525e+00
1.155472961055991066e+00
1.118161026718850648e+00
4.530699872727820821e-01
1.535471706334608610e+00
1.168085494756297527e+00
1.769749199374107462e+00
6.771975093937160350e-01
1.168885522386948095e+00
8.403707253517397335e-01
1.680457470634957762e+00
2.141974900008514648e+00
1.657997702903307724e+00
2.042077334211663153e+00
1.431875597197164840e+00
9.116530868900273310e-01
1.628354321690875128e+00
1.217626954302505560e+00
8.782753099388089790e-01
1.207416766252155549e+00
6.089665423152876844e-01
1.300006681120686292e+00
1.537711241078886459e+00
1.397712053347683003e+00
1.270714256370153672e+00
1.034957507038122282e+00
1.299467664011959345e+00
9.164859986147860793e-01
1.183409966282545245e+00
1.383936322501152505e+00
1.203718649287893516e+00
1.529243345617113059e+00
1.313383377218020343e+00
1.198939147153387674e+00
1.896542470868312513e+00
6.523511775730166384e-01
1.084483286367422972e+00
1.119451136241911282e+00
1.143220002067951047e+00
1.125871921362495920e+00
1.848225758041238675e+00
1.414454893098183730e+00
8.354922815151418769e-01
7.668083091555429887e-01
1.528477775992674204e+00
9.558012870143876016e-01
4.911216369822728467e-01
1.020459821792310873e+00
1.422088677511929689e+00
1.589786736386576305e+00
1.309292381607131572e+00
1.340043358478669511e+00
1.593685923970286522e+00
1.103245389734393456e+00
1.272572872162341495e+00
1.305702083869213492e+00
1.167238992327407798e+00
1.806326229554708007e+00
1.230511572932397435e+00
1.454564124796271063e+00
6.909762314153026219e-01
1.182729442879103976e+00
1.178898254224739928e+00
6.459224081969289211e-01
1.555187015413519669e+00
1.164450521677404149e+00
9.189360817810822146e-01
1.613571801084279889e+00
1.590844146144672511e+00
7.364006178284157045e-01
1.075251569478345326e+00
1.548996651048316187e+00
9.860262918305428004e-01
9.994434632945452535e-01
9.684924352250703361e-01
1.179209342640337388e+00
1.254308842251609768e+00
2.040157451901272623e+00
1.097180322921486040e+00
1.438787494860271909e+00
8.324912823231895853e-01
1.610090470336442481e+00
1.673128444214436961e+00
7.496409394584511166e-01
1.040603190459485017e+00
1.693617811934484907e+00
1.262576135115066389e+00
9.754390876247915898e-01
1.095047163166013915e+00
3.969347749814068904e-01
1.627934984540547969e+00
7.096132843496745224e-01
1.761915563652260763e+00
1.157644487070285999e+00
1.589733844925299788e+00
1.176910350346647371e+00
1.268366413834824957e+00
1.356984972776819287e+00
1.481968819066288523e+00
1.948795635979281737e+00
8.148509621344066645e-01
1.455703975112557336e+00
7.056188851812168483e-01
2.281504709587863555e+00
1.308824689335112756e+00
1.277618792028182293e+00
7.518128461978763610e-01
1.277374081223537461e+00
1.150285515025858407e+00
1.396213790596227744e+00
1.330890368811995295e+00
1.330466611320432424e+00
8.078441917394674210e-01
1.456047004796716005e+00
1.606044093035958520e+00
1.183385831463700688e+00
1.096340122464712019e+00
1.561211763979652334e+00
9.789574934002476247e-01
1.603655244382753864e+00
1.578005848935062794e+00
9.621491526967439478e-01
8.811483777402728812e-01
1.810819261291449545e+00
1.379453634695358533e+00
1.295965456470263399e+00
1.025927533673465453e+00
1.580652657516196102e+00
1.267024490166861028e+00
1.249001970946044038e+00
1.317529690647705420e+00
1.428786443244778770e+00
8.904916500420514414e-01
1.372339870033411957e+00
7.187917231689668895e-01
1.419015000409506344e+00
1.165532306145485197e+00
1.412704309987708795e+00
1.366292560428970182e+00
1.030418192617364781e+00
1.852629535075102529e+00
6.048882957994562437e-01
1.488186379293743089e+00
1.758718951209533810e+00
8.907347743667791695e-01
1.382451142630737095e+00
1.017091009961487380e+00
2.623090860505918887e-01
9.657844866740070700e-01
8.543789105461477851e-01
1.040650778477520966e+00
1.099422644561739881e+00
9.053985100241130901e-01
1.047161116350040722e+00
1.384987915747355247e+00
2.556038253887495948e-01
9.860762046841314854e-01
1.785613130969372575e+00
1.073421448156809177e+00
1.462837887275145299e+00
1.414016691225512989e+00
1.201279510912039106e+00
9.195125288785198636e-01
1.239443477395047788e+00
8.334123894688520995e-01
1.455868451974748456e+00
1.970742090011869285e+00
1.332129955374489638e+00
9.255058420549315823e-01
1.346816438861949239e+00
1.571802388282576901e+00
9.298810599015019385e-01
1.363535894464995568e+00
9.010035793686096417e-01
1.809188098422788826e+00
1.563478997577884888e+00
9.748736459536271326e-01
8.117115660744870231e-01
9.836123170498802804e-01
1.444991243994341090e+00
1.480012768792994260e+00
8.675172181835589802e-01
9.244174863253339369e-01
1.732507197233078555e+00
8.023818477263437998e-01
9.300085281935834836e-01
8.950888330435853302e-01
7.190102660064571216e-01
1.327337697195012822e+00
1.401015976755850767e+00
1.562228904940432983e+00
1.578798995554046902e+00
1.380222309580772411e+00
1.547309424125915545e+00
1.152467704261847192e+00
8.805138379140869942e-01
1.060046614420114386e+00
1.159531659238937307e+00
1.699057322130185455e+00
1.008945359957378773e+00
1.076397234574589135e+00
1.166835482340742525e+00
7.248164901094001911e-01
9.415772149455732265e-01
1.385811767260566096e+00
5.727917762127890944e-01
1.234554923386636860e+00
4.596942052719819038e-01
1.404011359057029118e+00
1.351552565985641552e+00
1.260429801863950372e+00
1.564612432182774127e+00
1.258652704105136078e+00
1.240591557055522598e+00
1.511841072778084438e+00
1.454501958874094614e+00
1.494333651562395504e+00
1.677103010409819017e+00
9.295256063840262595e-01
1.150704655586049174e+00
1.352455427669186028e+00
1.502741668379942164e+00
1.355182098461012563e+00
6.794959877176063312e-01
1.212558138435502864e+00
1.413895383013313856e+00
8.680406464991553550e-01
1.131937173129026419e+00
1.757683559370419202e+00
1.414632376112294976e+00
2.156099893034253423e+00
1.008749425758008522e+00
1.229902037372868184e+00
1.026427875291226366e+00
1.723514842685185622e+00
1.154038501700293873e+00
9.975333729636071123e-01
1.529247925251282281e+00
1.479725786230659867e+00
1.906663866899893867e+00
1.178900427090516789e+00
8.114959536617138980e-01
1.278148992255659699e+00
1.627085135755906187e+00
9.444332533683430508e-01
1.373902779787113282e+00
1.066187349693138664e+00
1.339257045361854415e+00
1.466029471771988391e+00
1.416712746533633993e+00
8.776654189466966960e-01
1.030873522999563585e+00
9.453474019609888757e-01
1.504048394351462647e+00
1.067958116522243373e+00
1.262807006958284850e+00
5.265648575605913484e-01
1.263833726042819183e+00
5.723784689768101064e-01
1.344837097708852180e+00
1.860719473875432239e+00
1.162135797711441487e+00
8.779507615739858828e-01
1.410514043552237862e+00
7.033487468137984422e-01
1.365161175638875735e+00
1.370345086601828077e+00
1.467221987869087307e+00
8.437733759542913603e-01
7.254152830042153166e-01
6.466914258416915917e-01
1.154088820437307428e+00
1.036130045926659138e+00
1.030492994388161998e+00
9.869302270231583574e-01
1.263210970050425486e+00
1.271633607980681813e+00
1.165934000579559759e+00
1.263628848826918949e+00
1.302534472085982165e+00
1.256381590224264322e+00
1.352414968433525599e+00
9.799265749428888173e-01
1.245188941154171447e+00
1.547190459259273565e+00
1.234828507266115594e+00
1.399312525879138569e+00
1.306219398875847260e+00
1.008237201465763899e+00
1.788217928657137357e+00
1.792722696373629576e+00
1.345832659052264013e+00
1.518550622554923013e+00
1.304728107076690291e+00
1.629902187648667677e+00
5.907437383393027153e-01
1.147770406026152656e+00
8.224807529460272937e-01
1.440706472305800068e+00
1.176035969063046416e+00
1.336789010023464286e+00
2.276139469530872095e+00
1.146959306284209168e+00
1.238328015671446902e+00
1.687353262981240443e+00
9.514477852697243998e-01
1.559757162556383969e+00
1.102083047879162114e+00
1.511791709024926433e+00
1.456990897121223094e+00
1.005218565954233423e+00
9.024933141406343839e-01
1.606228744883298365e+00
9.965018218019359164e-01
1.168138558707139785e+00
6.171298637854074620e-01
1.690585537857981269e+00
1.509359361249262843e+00
1.052192250967725062e+00
1.204672586458047645e+00
1.202683109974560516e+00
1.461674986655803643e+00
1.462913282031695239e+00
6.997664933938991805e-01
7.756116451321740657e-01
8.150186542206298013e-01
9.610705040176734659e-01
1.509715304486191512e+00
9.745408969119384590e-01
1.048014861209163762e+00
1.466060586546709787e+00
1.155825843703649713e+00
7.020134249711692531e-01
8.772907328936166982e-01
1.136835517713875143e+00
1.678825304436412091e+00
1.557633276576587900e+00
1.171199194110499331e+00
1.465119757027191882e+00
1.505319653844866545e+00
1.752900575782633918e+00
8.615782554227729984e-01
1.588429618958826284e+00
1.353071543231063600e+00
1.305124264095871789e+00
1.759856679193810391e+00
9.334268749689506040e-01
1.262749112664898865e+00
7.932365554958965559e-01
9.221910351592802479e-01
7.957511457699998347e-01
1.203696081221832248e+00
1.575614150808734903e+00
1.537373466388141985e+00
1.660986564025541679e+00
1.299681316765718186e+00
1.150849914461726131e+00
1.118749458909090722e+00
1.471284140946116814e+00
1.382715384341668186e+00
4.061486000161695920e-01
9.851907612382664325e-01
1.206491134300251122e+00
9.545925760375192359e-01
1.409016703784747415e+00
1.448868521014429644e+00
1.917306193064610254e+00
1.317047989984829748e+00
1.380205271135344969e+00
1.995897702211404612e+00
