5.360313063246955334e-01
1.653893660183377023e-01
7.303860477080610369e-01
1.438505962086079393e+00
1.793733387187898209e+00
2.505162084881451090e+00
8.447779465800084875e-01
8.625000872969338372e-01
1.783536332201700159e+00
6.296551446263969343e-01
1.089584361883644936e+00
9.954121398089742501e-01
1.285510909038042104e+00
2.786518315110970700e+00
1.424011487432986778e+00
1.150601580984492278e+00
1.321621827931031889e+00
2.995604129949534844e+00
1.565056864560914418e+00
2.116477685728311187e+00
5.119614617019420111e-01
2.325813644050908291e+00
6.156685998313432551e-01
1.814770723073284575e+00
7.863934068311703163e-01
5.975441983227661735e-01
2.607654166882817370e-01
8.308392930103365437e-01
2.748086942345110972e-01
5.007133019508500649e-01
6.829419988303860878e-01
1.750533560734367500e-01
1.809622431859689407e+00
1.407665539747527284e+00
1.475140194804722027e+00
7.640821412660489531e-02
9.620544255134164668e-01
1.504518585107511353e+00
8.631780728117142143e-01
9.756868420876552150e-01
2.475976916749166534e+00
9.653765280785033820e-01
1.494947132543194668e+00
1.309041547496855751e+00
6.192483025117508921e-01
2.080087158147661430e+00
4.418717085739070072e-01
2.020453474890531620e+00
7.398965974640395737e-01
2.887634200122087158e+00
9.006021638592146550e-01
1.023136116265244588e+00
2.496935666133584864e+00
5.481193330099927152e-01
4.606365332745072094e-01
2.014320226104398426e+00
9.714571127296722786e-01
9.076463531232497051e-01
2.333654905259539891e+00
4.971422769137987530e-01
2.163900378273759806e+00
1.327257566402738176e+00
1.182236194709090693e+00
1.906492872447894671e+00
2.035664165042581963e+00
9.316494882592377680e-01
1.606951999187162361e+00
1.669824193607619467e+00
2.179806290376901767e+00
8.773666707494791606e-01
1.328695905156796142e+00
2.061472601858509002e+00
1.185529609193246570e+00
2.213822171089811608e+00
1.382628482171876838e+00
1.624984161998582755e+00
1.555936376825377776e+00
1.177318744778408366e+00
9.054944682947680956e-01
1.232267688293319008e+00
2.342844737012943046e+00
1.903426255857446181e+00
2.585525233105201992e-01
9.535707017956234210e-01
2.617552467193825505e-01
9.764770893351923942e-01
2.116773839037695115e+00
1.672695168036776980e+00
1.973849914506034642e+00
1.387362949845779569e+00
5.785346835566795853e-01
1.595800985330861232e+00
2.134235511561267007e+00
1.126351231267852082e+00
2.123962044353087997e+00
1.408884931152901032e+00
2.635097103864801227e+00
7.120599703398931002e-01
1.816295038694108577e+00
1.941668511348564108e+00
1.328709782288585162e+00
2.052139149561064801e+00
1.566109905954077508e+00
1.877095012696871068e+00
1.161909592599797980e+00
6.899795583258448994e-01
6.045173501803179361e-01
9.767135146333904006e-01
1.460548914051701619e+00
1.532026071442586401e+00
8.718611444957529155e-01
2.866022329600041996e-01
8.367699299680773084e-01
8.873222018160759061e-01
1.757472840461672625e+00
1.126453164124553874e+00
1.335679146750951451e+00
1.903461230372974988e+00
2.163121194828262261e+00
1.272928266564659516e+00
1.124857013752745161e+00
1.073773449572151151e+00
1.394267069927061398e+00
8.298254011584837997e-01
1.541934418746038649e+00
7.339532077996145931e-01
7.821692746233843696e-01
2.121444269625382795e+00
9.677480894810119860e-01
1.563014404681605019e+00
1.369602734501451868e+00
1.589178051652672563e+00
2.512175144046563169e+00
1.991611933737103213e+00
2.404661267462462337e+00
2.054815101579965386e+00
6.081724799573189344e-01
1.582758535742894601e+00
1.068650399856120314e+00
1.284038721081279588e+00
1.208976767289428711e+00
1.331832913606789459e+00
1.629057843017994278e+00
1.601391979995530956e+00
1.661058420088100229e+00
1.509058933051869777e+00
1.051380855205594322e+00
1.085039265047435642e+00
8.937047854715678419e-01
1.759508171700280954e+00
1.618123818214064480e+00
5.884589056051796607e-01
1.745155389818697556e+00
5.137471788947722828e-01
6.311053477980533843e-01
2.345400879528964921e+00
1.460481334353057381e+00
5.728042908522807952e-01
1.666014860419978039e+00
3.137359119235783922e+00
2.096372677002039442e+00
7.143252020476652531e-01
1.285183486016233667e+00
1.030201342377792262e+00
9.801661411224784626e-01
1.057672296991018168e+00
5.454724307222462709e-01
1.459932968727551517e+00
1.073198227674089900e+00
7.679823997275720959e-01
4.014486253040402963e-01
9.800864010046696218e-02
1.236432486003055553e+00
1.648997384696645696e+00
1.474528985695325645e+00
9.216825037410608656e-01
7.035760099842072179e-01
1.170219929957996063e+00
8.896289736473317333e-01
1.441318224401924475e+00
1.156495666418430268e+00
2.560965591518572282e+00
6.543100746254320033e-01
2.080003143529554066e+00
1.608977143183939029e+00
1.281498144284855201e+00
2.173228287622779753e+00
1.647686682075270248e+00
1.334750688906927607e+00
6.050752828611420941e-01
1.825959496925081416e+00
1.469709712879218255e+00
2.177890477779365064e+00
3.398970467639705340e-01
1.305025330723031063e+00
9.333098929487324558e-01
1.176015831015368329e+00
1.032784906612184583e+00
1.489785729894869792e+00
1.251608122552261726e+00
1.232787003464801856e+00
1.847095837122511464e+00
1.794828109861859256e+00
2.185762254773222057e+00
2.449189359156952239e+00
1.581212490456439967e+00
1.587017969596493661e+00
4.750910621010823731e-01
1.584459696712840815e+00
1.879190605699800898e+00
2.606186375132164113e+00
1.947209930991210980e+00
2.062411236833267214e+00
1.058355048714232138e+00
1.396050211716215905e+00
1.441775312666701891e+00
6.126256443710674793e-01
1.123510697781277212e+00
1.900471112313422695e-01
6.547894779007095156e-01
1.529320170252945976e+00
5.374986478296455150e-01
1.673905098958429205e+00
2.838380635050103962e-01
9.902182798228854610e-01
1.328376929282616636e+00
7.302305606198979948e-01
3.033327456840936853e-01
2.074707294779918332e+00
1.468704030680628048e+00
1.285372706768518336e+00
8.246824859124252116e-02
1.794681700414855419e+00
2.968432176972672920e-01
2.099252719834983516e+00
1.269765132064789359e+00
1.436674124087451432e+00
1.580073838469854275e+00
1.313649071713125949e+00
7.986298943382087456e-01
4.998452898497409147e-01
1.952809237781124585e+00
7.746164348497953656e-01
1.612376949051318009e+00
1.973307416372365175e+00
1.537237597489830465e+00
6.934494250308649299e-01
7.873348534355771866e-01
1.026250687713545329e+00
2.585947740762082336e+00
7.163510855031296476e-01
5.122791305435386855e-01
1.187840605365742652e+00
1.891371579007629977e+00
1.329326440050910607e+00
1.867392567488285637e+00
4.792983016598573731e-01
8.347582311355615792e-01
2.539898578046151378e-01
1.713571974207686477e+00
1.473063160998376642e+00
1.153229421483365602e+00
1.701591184841690640e-01
1.055948571407519410e+00
9.810636449610210530e-01
8.764988661186393637e-01
1.040972149597610086e+00
1.001351704050603919e+00
1.398202567695003840e+00
1.739609035802618608e+00
1.201723761412070601e+00
1.036409992573964933e+00
2.173047082867939572e+00
2.910131692179109830e-01
1.041010629833496681e+00
1.135398289246766002e+00
1.337143993630492078e+00
2.183803146196364509e+00
1.700356858126926163e+00
1.165095181014191850e+00
6.507030709458614393e-01
2.295413686081402727e+00
1.393686484193465080e+00
2.072239856408937708e+00
1.101678771301557225e+00
2.715562125867985177e-01
6.716588584226775849e-01
2.074670430702584500e+00
5.338237144485832308e-01
6.854371017951755851e-01
1.235698727069649561e+00
1.052735601290998302e+00
8.636285316297743764e-01
2.470741322005906238e+00
1.156507952245907189e+00
2.999441196500427509e-01
9.645772225668045596e-01
1.331198687193963504e-01
1.945259006578337502e+00
5.817552362459399440e-01
1.077884614066603186e+00
6.926268187551721800e-01
1.253622034880172320e+00
9.342210953907300608e-01
7.914417348294475740e-01
5.509158780891541818e-02
1.445827410169737259e+00
3.212481769194893699e-01
1.722973138826138895e+00
1.213872485564307935e-01
8.553597866525334270e-01
5.191252860131891911e-01
1.082435789859532260e+00
9.342529803540184918e-01
2.154755758163039436e-01
2.738911354609048665e+00
1.549385414015864049e+00
1.330257126915424415e+00
2.083933751837756088e+00
7.233295533229709973e-01
3.578183268082795743e-01
1.630252075700165726e+00
1.473905185373317606e-01
5.800529344871619974e-01
2.134883034004232960e-01
1.590227509725608224e+00
1.101617614039158699e+00
2.094751323382865404e+00
1.463334640523310748e+00
4.549629682641858075e-01
1.552971773489099760e+00
5.674924592334268381e-01
1.096168187035319264e+00
4.307763351654787520e-01
1.228417663745032584e+00
1.704183583850319206e+00
2.831387694195163451e+00
1.671009318414305778e+00
1.214085173137186890e+00
6.166792904962656863e-01
1.585635494693914405e+00
1.541318462654625465e+00
1.631970833233783669e+00
1.013041712298392572e+00
5.700525505572280327e-01
1.971094212973095727e+00
9.342039445544233489e-01
1.866991078928815551e+00
5.075253206225982527e-01
1.476893564133710646e+00
2.383980888469277581e-01
7.978724110140112957e-01
1.629158032228540609e+00
1.246153295479373035e+00
1.714484423341874120e+00
5.460013415769040535e-01
1.724008163328868859e+00
1.292220518000679608e+00
1.527042332275136971e+00
1.159402528090327289e+00
7.860352808976628358e-01
1.725006694824540832e+00
1.754005689199117590e+00
4.310277287056427653e-01
1.277603352315593410e+00
1.170666856234823472e+00
1.104569981026052750e+00
2.614579504162333201e+00
1.580427508217782107e+00
1.634026491628191025e+00
1.777696069576435889e+00
8.836163233821484608e-01
9.985445582045525681e-01
6.949847978045976538e-01
1.219899012024659779e+00
5.184131846074212513e-01
6.464613079759063963e-01
1.044773461533358594e+00
1.923056383978486661e+00
2.390941236325832442e+00
1.162658934950806744e+00
1.439694388442565920e+00
4.063161435414468503e-01
1.385430616407183235e+00
9.433630427294629195e-01
1.732513830764413676e+00
7.509472620119400643e-01
1.072274731998234198e+00
1.695858057438965449e+00
7.590793521197847227e-01
1.047974023962392476e+00
9.547101982138843645e-01
2.496907226185074435e-01
5.314807659597492462e-01
2.359995662035340391e+00
1.130563761163006165e+00
1.262469589840663264e+00
1.457123039670132902e-01
1.809957481055731066e+00
5.767056151848700685e-01
1.212675530376518429e+00
1.950518287098450099e+00
1.622586992595559607e+00
1.257650660165234191e+00
1.477550789765467165e+00
1.324981478123300915e+00
1.401586730626340982e+00
1.188656207291533429e+00
1.351585479430036596e+00
3.295264691036473015e-01
1.867589789267844580e+00
8.718658691260584570e-01
2.711164423952093561e+00
2.284890833717808434e+00
1.237510037071807734e+00
1.779149211549760912e+00
8.444014626987057515e-01
1.165679893405031198e+00
4.912351894349478165e-01
1.182303898678443543e+00
1.596807289935666674e+00
7.595004761681741767e-01
1.528541452821918556e+00
4.988844910069054062e-01
4.919172100164055372e-01
1.632863169967836647e+00
1.389070591610239047e+00
1.283147895658851123e+00
6.900480966157253038e-01
1.428720757356281679e+00
1.344455156220337511e+00
1.210819596031317058e+00
2.571702027759602771e+00
1.848851549295545293e+00
2.087773758423447035e+00
1.305063085759941011e+00
1.595940974421526271e+00
5.642749502106991777e-01
7.900326405675840435e-01
1.038896444085488424e+00
1.938702249145965562e+00
8.313695647612491246e-01
5.756338811871807293e-01
1.542406237635687294e+00
1.971237014120604147e+00
1.893819927641673173e+00
6.959245672931080318e-01
1.192244922293949072e+00
1.426496935344782724e+00
9.118686867933811779e-01
1.630196902804304848e+00
1.578786816192080833e+00
5.052906461309409902e-01
1.946957188249480275e+00
5.244613434709328725e-01
2.728000172891795749e-01
3.314590531178501775e-01
1.550399659761261262e+00
9.580869168144405812e-01
1.782977276351776830e+00
6.631854306014689504e-01
2.148974954236700707e+00
1.890153618006102709e+00
4.957705832005067648e-01
5.302686607485033177e-01
1.521991545616071306e+00
1.019840353827738522e+00
5.010160887280784570e-01
1.086553525344000182e+00
1.191943787580597380e+00
1.456699799246194527e+00
1.047069457569848705e+00
2.388525551576035522e+00
1.191310828166405766e+00
2.359767733969702075e+00
9.988733220398581247e-01
1.058316405145044659e+00
1.094820924449644295e+00
3.248401582172244506e-01
2.261447563449710429e+00
3.767317923189539841e-01
2.248440938620578589e+00
1.251828568397466146e+00
1.291089245727017110e+00
7.444600940331846939e-01
5.074929498402611650e-01
1.954909355153064077e+00
1.332421474609819967e+00
1.476593138518717208e+00
1.539653778329169498e+00
1.588221863244574150e+00
1.270031043924745751e+00
8.859420491308785950e-01
4.246220511662607278e-01
4.312170946675851768e-01
1.562122209732496492e+00
2.325914799457539761e+00
6.122423796498250859e-01
1.912094637755790583e+00
1.170665180445128684e+00
1.513951624616401759e+00
1.604698644632255533e+00
1.016783765303501674e+00
8.003538712260466204e-01
1.396965772051504961e+00
1.154328136279260786e+00
9.036379316514169258e-01
9.404846770065667938e-01
4.600542383759793075e-01
1.092693586587848653e+00
4.762887787081520607e-01
1.107150686636416248e+00
1.945793292060303159e+00
1.490086373906171380e+00
9.625262110740758770e-01
8.576489928566358723e-01
1.128844675366556860e+00
2.673608567405208802e+00
6.498775492728199321e-01
2.513709779794655597e-01
1.970456980135064651e+00
1.475489568748262981e+00
1.607959611921421672e+00
1.252103130056904767e+00
1.294639058860900249e+00
1.418366504493375979e+00
1.156206605084159289e+00
1.420690104519912733e+00
9.712174835078106749e-01
7.448097963683323330e-01
8.465112534347990492e-01
1.889806073028528655e+00
9.962922173384806124e-01
2.236864735307537266e+00
1.358310882844897982e+00
1.778514403893839191e+00
1.295089819130098130e+00
1.831009182517238321e+00
9.087122252439359116e-01
2.351086397566199526e+00
8.454574765746203369e-01
4.257549299439815083e-01
5.036427513543894063e-01
1.480735254822998170e+00
1.746263749394138198e+00
1.450462061455768170e+00
7.351155630898631443e-01
8.453657344660857609e-01
3.007432465472804073e-01
1.412814718351019350e+00
1.795071169947005219e+00
1.687731675024165545e+00
9.259823553129163942e-01
6.318168909507752007e-01
9.735044586523553534e-01
1.985572320668319568e+00
5.989280274403491200e-01
1.352691741287357141e+00
2.088698687767633011e+00
9.915426363647129593e-01
1.665835970860317872e+00
1.558756823843764128e+00
1.668478783018242817e+00
3.053005668325103339e-01
1.137780697382024586e+00
3.835358189427822140e-01
1.921080103850046683e+00
2.598240617383308915e-01
2.105235342341295279e+00
7.918218022946783563e-01
1.392832653759646266e+00
1.278286378233968623e+00
1.275619036722592803e+00
2.156403097035885619e+00
1.794610351029369832e+00
1.016364790317278555e+00
1.201978689343003781e+00
3.772767116659611619e-01
6.761815797018456697e-01
1.306741121258740312e+00
6.466158553537784126e-01
1.416054329826353930e+00
2.432350149292226704e-01
2.095547739059371750e+00
5.482872008831560784e-01
1.223953795490679175e+00
5.065274258738206026e-01
1.878831671866577846e+00
2.253590649683476776e+00
5.190935975007089365e-01
9.864240216709436737e-01
1.080860252202039629e+00
9.126152642166805995e-01
1.358698989090758369e+00
1.966255824375829908e+00
2.065992540984104675e+00
8.051077050441035610e-01
1.393471630929278726e+00
1.851986272548134416e+00
1.449637728170144246e+00
9.632723305559575122e-01
1.924888240963343211e+00
2.171176947293412152e+00
1.720342828428392146e+00
2.126538430504454347e+00
1.236106746905161868e+00
7.904216066637976823e-01
1.453824981326466537e+00
1.912975342448529847e+00
1.524985698578513293e+00
3.491914652174178402e-01
1.690011734459397008e+00
2.144333925127259288e+00
1.076639779700803379e+00
2.074202778736314645e+00
1.053805954275225165e+00
2.231828025015200279e+00
1.078602506278754092e+00
2.512005230917758181e-01
3.659432753273204608e-01
1.097311437431020220e+00
3.203086425606122556e-01
2.888093972727931447e-01
7.493349344665845013e-01
6.225576624635495993e-01
1.267718073718221428e+00
1.131677439658482776e+00
2.257859390858680371e+00
2.448313033003719497e+00
7.255189327857174408e-01
1.019631002785391871e+00
1.087432166306434134e+00
1.991908704397073793e+00
1.144789151706488983e+00
5.939578079569224345e-01
1.054627121106261667e+00
1.788761864902556509e+00
1.421773761803653668e+00
1.579650644968409789e+00
1.644564942502691585e+00
9.379009177735391223e-01
7.160744616176200061e-01
8.904810096651377682e-01
8.952293978144961750e-01
1.101831487644318486e+00
1.912651286391687133e+00
1.858088107415035939e+00
3.207832425703128765e-01
1.361784044282357220e+00
1.045791092977906400e+00
3.922632545377719993e-01
1.473056529203612186e+00
1.071393894099332611e+00
1.169714296793303410e+00
6.873996095966820041e-01
1.489720940953814132e+00
1.158881899940018778e+00
5.428681260747726389e-01
5.019974482009692540e-01
1.341839637066443380e+00
1.966332150285923897e+00
1.651656106228277521e+00
6.749386561856525191e-01
9.658118087391645012e-01
1.397758411773824205e+00
1.464929881989663674e+00
6.203341061510584398e-01
1.378877505121248737e+00
1.402038153766725914e+00
1.489702879911799061e+00
2.030344363345343073e+00
1.017216701548869562e+00
9.024203012013375380e-01
1.137204918487885186e+00
2.968385424334841205e-01
1.978003382903834373e+00
2.602172667067206735e+00
1.588034804282011381e+00
7.448920828832459318e-01
1.124220265434647148e+00
1.902273637523143712e+00
1.162611544926906104e+00
7.283779077440558636e-01
2.029960927783495350e+00
1.474228376182817435e+00
2.545073415150065355e+00
1.636012321476330023e+00
1.777439368821879029e+00
1.394999256316246661e-01
1.013684353242645608e+00
7.464592380361746438e-01
1.883523426970920900e+00
5.689195241056573815e-01
1.087652763569341818e+00
8.458559803847182090e-01
2.310413597495854177e+00
5.254905872637724018e-01
1.409326564467414444e+00
1.760329411512740583e+00
9.513461822003310697e-01
1.520949083109150113e+00
1.166150627519745075e+00
1.217253292245661145e+00
1.641548327832752063e+00
1.866035802100434848e+00
6.471146993249606849e-01
1.418329235328954718e+00
9.364249759854478272e-01
7.443897428723773579e-01
8.994116606030190253e-01
2.119304844447222003e+00
1.275691596958494101e+00
1.152060923450484387e+00
1.113438736909568627e+00
1.016819211181637428e+00
1.125549469311639239e+00
3.562952515095053618e-01
1.555925895001214698e+00
1.730687863785236980e+00
1.806310596212889585e+00
7.713767070646300184e-01
2.153532963585754967e+00
1.092443736927020126e+00
1.095208896724441772e+00
7.940154447314378139e-01
7.148432362103442905e-01
2.273400621530051513e+00
6.251738452322775919e-01
1.572320926869553714e-01
4.392095678452896390e-01
1.443414822970138234e+00
1.426434976508676788e+00
1.778286637426117256e+00
4.322814262289528253e-01
1.366804765895203166e+00
1.247741871354007825e+00
1.136666171176522022e+00
3.142696462917088929e-01
1.475045876787187960e-01
1.290718327527723641e+00
6.080005470551339553e-01
7.427951826496276277e-01
1.551318507062114493e+00
4.746068262965100759e-01
1.822833507479919346e+00
1.626093321678718562e+00
7.576228280315072672e-01
1.619750980717864053e+00
3.102018862067376315e+00
1.007813037804923928e+00
6.479086910166207414e-01
1.345455161369037977e+00
6.085962251885392860e-01
1.648072362327591023e+00
5.542039167442404102e-01
6.301657810489597056e-01
1.639385100436503651e+00
2.330457639966133421e+00
2.119644996485485322e+00
2.098930128240446447e+00
2.084509612758581820e+00
1.076246705284453986e+00
2.646056925721750108e+00
7.830637018517562220e-01
5.256249070554720459e-01
2.241360097726759371e+00
9.736922129478410293e-01
3.430654662293457502e-01
2.304390319611821170e+00
1.580816110055933477e+00
4.495639998516221536e-01
1.652398745647188250e+00
2.223495135221642993e+00
1.804864137053768136e+00
1.432235805781652882e+00
5.439741503808245282e-01
4.070860356347376641e-01
1.323416937317986264e+00
1.844251323423533373e+00
8.057375621354477824e-01
7.029531957063519521e-01
1.549523989461968787e+00
8.763400925646888107e-01
2.969503106762868772e+00
1.284419264222344204e+00
7.829751542909081374e-01
7.508118280622531060e-01
4.514349533989561181e-01
1.065562201315589652e+00
5.111409351289625258e-01
9.549879025220628925e-01
1.478145540971470551e+00
4.902362908910704031e-01
2.009940560077033922e+00
6.583516941630470631e-01
1.584231054591874965e+00
1.189517403298954390e+00
9.763758205358811226e-01
1.088617700987830839e+00
8.814343525620974562e-01
2.325880372921588002e+00
1.560647167798521862e+00
2.028903163962400225e+00
2.217109154018266803e+00
4.622904498574342824e-01
7.185178483455154641e-01
1.446165572649450448e+00
2.239975796620791382e+00
8.905979840826194760e-01
1.040713814594367737e+00
9.995158788260160021e-01
7.882293352310697498e-01
8.233130549443831159e-01
2.914802332010745456e+00
2.731507795359864321e+00
9.787149934718838429e-01
2.889482843441354198e+00
1.042922644498437634e+00
7.337337226706750481e-01
1.976828461488382427e+00
7.635048624497051684e-01
9.677748922865184733e-01
1.824695552665760667e+00
1.821210808896150946e+00
1.301197242580540481e+00
9.712029300448784541e-01
2.213556305041345151e+00
1.218110515898413571e+00
1.559360142947252836e-01
1.016222357879858762e-01
6.395572782704780357e-01
1.148426687667158719e+00
2.189073125107455553e+00
7.875309783203265912e-01
1.079516319678975655e+00
7.249242880385324828e-01
1.877640294460861448e+00
8.414829225066058349e-01
1.407712404370919490e+00
4.815494705696585775e-01
1.368692324163838903e+00
1.872836771482457641e+00
7.536619750209718749e-01
1.429104108217592595e+00
2.074543379454893977e+00
7.585913123010648018e-01
1.024267126986647541e-01
1.904023226982382244e+00
2.678139806504692189e+00
1.238806565279343408e+00
1.050189155860594248e+00
1.549856544229840427e+00
6.538696050917782721e-01
2.433824075452448721e+00
1.529087373924262305e+00
1.249366743136305358e+00
8.647970098285008289e-01
1.248799890109594912e+00
9.903433118197064733e-01
8.987223851661146901e-01
2.764728057146070839e-01
1.569317873451804957e+00
5.732591362576355820e-01
7.420697623631489215e-01
7.658319925355049074e-02
4.160385356261950274e-01
1.588076968172476011e+00
1.585372524037252928e+00
1.296361070381721881e+00
1.640714364820107241e+00
1.323113350119726306e+00
1.170928008297380529e+00
5.673246828411290243e-01
1.043864545555130530e+00
2.157939759082032616e+00
6.185568814328779030e-01
1.906650403171361807e+00
1.484198879513707992e+00
1.707671376106553396e+00
1.251955934863673736e+00
2.628144144907193613e+00
1.631013459161193335e+00
2.046442085792156362e+00
1.651755168276645813e+00
3.618666651031814951e-01
1.881763985281013074e+00
8.901753712844532318e-01
8.122790343940110569e-01
4.344952066797533319e-01
1.084304193664122673e+00
6.145698776559318510e-01
5.645237864724556021e-01
2.061687000498076738e+00
1.548025254277221707e+00
8.980553407711951985e-01
2.415705154539517507e-01
1.647276942543700606e+00
1.893992224124601664e+00
5.101131573386773477e-01
1.010177353899915698e+00
1.124120795312164578e+00
2.092541870203005416e+00
9.179119045419842360e-01
2.103402546427592945e+00
7.388839363190072840e-01
3.485039390091707046e-01
7.274716537312333475e-01
7.979582881181132015e-01
1.442027107696638888e+00
6.375025701602987649e-01
1.491879090665604535e+00
3.252349743963504625e-01
1.857288030331714745e+00
4.435728498274908033e-02
5.096826717090894299e-01
1.249493054386984658e+00
1.866512448877332808e+00
1.284988140976935922e+00
2.208681943248585799e+00
1.245011454900382564e+00
1.055680479774097347e-01
2.444524489067799955e+00
5.754831336735112268e-01
1.974653650490935108e+00
7.293654904085654644e-01
2.112641322121883380e+00
7.351673513482456235e-01
1.417512218196234963e+00
2.318910860169723698e+00
1.205125238423182532e+00
7.741832770664104357e-01
7.322495057028766130e-01
8.846615087060972771e-01
1.524308287508683524e+00
2.163951701967742114e+00
1.436970877254054813e+00
1.977352989384506099e+00
2.538628922694405321e-01
1.758405959130166840e+00
6.264087537983803466e-01
9.300640973366871567e-01
1.891789258291318054e+00
9.933008903590484495e-01
1.519785071848099411e+00
7.589759053232445485e-01
2.247170325798784951e+00
2.881849525903988685e+00
1.052647448142177256e+00
1.725569025734616124e+00
9.310970611733396796e-01
2.926266309131657084e-01
3.213944054360589608e-01
4.972818419061033612e-01
1.504925419022486111e+00
1.762670420257236970e+00
7.868247705384092683e-01
7.000357471597420389e-01
1.399845079617465071e+00
7.461258318230520326e-01
1.415335912847012212e+00
2.096559356224660942e+00
1.743078931907363849e+00
1.256113671905196016e-01
1.291901603257400222e+00
9.781143562782610434e-01
1.338029857539297263e+00
1.676562544847178371e+00
1.133886052833661839e+00
2.238553586469040457e+00
7.857262931714209531e-01
1.034188831054208002e+00
2.044585721446397830e+00
5.715232528419733615e-01
1.602641549177132418e+00
1.156522321307651646e+00
2.312398337526910264e-01
2.177534303628099632e+00
1.945932669530225256e+00
2.035893405043597948e+00
1.274087654634124434e+00
1.082386988060361821e+00
1.390384844612570392e+00
1.185142149909341525e+00
1.507486857451401319e+00
1.186848043894822569e+00
8.096086290328057267e-01
2.717001230005228418e+00
1.523863344370198547e+00
3.383289270221295220e-01
1.111195158050129583e+00
1.977153958821307400e+00
1.171623558441425184e+00
1.643469980612333625e+00
1.134793197125357533e+00
1.419352509503857274e+00
1.838546095920055468e+00
2.943081261667409021e-01
1.956366115796462246e+00
2.001295488371375608e+00
9.598301044544003124e-01
