3.832248030422045204e+00
4.207609137667636112e+00
3.332704230593072747e+00
4.310369972828032914e+00
3.575768377765026873e+00
4.124668164869582654e+00
3.795222842149295062e+00
4.376104702484163944e+00
3.140835688841054907e+00
4.374848757285075607e+00
3.896322986330023941e+00
3.610824302470073466e+00
3.570115410787446208e+00
3.263420073140892885e+00
4.642437225490398056e+00
4.766549994916141841e+00
3.627467069325765792e+00
3.810481640861381525e+00
4.056611050080741521e+00
4.325822399732526691e+00
4.187881804159999888e+00
3.881884093159504445e+00
4.378083212880315322e+00
4.599947791865448998e+00
3.917762551663385828e+00
3.994276356729832500e+00
3.663912647077013141e+00
4.082646387676932775e+00
3.719536060268787470e+00
3.708068288701495518e+00
4.011352669306623930e+00
4.194287874797806737e+00
4.097413102605807822e+00
3.531180407922144937e+00
4.281577390908775982e+00
4.317355761118433222e+00
4.196374452143992073e+00
3.935277874149567534e+00
4.407724586524419230e+00
4.435107314306135251e+00
3.066509769548111386e+00
3.513718782251811668e+00
3.347223032682308475e+00
4.078763609741727691e+00
3.809658246448923258e+00
4.075614094408187782e+00
3.540489154173441122e+00
3.942975470799266802e+00
3.314153808173996296e+00
3.654406315872108735e+00
4.696597138623944012e+00
4.025796883504909829e+00
4.765263604784450102e+00
3.766126374711159297e+00
4.299271556433633457e+00
4.006915577512748072e+00
4.290045862361003159e+00
3.460104694551099147e+00
4.303256290688418417e+00
3.573355993316281065e+00
4.676695732914402548e+00
3.878375115046144739e+00
3.842661245617231103e+00
3.918791547480080961e+00
4.190540774256068524e+00
3.896824039663352224e+00
4.542483423837594181e+00
4.133976832985035266e+00
4.066707353766503275e+00
4.196248248343182219e+00
4.166727845639254468e+00
3.842793156856030734e+00
4.214506438354135298e+00
4.222163887187432962e+00
4.343496845817377938e+00
3.614928377292659700e+00
3.642440023693049422e+00
4.417741899565722719e+00
4.386752636855623777e+00
3.254897352203016681e+00
3.909771585755533518e+00
3.756168681655605024e+00
5.235395889006589698e+00
4.004084378321786097e+00
3.812506995708213609e+00
3.413391500523150768e+00
3.801197212903734801e+00
3.830711446967855593e+00
3.637452725942825982e+00
4.047096941497069444e+00
3.460593420387153785e+00
4.551631760984131247e+00
3.470610707528376082e+00
4.213644387570520955e+00
4.251570140295511280e+00
3.483174417443132498e+00
3.563102465190762125e+00
2.817746242505604570e+00
4.522210259583204994e+00
3.603431107653383592e+00
3.933978844475447989e+00
4.754968602686513890e+00
2.963008494406916160e+00
4.227846708270448950e+00
4.297768596015086651e+00
4.249243608773665137e+00
4.165940300493891080e+00
3.321593099883701328e+00
3.447227501786540582e+00
3.807780931332062746e+00
4.371185139475509907e+00
3.674898717368697110e+00
4.280293788546853939e+00
3.491694791363025185e+00
3.712060385016595188e+00
3.517507617133368569e+00
3.948988237459932993e+00
4.537597976610422634e+00
3.466093490502436758e+00
3.381344145006834889e+00
3.245642755174795280e+00
3.857604351525972586e+00
4.140400490032464909e+00
3.809402422553049394e+00
4.217981802993612028e+00
4.407907649571752629e+00
4.488305918728119792e+00
3.944710749012595219e+00
4.791935044606985272e+00
3.356533095275924694e+00
3.486438817831562176e+00
4.104902911537801735e+00
3.343552113636517831e+00
4.512607103893940597e+00
4.091066441455430969e+00
4.156458444761952364e+00
3.644061373940974846e+00
4.394413194951917845e+00
4.282842805297622846e+00
4.308593453924108196e+00
3.716793075594780227e+00
4.217410691183924420e+00
3.542721939237377438e+00
5.206701015491171702e+00
4.373905065506174417e+00
3.957504239010041669e+00
3.689705801658324624e+00
3.607281059844963611e+00
3.513543514892538688e+00
3.962800974409863120e+00
4.717583418055601108e+00
4.075173991016370678e+00
4.115157497439298595e+00
3.447826454854302725e+00
3.702508455256610542e+00
4.060140962746881854e+00
4.311596841495632937e+00
3.577273506976355044e+00
2.957016594570791579e+00
4.043364160298788867e+00
4.164616285195387846e+00
4.665046561299280192e+00
4.509842156542077873e+00
4.681337758204139554e+00
3.900034465502356440e+00
3.873017861321514932e+00
3.975361761151433360e+00
4.059483353920689375e+00
4.132933569977112143e+00
4.274780229663578623e+00
3.389989701185166737e+00
4.053053659411617993e+00
4.119118096156891617e+00
4.017841078455566262e+00
4.266151666255332486e+00
3.272224420231638398e+00
4.089090842027520267e+00
3.050038678639530598e+00
4.086744965665986662e+00
3.441669498486721324e+00
4.064652242068645727e+00
2.327906484084033334e+00
3.816109642019064996e+00
3.340221971293389824e+00
4.269339931962476520e+00
4.430223497557749468e+00
3.506427134660294875e+00
3.830748750877610576e+00
3.850306587328531815e+00
3.843752886147298042e+00
4.528169354303107852e+00
3.745782952078692940e+00
3.716783125428884116e+00
2.709377811613885356e+00
3.479534008815203805e+00
4.281916702989434498e+00
3.683710473162353782e+00
3.581984898391025851e+00
3.167086584147281947e+00
4.294773524807056653e+00
4.024453260815130662e+00
3.948514599978000916e+00
3.980423498514170433e+00
3.554671007809184768e+00
3.337509968335230948e+00
3.358272999410392590e+00
4.005230517595683715e+00
4.700111315145821145e+00
4.432068850475810784e+00
4.440258535031292197e+00
3.311083919187519875e+00
2.808830941973460504e+00
3.535143807836132357e+00
4.197203228459480684e+00
4.008262031696667727e+00
4.867645666385135073e+00
3.256222591778139996e+00
4.401274912304269371e+00
2.724439993244318625e+00
4.313172101997641228e+00
4.973509205336513084e+00
4.546949862934850373e+00
3.859988860380353604e+00
4.056464611300414802e+00
3.910969172495962987e+00
4.272807858327065667e+00
4.811441674542661140e+00
4.834649086666383155e+00
3.467581827809416151e+00
4.029698604373305848e+00
4.335526249621008965e+00
3.919692619484577367e+00
3.549389634827044837e+00
3.701833918946913826e+00
3.496309174531781583e+00
3.409883825919453937e+00
3.470676185545268133e+00
4.401410581706223901e+00
4.639801227094862313e+00
3.816811645637582462e+00
3.727699566379230056e+00
4.113118904903379836e+00
3.934681502050538349e+00
4.422224736564479564e+00
3.424692387527980664e+00
4.068631622891793143e+00
2.675115058306043458e+00
2.868509529936329905e+00
3.402310963639726626e+00
4.138788836101416457e+00
4.017320395825600521e+00
3.865086685353138041e+00
3.859558906589530825e+00
3.514812226257180150e+00
3.397907139323227632e+00
3.929115484488561627e+00
4.797942616613533495e+00
4.156373199664571416e+00
3.741427271922152187e+00
4.118627803479282257e+00
3.973496906273131568e+00
4.208134869189739113e+00
4.332354246080933002e+00
3.627913457245589779e+00
4.634636526439225968e+00
4.049492858074679624e+00
4.057483827463966186e+00
3.798077459600712302e+00
3.814285019330768023e+00
3.670999967465825353e+00
4.419177993194455922e+00
3.800182921734372776e+00
3.665175159856507658e+00
4.388377110281158622e+00
4.068886290211818135e+00
5.738653814319338409e+00
3.012099368172125757e+00
3.616684488777797135e+00
3.447640606962595999e+00
3.815682969529313073e+00
4.145240679854306443e+00
3.599830517647995887e+00
4.303154057879940986e+00
4.454345103558102537e+00
4.065488750523816641e+00
4.282360386866484347e+00
3.819978248648320918e+00
4.032688481205262576e+00
4.056205942248257479e+00
4.005528915262696721e+00
4.260350193836474730e+00
3.906325730494967008e+00
4.266517514404273292e+00
3.572945831872586631e+00
4.035974449143971299e+00
4.436324451281230985e+00
3.965149570556721237e+00
4.231438143341585523e+00
4.038024958140046472e+00
3.870135046998406825e+00
2.861882899123158186e+00
3.754086120002230409e+00
4.305272466008981169e+00
3.757749525126207413e+00
3.880987084552800948e+00
3.604128790536194948e+00
4.082659244714320401e+00
3.882033028893317361e+00
3.492513355435463485e+00
3.355182091965142277e+00
4.243821873201426342e+00
4.092967952110767804e+00
4.931763657362115971e+00
4.577733628466936544e+00
3.544060097312726754e+00
4.815320340810298916e+00
3.409482432698255128e+00
4.049080838902629154e+00
3.563031508773353284e+00
3.198859321514437859e+00
4.737281186231638408e+00
5.124389834034455582e+00
3.965495323786876192e+00
4.865159328289300866e+00
4.117260192445082900e+00
3.803346771410558436e+00
3.922735081173839955e+00
4.273478526528450949e+00
3.581702389992944546e+00
4.986738373968337079e+00
2.791256905615492112e+00
3.801489987022446115e+00
4.805224052240232524e+00
3.681268258778090274e+00
4.440191756409578083e+00
3.890835333791519357e+00
3.129768831406598562e+00
3.786716906722767728e+00
4.236119426887807293e+00
3.551135071278385791e+00
3.934661554117076854e+00
4.072703810206286690e+00
3.556627568854062282e+00
3.410205772955390735e+00
4.111645976321257834e+00
4.782663329655814088e+00
4.160710539084464976e+00
4.933964633886907869e+00
4.483476966326827906e+00
3.704407460855857703e+00
4.706131849947406742e+00
3.318028897775922914e+00
3.760534959038352554e+00
4.096756623981619327e+00
4.918367651418536823e+00
4.334643571371112003e+00
3.794474037991959037e+00
3.754581164955205885e+00
4.204448854502031985e+00
4.073999022388885116e+00
3.827106705487350879e+00
3.821083856695832726e+00
4.264571874855385580e+00
3.848674776336981296e+00
3.446090055009750852e+00
3.914706646154641145e+00
4.178994484845037327e+00
4.330486834825563847e+00
4.653623404279276343e+00
4.636741826583056891e+00
4.086384808943008373e+00
4.485116998140944666e+00
4.204367954610720659e+00
4.002202472648708209e+00
4.123517325806576928e+00
3.412703594400762874e+00
3.107431733948404773e+00
4.066521042515198303e+00
4.391590540849805713e+00
4.669119794912084842e+00
3.174063949597752732e+00
4.225947724398867678e+00
4.072091380435076680e+00
4.340252190835151680e+00
3.343780621100645778e+00
3.611744432800923832e+00
3.671628866383094270e+00
4.232996454456778856e+00
3.198570919301523485e+00
4.636398992446531864e+00
4.205135582437134367e+00
3.228176763258101101e+00
3.333109220213883006e+00
4.072920565814265537e+00
3.929882410389677894e+00
3.895112780094645899e+00
4.136448205184318105e+00
3.490284175982184767e+00
4.502332157951901337e+00
4.376620948941677192e+00
3.756825070169499625e+00
4.033338208326260776e+00
3.835413947023299741e+00
3.583715712702574940e+00
4.030741763446424208e+00
4.490350592034165977e+00
4.411885286316675980e+00
4.489858373707354744e+00
3.381709482725063332e+00
4.410542197988665869e+00
3.714310349803431333e+00
4.401889283812021603e+00
3.664755119467313360e+00
3.355557371157346314e+00
3.886744841105650217e+00
3.047298350384096910e+00
4.410235156714128912e+00
3.649366797652689343e+00
4.061025336676080677e+00
4.264653112488451470e+00
3.208693442855779399e+00
3.853306392608740971e+00
4.173205262638769675e+00
3.413354636222342364e+00
4.692204709516543559e+00
3.411295263996116489e+00
4.378581905196238466e+00
3.284379367959074703e+00
4.012328839697331340e+00
3.500926707577017627e+00
3.333367813424103598e+00
4.293065309333516488e+00
4.183952570507374347e+00
2.949800614582721359e+00
3.735781055185300570e+00
4.257510470702530192e+00
4.859880046757447225e+00
4.391813702266848196e+00
3.443268644704120973e+00
3.730362615126217030e+00
3.481025763126000871e+00
3.660202389232367182e+00
4.223664215966134172e+00
2.554258131030340273e+00
4.101216104857306810e+00
3.896857717152308442e+00
4.393617004513096447e+00
3.115078422981020889e+00
4.191508172701093216e+00
3.762395511207871301e+00
4.241450039102026004e+00
3.798484182663505404e+00
3.884288599062389657e+00
3.823404845044420686e+00
3.599627805085157561e+00
4.152415327784295229e+00
3.937420280126613381e+00
4.037834309568768099e+00
3.888130935312551717e+00
3.950135626430495428e+00
3.536192748211155035e+00
4.398135869122143049e+00
4.232949131200239634e+00
3.441619163633504730e+00
4.385806118760173788e+00
3.885304996559783230e+00
4.147352616404959669e+00
4.016977267929433992e+00
4.348771375088720248e+00
3.594238157387880328e+00
4.602128679072775341e+00
4.169141196197048593e+00
3.929935600191395650e+00
3.888025734252763321e+00
4.080442476388304485e+00
3.922708788053347995e+00
4.873599468519095090e+00
3.556872776154476057e+00
4.293474922733093280e+00
3.974059912751720880e+00
3.606357837479357009e+00
4.066780562328455417e+00
3.126994207806587323e+00
3.753972281842131054e+00
3.845128679301599295e+00
4.269192200807383486e+00
4.559299138302918664e+00
4.594040961479407770e+00
4.337866977461267481e+00
3.809396730837292910e+00
3.710764576880042576e+00
4.356545520494729651e+00
4.232136585947112728e+00
4.367182395778614001e+00
4.780714241006918996e+00
4.616272897241477047e+00
4.604365365700748391e+00
4.372540873707886355e+00
3.342922185008972757e+00
4.778482349378487370e+00
3.620760175224210453e+00
5.197462210147739015e+00
3.427715251188563350e+00
3.662986097649636896e+00
3.880489097999357817e+00
3.664393374024653038e+00
3.538705610270445501e+00
4.871312872455549225e+00
4.552536063813882983e+00
4.024319365709127183e+00
4.030000243757609901e+00
4.219853322605137791e+00
4.300859027978988003e+00
3.042751871332347147e+00
3.964743086445276621e+00
3.785012061606701561e+00
3.627414034573392065e+00
3.781172532073632908e+00
4.128941862604541768e+00
4.137957818301402746e+00
3.446205403985586724e+00
3.086251458405460113e+00
4.207037502047658251e+00
4.499518056409012701e+00
3.773198176211312038e+00
4.333354327653849758e+00
3.900076840888179408e+00
4.447221339265396090e+00
4.407965483450349886e+00
3.462470329254894619e+00
3.681130593906426718e+00
4.107858159918615470e+00
3.922657135025234609e+00
4.490790365188684241e+00
4.781159564232302372e+00
4.454897327253415362e+00
4.429670571940679480e+00
3.108769367149118779e+00
3.480500706371269626e+00
3.780485182043342274e+00
3.490329161824905935e+00
4.226683166525692315e+00
4.287999918349770567e+00
3.889516511437646429e+00
4.368704970002950105e+00
4.486498190094989624e+00
4.540510568941574121e+00
4.030997190547895848e+00
4.337476570521674013e+00
4.437236732343395218e+00
3.610259568733379165e+00
4.496757828909881738e+00
4.351331468399492586e+00
3.736126908636486554e+00
4.012726261152590013e+00
3.619678780308879684e+00
3.822742840486896387e+00
4.077810723051383590e+00
3.420946579026456380e+00
3.306842512876846829e+00
4.090581491773660261e+00
4.024094424782481916e+00
4.356231710407801216e+00
3.468013236218147721e+00
3.482006146124009494e+00
4.800640899536420036e+00
4.542720496189827095e+00
3.570765615496278578e+00
3.668766763466768221e+00
3.881477598359336145e+00
3.373514969224777449e+00
3.356803956508226605e+00
4.546702797856135625e+00
3.539907523088762442e+00
3.576815897877318129e+00
4.208911425995002453e+00
3.886435069169193124e+00
4.326915372858334052e+00
4.473285135972855819e+00
3.398680883670034625e+00
4.520787975582501339e+00
4.472302712732046714e+00
3.688818032971644900e+00
3.777658911943314379e+00
3.826237712878461039e+00
3.892071305632560207e+00
4.209703317628423314e+00
3.842986016824760043e+00
4.243166102327704081e+00
3.754631984975915771e+00
4.137472932383189139e+00
4.044050936875076552e+00
3.213566828150250743e+00
4.836417293493356695e+00
3.691572985838872167e+00
4.246433000031128557e+00
4.399441819789867480e+00
3.858711580405509878e+00
5.374882248769173643e+00
3.915534225853154915e+00
4.228140838420056724e+00
4.479827725756103440e+00
4.478018896684933914e+00
4.065117042237925915e+00
3.751613023627965227e+00
4.172274960197182025e+00
3.809412582415376836e+00
4.243779695732381896e+00
4.071547797379870381e+00
4.174085940780654091e+00
2.821779824550529447e+00
4.331434303745080427e+00
4.167833346318594145e+00
4.379043527303151606e+00
4.314483813843631665e+00
4.197717118058360342e+00
3.557205274174352727e+00
4.844658067166531801e+00
4.140750447461248207e+00
4.220575851908134446e+00
4.732087016451340666e+00
3.370978887264236334e+00
5.013166248741399933e+00
3.308386994603049747e+00
3.677411893357058759e+00
3.793173169897298802e+00
4.031774939020793980e+00
3.186387658244258958e+00
4.600084687960551477e+00
4.152984750898859545e+00
4.229668325944099472e+00
3.666168928795847215e+00
4.292294927262563675e+00
2.746177502595116060e+00
3.640244119707374271e+00
3.521956845175749251e+00
4.503917055350421528e+00
3.797282795455058313e+00
3.491949018086038858e+00
3.496780285258401122e+00
3.930616455938269471e+00
4.670506075949020008e+00
3.798494598219795737e+00
4.424634384417112543e+00
3.438107070635369578e+00
4.647273526711670044e+00
4.764524988563085373e+00
4.669641528474174130e+00
3.177014223251660052e+00
4.019627104198539413e+00
3.439666561239353104e+00
3.826382496013528201e+00
4.725563177751502586e+00
4.356298806018227943e+00
4.910812027984564843e+00
4.719388712591639390e+00
3.688407645342547614e+00
4.029015539798925793e+00
3.858480486168248902e+00
4.043715673216631501e+00
4.109517095263493403e+00
4.372361769837526779e+00
3.268793998788725119e+00
2.834169297839510104e+00
5.155333191445984120e+00
4.133958453961231072e+00
3.962262422619315938e+00
3.231498083818570954e+00
4.378726596453415887e+00
4.520756292129393117e+00
5.288768804442540272e+00
4.096937863288749426e+00
4.046005724369996059e+00
3.947700122053183769e+00
4.263488645861301052e+00
3.439132735015018039e+00
3.603934304216388718e+00
3.834457840412537344e+00
3.901354769042455484e+00
4.185559693553207339e+00
3.428791353960817911e+00
3.415684581215043369e+00
3.348311049658939442e+00
4.071336987405324237e+00
4.745971397500120759e+00
4.159311236416210811e+00
3.119605079893084998e+00
4.335287665667644674e+00
3.686177976277545287e+00
4.143385333147261207e+00
3.828038061533278746e+00
3.613780630981952235e+00
3.992516398695296065e+00
4.185660945717279979e+00
4.383076083925862676e+00
4.097082883115201746e+00
3.109022467938059364e+00
4.473753856776216509e+00
4.714011953475384153e+00
3.719349175396229334e+00
4.176864682666779238e+00
4.772043924358284173e+00
3.474358592135901258e+00
4.505469161346062457e+00
3.579121053773790972e+00
3.773743178252409347e+00
4.258964885344735940e+00
4.350985224299399157e+00
3.177045261537913223e+00
3.413602702961859858e+00
2.895029739192812812e+00
4.621083608283554689e+00
4.143502648284491663e+00
3.597284142860710077e+00
3.549712997255954683e+00
3.971654306855777250e+00
3.722598535155252630e+00
3.681446056331140859e+00
4.115676845521854865e+00
3.616228483590318010e+00
3.457155165332590485e+00
3.977547293947480078e+00
4.212395638415252996e+00
3.797053667819070277e+00
4.256750835357846263e+00
3.739024396515022719e+00
4.285514144779904555e+00
3.545268611278351578e+00
3.997414158214210200e+00
4.380994503938596019e+00
4.137343845732330827e+00
4.712978604154433704e+00
4.610776230032108458e+00
4.522582190432387073e+00
4.404670871415627964e+00
3.795377174884984939e+00
3.275244834964474272e+00
3.012171867937550207e+00
4.099417404895717709e+00
4.466641913134568931e+00
3.739657315166263540e+00
3.844954804992025021e+00
2.935535118796308129e+00
3.720050557094782828e+00
4.079923383338258880e+00
4.408504670113446267e+00
4.697348412392454264e+00
4.152499985182116049e+00
4.230529756430170707e+00
4.607815544005188002e+00
4.185008733442519890e+00
3.209989618129349687e+00
3.877518840943929401e+00
3.625991512172591413e+00
4.064660492932513414e+00
4.059866277240641530e+00
3.606731740393408270e+00
4.035731179601752316e+00
4.366506964077017550e+00
4.990043706622905084e+00
4.303325538239684889e+00
4.626451767619921718e+00
2.936813110222519008e+00
4.109974221961754104e+00
2.922189399832729961e+00
4.442734440176584698e+00
4.139208145666096961e+00
4.045224718435079581e+00
4.319824303070576299e+00
3.223352663169827714e+00
5.512343182414161546e+00
3.758224311424981146e+00
3.662800075513245712e+00
3.728080269590479112e+00
4.213265496930294063e+00
4.378569959600219441e+00
4.757761919255496075e+00
3.070329546124810349e+00
4.056471964652009987e+00
3.876180496615287741e+00
4.188803779385255055e+00
4.060009810843278721e+00
4.391456693242965947e+00
3.796102266112501677e+00
4.279253728353780595e+00
3.845239738139970775e+00
4.916870251662348146e+00
4.562637016889515174e+00
4.129111071123429788e+00
4.763395916862955382e+00
3.775425778015372824e+00
3.829202177923108685e+00
3.933651338710532741e+00
4.012081390116772894e+00
3.986562926608780089e+00
4.962191414480964013e+00
5.653053727525723993e+00
3.694461675126617717e+00
3.904717917099558289e+00
4.253273190057401898e+00
4.068880957367765561e+00
4.158224011714729329e+00
4.172629137663696142e+00
3.364171007767046362e+00
4.638598064098598428e+00
4.376120943708683875e+00
3.715200396629334545e+00
3.057587787586789840e+00
3.267663939965751663e+00
3.495266807262818354e+00
3.576041255204206237e+00
3.680752395413273259e+00
3.970727644067038931e+00
4.684541028031404153e+00
3.284443668946216643e+00
3.824811280931944335e+00
3.741108059998523139e+00
3.839233269027815254e+00
4.319665101329911217e+00
3.674500434429024853e+00
3.976308060171525049e+00
4.123948480785562865e+00
4.392018721672784842e+00
3.817970579299990952e+00
3.945742874261476629e+00
3.093478646443275526e+00
4.076032650951916914e+00
3.649322826382220608e+00
4.233612960210652254e+00
3.387062325354682546e+00
4.157886552177788353e+00
4.197892325345044640e+00
3.871371420499111871e+00
4.027885983093747235e+00
3.416926985701541408e+00
2.805119294783008144e+00
4.707124247694664199e+00
2.996336045479257137e+00
4.716470693272126979e+00
4.111911812056273874e+00
3.604039975001469553e+00
3.987804846918231672e+00
4.321871045436632919e+00
4.083633321325874199e+00
4.805143093678351462e+00
3.419842343938328977e+00
4.550044697716135289e+00
4.291642121337351234e+00
3.490439036116757876e+00
3.566345562515141676e+00
4.223887962042884858e+00
4.737092965580333548e+00
4.585613411208388612e+00
3.519480420744361737e+00
3.179145482989058635e+00
4.582179373041262771e+00
4.260400733143664631e+00
4.846964891243472628e+00
4.651348799636844333e+00
5.055489036812429227e+00
4.160672342541976931e+00
3.828534418901405445e+00
3.815153189829322944e+00
4.606849786454218609e+00
4.464973413779231848e+00
4.142721576849806020e+00
4.809698996316535968e+00
3.492203171933954575e+00
3.719107288675345124e+00
3.832159322561367709e+00
3.814078075183724881e+00
3.374275955330259702e+00
3.259923248254223971e+00
4.657127533991244128e+00
3.469697392268944025e+00
2.837907087145796314e+00
4.336195543559676402e+00
3.431681751485161858e+00
4.022497007856822293e+00
3.862789492460787955e+00
3.414493339779805847e+00
3.110516523516801524e+00
3.816776517053628304e+00
3.697744604583960815e+00
3.423900237723869644e+00
4.137083986164562965e+00
3.293493100876432322e+00
4.981403079017615809e+00
3.995327492404584291e+00
5.050866588904343146e+00
4.811638321775899563e+00
4.046095520437815729e+00
3.929430325413358016e+00
3.616136321375233553e+00
3.149962947239431266e+00
4.537346656155591518e+00
3.781100698792745796e+00
4.278773510451847173e+00
4.018547309943310886e+00
4.091505447582121313e+00
4.556651453485424774e+00
3.413697867518488138e+00
3.947907741061700282e+00
3.696906300276374235e+00
3.633397636743609826e+00
4.517133683126155042e+00
4.796003610302168596e+00
4.483904666515380555e+00
4.192576753553084679e+00
4.315988837085738439e+00
3.697257411577197672e+00
4.570499147855946021e+00
2.869302921439446763e+00
4.589170254498559309e+00
4.017995256029832873e+00
3.599447868616290958e+00
4.668687247290185915e+00
3.785413927370187892e+00
4.108770697517025283e+00
4.980683502528029827e+00
4.356199955118085221e+00
4.779769268666659521e+00
4.456887918085001843e+00
3.730167308215652344e+00
4.290300929866201152e+00
2.732447623614032484e+00
3.965899472375871149e+00
4.642955702720909628e+00
3.799235541925438220e+00
3.993382436832978666e+00
3.992322040028738694e+00
4.588300314789050205e+00
3.688497499896767895e+00
5.050801037816222028e+00
4.099193352344689067e+00
4.219064347894584621e+00
3.952581255669372684e+00
4.515722906401418157e+00
3.731046813586648803e+00
4.054807300027590600e+00
4.949185852514431438e+00
3.658008621447193853e+00
4.925499662392600619e+00
3.462567809902012961e+00
2.962937511026600745e+00
3.742650749539783828e+00
4.761214608120164726e+00
4.331403356117147219e+00
4.017992250758545048e+00
4.291206585595964462e+00
4.528917050771090302e+00
4.324193578541001948e+00
3.250594554342003395e+00
3.944855758457676220e+00
3.566729390575118064e+00
4.468901720029118785e+00
3.453595679342603475e+00
4.484002216955475184e+00
4.161283115486606121e+00
4.538085145102023432e+00
4.296470927837747311e+00
4.012054488238721461e+00
3.694480382889545389e+00
3.999416002306868112e+00
4.550014173808309081e+00
4.123206293125917909e+00
4.328112774802259644e+00
4.061015448100912195e+00
4.092164396685053163e+00
4.923540167099583975e+00
4.630157468704608092e+00
3.518779056007429684e+00
3.582087317943910776e+00
4.110850219788011017e+00
3.130899549534686521e+00
4.824955039441483073e+00
3.700855799669168444e+00
3.892128473330321636e+00
3.634204595703944829e+00
4.261959245458028178e+00
3.912626964105045069e+00
5.017988214315988849e+00
4.747908055285734008e+00
4.121267366644331354e+00
4.228178627472939155e+00
4.345106893646355495e+00
3.542300649424797498e+00
4.823867979349417467e+00
4.663597595849005017e+00
3.646049485138310953e+00
4.319430076465631707e+00
4.249226840302464225e+00
4.520468379248577584e+00
4.836647154872972365e+00
4.029928558683864459e+00
4.906436495310316559e+00
4.841642334477118226e+00
4.433290177509184637e+00
4.811947938431551997e+00
4.921373365849779802e+00
