1.301584056545262946e+01
1.324897775126931876e+01
1.163923255015214941e+01
1.281573635724348570e+01
1.340477349514232763e+01
1.238983700560136114e+01
1.302783595790283577e+01
1.328770420549333231e+01
1.254724263499183579e+01
1.224511439178827388e+01
1.289478529059475598e+01
1.221636655298057406e+01
1.350280705229534384e+01
1.161502164215508337e+01
1.300007438780923330e+01
1.296928482161309226e+01
1.440738968494475536e+01
1.301236193615343595e+01
1.353729994999863706e+01
1.414142904084031116e+01
1.331234468248491609e+01
1.288219811461172704e+01
1.327204491734619118e+01
1.406875695792914804e+01
1.313802628545090201e+01
1.370154207640946531e+01
1.276055018614476921e+01
1.307884560066699109e+01
1.238867007004874488e+01
1.362339652684024927e+01
1.371668251065091226e+01
1.234757857677858972e+01
1.274343090164256154e+01
1.215470203687570994e+01
1.221425347571679687e+01
1.305131822770557548e+01
1.322013150635714318e+01
1.369723011042077232e+01
1.267474407112729651e+01
1.310613467384243513e+01
1.341276029077479315e+01
1.165329820982979570e+01
1.447105912249364756e+01
1.339522981189201012e+01
1.280718179556521719e+01
1.312847700883208901e+01
1.271133129735379086e+01
1.208819659892289700e+01
1.287922574114834795e+01
1.192135605058832049e+01
1.411664344363821222e+01
1.411248063201232483e+01
1.337062760885112667e+01
1.330606119883905514e+01
1.226738976096244116e+01
1.289369974300656274e+01
1.260724945651372764e+01
1.342839142647028616e+01
1.366649667974301074e+01
1.083909869237042578e+01
1.312454941995140878e+01
1.214752364956937036e+01
1.396863935756029207e+01
1.207256982761760966e+01
1.372084814962491528e+01
1.232301656303023130e+01
1.414566376208112608e+01
1.327285682871702477e+01
1.361455626292113941e+01
1.382373045832070524e+01
1.323447007716486112e+01
1.284661956282993778e+01
1.203601489178998918e+01
1.277683275611999747e+01
1.314739021899570659e+01
1.358366529914552601e+01
1.194335551617553470e+01
1.314174792569411920e+01
1.260052540575207125e+01
1.209240511331636547e+01
1.234399563135531253e+01
1.245002916408086513e+01
1.323444537219456585e+01
1.363916608874558634e+01
1.205669319696623276e+01
1.336881756234680019e+01
1.361072243457894970e+01
1.418966007382844552e+01
1.323239313509895076e+01
1.333809754764276434e+01
1.230418043881157608e+01
1.271738930058102568e+01
1.416434805775302586e+01
1.228575039671765445e+01
1.357577467579083930e+01
1.264704083772056187e+01
1.232835112054054783e+01
1.295330258366758258e+01
1.260615347395838270e+01
1.190678168919295210e+01
1.328623867562636995e+01
1.325562673226183996e+01
1.341961442125202097e+01
1.247668273951841300e+01
1.394148238761708214e+01
1.260316788011571809e+01
1.276382692909245620e+01
1.374369652922602292e+01
1.301610269811598464e+01
1.270035472878128147e+01
1.342680979371043470e+01
1.226958131350094483e+01
1.266916565092026126e+01
1.299744569857648102e+01
1.313131336320217990e+01
1.233734791540496900e+01
1.227572009759555804e+01
1.299569264156963122e+01
1.223687636926008970e+01
1.412787204322249046e+01
1.345938378583213968e+01
1.356093083479108152e+01
1.446508821711242199e+01
1.305951224422174661e+01
1.259543653952990638e+01
1.410863070556809085e+01
1.400517822683109337e+01
1.308670569110677206e+01
1.337406495707258358e+01
1.194004748988546183e+01
1.318740912615193039e+01
1.268094804139469822e+01
1.309002530795609687e+01
1.409934379020301165e+01
1.227934270173922826e+01
1.342697570241567462e+01
1.205461439634737708e+01
1.261855340242735402e+01
1.366925527775461902e+01
1.365845162436809090e+01
1.205783623692591178e+01
1.295297801625543421e+01
1.252286178990770615e+01
1.415048909398636567e+01
1.450506366556724203e+01
1.382810313516094070e+01
1.309661116017702476e+01
1.309152895812945872e+01
1.417856862842367960e+01
1.396344010033046956e+01
1.321072355826213851e+01
1.216090892448535676e+01
1.414170893521320771e+01
1.322572671414484802e+01
1.306402088694685837e+01
1.349946076546885365e+01
1.325312303003564729e+01
1.337356707476325290e+01
1.289848148007134654e+01
1.434354257702542590e+01
1.316087572276323847e+01
1.333088254906271430e+01
1.409844671658556692e+01
1.399475913398404714e+01
1.290525811855790472e+01
1.397171251838943817e+01
1.262176723047924831e+01
1.275834053076470553e+01
1.194464996303866577e+01
1.296690913484026098e+01
1.261100076865087161e+01
1.381189524894256060e+01
1.351371596249866336e+01
1.234889203665523105e+01
1.296775800006490087e+01
1.241322860365397673e+01
1.328644525063346116e+01
1.313679128711852861e+01
1.210455579639622847e+01
1.310097932850414715e+01
1.334106955665066963e+01
1.196059401476610695e+01
1.244898130027681127e+01
1.263365698530250825e+01
1.421824854569903174e+01
1.319427455991774245e+01
1.339173091431226048e+01
1.306226524140875611e+01
1.397661683898849105e+01
1.361102591354652525e+01
1.324511839429680293e+01
1.395505636209690259e+01
1.262868571491805092e+01
1.227766636853672289e+01
1.291311084545775856e+01
1.351869784409869446e+01
1.182436825897550392e+01
1.381521759924484094e+01
1.309246248964281811e+01
1.334221641665976321e+01
1.239493392915758996e+01
1.262120662781035030e+01
1.257423492961648037e+01
1.312801069177742974e+01
1.182134104025979759e+01
1.227503686059024801e+01
1.338338173030733635e+01
1.361683929853371033e+01
1.267719247731261056e+01
1.261385118144951356e+01
1.245862684182684355e+01
1.240836292800412544e+01
1.223737755183568865e+01
1.251070971703594381e+01
1.329763525881028841e+01
1.324322889168149331e+01
1.233451740347726933e+01
1.292427514863192073e+01
1.217625981072025532e+01
1.389215020680425283e+01
1.439506225002721251e+01
1.287767505458685235e+01
1.253436303939445828e+01
1.271909454950680463e+01
1.368387962350234588e+01
1.194731206652077482e+01
1.327565984817252698e+01
1.352141072545487610e+01
1.220109312666378010e+01
1.448765483885066629e+01
1.256014717634618805e+01
1.326348113122196182e+01
1.275996341217431329e+01
1.395132384654628765e+01
1.208567973286138297e+01
1.296806476809739905e+01
1.355243165660647797e+01
1.331939282203245867e+01
1.478095212791305890e+01
1.358396384176690930e+01
1.304980198046743745e+01
1.372404449611858013e+01
1.271160109084133616e+01
1.456065688483291787e+01
1.313146889903399561e+01
1.380701113088523435e+01
1.156457114010263076e+01
1.290783166014021077e+01
1.295267213082874314e+01
1.256513953013254081e+01
1.383785745481529617e+01
1.331003716188183361e+01
1.292194595303488569e+01
1.216716080445798553e+01
1.284858488930486686e+01
1.296660780654186951e+01
1.391362543627582049e+01
1.313412483681997678e+01
1.286162871805337815e+01
1.385993868325532574e+01
1.241582019485722377e+01
1.378208381609242394e+01
1.336457651072013952e+01
1.130992483053914199e+01
1.248951223630979612e+01
1.143173147802583145e+01
1.271884361741556546e+01
1.160583945820614993e+01
1.348434855831487589e+01
1.357529009285717336e+01
1.500603461124281068e+01
1.193243633823470695e+01
1.206011672769322907e+01
1.336411846405083104e+01
1.353668317821814071e+01
1.419988717515695953e+01
1.286310146867435300e+01
1.342735863490071502e+01
1.296206827304550302e+01
1.334712058461612294e+01
1.277335240217145440e+01
1.188440375396750959e+01
1.313566363816581450e+01
1.394141594693280695e+01
1.288979957723612024e+01
1.361608308041649096e+01
1.356955905835846821e+01
1.359788018095083117e+01
1.266404729436405496e+01
1.409653248525845370e+01
1.245364461340596307e+01
1.284173398269354749e+01
1.406725463225059691e+01
1.325466766292958276e+01
1.306037138744602188e+01
1.354533994779152195e+01
1.277715793582490633e+01
1.284486466949421946e+01
1.300914933274777852e+01
1.326432640691615994e+01
1.300034630547436088e+01
1.308514282775869475e+01
1.411389715642646081e+01
1.360223466201355613e+01
1.420976343496735872e+01
1.358742037981695461e+01
1.335864869916053443e+01
1.314690752953814190e+01
1.291073083587282788e+01
1.330248257496674924e+01
1.425803163317656264e+01
1.231850973118503667e+01
1.472215870503987389e+01
1.423816174662170475e+01
1.335121879675410561e+01
1.378662206352033870e+01
1.237083251874450340e+01
1.366613736139859725e+01
1.426631813673519744e+01
1.285589507781777918e+01
1.456200865834007452e+01
1.323533169517212293e+01
1.286661575938659574e+01
1.288473072060390123e+01
1.257343367080239993e+01
1.276403157513076714e+01
1.219656734905003681e+01
1.336462549743138517e+01
1.216068055255842140e+01
1.355985421145917513e+01
1.256029220894933296e+01
1.199221587892078844e+01
1.351237197185548311e+01
1.155240944939569481e+01
1.368223549217819368e+01
1.355859203444706118e+01
1.335660172201400364e+01
1.205347544039935492e+01
1.336581675934702318e+01
1.317888596853788208e+01
1.191881112808486876e+01
1.297270512379022733e+01
1.272954865438898153e+01
1.281279402508020127e+01
1.282737829249254879e+01
1.282428027989389641e+01
1.468312011096013414e+01
1.368997364250045301e+01
1.357747055624395927e+01
1.332741517424449995e+01
1.342627073195969700e+01
1.239816649274566807e+01
1.323792627625452667e+01
1.346241470858503675e+01
1.460878608476561169e+01
1.295007223046877165e+01
1.408902755423664921e+01
1.390476821432113574e+01
1.320831929593931697e+01
1.265349798690041538e+01
1.301996254720667245e+01
1.334977024245023181e+01
1.335242998789154356e+01
1.332268482583669211e+01
1.244102254308615940e+01
1.287930551207230501e+01
1.328406622093669931e+01
1.288689484809495411e+01
1.368663457341643941e+01
1.297897484130593426e+01
1.215197847370101591e+01
1.401825151615331322e+01
1.356038087081884314e+01
1.143012602090948349e+01
1.384301762199741326e+01
1.311945014565069734e+01
1.431514227026466024e+01
1.360644319478694797e+01
1.385440825568063516e+01
1.362237430350851319e+01
1.286004585694290192e+01
1.390287249935827241e+01
1.342578032058327331e+01
1.119593456008170840e+01
1.345660034244088976e+01
1.362649569748513301e+01
1.264467192817730634e+01
1.306570164220274677e+01
1.427425685577557068e+01
1.366470168480515213e+01
1.296445285408461245e+01
1.233298427735462433e+01
1.291297058636308215e+01
1.311331543575811587e+01
1.268794960459495513e+01
1.314432853731771722e+01
1.289473697009219144e+01
1.299716859881092113e+01
1.347034083972415353e+01
1.281358607095461544e+01
1.299348366291251544e+01
1.299381275078158637e+01
1.401618634416145959e+01
1.389589473308796030e+01
1.408596559452140085e+01
1.389710228647736479e+01
1.355793274427063722e+01
1.376473487874598334e+01
1.333245896001890962e+01
1.250848627628128362e+01
1.250725139595109425e+01
1.247707956244385130e+01
1.425273769200226326e+01
1.258311764400637678e+01
1.332202965596528799e+01
1.330236899686442165e+01
1.380916284550554174e+01
1.315818224817991045e+01
1.265189286469006369e+01
1.345021855802126076e+01
1.192605585526882450e+01
1.280336345643097928e+01
1.362760241822748597e+01
1.352841738919588721e+01
1.309611770525565078e+01
1.382703605081663945e+01
1.316706278994469237e+01
1.330048691022766683e+01
1.250601915920837293e+01
1.230778689658857949e+01
1.265914252524976646e+01
1.431107286184005822e+01
1.395156414397172817e+01
1.244209030840428731e+01
1.312750018154993192e+01
1.464649920466488453e+01
1.322301491043955046e+01
1.363566352278338734e+01
1.268157708273752782e+01
1.281164978917065156e+01
1.264276161335087068e+01
1.295452576017392232e+01
1.365605969918904528e+01
1.350048005600185697e+01
1.483353614138403209e+01
1.266652993224817081e+01
1.370961328617951658e+01
1.376701837054391753e+01
1.205705086921770075e+01
1.238458491571816822e+01
1.369875317627319866e+01
1.329669076107682280e+01
1.335290250125334666e+01
1.313933765343223037e+01
1.236371854613215504e+01
1.213460761543723088e+01
1.264967280423745244e+01
1.349696504827602084e+01
1.259577474674416031e+01
1.290008206544359304e+01
1.352596494914839731e+01
1.327071561659674970e+01
1.345438507037098574e+01
1.320858853495985485e+01
1.372647063796613764e+01
1.347392929749286417e+01
1.322186398699417964e+01
1.387943892044933847e+01
1.320505168580081268e+01
1.150954460953753689e+01
1.316286510166167112e+01
1.405791630054399199e+01
1.462832237183944706e+01
1.357284621717896478e+01
1.362223055235183367e+01
1.324982590927927006e+01
1.440890046815643366e+01
1.325229162394937710e+01
1.380766619873909917e+01
1.440447778825309655e+01
1.275194433008813277e+01
1.326844147021554043e+01
1.214804483254805412e+01
1.353905772347873970e+01
1.325790908876876806e+01
1.267469827188702958e+01
1.269117865098292874e+01
1.367280667503712088e+01
1.355702981247544869e+01
1.263312393026081004e+01
1.331499946126193734e+01
1.266917852359243390e+01
1.192227956805812994e+01
1.246116620053654422e+01
1.343645048348277449e+01
1.380169177281321780e+01
1.191674017048183032e+01
1.388800387861144259e+01
1.203658275354186991e+01
1.431417543644864843e+01
1.346424963436171218e+01
1.394692739898353651e+01
1.135436177735842911e+01
1.339588149050993415e+01
1.274257765616636107e+01
1.140010456722215437e+01
1.261256157189357729e+01
1.306887244259475978e+01
1.398037313604404730e+01
1.266433497232255512e+01
1.356658298055972089e+01
1.256121610904951247e+01
1.214283150340517281e+01
1.229335752466097098e+01
1.341205971984429368e+01
1.250857823101648059e+01
1.399534156391800721e+01
1.243129510190784615e+01
1.327382182559506596e+01
1.468897502940677668e+01
1.166532929825680931e+01
1.223095001489163103e+01
1.282838421543238816e+01
1.345727406225190670e+01
1.256863510408845386e+01
1.351388424334402849e+01
1.283151645246374706e+01
1.324494602435104085e+01
1.350571566969050075e+01
1.282383029137029240e+01
1.406256021687655888e+01
1.213656334329154873e+01
1.247188081341018240e+01
1.388587618545712132e+01
1.393376973667381336e+01
1.378557237379812150e+01
1.398509215249389825e+01
1.164592599764681502e+01
1.134010008593310026e+01
1.271495395810738493e+01
1.195954588980400857e+01
1.344100995145036848e+01
1.249620086997206769e+01
1.335414459960197853e+01
1.280230103179997414e+01
1.408200816873097772e+01
1.381197056970422743e+01
1.250849333751357584e+01
1.275358892297920832e+01
1.341477555590539694e+01
1.214284702111376113e+01
1.378783550415814751e+01
1.492913898592585475e+01
1.382953779054361654e+01
1.300629848015195300e+01
1.186920738578308487e+01
1.313225367881132399e+01
1.285994497938892245e+01
1.232623702821014255e+01
1.330794279143786873e+01
1.278664628065604525e+01
1.393179825159405283e+01
1.391694362703972132e+01
1.272025902622437243e+01
1.384275924047923034e+01
1.452715061859976409e+01
1.217896834546040097e+01
1.254500099097931454e+01
1.266565325073392145e+01
1.234342628656942331e+01
1.271193911210268190e+01
1.238696037752990797e+01
1.325876412754544909e+01
1.351799960112640342e+01
1.285937308718218830e+01
1.230996866567667603e+01
1.278863757362233500e+01
1.417297252250963346e+01
1.434002406611607228e+01
1.319377588392883105e+01
1.364515566664449864e+01
1.413102421696528843e+01
1.416439611180082458e+01
1.379993027228169744e+01
1.257632348710656522e+01
1.276378012470303780e+01
1.355390020859484679e+01
1.307669550449698548e+01
1.271531784434754186e+01
1.357957567467051163e+01
1.480362928965633706e+01
1.310222071464112403e+01
1.316637972314247662e+01
1.360054048439462804e+01
1.312335007044762136e+01
1.307876086262358761e+01
1.282257235551289654e+01
1.460979155926266948e+01
1.323728471262792361e+01
1.189019363666318974e+01
1.402652150995728775e+01
1.475090277853153431e+01
1.333234492669179971e+01
1.404953995154395585e+01
1.244561608469635239e+01
1.285429068299027300e+01
1.366192252389356376e+01
1.399273345979428029e+01
1.334225124346129832e+01
1.401845584991306026e+01
1.272205104352032201e+01
1.412213794894394603e+01
1.321322486710820776e+01
1.324320446181896571e+01
1.191100903722174031e+01
1.331680066185035294e+01
1.207951787934010923e+01
1.362088069826322645e+01
1.324074032669847689e+01
1.355700400946478368e+01
1.322908388001829216e+01
1.342044669244591404e+01
1.391667265932607123e+01
1.279504668110973675e+01
1.240674491381702893e+01
1.223248439442199142e+01
1.283196992372426770e+01
1.212315060024469204e+01
1.245705300437643359e+01
1.419802813954079035e+01
1.299912119819655310e+01
1.338657143202376076e+01
1.194994900506326374e+01
1.221658831977531712e+01
1.396674486735866338e+01
1.345878332176259562e+01
1.317332226155568442e+01
1.337735481604952703e+01
1.228749209194221947e+01
1.235417779129970128e+01
1.249622815572395496e+01
1.481471803599646009e+01
1.478955613378840361e+01
1.295940062355670541e+01
1.382489895193734064e+01
1.298152017465032237e+01
1.301967694959526156e+01
1.328517279537179618e+01
1.278074037691714437e+01
1.329816273479218935e+01
1.279386208431841432e+01
1.358586648266683561e+01
1.329044465781132267e+01
1.422401211263095178e+01
1.306449495053843002e+01
1.367429104496318715e+01
1.288945696289065168e+01
1.222683651231373858e+01
1.232372666602062239e+01
1.353104958573185890e+01
1.193931992745409865e+01
1.327875174473934194e+01
1.376538313321749918e+01
1.318849313463119621e+01
1.268386868282098234e+01
1.355386594990827120e+01
1.337091320474303124e+01
1.426141563886435115e+01
1.299087564630861458e+01
1.391861601916078328e+01
1.251863751538247271e+01
1.284246250143826984e+01
1.346676081444982565e+01
1.301663047230671921e+01
1.335912665762907281e+01
1.384079723044498600e+01
1.266262019586277177e+01
1.359974836748720861e+01
1.316063473365801606e+01
1.342110849997136057e+01
1.212379649235159995e+01
1.325526268209960712e+01
1.309682950634921283e+01
1.362188421799709026e+01
1.249695450602919600e+01
1.203983018289713236e+01
1.394672826914267105e+01
1.322967231965141544e+01
1.278761053009234949e+01
1.409319720966890088e+01
1.285556021917412117e+01
1.390827390884816062e+01
1.270419297125772218e+01
1.249547066581675736e+01
1.279215494132083641e+01
1.282871468590003161e+01
1.266335280535948549e+01
1.377531206332921165e+01
1.337693034775288581e+01
1.332589679936736360e+01
1.228765724944818771e+01
1.478381467687836270e+01
1.240430475820756051e+01
1.199652147912938815e+01
1.301858595477008329e+01
1.353343871069775162e+01
1.298168216440168088e+01
1.301263225913367449e+01
1.347576565690104999e+01
1.357303451221024382e+01
1.210530293701095594e+01
1.340114866530383786e+01
1.432806291368570761e+01
1.276712033044345240e+01
1.247672668981831556e+01
1.322715958145835735e+01
1.286020660012240668e+01
1.431332596887814290e+01
1.434001401717824997e+01
1.221060849495371059e+01
1.382689847071716294e+01
1.265754002326665173e+01
1.258960613708752341e+01
1.303452734006245173e+01
1.389559653393726535e+01
1.271395682762082480e+01
1.364320823420437812e+01
1.338753813567196360e+01
1.247821125302484724e+01
1.400860857402879844e+01
1.345456902877222483e+01
1.313363785710869891e+01
1.312061901952615806e+01
1.303450066866976087e+01
1.354981158254669005e+01
1.262370739395537456e+01
1.161896083930080614e+01
1.264039225305538316e+01
1.268268492225590194e+01
1.286839732102986211e+01
1.318608064831825466e+01
1.262868206627900136e+01
1.189408823025080686e+01
1.287491394415286194e+01
1.373554967592060017e+01
1.261743308211385006e+01
1.246138427294314077e+01
1.296195833489745652e+01
1.353056858543019558e+01
1.329122208176433340e+01
1.243515798324392208e+01
1.299984330908620578e+01
1.294756941857801635e+01
1.371392703218424280e+01
1.305495866932252369e+01
1.433413982345093096e+01
1.352526624078673123e+01
1.381333212317761117e+01
1.328009433104456960e+01
1.365371642821570042e+01
1.432518906600578212e+01
1.355084826777655849e+01
1.226414798106781667e+01
1.267106651075092394e+01
1.138339042892738995e+01
1.213864780190462511e+01
1.292472772216429178e+01
1.437315947600773214e+01
1.290111382138938545e+01
1.195560385165853745e+01
1.498094083154763467e+01
1.385354476672807245e+01
1.314882046798435766e+01
1.380964270711292663e+01
1.327083231978953037e+01
1.306017303728195778e+01
1.378656337348982852e+01
1.235845371800795789e+01
1.350755689453758812e+01
1.211263436716211572e+01
1.282834997405055510e+01
1.280671632865383458e+01
1.366706194342432212e+01
1.321471482190028368e+01
1.336838772825918475e+01
1.298408481658390379e+01
1.224604840873391787e+01
1.306258147500481570e+01
1.261103686063633766e+01
1.499036590307640360e+01
1.225281310099495968e+01
1.422291502110725148e+01
1.386532260785701176e+01
1.316538051643705565e+01
1.213737881955350773e+01
1.329012739174152813e+01
1.329789301768318666e+01
1.329012059124244161e+01
1.260543836837898191e+01
1.237137168126146669e+01
1.291205298896684717e+01
1.324762182239556907e+01
1.233662962782893402e+01
1.276306082717257873e+01
1.368618675586828637e+01
1.502758356264612338e+01
1.268627502797918716e+01
1.193876156808830657e+01
1.326418704353396016e+01
1.369664305903499546e+01
1.160012041494489488e+01
1.163711529608934825e+01
1.304764931463131639e+01
1.306800054157310953e+01
1.193738063884697098e+01
1.349530936320443963e+01
1.316652261420150083e+01
1.240925572068611515e+01
1.352776747837651250e+01
1.249071169194121644e+01
1.302034958052259128e+01
1.330753340100819493e+01
1.341889257299354021e+01
1.418050290608057473e+01
1.316312251997998395e+01
1.229706370689727812e+01
1.354530445163024943e+01
1.386421334783835846e+01
1.393857056355988355e+01
1.332203648765653980e+01
1.270766102363672978e+01
1.352864510328437397e+01
1.271705797009047068e+01
1.332622483681317505e+01
1.170573325078419202e+01
1.193656831028760834e+01
1.406459033869803221e+01
1.236849777251695492e+01
1.312550117712500786e+01
1.299279998857552521e+01
1.320948132049365853e+01
1.342165227483404877e+01
1.342485686483430030e+01
1.276713635767064225e+01
1.290721863413285320e+01
1.368577482465986428e+01
1.310291295963824076e+01
1.229058959927482242e+01
1.309721389902777489e+01
1.351862943987465115e+01
1.331248745976593106e+01
1.373843566618112177e+01
1.392427704405856659e+01
1.384468148878613469e+01
1.317024843354762176e+01
1.461812028371673300e+01
1.249685808783581287e+01
1.283795000530736630e+01
1.304606210094062213e+01
1.404247958509262517e+01
1.466952117662403587e+01
1.414753582096120077e+01
1.374928190436877884e+01
1.364663443732290027e+01
1.384440733829245929e+01
1.362561872838220545e+01
1.337782273857357218e+01
1.301736258668783108e+01
1.408731420838111603e+01
1.307044998429142346e+01
1.262029011212450236e+01
1.288966695634720949e+01
1.201173067126677196e+01
1.145900502880681415e+01
1.217765481894121393e+01
1.256160713293188280e+01
1.123454345468110560e+01
1.237957312796710596e+01
1.226114515319206255e+01
1.107841296789786867e+01
1.270901699362174320e+01
1.208917777523132919e+01
1.225146185754769768e+01
1.256031167156044681e+01
1.327734223958682414e+01
1.323272306358647654e+01
1.372504226481342293e+01
1.386534866167805014e+01
1.307576268120487661e+01
1.427166861451660296e+01
1.332712590845534351e+01
1.356661392801579957e+01
1.330703629691039147e+01
1.346438591361812165e+01
1.509204125283515729e+01
1.322959706606161134e+01
1.335690277514846613e+01
1.295856401798067914e+01
1.419351812521377454e+01
1.321001626937214191e+01
1.329607989629113263e+01
1.311240129632889051e+01
1.347380256315487657e+01
1.380911333616090175e+01
1.279298942770907566e+01
1.366220856745726842e+01
1.307281045864899838e+01
1.289487302335794539e+01
1.234254894477026809e+01
1.329050937035986557e+01
1.404836522020902301e+01
1.394421122395814017e+01
1.189026570495148150e+01
1.346132205473945120e+01
1.368773791937446838e+01
1.282598716118585536e+01
1.289046853298641793e+01
1.264833259588602665e+01
1.344696525114255792e+01
1.504914043898297216e+01
1.402318223656751783e+01
1.393449683635454761e+01
1.377429678898244347e+01
1.340338058303660773e+01
1.266177551432373072e+01
1.486881354100095010e+01
1.311357914461359542e+01
1.386639213964785355e+01
1.238324262192645442e+01
1.375085944132427684e+01
1.463788404869660553e+01
1.372489660105856935e+01
1.299814652493923006e+01
1.313882731488877198e+01
1.280692260581250430e+01
1.358954181348373780e+01
1.322846428593981649e+01
1.433191192805455749e+01
1.212171608611080664e+01
1.343308592235097088e+01
1.312834690337812837e+01
1.221884356028474983e+01
1.222508887522342036e+01
1.304344942869668422e+01
1.261923853057382416e+01
1.337207728866041201e+01
1.384468416213758779e+01
1.388837709773561890e+01
1.381128085753155510e+01
1.280920215733340761e+01
1.279826563070935919e+01
1.259080082125425726e+01
1.318145896685905782e+01
1.437179077975671682e+01
1.259739676485927085e+01
1.282040016661873594e+01
1.314181848115395645e+01
1.361765897299327932e+01
1.307243701323715790e+01
1.283115114247456390e+01
1.243853652401063137e+01
1.216944657219593040e+01
1.302862204194596885e+01
1.399235524937212816e+01
1.273698087493165154e+01
1.395571526242061999e+01
1.393868874156366822e+01
1.294114284942124904e+01
1.418464752733632572e+01
1.376819859638038501e+01
1.290455537939730668e+01
1.202230060908907916e+01
1.253233504290434652e+01
1.298929147888682323e+01
1.346528721058443701e+01
1.376112538275565811e+01
1.247660585121955279e+01
1.259210252484549031e+01
1.132785995904567322e+01
1.268529020500704618e+01
1.324351342240387908e+01
1.373053538947362817e+01
1.294263003334127937e+01
1.387191262682437021e+01
1.245054104314936794e+01
1.335838875823165495e+01
1.394455865844666320e+01
1.390873968091433355e+01
1.486598711460516320e+01
1.298639990400301691e+01
1.253661715399221066e+01
1.406621374196291541e+01
1.308478568424532185e+01
1.447031266529738147e+01
1.364126495229517388e+01
1.482354796902806093e+01
1.274761840283284364e+01
1.407712958853798924e+01
1.354518238779945705e+01
1.460916386821471846e+01
