6.840270548790401861e+00
5.654867158731534893e+00
4.726141785552131935e+00
3.799815951547280246e+00
7.667033747712054037e+00
7.767778315061212524e+00
5.329428018470190764e+00
4.589192987020410897e+00
8.021095315008938798e+00
1.007582990622693941e+01
7.512412257494444745e+00
4.945913183121060541e+00
6.848293078800463007e+00
8.190202253056440895e+00
7.817316400331559834e+00
7.830870013861622958e+00
4.335089732929087170e+00
6.116518060546066948e+00
8.463656878539145723e+00
8.792308499320368398e+00
6.433775479969180644e+00
6.083933775277492018e+00
6.869518090590820414e+00
7.662448296465201203e+00
5.722755612460041164e+00
5.524622949539504724e+00
5.229804076246877820e+00
5.148391681436017109e+00
6.180376673533419130e+00
4.252063594880340247e+00
7.334878002172255052e+00
3.606185695024831883e+00
6.768851772111237786e+00
6.671690151158479409e+00
5.170764379553324908e+00
6.064964859788425144e+00
3.119409735739977041e+00
6.153053787255774232e+00
6.830644236247692902e+00
7.259003434453338954e+00
8.514462646816838287e+00
8.190759760352932517e+00
8.104860871542525658e+00
9.433911488424573832e+00
6.878009279427619305e+00
7.624217403476792221e+00
3.987957482278087884e+00
5.163256045569797337e+00
5.586887705998373477e+00
7.591477287033330690e+00
3.612086994486792602e+00
5.817476716999486541e+00
4.656427120200971714e+00
5.311205756610427819e+00
3.302605095132271185e+00
4.912358498371936832e+00
7.105469469778036284e+00
4.926199073222152336e+00
6.026178766813288235e+00
6.097074649947257008e+00
8.360071782750642555e+00
7.735913770549992741e+00
4.520958035889386828e+00
9.229820298746135521e+00
6.386930775999448251e+00
6.474551410044817601e+00
3.966123512632634629e+00
6.718458152991347632e+00
7.587072941570376372e+00
5.939000765224630385e+00
5.967201421620230484e+00
8.666281694959941717e+00
6.051873107817213437e+00
5.651757150386633732e+00
6.380689426873218828e+00
5.720318148964510740e+00
5.940423999596285753e+00
6.699891515102413209e+00
7.919885610040110713e+00
6.912854308920889146e+00
7.489884707021894350e+00
8.818317942684084088e+00
6.770526894658351225e+00
8.012042303157018708e+00
4.748514071874271991e+00
4.056965149152389927e+00
6.459254403179466308e+00
5.200843201345409561e+00
6.274506974913331980e+00
4.914058353403750523e+00
3.829000125537870503e+00
7.444790490867473132e+00
7.712951064583663197e+00
8.664242598578141497e+00
7.155485421791924594e+00
6.372111111799505068e+00
8.575342725652326692e+00
7.875718016458605142e+00
9.482316340548374356e+00
6.773604022292935234e+00
7.797933619997730936e+00
8.586040311947296999e+00
4.781489681689320648e+00
8.680393472115680353e+00
4.400763090693480706e+00
3.976770955033788635e+00
6.099874527246612388e+00
6.539581913493885956e+00
8.274045155465870494e+00
7.166354796329195587e+00
6.756875716184395309e+00
5.455084850639466687e+00
6.627594917693428123e+00
7.644543536492118818e+00
4.991536675116791777e+00
7.019639338256931538e+00
5.695959537116083382e+00
6.352759381394196936e+00
7.694623994162705038e+00
3.138137577717663884e+00
6.749290081946102582e+00
6.062998493374112563e+00
3.983752614736201902e+00
5.641088944430502572e+00
8.880091123387147789e+00
4.444333333802389596e+00
4.281703627311238769e+00
6.555061803728793102e+00
6.159671913620038630e+00
5.705545710609033705e+00
5.575853753907061616e+00
5.468469060883754729e+00
8.617728727934368393e+00
7.218935537905271538e+00
6.402177766969641581e+00
7.644401195064779664e+00
5.514700583976749115e+00
7.492929485671763423e+00
5.985440378896347724e+00
1.884990436177721440e+00
6.846139971766657339e+00
4.431834589334829211e+00
5.496850824190840257e+00
7.662664453602256565e+00
6.255319753484438472e+00
4.997797402448902027e+00
7.316300832085056882e+00
5.523665368460134673e+00
4.986015908358750970e+00
5.782306936812259934e+00
5.403028469943365941e+00
5.660749407739482209e+00
6.994810816407213139e+00
5.099724836376306136e+00
8.163431901541500224e+00
7.436950773442548623e+00
7.729400128779479573e+00
5.029921041878776755e+00
6.094983024041298769e+00
8.537080147423518284e+00
7.487115950938625808e+00
3.102891080287802694e+00
7.879144213324885904e+00
6.550029950475347640e+00
5.582950319515585846e+00
4.863977834773788089e+00
5.872370195348716848e+00
4.394585207392527337e+00
5.329824928461738942e+00
6.386069237635028095e+00
6.444506637259356907e+00
5.055450939468861371e+00
3.877416030038171257e+00
5.661806062831569619e+00
7.542601437117899543e+00
7.380337600385977304e+00
4.044594698459071935e+00
6.142409932154664354e+00
4.051093402113250086e+00
6.652514714904986803e+00
7.442913913533565129e+00
7.229906955393750501e+00
7.898145478030748734e+00
8.973826816748676549e+00
5.564429807493124436e+00
4.215972855417094323e+00
7.363426730825133326e+00
7.005631784332813972e+00
5.856118606144274708e+00
5.678759860645092417e+00
7.023796758890092917e+00
5.989645915062414616e+00
5.238173147072619606e+00
4.317517670294969356e+00
8.268638604957212479e+00
6.850657927334707686e+00
5.977267507189189644e+00
5.712798375916045224e+00
4.543405419206210993e+00
6.634436300547930543e+00
6.429653734245723840e+00
7.472942737942902092e+00
7.637190776964079220e+00
7.200571337297900776e+00
5.673578103040817666e+00
5.963976354125493096e+00
6.968068737055524764e+00
3.474117327503503549e+00
3.657909523370545202e+00
3.866568735318347105e+00
8.540699607096200907e+00
6.433255015352446371e+00
5.685941398096257871e+00
5.838068060057417519e+00
8.056074772834485032e+00
6.047877091278677675e+00
6.363185356404168935e+00
7.173675644370740123e+00
5.489749940624695235e+00
6.384686931011192890e+00
7.553271973744448253e+00
6.114650311564004959e+00
8.523113833364048375e+00
2.829393331862693373e+00
5.287268696011549807e+00
8.347965653277556797e+00
5.382879854769557326e+00
6.614168645431725224e+00
6.017333283590879489e+00
7.400426793764235178e+00
6.608520819260062851e+00
5.768459078135615314e+00
6.857618278019201874e+00
4.885992734224008593e+00
6.452588908564745651e+00
6.714525851064275130e+00
8.961778297799705584e+00
8.249327206916420963e+00
4.141829441034222015e+00
6.212291074847581918e+00
5.964384627952598272e+00
7.235220628699207346e+00
6.710497989876381020e+00
6.719174647364853925e+00
8.633826991893394975e+00
4.055064247471994676e+00
6.234770959595257622e+00
4.775080449038237695e+00
5.925048779529435983e+00
7.808449451576342959e+00
4.421973040843869995e+00
3.565215815584097392e+00
6.290146505183122905e+00
7.771704273659179485e+00
3.026438331990604524e+00
6.543306481699828758e+00
4.350161348667719530e+00
5.865215545066847724e+00
6.174177833763963008e+00
8.417030009314034444e+00
8.738582425309260771e+00
5.708392387252875011e+00
7.084569808802350543e+00
5.837563177743785303e+00
8.103531348524979805e+00
6.525948884373434566e+00
4.448890765404535763e+00
6.149244377369165626e+00
5.843841204867336714e+00
8.616993651893471551e+00
6.382855784069685789e+00
8.631458902820142498e+00
5.973187541346764995e+00
7.194544750684244150e+00
4.694541919604859004e+00
5.872138691888225459e+00
4.173035036037046730e+00
5.968346729748401636e+00
8.689831238546450010e+00
4.735536344250636631e+00
6.410452584422765554e+00
9.111867625279124638e+00
6.037810356516412291e+00
5.271619513806375501e+00
6.176056815227049412e+00
4.629541109621452932e+00
8.024016554514066257e+00
7.632341749289959232e+00
5.255990719815014423e+00
8.539742709392948328e+00
6.560694944078512059e+00
6.309356769321087022e+00
5.068328533881271802e+00
6.799660410206976202e+00
6.984994023071697811e+00
7.938487839932450107e+00
8.597704022943005953e+00
7.402190661008346773e+00
7.852604756506794459e+00
3.754270743650870656e+00
5.748023659341463976e+00
3.684184749050500418e+00
8.119975908554451394e+00
6.570180250714207304e+00
6.450967924636597850e+00
2.486867576159750737e+00
5.511908082645263107e+00
6.623258126060890483e+00
8.479652427745792309e+00
8.198725207272476112e+00
5.766599701374730991e+00
5.148316131958406316e+00
6.951380591953280508e+00
5.312846830216165550e+00
5.988640765050673664e+00
8.974760331079275844e+00
6.232978549564092141e+00
8.451035958765784173e+00
8.376989945769222956e+00
7.338733013637107838e+00
5.193374757702038380e+00
5.088810646237044821e+00
7.404286597092266220e+00
3.451836926595395205e+00
5.882323599379928325e+00
3.866419271367321553e+00
5.818029208805516106e+00
9.127594396398087895e+00
7.061946027277979709e+00
6.670545006420228518e+00
7.292068361235283902e+00
6.284657635301457823e+00
7.889453136013909074e+00
3.764978821382905405e+00
6.176423474458663243e+00
9.328492150091838297e+00
5.283157515500975343e+00
5.576271062820343793e+00
7.721059840729146195e+00
4.212885433693069892e+00
8.246632906943890617e+00
5.717769925124076558e+00
6.508516278601312877e+00
6.393211874983250276e+00
6.061608462454091573e+00
6.314489283890279303e+00
7.875573743077801225e+00
3.444972926100400290e+00
5.258813882768445858e+00
6.188688111280077564e+00
7.530839371302952223e+00
4.263793797124837859e+00
6.028476906276572400e+00
5.880211563947609577e+00
5.076991730758802390e+00
5.342604604627655185e+00
5.520172053691092984e+00
9.133718232641202306e+00
5.098850208540160800e+00
5.722225573413219024e+00
5.416896161276730126e+00
4.937347465633616928e+00
6.624269031865781088e+00
7.163371176300088905e+00
8.231993661200432300e+00
5.941285449516414019e+00
5.822172221584809293e+00
7.147189278718201422e+00
9.648561073533597821e+00
8.152930405324418928e+00
7.585075040935597812e+00
6.423604729808185532e+00
3.609959885084673026e+00
5.232886609315380966e+00
6.932601633901991356e+00
7.160660000286352300e+00
4.601473053638553523e+00
4.847331931453645382e+00
4.835471017169695962e+00
7.733925294439360165e+00
4.906852910457918604e+00
6.694093786597387741e+00
6.015319043641521368e+00
8.962141360938041146e+00
5.390755985864470468e+00
4.589842136159660413e+00
6.514126304352131136e+00
6.677737720938384136e+00
3.779711327180070857e+00
5.292739669098177835e+00
3.179874629198458980e+00
5.587875377205666183e+00
4.523076719829299819e+00
1.402957057393138030e+00
6.020331760271167454e+00
8.833920739995862803e+00
4.420893396647040952e+00
6.574118155545743747e+00
4.582305752799848086e+00
5.941536861619345800e+00
7.819344267616913591e+00
6.903992166638514227e+00
5.582556729769247106e+00
8.453834129277083775e+00
4.256331712699673808e+00
5.530775284017138915e+00
5.423127589437399365e+00
7.011638587603011175e+00
4.821082526716969241e+00
7.066831868053216503e+00
5.288550415217683209e+00
8.469619920771984667e+00
5.552174134884229062e+00
6.725317732646479030e+00
5.404570852851777296e+00
4.789531755986361716e+00
5.013357512255918635e+00
4.632962847276663076e+00
3.999162204520564590e+00
5.105724737885802611e+00
6.574202475214322661e+00
9.306669514427742484e+00
6.863620270740774743e+00
6.902083137523811196e+00
7.601044804323557003e+00
8.148462816939970210e+00
4.504860589135076587e+00
5.270476849394706065e+00
5.571135586644921922e+00
5.023691697564053982e+00
7.348059972606827195e+00
5.428402471236148052e+00
5.305134738416517060e+00
7.636000398022217084e+00
6.588429224604278822e+00
6.954315379027355526e+00
8.104517744411925406e+00
4.141265532539990524e+00
5.968984977805364522e+00
6.001980423343114879e+00
5.152744126654266843e+00
5.766340656425733791e+00
5.711270031519351420e+00
6.841930353035475143e+00
6.513697025235376081e+00
7.424190270458540297e+00
6.257161555711192591e+00
6.479718989487929903e+00
6.579595906260245819e+00
6.078019522351554293e+00
5.821692704995630407e+00
6.652081989679079044e+00
3.185527183951360808e+00
7.251266822841137660e+00
8.000286671405705263e+00
6.383371658510347046e+00
4.548607679084468280e+00
4.952156322537705435e+00
8.627286196348743275e+00
6.157199242183536647e+00
5.525594303675364749e+00
9.510729426540498466e+00
5.318950043682694862e+00
6.727953797863087892e+00
4.595965619786925416e+00
8.160342010067211049e+00
7.070940923679588153e+00
6.341233370084236931e+00
6.467655043062498166e+00
9.099694065612048632e+00
8.771277911770097191e+00
9.213584799175229989e+00
5.260922613717511354e+00
6.413277617146822429e+00
7.503960334734711246e+00
5.646368895728954840e+00
7.305137654398491165e+00
5.072010440444685742e+00
6.192602103911626799e+00
7.992567329072318927e+00
8.911152840225309291e+00
7.114818158962625816e+00
8.262655127217767514e+00
7.400330253612864340e+00
6.317888509550126486e+00
8.701825817726588141e+00
9.424582960603585136e+00
4.920887293471513324e+00
3.695087179956145995e+00
6.421363670742545438e+00
4.630156374617889981e+00
8.110963150762797724e+00
6.359340485840534463e+00
8.712824793305740556e+00
4.802186517448872038e+00
5.572653262076721958e+00
7.405107859279614679e+00
5.336308666016581270e+00
5.772138161864197592e+00
6.779957596092424765e+00
5.278574000394620214e+00
6.612308339129786106e+00
5.445584483638900686e+00
7.294106527624578007e+00
6.292203270801747905e+00
6.716417614455806984e+00
6.888105821450877464e+00
7.753398584350018830e+00
9.186443846556436199e+00
8.784756015884468638e+00
5.412679250922159291e+00
7.205523481298578226e+00
9.184523253195182591e+00
5.104410520216528191e+00
6.653907271804314405e+00
6.242982608629449537e+00
7.537250020787324090e+00
5.398246804681575917e+00
4.785775444065984985e+00
6.009628782507178357e+00
7.887008762770825854e+00
5.794043155359678288e+00
3.929834944650077766e+00
8.698740240480425712e+00
5.322970734156956318e+00
5.777618506820568989e+00
6.385419817705819234e+00
5.340545497776854944e+00
4.990964489528805892e+00
6.642954914232495511e+00
6.285184051948124129e+00
5.197779016964738652e+00
8.500683465880902290e+00
5.442134717889758555e+00
9.735275939923019095e+00
7.947345947725435344e+00
8.623556222367298574e+00
7.290650299799112943e+00
7.459163581287783451e+00
6.078481441744248315e+00
6.463409968428997843e+00
5.396044926618319693e+00
5.027262592699232258e+00
8.665770141423237760e+00
5.270421707494074681e+00
4.522945854211736894e+00
6.617008497070782980e+00
4.691711708857736696e+00
5.760639020556348910e+00
5.879546679252026564e+00
6.236832775793098804e+00
6.880559414884298342e+00
6.840892780296345954e+00
5.762702898351022007e+00
4.904059518568077536e+00
5.587616654991435006e+00
5.605584827374296530e+00
6.017466776193623801e+00
5.742740586173720629e+00
3.594149136692561974e+00
6.730881900817678343e+00
4.816077425415260294e+00
7.536216177526403825e+00
6.052085323767981251e+00
6.641571544153573647e+00
4.619930137292275418e+00
7.321667997877907119e+00
3.955613619035438511e+00
8.940420057611516924e+00
8.485394754753862401e+00
8.717262890528768793e+00
6.698756538550688866e+00
5.841119703647487782e+00
6.365526842393935070e+00
6.286695195882421316e+00
4.893165948480210581e+00
6.902926410282528735e+00
7.138353432532796639e+00
5.300314884728537734e+00
4.981104400245164321e+00
3.574848087408290187e+00
5.050776623127243958e+00
4.869485409012407118e+00
7.259577555138680083e+00
4.056127903797253964e+00
6.503081571246166703e+00
5.199763189843258360e+00
4.708343339520902227e+00
5.075052284442411299e+00
7.010950070291228187e+00
5.924540018206919889e+00
5.098842941515669303e+00
4.934783937051227198e+00
6.155706623992507787e+00
6.372919685649010901e+00
8.491743043939164792e+00
4.676247264225796840e+00
5.874769341336121720e+00
6.057770404469013492e+00
7.348392676402314194e+00
3.416887788021572891e+00
5.313716110612717536e+00
5.335628134139559720e+00
7.198749053171515477e+00
8.210712481479259139e+00
6.620937190307726539e+00
7.691685311443049677e+00
7.391297199423380704e+00
4.925889530685261697e+00
5.692015407991537934e+00
6.242254955923951520e+00
7.261158173166140095e+00
6.492222273451418779e+00
4.241186301851269214e+00
6.793280851794335717e+00
5.149588614928722663e+00
8.082258066393125162e+00
3.871799292245832191e+00
6.461495787044336581e+00
5.636097072152225884e+00
6.046223132210576168e+00
7.289235329285543408e+00
6.504021096666427582e+00
5.543165339507971190e+00
7.207644015085689304e+00
8.020630556492982066e+00
6.788142442940461763e+00
9.353963063590811089e+00
4.190012050594643433e+00
5.883371403714668268e+00
7.028971881135595901e+00
3.952428921125557881e+00
4.945531923581778955e+00
4.974706932384155955e+00
5.982007603968175324e+00
8.866550657006639469e+00
9.331921711863449431e+00
6.343168042422411723e+00
5.969043327975039226e+00
7.109471308045976379e+00
7.256684287520228871e+00
6.478601583175127132e+00
5.118798203542934466e+00
3.942097833345763025e+00
7.293757255666383443e+00
6.707427392740993533e+00
6.172423053939255944e+00
6.095971876837769976e+00
8.534938413738899499e+00
7.984450321495938141e+00
3.720413847566808929e+00
4.759383022469801716e+00
7.157831736521990784e+00
6.689758387457930056e+00
9.404384006164656640e+00
6.237140359667364464e+00
5.657692893455652516e+00
1.536924963796715282e+00
5.558197101841992449e+00
7.924858795889981877e+00
1.163536156575839620e+01
8.232820343433482790e+00
6.687853838423415631e+00
8.464982944959260180e+00
6.940028906905593153e+00
4.390376258234054418e+00
2.194692938162483120e+00
6.781916188521542210e+00
5.520176559442950825e+00
6.959569488600263476e+00
7.669606143123373521e+00
5.485679368029688696e+00
5.722015815462746957e+00
5.061773825589830800e+00
6.625197098725144507e+00
7.369736899792499685e+00
7.268518556462811198e+00
4.735416386798007693e+00
5.995639141930477756e+00
7.161835044512562476e+00
6.713832950841076119e+00
5.600569201555998688e+00
7.156153819438465291e+00
7.003072693162240014e+00
7.422426256977214365e+00
5.931581682560789659e+00
6.337998084899637341e+00
7.147143818484699374e+00
7.855603364489768481e+00
5.533098127126416799e+00
4.927429283102419788e+00
5.662930966217436968e+00
6.613926056683538057e+00
6.829836347306780020e+00
6.503519135466871326e+00
8.000054179137803700e+00
6.374126359140367626e+00
5.661051201208724848e+00
7.824094611846173386e+00
6.040041784420562720e+00
8.731217814056632776e+00
4.213022094560285424e+00
8.739592722739756070e+00
7.046362069141081541e+00
7.005959670140893714e+00
4.966288365103026514e+00
5.988870077934144831e+00
5.933266189235573584e+00
5.074722784140120346e+00
8.446579657079189118e+00
5.112868365083297562e+00
7.127960864093886073e+00
4.506336735288933859e+00
6.680075666345285157e+00
7.743262642709615839e+00
6.598412678771666151e+00
4.877656104526585601e+00
5.541995386526727074e+00
9.085865283952866633e+00
9.043749398475490864e+00
4.901787372605712179e+00
6.252541792205172477e+00
1.012885268820214613e+01
5.874587705361284939e+00
3.418825888206522556e+00
5.748506500018265797e+00
1.052698407334370145e+01
8.749830407532446230e+00
5.793941624193666762e+00
5.611755791265307991e+00
7.260343699557767927e+00
7.451519034551303378e+00
7.172335168556021046e+00
4.831807941653541327e+00
5.747959140865455119e+00
8.372353685692747405e+00
5.820063924784404819e+00
2.728832134184604019e+00
5.688216100362132543e+00
6.174589574671835557e+00
4.464484752424317193e+00
4.823953197854655706e+00
5.329902714559847432e+00
4.936901028885594123e+00
7.839795594742798635e+00
7.885524161918433528e+00
6.556419675797796387e+00
6.940812273388191400e+00
8.029026757466510844e+00
4.001053601530279558e+00
7.354541689174576291e+00
6.196483801331478247e+00
2.943769048374303754e+00
6.798007869940192016e+00
5.758102639201823969e+00
5.995340814536641361e+00
8.678888935543172423e+00
5.993303562363451853e+00
8.606170499303191335e+00
8.698952890926475945e+00
7.738218479049931098e+00
5.236911258505230649e+00
8.088219062961032435e+00
4.516499227435741837e+00
4.740965214885261680e+00
7.989020608433346382e+00
4.965185306698326251e+00
6.046357481907272735e+00
7.968131055773226556e+00
7.225013987803271753e+00
6.549463477152830393e+00
8.961484122260555907e+00
6.414754758324199280e+00
8.159669601777904901e+00
5.543916265817530054e+00
5.271458063534813832e+00
6.381466186575057264e+00
5.887617946211704201e+00
9.325096522562795087e+00
6.619809797871643475e+00
4.864788639506260282e+00
6.707816704919780548e+00
6.039836537630081104e+00
6.346281730817254108e+00
7.269578122133271592e+00
6.503002030653572518e+00
6.411933101073506336e+00
3.899840513771366091e+00
7.494788038752687953e+00
3.965258459811104697e+00
5.981119604472721285e+00
5.924738820637342585e+00
8.283636696031429381e+00
4.916750694050904258e+00
7.776534101300382140e+00
6.897419977932997881e+00
7.660735681545615350e+00
8.166267255510726741e+00
7.553815448818699707e+00
5.112704714841897591e+00
8.025648031826733586e+00
7.463503708497582601e+00
4.673839587119502426e+00
8.961726927068804471e+00
2.841817001053710268e+00
7.059195636265561902e+00
4.909184959902621159e+00
6.993724986147860534e+00
6.844394618812623676e+00
5.102981757322100798e+00
8.981047559432289162e+00
4.908986915640262794e+00
6.901598609559918884e+00
6.231901996442568148e+00
8.339932513691675098e+00
7.563821400469948664e+00
5.258937756339650882e+00
7.726153534400516776e+00
4.481664802177891538e+00
7.193288308620238602e+00
6.235831038817123861e+00
4.533880103343739698e+00
5.736399684757465423e+00
7.764907861249807475e+00
5.974394135691779795e+00
6.362309849217830049e+00
5.548283430990659681e+00
6.468056473725137145e+00
4.952542408055747636e+00
6.308980949382672954e+00
7.543582786538640228e+00
6.478116039053250397e+00
5.913350228259629304e+00
3.705417940384521103e+00
6.355162591566621444e+00
6.270790619655255860e+00
7.248944117923183050e+00
9.609957781979733937e+00
8.521521331598703952e+00
4.301029317579546429e+00
8.385358998142200093e+00
6.033003092991407357e+00
6.615918547488656820e+00
4.836156568641809095e+00
8.506966338680802764e+00
4.039601939363643979e+00
4.006622129350312811e+00
8.264830063292372131e+00
5.764582638397986791e+00
6.212154300054803180e+00
6.646205038229751061e+00
5.524096036917730324e+00
4.268523046238543728e+00
8.952031912349644571e+00
7.843609171623105780e+00
4.749075248820784800e+00
6.824329345909642797e+00
6.925122864847267579e+00
4.318483904483106706e+00
4.834594118168517696e+00
2.183330324155060342e+00
6.391702600759220587e+00
5.898329400216586471e+00
5.612333057035267636e+00
4.658603542303170642e+00
5.826752464379030272e+00
5.958795700255147487e+00
6.596793924298912870e+00
5.390446634937617887e+00
4.949235394436009905e+00
9.123613298405729211e+00
5.253679324655949223e+00
4.682168225723409627e+00
7.743911637057724562e+00
5.167989632670716205e+00
5.915702563243158352e+00
8.300642866848624735e+00
7.114027880397674863e+00
8.344936098680713954e+00
5.516504681363110230e+00
8.781282752301994066e+00
9.121895422046199187e+00
7.449369885517348244e+00
7.292206210699159641e+00
6.395553909724286612e+00
4.818753918496446076e+00
6.362618347489532589e+00
6.349873128277186751e+00
6.515883359822804977e+00
4.195401640415252764e+00
6.522129404307889011e+00
2.546261318733718859e+00
8.542128905975326703e+00
3.800822596395484254e+00
4.396352655972020074e+00
4.663931653299528080e+00
5.951339085555080288e+00
7.896168211018187222e+00
5.433022703256852104e+00
4.253597325275460861e+00
7.999924759290236942e+00
6.119297869730383255e+00
5.073256992297926260e+00
9.249086698213046631e+00
6.990890745028646158e+00
4.303519921685265537e+00
5.812939587885034953e+00
1.107233771878701845e+01
5.872178192189354107e+00
5.644587083698840324e+00
6.979195432994164783e+00
9.005846989980025086e+00
6.985323541711267126e+00
5.831376649289100378e+00
1.115297307865816023e+01
5.848002495845545212e+00
7.563901494668039405e+00
6.050524051075782062e+00
4.722308245289764450e+00
4.505270669483029344e+00
5.925413687578949151e+00
3.186620355031347440e+00
5.273669908308608711e+00
7.289409619697863718e+00
6.468081535257909742e+00
5.949665936273694555e+00
5.423496813044289766e+00
5.854105248356851199e+00
8.472542138652363164e+00
5.005669323017123418e+00
4.228440565785885674e+00
5.977397503962176728e+00
5.620862956819550504e+00
5.614532538658588479e+00
5.003918367410777002e+00
4.329717541829391614e+00
6.384821908069425511e+00
7.843221758262843402e+00
8.696020255230692442e+00
6.331041023518570121e+00
5.526143486110793646e+00
6.410654198544956550e+00
7.567924607381012692e+00
7.279296544408954794e+00
7.327807203680161585e+00
7.137481740747849912e+00
7.503692160666042277e+00
7.819437998579037874e+00
6.666322827196085932e+00
4.283884727015684568e+00
7.118989063395733119e+00
5.640647668916235702e+00
7.222831158026491671e+00
8.072767039865958338e+00
8.465365657129002130e+00
4.118827264742991545e+00
6.776349432020926322e+00
8.334079799868904459e+00
3.869261852132687363e+00
5.742098408999119385e+00
6.672308784315633901e+00
6.785826609253554409e+00
3.327485908054292008e+00
8.027826188860984757e+00
4.003637799899175675e+00
6.710744000724671032e+00
7.201823514500546253e+00
6.230627593733214731e+00
6.585913257584852687e+00
1.066347912014842914e+00
2.484508722098311750e+00
7.568633694214585539e+00
4.582162794243281212e+00
4.520326569422527641e+00
6.152728173911754084e+00
3.962946785696090934e+00
7.511169506950180264e+00
8.277716061944442316e+00
8.004628935946810131e+00
6.796461718480205860e+00
5.371494404641139475e+00
6.568734652663020590e+00
4.193698892267773815e+00
7.619102543872046773e+00
7.072193905930990177e+00
6.032742174078924435e+00
8.382190025366721642e+00
6.438555931615584704e+00
5.239911527140119318e+00
5.411807204197126353e+00
9.018578609532500678e+00
6.201283228482589394e+00
6.051782309818345418e+00
5.061835670153479683e+00
4.859216480964090756e+00
5.762463010558139587e+00
7.751748916102116915e+00
5.678603313477319503e+00
6.251514666340448834e+00
5.035709804705932768e+00
