2.725660322004583414e+00
1.617715837147660540e+00
7.106166102242512217e+00
3.408727172451747833e+00
5.873567015335454222e+00
7.359222164500089924e+00
1.471061539214256531e+00
2.666560995101174836e+00
4.348352520983720382e+00
4.510258614354609286e+00
6.222186981142732165e+00
7.000664202709400152e-01
3.756981949150903333e+00
4.543592758869094972e+00
4.719027456401571063e-01
8.291655163523030225e+00
1.353743511116434650e+00
2.508558374684386472e+00
9.969473227819993788e-01
8.434824337781394732e+00
1.392499139019818921e+00
3.175084399052144235e+00
2.616251552397594882e+00
2.037662058641362961e+00
6.526910128360505770e-01
1.175886560859797036e+01
4.284002060706206372e+00
2.070265867765971324e-01
2.487156345079291064e+00
1.773227886394652172e-03
2.722840250069080703e+00
8.499689301491937243e+00
1.714504516420593205e+00
3.898971254787126028e+00
2.521286385721772105e-01
4.038214212861782393e+00
1.517290092694222547e+00
3.506605645233547008e+00
8.102586237765894595e+00
1.349631690042637366e+01
1.633182637437418094e+00
2.820363574150958286e+00
5.346975819868525548e+00
4.077370629954918613e+00
1.055302424609858392e+01
5.478861717440232759e+00
1.884434195382160615e+00
3.305104959359646433e+00
1.386039585258794382e+01
1.066562514008373697e+01
7.681430985755981489e+00
4.185277898390271645e+00
3.806043837039712496e+00
5.529191359946567630e+00
1.278636521204113485e+01
1.227691292024701930e+01
2.996865607540823540e+00
2.009782438987907718e-02
6.982669722655044708e+00
5.213286432975708928e-01
6.947821972075027830e+00
5.307596472651655573e-01
7.634218293913296316e-01
7.001067678387158821e+00
1.413640064533998597e+00
2.642616513930181377e+00
2.369194006638112970e+00
2.448565335075500116e+00
9.505633254188737169e+00
1.656966283217115254e+00
5.233741668020980287e-01
2.576720067126441638e+00
7.570066502241563633e+00
3.905904992858399094e+00
4.241897190059710887e+00
3.703219001049323778e-01
1.208948562816775318e+00
6.754512834099339003e+00
3.033966748521844892e+00
5.228655185352953261e+00
1.183018988173352382e+00
5.740826291720203756e+00
1.048231891324502119e+00
2.789611684256116497e+00
4.694406553166984075e+00
1.885102199011937651e+00
4.363963695746249094e+00
3.846110685089818126e+00
3.498409572697198655e-01
4.009767491226990721e+00
5.388229524007306814e+00
2.994614506529958753e+00
7.727043569798817124e-01
1.652913047843698635e+00
2.781917349706541476e+00
8.284748407207921161e+00
3.834782112800646736e+00
2.063918876932385071e+00
1.680566956131311240e+00
7.772874156398283496e+00
4.266521658832417074e+00
2.152388616798248666e+00
1.644972894220480431e+00
1.499621363194809653e+00
1.815480730475993676e+00
8.157348379509800074e-01
1.614076500031927486e+00
2.977615896452003419e+00
1.503754828150166478e+00
9.541111584513736199e-01
1.061919259142112493e+00
5.851404776609570924e+00
8.954892328536316892e-01
4.461372709767511324e+00
4.129096127483631307e+00
5.228639942461776435e+00
2.724163204962146145e-01
9.508398379810127921e-01
1.653908395441526347e+00
1.715762894074950751e+00
3.932228311779952357e+00
4.516573919526468472e+00
2.518446764767896973e+00
2.494991278144522706e-01
3.954841529094532682e+00
3.233572506465357765e+00
5.307568654827307109e-01
4.550470422442237428e+00
3.594058352246034538e+00
8.586807897044115734e+00
6.993233663110744125e+00
7.455971945242437782e-01
1.512218072209651487e-01
7.999315809821117007e-01
4.732405896892564634e+00
1.188421523121517831e+00
2.755042890241460096e+00
5.854312222947381628e+00
7.034384041502561580e+00
2.055871663809571703e-01
3.395544667877105738e+00
4.963902148542621018e-01
5.306262022365796582e+00
3.516395348672139320e+00
7.687874060698054457e+00
3.072921837764942321e+00
6.371720808878692521e-01
5.223202394038889418e-01
4.394942736869041688e+00
4.391535921733586534e+00
5.003080858059067992e+00
9.775572099856471020e-01
5.314059748932279170e+00
1.862513655550701308e-01
8.643368028911963208e+00
1.570313706414567800e-01
1.984679713073207008e+00
9.078580052374192633e+00
3.779052579859629724e+00
4.183994482967796635e+00
6.347143405476953326e+00
1.602672325485768656e+00
5.595482303311776207e+00
3.750979247474886868e+00
3.581018428707449353e+00
4.234060994583375148e+00
1.236633656585232943e+00
2.214363329984762263e+00
2.073173667947830090e+00
8.392948877058827861e-01
8.833713233784500574e+00
4.775333176959003723e+00
3.461577233232514317e+00
2.533460092858876855e+00
1.199061752530275449e+01
1.466635495383088905e+00
2.068944301710593514e+00
4.266569968900789434e+00
5.471148230221156261e+00
7.026184946407142140e-02
3.390100165704718727e+00
7.724891028491992273e+00
6.860285104780435184e+00
4.822880342410084120e-01
3.176405741940995231e+00
3.139791432149124262e+00
2.251507494124883380e+00
1.206127769967613450e-01
4.531052755619706218e+00
1.028015224651698922e+00
4.949551552574568802e+00
7.192957896693922493e+00
1.372522582740455910e+01
4.427504782845160136e+00
1.080593150221343812e+01
5.193884053514005394e+00
6.228078807895363944e+00
4.142596039243279016e+00
1.851166274811137491e+00
3.484270650916904799e+00
8.412284972480467138e-01
7.506831540651116852e-02
6.990118677489818744e+00
7.404309047278089473e+00
6.547456930359997207e-01
2.772509235943696915e+00
8.289744624044610433e-01
1.675487665686009153e+00
5.747050542633401093e+00
2.107782780885657792e-01
4.872859487580386562e-01
6.167694299907632072e+00
4.961633326651936571e+00
3.934014079538867836e+00
2.645573864910295558e+00
3.254200361028398270e+00
5.087958596787112597e+00
6.345835240044491954e+00
5.797556179371737839e-01
1.586208417133820658e+00
7.034489157782538582e-01
1.446929527483476186e+01
5.128836732551412148e+00
6.550085406198620674e+00
1.630157545288445808e+00
4.219579157209920162e+00
4.640980499031154949e+00
7.161931395760329444e+00
1.101802426057650219e+00
7.623746980867071699e+00
4.859390563980338307e+00
1.399782546608649758e+00
3.410884355902881637e+00
4.947111593416299691e+00
6.036077017780836051e+00
2.782562647856222871e+00
6.157618448824049295e+00
2.921976445949788559e+00
1.110076896430403615e+01
4.914431824505836044e-01
1.084550321839934162e+00
8.098325624579540971e+00
2.155124454992661587e+00
6.078667810405955052e+00
1.454969006129521736e+00
1.736561088707024325e+01
5.925537355606149248e+00
4.888018447663246668e+00
4.926791683621233098e+00
4.505156337785315657e+00
2.993580977586400294e-01
2.824262937676270457e+00
3.257505522630003369e+00
1.902495469962635077e+00
5.250474390171178563e+00
7.524489397955002268e+00
3.812729160713896004e+00
3.719517972562734531e+00
6.824466612828607559e+00
4.506501317008558161e+00
8.473029106335763672e+00
2.918846734380988184e-01
8.544051266797310973e+00
3.047597712988668661e+00
1.095469834341353987e+01
4.801933908516119232e+00
1.858943038986387020e+00
5.163012779717319312e+00
1.871330400657735593e+00
6.438637687463939940e+00
5.297037017215231458e+00
4.857988601992770938e+00
2.644278809197565305e+00
1.596440724147695889e+00
1.846695250473814331e+00
9.839604308214189299e-01
5.633275928410519384e-01
8.659850609106328534e+00
5.821000082125534547e+00
3.932762138820186770e+00
8.344197278454478450e+00
8.948555872163357350e-01
5.741927015563867087e+00
1.136271533437555270e+01
4.228575112797166469e+00
7.877135438672628887e+00
3.685049317182118589e+00
8.494346494104259904e+00
3.563756474079818215e+00
6.940942559089272379e+00
9.159564500077005178e+00
2.490417812437430545e+00
6.848431047917624692e-01
6.075087935103184122e+00
2.687785072528116270e+00
3.035653621033785221e+00
1.644648490488446413e+00
9.493647171514120187e-01
3.686409942847778343e+00
3.842936749070862135e+00
3.712483619240740662e+00
9.880590789789852835e+00
1.619357282288005706e+01
6.999348629315651493e+00
4.149711328434568358e+00
2.051621634008969242e+00
4.709517365770299890e-01
9.584314543996316216e-01
2.509258467205538690e+00
1.057392820892337992e+00
1.972219874126684536e+00
2.451347906889376205e+00
4.998416235467298963e-01
2.714041677000887276e+00
1.350140081981349605e+00
4.331802512607766387e-01
5.840780119460568187e+00
8.092102918287594093e+00
6.669324891355962848e+00
1.413108498559441317e+00
6.332637625365655332e+00
5.536380855697083936e-01
2.641603022489713126e+00
2.953757496501767665e-01
7.826171578761749181e+00
7.260962198446081928e+00
3.022154985226053192e+00
5.388048710641481165e+00
7.655257595296943052e+00
1.550847557858769266e+00
2.699547269581158204e+00
2.294837000593250576e+00
3.504864790272361752e+00
1.030787170180082146e+00
4.443352309144819046e+00
1.531551097985756282e+00
9.250879923810230443e-02
2.782273218402934400e+00
7.322245130657216716e-01
9.757997793931693087e-01
3.710849661383275322e-01
4.013634471328175302e+00
1.567379682752071623e+00
5.094700906821664432e+00
8.556505498271416599e+00
9.118486614617957287e+00
2.435604031655535628e+00
2.945925901759093080e+00
2.623777877540634407e+00
1.976099720737907850e+00
4.167920158207673254e+00
5.056964663583194408e+00
2.160834477066732706e+00
6.495927014670124677e+00
1.824365224606433245e+00
3.316026116398946844e+00
2.064798479812000487e+00
4.939861729674521307e+00
2.262815119986519186e+00
5.100232738356083040e+00
6.848577477657871171e+00
6.510620578070929199e+00
1.390238624519820299e+01
5.942487593268953594e-01
5.207258087755906040e+00
2.875185398333923170e-01
2.317925615811005535e+00
2.459372347166599138e+00
2.742563281860527002e+00
6.231587986989847394e+00
1.212232541067334302e-01
3.479730276785186316e+00
2.057955332149543182e+00
2.698367756264316686e+00
4.683964463622778851e+00
1.248523541940298465e+00
9.008571354814778331e+00
1.701314170116160263e+00
3.163322631846811062e-01
1.834266221867186131e+00
2.383629914691066443e+00
5.767278961885784483e+00
2.017702850433984896e+00
5.134999786058399573e-01
1.444914627304192845e+00
1.816326091948593513e+00
2.274820689582697675e+00
5.660589763690030418e-01
4.534977403702816545e+00
5.085979486829302232e+00
1.220322899166805541e+01
2.278746970552616880e+00
2.747077434019035813e+00
1.830858205808957306e+00
4.934270308415689144e+00
3.519739578212720321e+00
6.545997873860982530e-01
2.965571404726123017e+00
1.789547038711024163e+00
1.728180212570041618e+00
4.249388093612365580e+00
2.613851358721861473e+00
5.682454815344953225e+00
2.622490960079379096e+00
5.608245999124528147e+00
3.770127002436126418e+00
7.464198703761211640e+00
1.583641078978184513e+00
1.144147609851437863e+01
1.583867556397635434e+00
3.935254610096819317e+00
1.822543274781192713e+00
1.092800674236019276e+01
1.628454615820774976e+01
7.663760290570857947e+00
2.552280588478692547e+00
4.318675340617285641e-01
8.482025549173199952e-01
8.948772431824570939e-01
6.533516331874619887e+00
3.353923966488948416e+00
1.569326761612814813e+00
2.920696551049240419e+00
7.028575226448006141e-01
1.047664238257508096e+00
4.889224149529745045e-01
4.787843534665134904e+00
1.297773292163715286e+00
9.560604553055940258e-01
2.453423853512929576e+00
1.472084050272683520e+00
4.368491233666753182e+00
4.219830692387403381e+00
3.435075339784131376e+00
1.536173061087538727e+01
4.832576124350287827e+00
5.906179675486142866e-01
7.385280971060604216e+00
1.365513658682032894e+00
1.825102426961469959e+00
7.545143164665518931e+00
9.185973006891012815e-01
3.210936179962074366e+00
8.630390101731029162e+00
5.395939897495207305e+00
7.223867273390283117e-01
5.440465465236129283e+00
4.113757946464337678e+00
2.460804207727851356e+00
3.302257822111749785e+00
7.955413554122929831e+00
1.292326324043154173e+00
5.146075694517342036e+00
4.020173893117267916e+00
8.644735817585756266e+00
6.532182343801530067e+00
2.080846300865391019e+00
1.235891317105132503e-01
5.959238353241731900e+00
3.429824836497810669e-01
1.197274252242713111e+01
2.091814722580719987e+00
2.584332876640549337e+00
4.160584874956409607e+00
2.104763888810207373e+00
1.231720458777852745e+00
8.979528470788998851e-01
8.643146624645993370e+00
6.908147792594230285e-01
3.409159829895816340e+00
6.484123619034497743e+00
2.909596204238155126e-01
2.379699830902934909e-01
4.263909840359526804e+00
9.748381238868210064e-01
1.765653586509839390e-01
1.687012610465884688e+00
4.483870016417588644e+00
2.308210679474499205e+00
2.536383126028311175e+00
1.027199013725222443e+01
3.262073681112311441e+00
2.417617545731126416e+00
2.890926012929322386e-01
6.921091030168643243e+00
3.790615653261040219e+00
5.332308950987750817e-01
1.200165605625686638e+00
3.868768337152998171e+00
3.282626395415132681e+00
2.007684956563925205e+00
5.640829137894884049e+00
1.888907838623809399e+00
5.391847851908294631e-01
4.366058222751846962e+00
7.441330936916242145e+00
5.490640767323939464e+00
8.068075135731406888e+00
1.868716471918840272e+00
4.066725059772614337e+00
3.156951043299411008e+00
4.419425469136803564e+00
2.481272783984605823e+00
5.095549921181602437e-01
2.007723208043435292e+00
2.477519177424837071e+00
1.623884268762944005e+00
4.389251519452765926e+00
3.171950444301034899e+00
1.978512362112507805e-01
5.537660868198925890e+00
6.511334155399154611e+00
3.689745171301144211e+00
2.039818822955168809e+00
6.102269205295263177e+00
2.083654278039760666e+00
6.065052219156945590e-01
1.313512090081583317e+00
2.706475088455500444e+00
4.768627750572614232e+00
5.208079924242431602e+00
2.764238915791297657e+00
5.626932243723814508e+00
2.035712558217405377e+00
2.770528621731536134e+00
5.075403911421173753e+00
9.758129314005932642e+00
8.237684471676663733e+00
1.984011878402273554e+00
1.009453818300351990e+01
2.760076581227126624e+00
4.839801060795505538e-01
2.444376720553703031e+00
6.673840728236241304e+00
3.695846239805895106e+00
5.204759135128829151e-01
8.123375756650068613e-01
6.759340087191167079e+00
5.581597508664748908e+00
5.367610114456096149e-01
2.644152602371256489e+00
6.070700880108378605e+00
3.064821856794889054e+00
6.072040216933393353e+00
4.768507557577120082e+00
4.477722667568646564e+00
2.014592141957991966e+00
4.888153137653117319e+00
2.712233403574098922e+00
2.894500611148357994e+00
3.312826579418436612e+00
1.284024718675713395e+01
3.589896237302384052e-01
8.814708572053320257e-02
1.194989644348296576e+00
1.148178757857050147e+00
1.799128005843458222e+00
5.032495891103039298e+00
9.231060192361230321e+00
4.571663605169155709e+00
7.523862568209613855e+00
2.655637343958723751e+00
1.238062877109179638e+01
3.727410496445484611e+00
6.787679327802888629e+00
2.518729691248233316e+00
3.464174377659612780e+00
2.984858797941979613e+00
8.880200711998657015e-01
7.576901170979603028e-01
3.804403226050487863e+00
2.034026323632026845e+00
4.623494570629075540e+00
2.288009617800093043e+00
2.000326759001713750e+00
2.981352453169971550e+00
7.037040590828168796e+00
6.938695573440556430e-01
1.541385170026714846e+01
1.012869656262901152e+00
4.786301728761299668e-01
1.414505231485737147e+00
2.259505422424207932e+00
6.661153423327379031e+00
2.601692087131102671e+00
3.558250721841873077e+00
2.218841833919022566e+00
2.360337495036412658e+00
7.674021194230625786e-01
9.266889454549945171e+00
4.025096590538771224e+00
9.491418703864759721e+00
4.195604060053071294e+00
3.387094408044407423e+00
1.756254836781607764e+00
3.154801337004613238e-02
4.677473704954212330e+00
1.003745938817484085e+00
2.388275785320152778e-01
3.372332354351792461e+00
8.087563019884163040e+00
6.122218480932123619e+00
1.983704290442447338e+00
1.051814280151212877e+01
