9.186087115402338243e-01
9.296860864939801017e-01
1.338783533378891111e+00
9.503531047008416666e-01
6.186611569262880916e-01
1.016768703648424532e+00
9.047178528249005813e-01
6.683276072159137771e-01
6.180176052636893180e-01
1.162426474990554182e+00
6.363944034723119092e-01
1.093671251545988543e+00
1.023485996298481471e+00
8.483641007145144020e-01
1.047362575004187280e+00
7.229101749757657069e-01
6.482477445011173289e-01
1.010848296955347392e+00
1.079741740122210469e+00
1.852039265689451097e+00
1.022916908642879985e+00
1.040440248382810351e+00
1.308069661189121824e+00
1.139841916848230330e+00
1.120110257684065580e+00
1.363639469343934207e+00
7.921531969475563706e-01
9.266606855941846854e-01
1.115134846764375132e+00
6.086788832271976535e-01
7.930561659382638906e-01
1.541444377739346949e+00
6.106684436811880001e-01
8.106506829060636798e-01
9.932834657371371057e-01
9.034644148805666131e-01
1.156240627062047777e+00
1.354215640872739268e+00
8.475627492527766371e-01
1.210471457059532296e+00
6.631137974793884782e-01
8.087752152615426127e-01
7.456291798182670405e-01
7.287447450326652865e-01
8.827457766127649874e-01
6.109829838677913738e-01
7.058232724317310414e-01
4.149335706517917610e-01
1.144682195301313099e+00
3.431720001475430659e-01
5.785766633729904074e-01
1.444553841752930445e+00
1.239901701574956938e+00
1.125463171594496714e+00
1.230974941901417541e+00
1.031749867686200917e+00
1.050396832292327609e+00
8.542044322333944839e-01
1.513928905167835515e+00
1.353752500609780585e+00
1.142932260633527930e+00
9.363907006577212311e-01
1.377606743495373154e+00
1.006137705250567560e+00
1.403672823078726095e+00
7.823727953032733051e-01
1.396427597157308353e+00
7.624073062648505372e-01
9.542179657683076410e-01
9.109532013369797676e-01
1.556798972254499480e+00
9.819681080772590942e-01
8.724502217100734702e-01
1.364427534933470021e+00
7.544660587817501041e-01
1.004535942585468078e+00
1.205006071202357143e+00
7.116444186037893527e-01
1.054016523198017641e+00
1.110905086791837304e+00
1.294599220344041068e+00
8.864191542537752655e-01
1.434670742085413231e+00
1.439966133950172811e+00
8.737386720801557649e-01
8.314198254755621464e-01
8.820084169783358741e-01
9.275155835454472752e-01
5.573909726258492459e-01
9.108804730596737897e-01
7.123117210408452804e-01
7.592110323968987995e-01
9.272611750364789795e-01
1.127851241113680070e+00
9.903027458315371012e-01
1.712856974670587396e-01
1.088738866913419034e+00
4.348644490615607427e-01
9.694807041606464670e-01
9.329153829150178545e-01
7.922651531063608088e-01
1.342520179825761995e+00
6.554511020993668557e-01
7.797655601927098168e-01
3.598534937108514575e-01
1.335060280662453636e+00
1.251729019037109758e+00
7.846815698385313231e-01
9.157052122930035010e-01
1.161746684721984835e+00
1.541326348374922217e+00
9.167495483043741622e-01
5.769843868199787673e-01
7.394839262815176006e-01
1.048290656920109365e+00
1.033206204456162736e+00
5.454655477604059000e-01
1.231129312934538644e+00
5.245732436281199673e-01
7.006961136386132827e-01
7.457096681537908056e-01
1.162790666332573331e+00
7.505163301449999658e-01
3.084029505755392919e-01
1.182448463268651162e+00
1.693873961881946943e+00
1.372127620646848900e+00
1.334826154878165250e+00
9.034283146931503250e-01
1.086844121404454633e+00
1.999094522188149536e-01
9.434085034645937062e-01
1.052771611882636016e+00
8.320580869972362681e-01
8.117356898486745020e-01
5.938463475337494302e-01
1.008783488183269794e+00
4.009588380103744631e-01
1.337291335370724088e+00
1.497308635337372573e+00
1.267593303910196534e+00
7.639724461580129633e-01
1.041828235017085547e+00
1.401880146973863761e+00
1.153604876146674396e+00
1.495972427045704434e+00
1.418096152432796631e+00
7.348973833001929412e-01
8.681233332142000991e-01
1.273231941867385419e+00
8.482087695846773912e-01
9.278874712799323188e-01
1.097109602658919991e+00
1.385242125064220842e+00
1.093233252822357393e+00
6.614518582227384424e-01
6.205508670423445228e-01
8.271463245749752780e-01
3.438041959837920269e-01
8.387050860478868497e-01
1.179127597472343858e+00
1.426483309835675284e+00
1.160219978810840269e+00
6.292408238750643035e-01
1.115116453250052597e+00
8.486197326194823143e-01
6.205321548364557405e-01
1.023935281680372400e+00
1.126388423671075723e+00
1.037792674335630716e+00
7.989735146243149844e-01
1.144285168068888581e+00
1.166921715059922482e+00
1.044141945585709053e+00
8.491055129726783335e-01
1.257200053419547103e+00
1.284307197903814535e+00
5.766934370157045242e-01
1.327604458974962931e+00
1.101424650713529241e+00
1.254993281128158333e+00
7.446861102625841333e-01
9.717975950602698587e-01
1.138829140437744414e+00
6.544628271329622216e-01
1.588528635995229088e+00
4.090654796488679690e-01
8.744187137435485146e-01
1.337808957556815059e+00
9.491892054631135833e-01
1.382958367544214973e+00
3.894336809537848332e-01
1.072166058107534070e+00
9.613219101709964409e-01
2.671248415352148742e-01
1.337121669767427301e+00
4.086304304869827764e-01
5.189228696711942757e-01
5.549938789170159037e-01
1.613001261094070271e+00
7.357842371678935400e-01
9.144902463884049260e-01
1.243716913493187803e+00
4.750317289937689980e-01
5.220683247544761763e-01
4.972744050396419313e-01
1.389942092546237351e+00
1.286108852978889106e+00
7.511266303992852889e-01
9.057203114268038702e-01
8.315574673529163574e-01
2.409999827508674808e-01
6.603889608841966297e-01
8.334565625070790018e-01
8.655803645136296298e-01
1.020645505554712784e+00
1.144616518041560171e+00
1.049794871000066854e+00
7.134837293921511003e-01
5.841294508562547838e-01
1.037044272985894855e+00
9.347856179119646836e-01
8.130116750098488332e-01
1.024317910137280574e+00
6.357519518852161600e-01
7.434787751351203955e-01
1.238732061009280905e+00
6.266083336521607317e-01
8.894284451159095717e-01
1.086358104345300335e+00
1.700477682765268561e+00
1.525723931929261479e+00
1.127298497432859925e+00
1.269127806729590580e+00
1.130840198772243177e+00
8.025580445274095309e-01
5.585993929625240328e-01
8.313471420476226115e-01
7.779036071494728199e-01
6.856071014488284154e-01
1.658388199331754853e+00
1.154437198573840861e+00
1.197914622167468135e+00
9.325569827326382066e-01
5.749927948861272009e-01
9.182459029001817097e-01
6.295378880008165590e-01
7.720316661001142000e-01
6.311882376996670319e-01
1.026063300627089836e+00
8.398226556599891479e-01
1.199203812174624462e+00
8.873212380847005365e-01
5.814542510776853357e-01
7.052556065643199590e-01
9.770769614503252987e-01
1.351568197363888446e+00
7.906747744397595312e-01
3.348834147725944788e-01
6.291175835132585270e-01
8.843783801274072154e-01
1.168525765113021198e+00
7.982472341722062215e-01
1.067249196583455184e+00
1.018528129581697028e+00
1.045138909965257934e+00
1.356930308500633675e+00
8.391036530652549175e-01
8.426010091935721702e-01
8.230412315289289404e-01
5.897892575985530517e-01
5.555028397256414063e-01
7.072062924873372403e-01
5.974710216235720184e-01
1.227640973720204087e+00
9.217052446301843283e-01
4.675623024135391326e-01
9.460884925453318939e-01
1.000130612435039090e+00
8.887096023117960764e-01
1.374721964534316498e+00
1.160082490167672731e+00
1.098204653821086119e+00
1.199824632188980722e+00
1.130863843665933066e+00
8.039814181384213887e-01
5.143592962397854906e-01
1.439692196156086235e+00
6.627106143876121402e-01
4.796995526859191838e-01
6.745213510372957133e-01
1.283570687968726309e+00
1.229996117815196577e+00
7.083733318400072809e-01
6.352319879105975398e-01
1.247014507827975738e+00
7.117218015789970043e-01
1.288102281233609814e+00
1.153430901850892587e+00
7.953467421701284623e-01
7.080023979885210483e-01
1.234239658949285001e+00
1.006417448844982188e+00
1.393397323765276141e+00
9.908712646050071848e-01
6.160429097913294738e-01
8.126291963386933492e-01
1.113193326670058658e+00
6.159338911791673032e-01
3.515555520519393351e-01
8.255898052668156906e-01
5.129373286034267787e-01
1.364298507283454587e+00
1.512548458654184858e+00
5.132397816334112184e-01
1.258015580482210405e+00
6.046631078179897090e-01
1.286720264394245028e+00
8.339429736543871874e-01
1.172952082840222454e+00
7.687526634078805099e-01
9.428635223744300520e-01
9.295105414885901363e-01
1.302110820908637834e+00
1.682369355142387723e+00
7.075633049711665956e-01
1.106402992029697829e+00
1.165126616622349509e+00
1.112979810350096521e+00
1.255340661756084053e+00
3.602792281931135876e-01
6.558875986506763622e-01
7.355503739076392211e-01
6.737301060315453727e-01
1.210957244611122086e+00
1.113419459016119273e+00
1.179384537592220727e+00
1.532491301064909939e+00
5.613008888468911106e-01
7.956072757248267013e-01
1.150723294802962426e+00
1.110955680683095359e+00
1.325339983579064018e+00
7.400185355700720224e-01
1.270812848453503285e+00
1.467516240421937068e+00
1.210155599286894201e+00
1.164376116497986668e+00
1.632361307878469114e+00
5.757399395601872083e-01
1.426727676951161650e+00
1.316815532320633642e+00
8.038903120451348361e-01
7.380883709605117193e-01
1.517714477594254152e+00
1.344817633093686959e+00
9.844742234433847550e-01
7.157543336573646275e-01
1.441510981448097528e+00
9.348204803375835814e-01
1.084304323774176293e+00
5.976593989516504335e-01
8.893444617656027784e-01
7.740804886807842178e-02
7.365489352707285109e-01
1.444454406483110631e+00
9.710868673227406322e-01
1.228263834129553755e+00
1.128556202743040693e+00
1.295409092984709298e+00
8.680611048847231004e-01
1.227859277786584880e+00
9.845397965835668286e-01
6.776162644318084460e-01
1.134755572657905498e+00
8.566076286051212962e-01
1.402322920208457502e+00
7.831316276641595575e-01
1.594074441376423179e+00
8.168389436210562460e-01
9.369075979887755423e-01
9.152411417432528840e-01
8.486357334030791844e-01
7.102454369427848579e-01
9.288640047145451106e-01
7.488036582993571333e-01
7.475679179654001194e-01
1.287363251363675243e+00
3.921260394542730454e-01
1.551573705771611689e+00
9.010800715645537196e-01
9.923740808009361425e-01
8.114404377848482008e-01
1.074618977359591554e+00
7.219581159677900262e-01
9.109043608997755559e-01
1.370396305538288839e+00
1.014214110976475292e+00
1.075365418364341519e+00
9.860698741091212804e-01
7.294807264403513347e-01
9.649180416160213491e-01
1.506017707678665829e+00
5.003917303541334238e-01
1.223081346388496193e+00
1.508923526985992636e+00
1.349094651079610019e+00
8.743597470590079856e-01
5.915787941550719742e-01
8.743725914644912001e-01
7.136069394516613151e-01
1.707442225722489493e+00
5.202027995924290993e-01
1.022609772576998921e+00
1.086276938358270439e+00
1.235052753201481224e+00
1.857293469754384585e+00
4.631887008096681191e-01
1.050702331382842525e+00
7.796146195351282282e-01
1.146526788968267541e+00
1.027418175070718309e+00
1.055996773023106128e+00
5.481271892292005621e-01
1.296617720356301184e+00
9.492485460389782359e-01
9.114512523283886392e-01
1.137110502916686361e+00
2.199685085671417017e-01
7.897859990807184483e-01
7.326258527894877748e-01
1.303865967628234035e+00
8.134331602919468995e-01
6.094015042196251342e-01
1.047199123705545576e+00
1.240260125731135421e+00
1.118760786583730571e+00
1.259172732936529426e+00
7.057143363464311037e-01
8.347340659203617008e-01
1.346629650675922774e+00
1.319117771533827310e-01
9.827123118355783893e-01
6.768466977297341591e-01
7.659232118038200587e-01
7.956603688446638456e-01
1.368084575906402867e+00
7.844473780010463582e-01
1.152195107251957396e+00
1.138976341696776862e+00
1.272650395541002455e+00
7.397704654863626050e-01
1.212411002649558034e+00
8.744752190726726715e-01
1.250634697185730282e+00
1.195072941264587074e+00
1.033377254673958801e+00
1.145606140151844921e+00
9.170921699328375976e-01
1.154620221074786013e+00
1.033104181154219869e+00
4.516453061639520983e-01
1.076671761588585685e+00
1.145772400069942520e+00
7.501603236684394327e-01
1.391697834501382625e+00
9.861598570704531719e-01
7.222257444581113850e-01
1.666230929876178379e+00
2.993425218296187351e-01
9.654443608389523535e-01
1.017174372049741038e+00
1.082024101417283113e+00
1.584716873933385006e+00
6.257283065237623232e-01
5.958000879810444461e-01
1.271599363885012046e+00
9.957211967174591782e-01
1.108277546070402408e+00
1.267481988774993740e+00
8.055692204890337882e-01
4.982259939275897609e-01
1.356997309768194881e+00
1.340463751703633521e+00
7.595808431731261301e-01
1.130274746848104028e+00
7.790919766924055967e-01
1.266377714523343689e+00
9.735585469677703330e-01
5.297106501396070533e-01
8.667114071121712060e-01
1.275243714628485625e+00
1.508093320240928570e+00
1.573975099031414304e+00
1.031181897228320210e+00
1.152843007559645860e+00
1.107774468642208188e+00
1.347364123038938821e+00
1.159080833271171285e+00
1.212192497914368561e+00
9.844258316767919847e-01
1.185630869057811454e+00
1.289334234307503824e+00
7.244788334491624182e-01
8.770065736610151985e-01
7.851913514193410437e-01
7.784674871462162749e-01
1.259393784884149214e+00
1.089387167787826183e+00
6.313040713899685796e-01
1.173998812114276591e+00
9.287050967495645848e-01
7.142006536917377968e-01
6.556521680737308344e-01
1.082962791938178126e+00
7.372872160977342881e-01
5.291710595887985091e-01
9.568142136580576329e-01
9.227173717467498371e-01
1.453569408118144946e+00
4.417271222475378512e-01
7.110243137430918292e-01
9.601103303843461223e-01
1.732116782043694903e+00
9.567248697662597001e-01
1.038540990752948812e+00
7.366657844683943690e-01
9.434962108453047724e-01
8.338145793040760978e-01
3.956508750414209352e-01
6.415013453676934319e-01
5.540321162709479497e-01
5.495301769524574276e-01
1.163437775128423501e+00
1.623968674549356228e+00
8.697475486349768303e-01
9.613229244410619323e-01
9.142286814098804504e-01
7.065017822164462169e-01
1.303467125355239675e+00
1.412132397842178033e+00
1.067884160387088777e+00
1.067242410262977170e+00
6.030216223345520321e-01
1.179637633147761822e+00
1.573648801566484678e+00
8.703221043094047094e-01
9.247881845242654775e-01
1.082463578773748436e+00
7.562970162581230671e-01
1.097523211567931423e+00
9.099116018499852077e-01
6.091855013401876739e-01
1.467802057628444290e+00
1.022072325147577843e+00
1.087834930096436725e+00
8.563916297320226523e-01
1.164276060922840861e+00
1.016748871243240204e+00
8.819520329598439234e-01
9.788669272075337657e-01
1.581320363596281142e+00
9.763370532785869971e-01
7.303839358957017192e-01
1.194729949484933273e+00
1.289244434477785806e+00
8.238738632418102226e-01
9.133097469750247610e-01
6.756622844994615296e-01
9.849507986934480375e-01
8.679952773662872323e-01
6.612476439209601375e-01
1.117327459772148091e+00
1.199315381872817277e+00
1.262684096420458868e+00
8.285956655791096859e-01
1.058408967351420760e+00
1.415138614201328027e+00
1.427821016522377695e+00
1.647528198763889895e+00
1.595680013200867942e+00
1.601351293027436062e+00
1.331599025993475349e+00
1.237251498375698366e+00
1.140896721488945387e+00
4.889115420197803763e-01
9.609637017916545787e-01
8.463328659151675426e-01
1.393770830699877505e+00
7.517805988179011578e-01
1.015712322313257809e+00
1.393459584052583633e+00
1.306265058012499258e+00
1.307020601377584246e+00
9.832933055068369121e-01
6.344194980178839982e-01
1.510610195737272621e+00
1.038334031307043270e+00
1.781626756126830635e+00
7.861511025675930187e-01
8.157395485375382727e-01
1.359408767568432763e+00
1.136092711440640945e+00
1.050021486685511540e+00
2.732139216159249484e-01
1.412512533250354307e+00
1.039695255469205160e+00
8.529668936390599754e-01
8.730207832124663447e-01
6.737723266305216674e-01
7.280206702531453189e-01
1.450846830985909719e+00
8.123350504740649569e-01
9.927448699830806467e-01
1.137017499778210983e+00
1.119725222256865882e+00
6.163773507243694993e-01
8.585467006165544701e-01
1.364441688597805014e+00
1.184732873828414856e+00
1.505204706891022814e+00
8.170629530475554958e-01
1.423002951061236532e+00
1.235247982096740582e+00
1.090739462577974939e+00
8.913511906207127744e-01
1.185640724724029260e+00
1.240354636285393219e+00
1.038675090213278196e+00
1.222188719858215089e+00
8.419547846339332509e-01
5.970576735266852619e-01
4.898251642586412546e-01
4.916578856736410486e-01
1.167806256133633980e+00
1.180471233659325270e+00
1.526789142473417682e+00
8.132128847930247817e-01
1.076410399391420469e+00
4.617566401136814491e-01
1.141799494046257024e+00
1.303375818457366941e+00
1.309286723435272304e+00
1.941338305265022823e+00
9.875187544390020555e-01
6.996689029595282161e-01
1.170004399057677169e+00
8.573686938072285768e-01
2.524459904205690330e-01
1.187894756662771112e+00
4.494628713742362947e-01
1.066342769909681021e+00
1.103502891254521945e+00
7.972788629674887328e-01
1.133580385966649118e+00
9.341850913295876024e-01
8.079340944688679915e-01
5.443143059519984783e-01
1.425307491271331051e+00
9.123373529280003336e-01
1.025937272567723602e+00
1.020657693090746054e+00
1.089275757630716157e+00
1.927798501022171818e-01
1.468263285041377042e+00
6.873153037126515930e-01
1.124101470064529318e+00
1.150235605832336194e+00
8.270298203740149567e-01
1.058848457445758395e+00
1.709233013608510099e+00
1.231529340323407329e+00
1.042762430886789771e+00
7.485425533556047117e-01
1.327883787018498074e+00
3.883380756658165178e-01
6.786804238595448568e-01
1.067821246739912855e+00
9.919147487789680140e-01
9.781041817932285554e-01
9.074826385016112607e-01
1.619561876177785686e+00
1.283197684749682210e+00
8.661060835230658395e-01
5.514171212410179379e-01
1.522370711097407625e+00
7.091465892344971378e-01
1.328605324617716743e+00
7.431194411932876553e-01
1.503083416580625498e+00
3.883321188759032427e-01
7.641515809875975007e-01
1.047672315059650971e+00
5.934894000459417507e-01
8.394966047909196982e-01
3.678785278783346380e-01
9.684304303332672559e-01
1.369943443148503581e+00
1.333638304482080761e+00
8.305711326795387484e-01
8.984310513081075200e-01
1.371823290976343701e+00
1.130921678152155607e+00
5.944536342911868054e-01
8.895390576479891287e-01
9.073726107044478573e-01
8.420913821168597435e-01
1.373799089707389287e+00
7.835860951647776185e-01
1.146830679383800122e+00
7.575256562943681882e-01
1.445300846590334309e+00
1.209016895082865695e+00
6.314256220420324528e-01
6.440146492608224138e-01
1.793345169370066161e+00
7.191495578823154933e-01
8.837519410867455960e-01
1.131302849802094057e+00
1.818659498958291876e-01
1.304058002047873144e+00
9.636319372767735425e-01
1.408541384588382295e+00
1.086734132879997317e+00
7.235707132383960571e-01
1.097562009807090622e+00
8.188138696939619710e-01
1.197689370098577344e+00
1.217265867231492438e+00
1.608781500504524953e+00
1.027993786469745929e+00
1.193974669238253572e+00
5.446093460781479267e-01
1.692799027832709191e+00
1.295514830769337822e+00
8.400754002344420490e-01
8.097622996689134434e-01
1.279575881864721376e+00
7.596243179620929542e-01
1.416130034914545588e+00
8.968647218840971602e-01
5.898036710012337647e-01
7.699018719427681567e-01
1.230643958644838776e+00
1.082424044748662384e+00
8.830840361301990349e-01
1.239693251946185404e+00
1.297944321894548336e+00
9.654513274403235812e-01
1.238517565235316642e+00
1.081354578245431908e+00
6.990833219699650325e-01
1.144976972184450270e+00
1.368175474853614793e+00
1.196351875464017889e+00
7.090673595073868629e-01
3.117401296038686542e-01
1.254139463824183620e+00
1.011534170781944741e+00
1.218290284285967084e+00
1.359127082210821458e+00
7.393382339125166292e-01
9.032177386135545882e-01
1.730532471237643088e+00
4.786567094459472371e-01
6.193644688188396641e-01
9.447944369630212336e-01
1.441946482568324139e+00
1.274929828141893706e+00
1.117586740283414537e+00
1.653185541194250430e+00
2.478170285064850986e-01
1.367564187526053576e+00
1.499634533230190137e+00
1.259132182406562439e+00
1.361351524114222888e+00
6.853577720703949439e-01
5.001988070926057656e-02
9.910747609117394052e-01
3.171621510596920324e-01
6.602069423618543986e-01
1.378743899991857980e+00
8.211911784433730821e-01
5.929291882828640059e-01
1.068632784920890533e+00
3.720102499634195259e-01
1.197632589384506563e+00
1.388298542170647742e+00
5.987005642909951630e-01
1.519714231287691675e+00
1.086015995026997638e+00
1.065053885533038480e+00
8.879173851804957884e-01
1.474646688154718221e+00
6.392731014195726091e-01
1.460546210805392819e+00
1.427193750068475930e+00
1.367355299222956511e+00
8.127971472873317671e-01
9.994921380512076237e-01
1.194553323579023107e+00
9.712357595231454477e-01
9.575816812767269370e-01
9.255876759978299839e-01
1.299843647909365796e+00
1.425103704033587659e+00
9.551595780483967957e-01
9.081386207355830464e-01
7.462806077844095221e-01
1.063275143744978335e+00
1.389433752359724217e+00
6.260152456148238009e-01
1.298195971408355520e+00
1.305802984555339608e+00
4.663992330212038406e-01
4.932132147290648749e-01
9.289448780524910410e-01
7.332976351709558083e-01
1.144660090451610435e+00
8.950282430894274110e-01
1.172696884561442721e+00
1.653163406342748498e+00
1.834011504189572150e+00
1.335560615028961839e+00
7.790864655521940740e-01
4.606300512192714747e-01
4.927277960540353274e-01
8.197093127437322657e-01
1.440042414607324295e+00
4.015797981953984075e-01
8.577840994062613245e-01
8.115955888805028717e-01
6.570625072903617525e-01
4.385678288818571913e-01
4.852766345625247890e-01
4.829949335780686082e-01
1.492215954092427133e+00
3.961479787460893132e-01
1.479141480806030806e+00
1.108280656522077301e+00
1.342679299680482607e+00
9.783978746547745686e-01
1.056019501479958489e+00
1.010757892632159649e+00
1.498099162838697929e+00
8.800013649385447501e-01
1.367174976713649626e+00
9.941760416667435596e-01
7.967596592693860780e-01
5.503783624861617874e-01
1.255241216318504049e+00
1.115902641338819778e+00
1.278113248252467082e+00
2.354583866873019293e-01
7.962587951241564266e-01
8.414193243867323924e-01
1.069633580047159693e+00
4.618261702574418814e-01
1.327870668123916298e+00
1.199735918190748540e+00
1.947499179165466332e+00
8.091408259620642696e-01
1.257739445895509789e+00
7.743292182508331178e-01
1.253432986907786262e+00
4.869025923714214166e-01
6.993949598389601618e-01
1.423945621485297242e+00
1.197329287624860905e+00
1.846658914146886987e+00
8.912750347216668034e-01
4.673864893823759248e-01
6.965958096019518875e-01
1.345829501323725363e+00
7.424647563157962260e-01
1.035967868731985986e+00
1.052199867990830429e+00
1.091731886881192937e+00
1.058885477532724995e+00
1.054555072746214073e+00
6.379572934739449197e-01
6.281447975638322356e-01
5.738370793986204976e-01
1.157305680646484536e+00
8.730024692103954820e-01
8.653417613884952786e-01
4.464984444826738952e-01
1.280098665769391353e+00
2.695205300421402717e-01
1.096814779877604895e+00
1.479066846942644675e+00
7.765896453307069569e-01
5.111363762059740745e-01
1.040192257729301684e+00
5.836876818855259996e-01
1.347837412452865813e+00
1.211958864880450015e+00
1.050337944470252749e+00
6.567284895817037116e-01
4.083604719786226300e-01
7.053875761699979208e-01
1.031735368566844002e+00
8.874796499497885627e-01
8.292053790536664248e-01
1.008829728688391381e+00
1.023067747924178539e+00
1.341569851741877262e+00
1.290308646426539418e+00
9.515952406602666835e-01
1.065023869214879237e+00
5.696299712809221871e-01
8.575624685572736938e-01
4.165977010312188478e-01
6.035498901446995079e-01
1.503142377657672002e+00
9.039579496469543063e-01
8.380690916343693786e-01
1.059226338576127580e+00
7.533251357254256986e-01
1.661403382470550749e+00
1.245447446095706123e+00
1.404472553330985196e+00
1.499058014141562367e+00
1.188395650574478601e+00
1.328755531599377981e+00
8.120288840766182181e-01
1.031090388527613699e+00
5.004472261874696182e-01
1.151898633672545857e+00
1.224006097908325597e+00
1.014545793593410350e+00
1.610374619560359433e+00
9.083951560344120102e-01
9.634652966767238702e-01
1.258698009603744783e+00
7.475256572988460135e-01
1.188964284725463338e+00
9.239446974316147809e-01
1.611894336715040899e+00
1.322003508965646557e+00
1.077724150600129160e+00
1.956789555534520775e-01
1.161544266747238652e+00
4.733383162786558573e-01
5.062866188773450515e-01
8.868184266814269634e-01
1.663438905320273165e+00
1.232142912471801077e+00
1.119586248101233528e+00
1.147829239539853496e+00
9.951881673190016153e-01
1.308344268299116431e+00
1.202323274382735008e+00
4.343829717038427685e-01
7.251383929940121709e-01
9.092769511019518358e-01
7.981107461324740138e-01
1.308741832153471396e+00
8.874936704143991939e-01
9.452933090918328451e-01
1.394065383868792418e+00
7.616614059706681150e-01
4.283786288487730354e-01
8.076421519966426876e-01
1.279946221719287180e+00
1.225362758048537781e+00
1.272651475453220327e+00
9.148103176074015019e-01
1.208554800581118860e+00
1.265800134200596005e+00
8.768707989478695675e-01
1.093810404656998303e+00
1.226739374937841687e+00
9.065523938952771976e-01
5.953202541481916743e-01
1.744235499033349290e+00
8.178916908076604431e-01
1.465785667414933213e+00
7.422937918811765012e-01
3.884764286580733028e-01
1.449724421085030857e+00
1.330795003298094858e+00
1.348959785529803446e+00
1.339789024285199526e+00
1.149247885789244528e+00
1.044866828704541506e+00
1.033605219011214382e+00
1.003041646592107705e+00
1.143382477767042049e+00
1.185698015821690987e+00
3.331397803872594987e-01
1.161168731990958269e+00
1.252561047906136427e+00
7.775182455384287428e-01
9.457141966018660639e-01
8.208680782292808731e-01
1.061275486494108966e+00
1.150755171279634004e+00
6.159684139637284783e-01
1.307419952634005345e+00
