2.499692327471228381e+00
5.710924394908003521e-01
5.802629255118989526e+00
3.102103982187521147e+00
5.028121548290268805e+00
8.486213886677058227e+00
4.193261068411953119e+00
7.178584350536917569e+00
1.324303863777323365e+01
4.647591255769913943e-01
7.294994756976691086e+00
2.365642133028900584e+00
1.411673482378965894e-01
9.057186852838208679e+00
2.302182000864009037e+00
6.717209025845702897e+00
1.965227815742111250e+00
6.308707898169166883e-01
9.569340091359482159e+00
6.262300166384576094e+00
1.037880190402157510e+00
6.106439932423629813e+00
1.656551015423329387e+00
2.747223904309721743e+00
5.305391237363627610e+00
2.904367063589797482e+01
3.855310999082381951e+00
1.064274157431225554e+00
3.689574177215470652e+00
5.531981562564000754e+00
5.349440346386463041e+00
4.391046577991439825e+00
2.348228265847037921e+00
6.842101716063744732e+00
7.387383690758829502e+00
3.910303594485078804e+00
6.057314651685138607e+00
2.655507058829244649e+00
5.308760635012260920e+00
1.168053810719138674e+01
6.713001255277697421e-01
6.785229396464715457e+00
7.233420878850465030e+00
8.710334431049265191e+00
1.249075889310546472e+01
9.593456006023243887e+00
3.166655195339884266e+00
8.259461418212389106e+00
1.575442701097288634e+01
5.873133520809378005e+00
9.568006212698161761e+00
4.313793747078531027e+00
3.361883031553179801e+00
7.288430684091489198e+00
1.662587375045833582e+01
1.040205704798010977e+01
4.725453391892835420e+00
6.125120094374865154e-01
1.081443821650595360e+01
1.746360610129974011e+00
8.550579909048931171e+00
7.603902067316565816e-01
1.438513390790533863e+00
1.065733912101351955e+01
1.519102904119185249e+00
1.450864458812147095e+00
3.000915125182908927e+00
4.659998851805038811e+00
4.293654237170685839e+00
6.297842370695255987e+00
9.292950364741447977e-01
4.624823393029011243e+00
8.536383343798407353e+00
1.512078199002221091e+01
5.084099417003953292e+00
1.161878580586739595e-01
4.054255563004821816e+00
1.268267106811774347e+01
3.975402082333146403e+00
4.808837742403275328e+00
2.818060145197394117e+00
1.914795900389788530e+00
3.437262912017238214e-01
7.331363462345271031e+00
8.316916589254512715e+00
5.468541943270295747e+00
1.498381438186194359e+01
3.005785569600485374e+00
3.978241692961565601e+00
1.171349066195968014e+00
6.575946902679620010e+00
4.041352821059624567e+00
7.972613689966390194e-02
4.292742524367695545e+00
2.142082232864178426e+00
2.054085555050448431e+00
4.437005119525312402e+00
3.156422777638557164e+00
2.057461319419119083e-01
5.589490672562913431e+00
6.145866657456648952e+00
1.950319047496293923e+00
4.443268715653839962e+00
2.359088103572027695e+00
4.606062651886273507e+00
7.119862228431443896e+00
3.603810563664527233e+00
9.015065132383831781e+00
2.139250740238415105e+00
4.228327524715407293e-01
1.535051770122619841e+00
4.069779656411659730e+00
5.083015345558534293e+00
1.516163590014040441e+00
6.027291776302283743e+00
5.068452680077685457e+00
7.006991240645410457e-01
3.472914001118606375e+00
5.694962470370649399e+00
2.353317646507417482e+00
2.304125419945624920e+00
6.992866791601530352e+00
2.231903604104653049e-01
1.037632192078798177e+01
3.822073226277503011e+00
7.391835944906744338e+00
2.363931874455484472e+00
2.464621112470578801e+00
5.564097143240897658e+00
1.082889401050563194e+01
7.607356639771430729e+00
3.361843560640394579e-01
1.927865061074665931e+00
1.654097122067200720e+00
3.635826158467757807e+00
1.294301322007842714e+01
3.142533062460234117e+00
1.056146671423872085e+01
2.916881381155805641e+00
1.088031064004975290e+00
2.765800479556743685e+00
4.940569532191269042e-02
6.520387508487731409e+00
2.427262555448313375e+00
1.048537482492299588e+01
2.857510836229617102e+00
6.624421226391640438e+00
2.316707517784079573e-01
2.835292582928256699e+00
5.853048438295203049e+00
9.151085465975318911e+00
1.629084134412524643e+00
4.368701713016254651e+00
4.149043699564945342e+00
2.904487204590802563e+00
5.454846548882269497e-01
6.149251465618116974e+00
2.168999044086917127e+00
2.939607105320797942e+00
8.397680308547762706e+00
3.719875503778693471e+00
4.302690031804706772e-01
7.925211863544480373e+00
1.490416608648426067e+00
6.004746006549014581e+00
7.124853903614544848e+00
8.993905891569225375e+00
3.116405463124248598e+00
1.254476802413698877e+01
1.784361663714223445e+00
1.112145214115855651e+01
5.776389438430511447e+00
3.438918478066484319e+00
9.741601863701819797e-01
9.212835734125768283e+00
8.312312523729021407e+00
2.595061088718952913e+00
3.924492487280958342e-01
9.817665045226430465e+00
7.552239110117047183e+00
9.655382105249972202e-01
5.567732102329099320e+00
3.884847569732062578e+00
2.019096599373095824e+00
9.917692630985111002e-01
1.490437490177214608e+00
7.841245609850423515e-01
6.686040446229786660e+00
6.365729078128000040e+00
2.818010069777386661e+00
1.174944746754558400e+00
9.039951965254116928e+00
2.958190073157209277e+00
1.195542675495251572e+01
1.085188018883110139e+01
1.044746454549742865e+01
9.418509650467544958e+00
7.093611030495566183e+00
1.857195865178277838e+00
7.846986255715592051e+00
5.044309729216779559e+00
1.002833383186980676e+00
6.819982007848009786e+00
1.193786934892766105e+01
1.263988870555323940e+00
4.649641190811616198e+00
7.125640550682983410e-01
1.687504268518978279e+00
3.158363998337331946e+00
6.143677360129356835e+00
1.180161910635912248e+00
1.248617040130487332e+01
5.839172279419540423e+00
1.286166437210868096e+01
4.188295319498744895e+00
5.077301164443285941e+00
3.850342048638384918e-01
1.076352938257188008e+01
4.926638916487941167e+00
9.931699543549525444e+00
6.651719662494788299e-01
1.354626391705929045e+01
1.339746079499607845e+01
1.592833237727703022e+01
1.350432145277826734e+00
1.317392617328969617e+00
1.470609064488747642e+01
1.140825598813395736e+01
7.838800493771059585e+00
6.373042722972428464e+00
3.300062176285063043e+00
2.356799718408045141e+00
8.047052645596236786e+00
1.089409910872107368e+00
6.987568330843054731e+00
7.608683987202423893e+00
4.292328397073585045e+00
3.667445475959397960e+00
7.415394865247495026e+00
3.705234588468439672e+00
3.036783297643947499e+00
1.300246492583662672e+01
5.366356139650965140e+00
1.321585138805758453e+00
1.392398614622901265e+00
2.249378480250792478e+01
8.623950915800865147e+00
1.717515809466636512e+01
5.962110634052760538e+00
6.697194878811819407e+00
3.525758154981491810e+00
2.654093949106761219e+00
5.915394380552398967e-01
1.597586632922650240e+00
2.422826354714212815e+00
1.160729348774940917e+01
1.922820182722175586e+00
3.632231797924622807e+00
5.101761441238274131e+00
6.073971304858043041e+00
9.239072442330989787e+00
8.354135633405318728e+00
4.651106321422854073e+00
5.454028538182906782e-01
1.490457455737349513e+01
6.929269886957320601e+00
2.003292884487259951e+00
6.631610393198338338e-01
8.786985021561966036e+00
5.557948518788661252e-01
9.751946620009562139e+00
1.242429705749057156e+01
3.166638111674931366e+00
1.082298643990956766e+00
6.507651313125595749e+00
1.087871244168826523e+00
1.956389964810969939e+00
6.094568017459196518e+00
1.254689193440535533e+01
6.909572016190169919e+00
1.047300743214374918e+01
3.092041213731423488e-01
2.128557420157557889e+00
1.115401229731931032e+01
1.109018359365022244e+00
3.118772925466400725e+00
6.514497935873133194e+00
4.395251523771399604e+00
4.042189867478689358e+00
4.951526661615697766e-01
7.453386723424851645e+00
5.944254499355230870e+00
8.040013174104421623e+00
7.898665193494463388e+00
1.718860252853685155e+00
6.778140155736822603e-01
1.005691734236180856e+00
2.398473158539592198e+00
1.897346943984650647e+00
1.921929336804475641e+00
2.577400598101063256e+00
1.642566768447051739e+00
1.861208706005607993e+01
1.483553748219311608e+01
4.982881238489369480e+00
2.227343570485602164e+00
4.829716107301950112e-01
1.292419694148031040e+00
4.546814136757824087e+00
1.600624587685348654e+00
1.080329498579534642e+00
2.621847273117876576e+00
3.787686696571283207e+00
1.951881714339277707e+00
4.876657752002479640e+00
5.219218219394214486e+00
6.151978331454516002e+00
6.224974423105345878e+00
5.399318883971145233e+00
3.189083749127615164e+00
6.651958072948605860e+00
5.190698640238387007e+00
1.729957293484200909e+00
7.635815119201080359e-01
5.746110700462991439e+00
4.217276908421688120e+00
4.285904353449772941e+00
1.900954168282052237e+01
5.706031488680872066e+00
6.818257562203221545e-01
1.123021260465478299e+01
6.073365953578986343e+00
2.935901795520205471e-01
2.353753196702430550e+00
4.907482489950129589e-01
6.660493811563185096e-01
6.794034363087172679e+00
5.136836774118180848e-01
6.425641813261226964e+00
1.839479536083169275e+00
1.197046223715114710e+00
1.212233289914763867e+00
7.732642130746550713e+00
2.473384436479412862e+00
1.287696877120508709e+01
6.687986006615283863e+00
3.743972276397872889e+00
3.340393661582762963e+00
1.218386938952634946e+00
1.841763068184507190e+00
4.183764422899852953e+00
7.400828666007011059e+00
2.605373407240803907e+00
3.762009966149428397e+00
6.419372425306521635e+00
2.973269309082854139e+00
1.766164523973637213e+00
9.127826794481118000e+00
2.441306568532012555e+00
7.331855793665755350e+00
7.594170595209673635e+00
1.813475479586798045e+01
4.386650623370632829e+00
1.733753081712556154e+00
8.379031116718660854e+00
3.321068754613146545e+00
1.937655093759207636e+00
3.142049736374232793e+00
6.462224777379993235e+00
2.556417554036080286e+00
1.155725203840047932e+01
7.111778486383620645e+00
4.891622479414050595e+00
8.395268523974257491e+00
8.351146141929048028e+00
1.386461154446257060e+00
1.655521113744840633e+01
1.915110933924881742e+00
5.734783891760896424e+00
1.321350088204210316e+01
3.040697165692219262e+00
8.311675545298676582e+00
3.143049665052988662e+00
5.599436915281621019e+00
1.251454272951808111e+00
5.432628038403518600e-01
2.614987382323603171e+00
1.374354143699501485e+00
6.886254826148491937e+00
8.894532457876177745e+00
7.483408731862369656e+00
1.054203437160312173e+00
8.115892113119125284e+00
1.166854039955062206e+01
4.456088521146818415e+00
6.339479567327348519e+00
1.429138807385023913e-01
3.700431661916374182e+00
9.620758494124646010e-01
6.354253411004034291e+00
4.143887400721969705e+00
4.453643091155213285e-01
9.040857294036507952e+00
2.941492723214054195e+00
6.810238205226783137e+00
3.629210892232050956e+00
3.956180908204420366e+00
1.018357724248294360e+01
1.775219949895834048e+01
5.164303117596787729e+00
8.355316784879331493e+00
5.343213320963936752e+00
1.647136886565118985e+01
1.580187826150305241e+01
1.283685215045529837e+01
2.482432055254421233e+00
2.803952095184809590e+00
9.252375844752210865e-01
1.163010254932303811e+00
8.542710223154383442e+00
4.422132513804582388e+00
6.445418902124340210e-01
7.969047668716748412e+00
4.589188110252067077e+00
3.642420365757082834e+00
2.141098748896001158e+00
5.949896557029942912e+00
1.007881886883880895e+01
4.485357280084849130e+00
7.408815893782679574e+00
4.704028762359331872e-01
2.269323219781147927e+00
1.650564153446226712e+01
6.789152680214046498e+00
1.542746072242161226e+01
7.591417603819269111e+00
9.250493613856082264e-01
1.164728962977746995e+01
3.405024484280200880e+00
3.060478793713615531e+00
1.709537785380300434e+01
6.568744777178165073e+00
8.451248769851218867e+00
8.290188710931806426e+00
2.143979580327253220e+00
2.886051187831919052e+00
1.016586756571586925e+01
3.416562053043978864e+00
2.916055825496570275e+00
4.135354043774769117e+00
1.342815532781055055e+01
2.318360012220451516e+00
2.542675292387875707e+00
3.350883282078022329e+00
5.864931316855986898e-01
3.530486254862748918e+00
4.365668288257434249e+00
6.980163733819625627e+00
8.334450857375975019e+00
4.421373357667514048e-01
8.712984403545473100e+00
2.929183498462033519e+00
4.255341421555271175e+00
1.369003814943493991e+00
6.652572608614089944e+00
3.863439974256272502e-01
1.876401629511560643e+00
8.288778798489714106e+00
3.673563168631941434e+00
9.900834797504806106e-01
1.331667043899805503e+00
2.864531204233351502e+00
2.830910021086725514e+00
4.474812415048663006e+00
8.386132294458585879e-01
4.218282969459569820e+00
9.369714685575676327e+00
8.200350319696356749e+00
4.165242908291644675e+00
1.460679122563403487e+00
8.997064787822877108e+00
5.451055602092649721e+00
3.559989935148631712e+00
1.248142398921217922e+00
7.132851461911393187e+00
4.074327873796164567e+00
5.173169928382697513e+00
1.432668550375923999e-01
5.113553941858538510e-01
4.192937712206320278e+00
2.266935943317643698e+00
1.557320080391778383e+01
4.771553060040425009e+00
4.641077141818096941e+00
3.813372793424036455e+00
6.120148046366322703e+00
4.731951568841925138e+00
6.572814501467939330e+00
2.938388127191032595e+00
2.096483039505187662e+00
4.145427986016073874e+00
6.400479286134953538e-01
1.269804042225754870e+01
1.015614671800644864e+01
1.517914917740714520e+00
5.995969363416022269e+00
4.758056958068254794e+00
3.277844259998377030e+00
2.385053913821587823e+00
1.204952218547652221e+00
6.974095772761997880e-01
6.192200402550192884e+00
6.201073476298648579e+00
3.649336883698441003e+00
1.293468622799856860e+01
1.398395966777455612e+01
7.162377397760452347e+00
1.723601625923390612e+00
1.092066875601273246e+01
1.148153658563329405e+00
3.091176021927820372e+00
5.283395760818761389e+00
9.179042688264022587e+00
1.240999206891543771e+01
4.547016487378711780e+00
5.339168506116370949e+00
1.655841193106550335e+01
1.286810069366024400e+01
5.605379240530122154e+00
7.185438765184350096e+00
2.083308011532416071e+00
1.842594520941877922e+00
4.273688133598804839e+00
9.605732767224358426e+00
3.781908310955150121e+00
2.081930147626459782e+00
5.309361866252022999e+00
2.119692376303802028e+00
9.209687233792509531e+00
4.737666603009929922e+00
4.746596517537365223e+00
2.354583057986594952e+00
5.916327079800810296e+00
3.387194829991796663e+00
1.175545650498291073e+00
5.599129033187800530e+00
3.378726909171576143e+00
1.468224550884452251e+00
2.495294390043905519e+00
8.740463968639490488e+00
2.814937972286416734e+00
1.651440679802695755e+01
1.181090978113418899e+00
7.880645720473903992e+00
1.653643798153887845e+00
1.191283260841140113e+00
1.819034313093861766e+00
4.074579930431480257e+00
8.542222557319503196e+00
8.769846323088468232e-01
1.501179015287140928e+01
1.996630019187043137e-01
1.320151526663887687e+01
1.253096139342728010e+00
6.964091861013053109e-01
8.080719039063483100e-01
8.578472677832202464e+00
2.284170803004033523e+00
7.525393694785564414e+00
4.033285570385745089e+00
9.999790099912610586e+00
7.555278662507670440e+00
2.430740940622157620e+00
2.011553377697326539e+01
4.486835951648091125e+00
8.819443159779108754e+00
7.924060322502392673e+00
6.366425292453905538e-01
1.774810029851061621e+00
1.902265040558340559e+00
3.255605701018903897e+00
9.513075850113610343e-01
3.002525411487645179e+00
1.001321419204186647e+01
1.764737463532235262e+00
1.482299276993202630e+00
4.276551976778699249e+00
6.156870007778097786e+00
1.734176759154722802e+00
4.320445714247269642e+00
3.697709995678843509e+00
1.204651855296478047e+01
1.308971466297228714e+00
2.510475095574497217e+00
1.134272184668265737e+00
3.211415712917671250e+00
7.867598730239781624e+00
1.573717410228562708e+00
3.399022860808155855e+00
2.095830026142068703e-01
9.693157456795093552e+00
1.140513975299622906e+01
2.694306537380417144e+00
6.331651860685637345e+00
