2.034658326185264432e+00
1.347310057512954629e+00
8.882251358157813304e-01
2.153813227553881049e+00
3.156604100409490243e+00
2.785421920100494386e+00
1.288918425968803128e+00
3.957413927896254346e+00
2.402601942840770999e+00
2.777480844492977496e+00
2.781635265172959226e+00
1.886598894463724863e+00
1.615789476121738844e+00
4.549255102824897534e+00
1.746160392409754181e+00
3.112576996957478581e+00
3.253803593042064346e+00
5.167091508721441073e+00
4.187940597237109763e+00
3.457126868887799187e+00
2.187394707232788171e+00
2.857776032903242669e+00
3.566673801016606582e+00
2.055477142015496472e+00
3.330483473604762157e+00
2.121209196117648688e+00
1.002658802369167601e+00
2.140549872146716215e+00
2.310002396401430236e+00
1.884903980686240876e+00
2.231622716575848653e+00
1.987035225059467836e+00
1.285482352153356489e+00
2.405494352209408770e+00
2.751473884504433531e+00
2.484822191861835616e+00
1.924806107659437160e+00
1.195935303875596656e+00
2.599487909676616582e+00
2.038417045072689504e+00
2.761394146048754550e+00
2.618935240284864019e+00
3.184551687239420836e+00
1.298835743096291795e+00
1.790638625189636457e+00
2.922979458270373421e+00
2.285175812462523215e+00
3.278024301719947076e+00
2.552666772388790584e+00
3.070876512541213188e+00
2.462170354614648282e+00
2.250243602318431346e+00
1.820941664825425965e+00
1.885672217102387638e+00
1.900487866168592666e+00
1.662143482179791576e+00
1.582029791416896147e+00
2.993497636573393628e+00
2.263457000704747646e+00
2.755217734040191324e+00
2.466869289499357798e+00
3.898357361284674472e+00
2.876609591054577919e+00
3.439407231448384117e+00
2.013766400952572422e+00
3.462594535369857951e+00
2.849166268543610769e+00
2.943018538316238608e+00
2.429090011325649723e+00
2.679330758809522095e+00
3.239857012790575475e+00
1.869778224820852763e+00
1.912122468304646050e+00
4.454858947450923701e+00
2.558979445790766416e+00
3.048434862356022457e+00
4.482082863709318410e+00
4.843751978047513340e+00
4.282619281331667693e+00
3.491154498754258650e+00
2.833440857649320410e+00
1.861253549584488187e+00
2.360070305922088441e+00
2.645075087108774703e+00
2.128597852746000996e+00
2.899373903443163591e+00
2.646007517863769198e+00
2.858560884406648128e+00
2.914598267860232017e+00
2.336772762532018710e+00
2.760673983454561498e+00
1.139500278910159148e+00
3.271148276466958826e+00
2.083624754717738892e+00
4.033212747400948928e+00
3.678280551245639352e+00
4.257427638785265422e+00
2.500674071864344761e+00
3.629376521271531431e+00
4.079184260983998556e+00
4.405320342885537421e+00
2.847957525006802548e+00
2.905632653857377345e+00
3.266569129447169928e+00
2.548273586131468704e+00
6.736306930492419465e-01
2.390851897756983035e+00
1.529785065932921961e+00
2.698556551717396612e+00
2.568096711619638928e+00
3.011550130894502519e+00
2.354771085228163585e+00
2.495917911367298903e+00
1.933730922535226382e+00
4.643891452283301913e-01
2.263703681541554324e+00
2.212791314384013663e+00
1.945877671507080464e+00
2.900128969902365128e+00
3.532813675004123244e+00
1.757177531164785700e+00
2.072121538388483231e+00
2.987873244663310501e+00
2.180773042363695513e+00
3.923202133092196675e+00
2.259298088664445814e+00
1.689183980696578491e+00
3.044477026618823245e+00
2.367709618319397524e+00
3.093978010667153722e+00
2.052984804102366834e+00
2.045868372049000961e+00
2.159533148475897057e+00
2.995849326361553544e+00
2.063562880760561047e+00
2.673260838256467764e+00
2.776131007722282273e+00
2.768599655743444021e+00
1.734834924370055598e+00
3.060386233254055455e+00
1.623447657033924463e+00
3.381804697840325780e+00
3.431822216736228004e+00
3.132944670496381701e+00
2.245607602888616050e+00
1.847142047867598169e+00
3.972114852217456527e+00
2.325564665907192907e+00
1.826370527568840885e+00
1.841940255507540591e+00
3.316353756040524736e+00
1.029997469251977993e+00
2.963335239598371640e+00
2.980652657793572580e+00
1.655771278555601134e+00
3.161283694152000834e+00
2.911193322607163125e+00
2.107315599521721428e+00
2.052138116030420623e+00
2.771863080295664972e+00
4.354640297420300676e+00
2.560299152253496580e+00
3.814003344046385635e+00
1.955878986711386602e+00
1.603547152248748775e+00
2.657736709297195965e+00
1.554699149511454159e+00
3.797503232973064247e+00
1.160203542472678206e+00
2.262899938408175160e+00
1.126482629974013827e+00
9.514429064043501416e-01
2.222335205966385896e+00
3.164336213928710340e+00
3.245494269357568129e+00
2.681445583248079245e+00
2.154608088268334942e+00
1.908503941096709511e+00
1.211954982957531790e+00
3.695106577937493864e+00
1.868224895550969933e+00
3.122949207694756257e+00
1.962308752637263343e+00
3.300620089801403534e+00
2.501159910217248150e+00
3.848301010984983783e+00
3.262014212761697340e+00
2.205131850148079664e+00
2.727053798098360016e+00
1.587724627790887633e+00
4.428243915018867938e+00
4.571380686179995045e+00
4.452798027415105331e+00
1.227901235945502378e+00
2.210568063424955820e+00
8.061771428094502978e-01
4.439865959722493649e+00
2.019588396940553920e+00
3.267255359229674916e+00
2.772097414425794604e+00
2.039988197717538476e+00
1.126158534112731591e+00
2.416959972868788054e+00
2.400020921319178324e+00
3.494658162296784276e+00
4.230862626579643404e+00
2.400821917677717021e+00
2.501025128079587656e+00
1.953991835960662060e+00
3.710216951128513241e+00
3.635817573127669622e+00
3.901554594560629585e+00
3.555328021158310037e+00
2.899903988511624675e+00
3.473313281679991427e+00
2.741385305628805558e+00
1.127428865236314470e+00
1.000867972635628655e+00
1.858634452003348425e+00
2.533040501003827050e+00
3.636718072338898988e+00
2.395742299128013286e+00
3.653891996822553612e+00
1.685009713639304074e+00
3.280875709062435863e+00
4.055099526177679437e+00
1.642033438472801032e+00
1.264720072230282044e+00
3.805261879928882429e+00
2.574032776241049092e+00
3.168824956188755593e+00
1.517490422688529517e+00
3.495958886279262323e+00
2.210293104504330142e+00
3.275604194884266018e+00
1.895453755462692014e+00
4.298206170504995427e+00
1.772590340087122796e+00
1.942747415651294052e+00
2.116656487554159138e+00
7.369183017088933862e-01
2.429689009659709242e+00
8.944641966712278958e-01
3.117002287967121976e+00
3.941409152010773909e+00
2.344222661110717532e+00
2.783455435143677992e+00
2.012355754062776558e+00
2.194744849348613247e+00
3.834007794822178461e+00
2.181550353483014515e+00
7.349926690715042898e-01
3.213954184644852496e+00
2.066755463358507239e+00
2.896463557059580918e+00
3.434460138772036153e+00
1.897137236347171685e+00
2.291681544698069839e+00
2.020940267897044063e+00
2.722086768153144654e+00
2.374934811525491796e+00
2.404220934367759188e+00
1.582762469029699526e+00
2.630156358061406241e+00
1.862177148391659376e+00
1.776562059115335268e+00
1.128869277294841211e+00
2.141275485627709863e+00
3.218077156817296114e+00
2.450056307947307221e+00
2.155705761016083688e+00
3.390683467059857570e+00
2.663927442674150825e+00
2.068017150432962303e+00
3.730055559361589168e+00
2.065473875330529285e+00
2.109395826182473233e+00
1.658834054623379961e+00
3.045123181326409245e+00
2.313672569161934423e+00
3.050550683849468037e+00
3.500688015994952718e+00
2.369691706361073180e+00
1.724498407153483459e+00
2.119429818292925649e+00
1.900436850014464829e+00
1.986262595784055396e+00
4.540960794748910345e+00
1.567751680417515781e+00
2.037992910016971582e+00
1.558308681729981160e+00
2.728383306858699786e+00
2.885453728666981466e+00
2.993166437147796621e+00
4.160188348632088307e+00
3.342182971584843010e+00
1.578516904884621264e+00
1.918922706400904676e+00
2.314158872123595501e+00
1.521118878724196266e+00
2.300207076363967929e+00
2.832646251695484896e+00
1.114750317952659220e+00
2.779754614542258917e+00
1.305631806655793703e+00
9.774368885279548502e-01
2.589942620017452235e+00
2.022401974318398743e+00
3.212824683736338116e+00
1.287358905269749609e+00
2.362594266823179190e+00
1.029545787519395628e+00
3.047269765089342997e+00
1.819022511475557158e+00
3.342981474574951317e+00
4.390094369888834613e+00
2.501001127020202830e+00
1.956696030919850227e+00
3.787959273183645337e+00
1.316254556610981563e+00
1.558043972940560407e+00
2.235309412874022517e+00
1.190260730385251264e+00
2.720549909839095282e+00
5.399459014790544131e-01
4.219105322408362113e+00
3.683065754664277769e+00
3.984107137370100915e+00
1.943775473942396248e+00
1.673277232057039710e+00
3.458300894651592294e+00
1.858718256245465827e+00
1.817253614072213974e+00
1.845033554348514793e+00
2.769854808329865747e+00
3.151372222246134669e+00
2.395749404063455934e+00
2.087547854522007196e+00
2.826913949432773077e+00
1.931945166251669566e+00
2.931570912947594199e+00
3.181305957360819558e+00
1.807969487464889946e+00
5.359703683465818713e+00
2.282657608382323566e+00
3.320177836892315604e+00
1.564903057914015738e+00
3.435103429356090921e+00
1.389264548702151991e+00
2.875204135786473270e+00
2.462603121867999345e+00
2.456410569712578873e+00
3.730320990789202096e+00
2.500008678453088606e+00
3.152812206801336004e+00
1.922076754420304123e+00
2.196257860094321668e+00
2.057503385549344976e+00
3.440996649188576395e+00
2.295434337480408704e+00
2.767392852584119822e+00
2.973618137400450223e+00
1.996880404780694507e+00
2.160275849394102110e+00
2.096321109864070831e+00
2.447034077520670259e+00
3.336710340192077240e+00
5.209891805005340437e+00
2.225295591550115137e+00
3.370328055842111592e+00
3.037906198975768302e+00
2.428887803632193698e+00
7.162801989801900193e-01
1.117186096206152168e+00
4.249111486937025894e+00
2.980728097488552386e+00
5.823425267275795791e-01
2.309393621588325729e+00
2.802686440356449538e+00
3.020974334003939443e+00
3.596620033754353685e+00
3.309799684805314612e+00
2.313066619575756988e+00
1.689012814674020202e+00
2.984997813873040418e+00
2.295982917417636493e+00
1.407110285817448014e+00
3.522376303079876259e+00
2.522249057544209805e+00
2.319302264768489774e+00
8.418116035750445869e-01
3.168901993066413070e+00
2.453424248765948334e+00
9.139366687211076812e-01
3.417980398563939204e+00
3.318120228202388500e+00
1.153690142601790258e+00
3.181062188614375286e-01
4.211684971788367982e+00
2.829008282428196797e+00
1.520898871237840400e+00
3.275172791991181942e+00
2.065941495051926591e+00
2.199600211411752770e+00
2.154671924400573868e+00
3.199610500296063531e+00
1.735796987770256372e+00
4.001348622767967989e+00
3.207606437221605766e+00
2.732351388087482791e-01
3.113688575795367619e+00
1.355855052003509309e+00
2.843092977230113672e+00
3.038517095556191983e+00
1.695874328738832482e+00
2.330880429612074867e+00
1.365074829594698835e+00
5.346759360279610407e-01
3.748617484619293783e-01
8.508852009646223902e-01
4.561685593632766711e+00
1.884513053968327023e+00
3.158749017484502097e+00
4.002194756948904697e+00
2.888855975998736891e+00
2.405753458977008208e+00
2.789517854921187645e+00
3.510331639344941745e+00
1.907821503396283980e+00
2.067246684783829558e+00
5.896364233867165128e-01
3.131473494317435158e+00
2.974970409951634309e+00
3.621702855746002481e+00
3.422804526736428432e+00
3.100155297035187552e+00
4.136053982542055252e+00
1.327841430011232227e+00
3.276446629788214882e+00
2.702808729095698581e+00
3.020000509860095050e+00
3.311523485014902679e+00
2.723994242586992964e+00
1.642305135733705068e+00
4.323835750232094099e+00
2.777480451445320409e+00
2.225377717360148999e+00
2.084791805750609850e+00
2.911143462894598688e+00
2.611340313703927940e+00
2.646226727271887569e+00
2.162695071961344251e+00
1.594652088386133260e+00
1.655078386957876013e+00
4.545962997024900476e-01
6.469704871399141188e-01
4.145261475829088438e-01
3.798686181324915534e+00
3.328124678275982795e+00
1.894878872774462097e+00
1.446005419363497690e+00
3.016748093491048444e+00
2.108271704421031068e+00
1.923887402179359052e+00
1.015297417569051452e+00
1.749529393381810127e+00
1.938942747415459911e+00
2.307323345058447828e+00
2.786617521350062798e+00
2.735347825026607893e+00
3.662623084360113523e+00
3.223707778286192926e+00
1.587161442077007489e+00
3.426354123381314842e+00
2.879013657520934633e+00
2.084858929003981842e+00
3.192914100869318261e+00
1.714370997162989241e+00
8.285313437914325618e-01
3.807782865216047696e+00
2.472325015244275725e+00
2.985162655327886938e+00
5.368579116231585679e+00
9.185302425145548399e-01
4.898628590644987235e-01
3.200250446933631920e+00
4.345154501696455895e+00
8.366497690943646148e-01
2.181776174727677375e+00
2.356858446749851232e+00
1.758454700416793859e+00
2.490115782576694858e+00
2.044608493016932815e+00
1.261613744106698132e+00
1.284071882032287615e+00
3.386698732580389226e+00
3.540793725583987861e+00
2.907853167614745882e+00
2.014917414800279083e+00
1.887429240506088401e+00
2.978438376722117642e+00
2.056338044989953762e+00
1.320554313301200544e+00
2.262271950304362456e+00
3.986241352331290955e+00
1.885603059706812967e+00
3.036594325374276426e+00
3.102304837151452332e+00
2.651127744290160404e+00
3.295575940409929405e+00
2.795200347886280134e+00
2.552294959484957104e+00
3.859984326720991454e+00
2.522357520370797968e+00
2.243649180240063767e+00
1.724808021532511448e+00
2.733452047023872566e+00
2.526976433872170524e+00
2.863041849777390180e+00
1.345703139693460226e+00
2.999467724602080221e+00
2.121444485519811352e+00
2.303203656039522151e+00
1.344821573065472231e+00
2.065708545469392199e+00
2.526730912991116185e+00
3.063927441658883755e+00
1.896814893420760040e+00
1.783631300236499184e+00
2.133419059830214515e+00
3.010196893395120643e+00
2.051017942726530485e+00
2.046059369800844241e+00
2.738366020330240680e+00
7.047674005913481254e-01
3.094657899723757932e+00
1.792142924011764338e+00
2.526997747107032843e+00
4.462884292223705529e+00
3.205856485989441396e+00
1.810644828726150068e+00
1.666001675259513481e+00
9.598487062702443229e-01
3.686136510579647751e+00
9.320818809745169409e-01
1.769390574167133634e+00
2.581330533144900574e+00
2.331435479558107815e+00
1.375853610480715750e+00
2.170698091049980682e+00
2.096814653750115998e+00
2.798266019705779595e+00
1.105168580312887894e+00
2.757441039827851714e+00
2.826884257141451862e+00
2.738853310725975820e+00
2.282677571829628160e+00
3.125036968058863884e+00
3.943944760594430221e+00
1.995050612522508482e+00
2.805890225526561199e+00
3.957443075141203526e+00
3.754234291211033803e+00
2.444005842275208396e-01
2.223631036128820515e+00
8.358952695274048939e-01
3.864717206730503118e+00
2.007507482597537862e+00
1.652789255567620241e+00
2.811831294483957855e+00
2.523902527819433139e+00
2.003191934975871114e+00
3.521288793432640674e+00
2.528120212917642551e+00
4.212324843507519567e+00
4.377356279964073060e-01
8.284756396794781264e-01
2.700161730986502917e+00
1.469042322230598385e+00
2.857281504720391219e+00
1.359273112454733035e+00
1.681918668092545976e+00
1.481928554049727564e+00
2.162957743994211146e+00
4.802318095028192069e+00
9.016750313042541931e-01
1.747960296042219586e+00
3.731981710107312722e+00
2.990395160333724878e+00
1.812236220477611681e+00
2.380245720735293613e+00
3.651362490400167804e+00
2.581314158529522285e+00
2.096376235169596480e+00
2.509961052077263499e+00
4.239971385219729605e+00
1.786737616327748635e+00
1.541057855759678130e+00
1.576827270405703807e+00
2.501633087175388681e+00
1.961840351881700029e+00
2.477888854949075625e+00
3.156006084229266317e+00
3.598710164500777964e+00
3.283958122164258864e+00
1.190243048747999799e+00
1.875358735133636046e+00
4.333888266416903612e+00
3.570030463810866639e+00
1.995488296695863584e+00
2.027022940686633135e+00
3.284758923289157639e+00
2.854833336728800131e+00
2.294492156407515360e+00
4.534922767346355243e+00
2.396774005366983928e+00
2.596035316695377571e+00
4.544791562249040240e+00
2.643968329820520768e+00
2.892970733576261555e+00
2.004627676664588076e+00
2.361481948941829057e+00
1.904011092434965580e+00
1.406845460194623643e+00
1.706210402139203497e+00
2.175587932315294459e+00
3.880139730585106861e+00
3.937201436539865540e+00
2.128186219267981016e+00
3.096782978830525224e+00
2.785175158025701148e+00
1.822140332438408450e+00
3.441730994451328129e+00
3.458868907057374820e+00
1.782087021824077411e+00
4.080270597846988423e+00
2.725300980090387348e+00
3.040708291864310464e+00
2.906017604143559474e+00
4.070492347952897383e+00
3.131405805637593964e+00
2.823232960235010136e+00
1.910618581798706028e+00
1.877492923826425297e+00
3.516162562671354408e+00
1.922124739497844459e+00
2.747686903738302266e+00
1.016774274053625193e+00
1.182792850251342953e+00
3.151498055240268936e+00
2.373248936689722033e+00
2.595779748479975169e+00
1.954167735469746647e+00
3.182450526816968495e+00
4.031499310164315730e+00
4.325067021033125236e+00
3.329481050640671125e+00
2.184728510390784972e+00
2.376215983129220888e+00
2.685580736313775141e+00
4.398117503560480479e+00
3.074926498353109938e+00
3.052277946120304009e+00
9.723167986287083453e-01
3.298010078472682682e+00
2.834691510892384692e+00
2.087011982169765467e+00
2.464509137208181322e+00
2.392727030767509255e+00
2.677328645236053184e+00
3.699865685464474030e+00
2.451126632198777688e+00
2.188764231021843809e+00
2.700752081413595906e+00
2.191585388340445029e+00
3.714365004949084614e+00
5.220845045876321144e+00
1.908796114743263495e+00
2.304013780268079348e+00
2.225604865808670674e+00
3.335574120899478689e+00
1.324161102672764434e+00
1.993409421245799118e+00
3.286280138428518072e+00
1.996390254154418509e+00
3.048271273837855233e+00
2.693569571344772484e+00
3.200699300473830000e+00
1.896781082721315403e+00
3.849903659111683751e+00
2.644656170722694988e+00
3.036449463615315203e+00
2.708887415779159369e+00
1.910781905090058075e+00
2.801749577048177731e+00
2.365749940008466723e+00
1.316924397587994067e+00
1.230618769416388592e+00
2.535743456918645666e+00
1.768399576965288045e+00
4.127034483884203908e+00
1.364891639501379705e+00
2.487895268539133120e+00
1.159357801380137776e+00
2.999257008072314434e+00
3.181271758364996760e+00
4.487174231783016332e+00
1.961676435405407704e+00
3.739421351499884416e+00
4.738524601761853638e+00
2.837224371464755368e+00
2.735687648290769491e+00
1.556929138763590625e+00
2.404479136733410183e+00
2.295024411881198212e+00
3.489246721329447354e+00
2.916791002780411368e+00
2.646909885063088552e+00
2.205952513989282160e+00
2.858410281957922461e+00
2.934905824360311666e+00
2.987757936228261801e+00
1.934743522295610418e+00
1.712152484387688078e+00
4.028276483966047650e+00
3.303996884607219187e+00
3.901086869387912159e+00
2.812148125580100189e+00
8.644199553393669966e-01
1.871608064960166073e+00
2.860345637687029541e+00
1.691412860198723722e+00
2.810477644845674305e+00
2.098406948385676873e+00
2.456780185903041591e+00
2.474355495555238704e+00
2.359375950159380064e+00
1.129377644100808764e+00
1.830142218912634844e+00
9.193350845868669685e-01
2.081819919747717407e+00
1.517472161787114748e+00
2.704065139257213701e+00
1.975655687734102939e+00
2.471221031452806027e+00
4.622801382447265794e+00
2.614369763254172696e+00
1.625194468029149020e+00
2.133335358147138372e+00
1.698288834978724626e+00
2.874042081937487225e+00
4.919761413267360162e+00
2.945300296057965728e+00
3.172945339862472736e+00
2.052969002971640755e+00
2.851088099637123729e+00
4.039970881815828641e+00
3.233042116641014374e+00
2.600344854810932915e+00
4.240399485802411661e+00
3.806354453031378426e+00
1.137566446765011952e+00
3.980808454955925502e+00
1.733925185944694913e+00
3.259589471742709854e+00
3.180825530358744491e+00
5.406709327202144921e-01
7.883656062698864986e-01
5.291256093964124219e+00
3.359611775108302556e+00
1.055416346545476003e+00
2.386763416231596047e+00
3.771705285798474527e+00
1.970091867364318183e+00
2.315558193325601977e+00
5.595751197424778667e-01
2.209376947015263326e+00
2.038864713596052258e+00
3.194274906721473961e+00
3.021669731199015718e+00
1.553227185026025969e+00
3.188769200850208652e+00
3.014425997297228044e+00
3.676079212117028927e+00
3.211471456761754162e+00
3.181320485642137097e+00
2.022899964672046469e+00
1.074400024143996157e+00
2.570825383621299753e+00
2.580420284937383624e+00
1.732016402504104491e+00
2.601827291113479657e+00
3.104158838498105144e+00
1.746799616268366773e+00
2.705569876527786910e+00
2.056644790965520997e+00
3.119517728680698543e+00
1.247111456393553475e+00
1.757871084072911927e+00
2.916093012941943119e+00
3.538352099923216532e+00
3.767307640297404170e+00
2.368612503909224731e+00
4.252044177870094366e+00
2.513730969193247677e+00
1.627240191699072636e+00
1.760346774138104697e+00
3.029928742043359602e+00
2.354209749973107613e+00
2.400130844450192313e+00
2.501596112841069530e+00
3.180104686536436631e+00
3.302151368321640579e+00
2.795894784656642873e+00
4.768960826041847234e+00
3.502150326889657883e+00
3.095435496850965862e+00
1.519247561934839785e+00
2.867042283272843162e-01
2.610361379689551509e+00
1.202078495531025304e+00
1.427665914043491968e+00
2.562355774055545155e+00
4.024186616493084401e+00
2.656762725487924914e+00
1.128807389530142036e+00
4.490525149012865924e+00
2.336694813188082254e+00
1.502857201651167207e+00
3.461723083013269697e+00
2.812818955588149095e+00
1.837387915628855284e+00
4.334029700053291911e+00
1.405906180774114667e+00
1.231006248054029140e+00
1.577924431932438365e+00
2.472310927672860092e+00
3.361630690744954464e+00
2.688208149015820059e+00
6.245949558295155191e-01
4.748169370269502920e+00
1.688311594934817750e+00
1.869815221489808721e+00
4.388858813353185617e+00
2.493208475208263941e+00
2.348227871885969709e+00
2.261065812963523491e+00
4.222555375559984725e+00
3.308621634522000310e+00
1.195328149593979594e+00
3.394067424100385644e+00
1.383249412812676438e+00
3.283177703824812887e+00
4.031762300408379573e+00
3.147777124410414906e+00
3.646135503778814790e+00
2.415998375970237699e+00
1.438341315577309043e+00
1.254250490035810461e+00
2.200937869647777489e+00
3.378869735905001725e+00
3.182098991668045329e+00
8.736261712014241620e-01
4.625793347814350365e-01
1.364960604785733445e+00
1.163349684102433779e+00
2.040221440146775311e+00
3.446367618575210567e+00
3.016458243640721903e+00
1.778647635908731095e+00
2.290144003162051245e+00
3.568868009414091436e+00
7.339977097079067869e-01
2.136247781248683530e-01
3.399293779332160703e+00
5.277674799732817723e-01
2.906862909651457549e+00
3.374454613251363533e+00
3.378079481366341508e+00
2.034705143924621762e+00
3.731317772910198283e+00
2.091902215867046166e+00
2.844642997284196007e+00
2.498325629559947192e+00
1.675606131248179143e+00
3.044797301722208083e+00
1.663590570724773787e+00
8.679526791159114518e-01
2.801970406227943577e+00
1.984040303700856489e+00
4.469571219796786843e-01
2.958096074897235361e+00
2.068218701896120670e+00
3.320588782059588517e+00
3.425514972001487024e+00
2.635159812348073949e+00
3.112368894069391878e+00
3.618766743553339271e+00
8.888754522606610031e-01
3.471342966183730727e+00
2.159909367187674345e+00
2.699025555028019774e+00
3.097286679394920750e+00
3.818913815501651765e+00
1.661331077202302664e+00
3.753531048271941284e+00
3.375200898029301566e+00
2.833411239957699390e+00
1.771081644382264564e+00
1.313792976423367787e+00
2.559999258128415001e+00
3.812037498704992977e+00
2.340444578446668977e+00
4.134401381385439667e-01
1.913254798543516655e+00
2.890969069758237087e+00
4.929686463184513201e+00
4.096176914520320622e+00
4.969552507484105597e+00
3.298114656568183367e+00
4.327098768476125734e+00
2.245624183439125066e+00
2.843118753464119575e+00
3.472220207606608877e+00
2.477188511142242255e+00
3.536403290524538612e+00
2.937752912496690350e+00
2.416919542467169002e+00
3.782309571957477523e+00
3.137753838835148912e+00
2.843527901436970318e+00
1.755134850328629703e+00
1.540229112326932714e+00
2.868026654813928822e+00
2.964708258409493258e+00
1.883266674364652227e+00
3.518449882574376630e+00
1.734799002561162817e+00
3.232010747563642816e+00
9.229723563540386255e-01
7.041707093844654652e-01
3.140295162917960514e+00
1.722142981498231418e+00
4.285407391634136864e+00
6.536314158136007357e-01
3.881376485015492150e+00
3.251416408994678875e+00
1.527294225128449812e+00
1.513449415361664663e+00
1.398183961243173234e+00
4.014294181060095168e-01
1.318624317710376248e+00
2.077843573158892454e+00
2.638436517409789239e+00
2.880007477060292587e+00
2.147275360100199038e+00
1.360585961805602428e+00
2.781316678401676956e+00
1.691047702420439780e+00
4.020615094505396669e+00
2.509093103765333677e+00
1.784397406850258827e+00
3.956228643097522646e+00
2.901588771856022042e+00
1.376650862722094137e+00
3.433997085594257204e+00
1.440334512599399375e+00
2.621525822024266983e+00
3.302959679889992728e+00
1.652982302664518954e+00
3.416008151801825043e+00
3.864078927798313412e+00
1.373885630569168681e+00
2.708264917917289072e+00
2.480451272552395281e+00
4.147922408043019926e-01
3.823098636037647768e+00
3.383023090648541675e+00
2.889040948566087952e+00
1.142609862136648280e+00
3.914220610256967436e+00
2.862599170764369205e+00
2.237549781033981056e+00
2.747940753358721899e+00
1.886669911461754001e+00
2.697380579149664115e+00
3.869309350933539005e+00
3.047076653452123196e+00
2.012717821443935406e+00
3.577827590318383155e+00
3.415077426832340279e+00
2.502925970243936149e+00
1.415014905514396348e+00
1.888062542157947998e+00
1.896557726809180666e+00
3.461227959901434392e+00
1.471772697965002319e+00
3.148406069359081627e+00
3.103117859326610883e+00
4.053497959030643472e+00
