1.039734929800033569e-01
4.380078986287117004e-02
9.722498059272766113e-02
8.560989797115325928e-02
1.311882287263870239e-01
1.382112205028533936e-01
6.258122622966766357e-02
-5.688994750380516052e-02
3.556315898895263672e-01
1.126205176115036011e-01
2.179708182811737061e-01
2.293709218502044678e-01
2.920398414134979248e-01
9.002835489809513092e-03
-1.324394047260284424e-01
-6.450418382883071899e-02
-2.875581849366426468e-03
1.557883471250534058e-01
1.111135631799697876e-01
-1.025837287306785583e-01
1.780056804418563843e-01
1.544028818607330322e-01
3.266525268554687500e-02
1.993180066347122192e-01
6.272937357425689697e-02
2.739670574665069580e-01
9.112794697284698486e-02
2.895313873887062073e-02
1.981244608759880066e-02
2.285749465227127075e-01
2.224801927804946899e-01
3.076614439487457275e-01
1.275667697191238403e-01
-3.676637262105941772e-02
4.178467392921447754e-01
1.032649129629135132e-01
-6.343088112771511078e-03
-1.022875234484672546e-01
1.721570640802383423e-01
1.493401527404785156e-01
4.414258003234863281e-01
1.736344695091247559e-01
1.881388723850250244e-01
2.241258472204208374e-01
2.159032784402370453e-02
1.955850869417190552e-01
8.300942182540893555e-02
9.168259799480438232e-02
1.946916878223419189e-01
-2.809332683682441711e-02
1.541687399148941040e-01
1.541545689105987549e-01
1.347623020410537720e-01
1.278122663497924805e-01
9.663604199886322021e-02
4.796585813164710999e-02
8.129888027906417847e-02
1.830229908227920532e-01
-2.721676416695117950e-02
3.102968260645866394e-02
1.660872846841812134e-01
1.263010054826736450e-01
4.129094481468200684e-01
2.144356071949005127e-01
-3.464850783348083496e-02
4.179797470569610596e-01
1.489469259977340698e-01
2.827054262161254883e-01
1.243924722075462341e-01
3.588774055242538452e-02
1.473093926906585693e-01
2.293874621391296387e-01
1.149607598781585693e-01
2.458999902009963989e-01
1.162076666951179504e-01
8.236545324325561523e-02
1.963402926921844482e-01
2.500767707824707031e-01
2.668033838272094727e-01
2.712281942367553711e-01
1.609513908624649048e-01
-1.027029827237129211e-01
3.292885050177574158e-02
2.700236439704895020e-01
1.253813803195953369e-01
5.966720357537269592e-02
2.814035415649414062e-01
-3.842430934309959412e-02
1.183892190456390381e-01
-4.037670791149139404e-02
-4.467088356614112854e-02
1.568613201379776001e-01
8.721172809600830078e-02
3.783744201064109802e-02
3.389722108840942383e-02
4.574225470423698425e-02
1.291339695453643799e-01
1.350023895502090454e-01
8.746182918548583984e-02
1.802349090576171875e-02
3.047640919685363770e-01
1.993534527719020844e-02
1.068627312779426575e-01
-6.183729320764541626e-02
2.583627402782440186e-01
3.018727600574493408e-01
2.818894684314727783e-01
1.981032341718673706e-01
-4.853446036577224731e-02
-9.185456670820713043e-03
1.175764128565788269e-01
2.753201723098754883e-01
-1.020676866173744202e-01
-3.105880133807659149e-02
1.111473068594932556e-01
1.643428057432174683e-01
-1.185566782951354980e-01
8.308842033147811890e-02
-1.806096546351909637e-02
5.450831353664398193e-02
1.097433548420667648e-02
1.707278192043304443e-01
3.022834658622741699e-01
4.675474390387535095e-02
1.571634113788604736e-01
3.027187585830688477e-01
9.710991382598876953e-02
5.409323051571846008e-02
7.582074403762817383e-02
1.565189957618713379e-01
-2.847464382648468018e-02
1.242206245660781860e-01
-1.298723071813583374e-01
3.271822631359100342e-01
1.084835529327392578e-01
1.421743035316467285e-01
-5.568314809352159500e-03
-8.744325488805770874e-02
-4.570051655173301697e-02
-3.958959132432937622e-02
2.285173833370208740e-01
1.765868365764617920e-01
1.631589531898498535e-01
6.633521523326635361e-03
1.325954198837280273e-01
2.333544790744781494e-01
-4.546912759542465210e-02
3.185664117336273193e-01
1.036139652132987976e-01
1.279684603214263916e-01
-3.167419135570526123e-02
1.895145326852798462e-01
4.778455570340156555e-02
2.359088063240051270e-01
2.205903977155685425e-01
1.231780573725700378e-01
1.242693290114402771e-01
1.889655888080596924e-01
1.313228756189346313e-01
4.134521633386611938e-02
7.359458599239587784e-03
-1.535051763057708740e-01
6.604661792516708374e-02
2.013964056968688965e-01
3.895355015993118286e-02
-9.024502336978912354e-02
4.223355278372764587e-02
3.692264258861541748e-01
-2.414329200983047485e-01
2.350467741489410400e-01
-2.395369671285152435e-02
-1.607784442603588104e-02
3.651801347732543945e-01
-8.201062679290771484e-02
6.647442281246185303e-02
1.805622875690460205e-01
-4.107987880706787109e-02
1.046754941344261169e-01
5.167448893189430237e-02
3.541038930416107178e-02
1.591427475214004517e-01
1.493082642555236816e-01
2.795824110507965088e-01
5.636407993733882904e-03
3.304494023323059082e-01
1.609741151332855225e-01
8.391948789358139038e-02
1.134244725108146667e-01
9.605284035205841064e-02
1.170727834105491638e-01
3.900674283504486084e-01
1.643314808607101440e-01
-1.468407828360795975e-02
1.205547600984573364e-01
8.322434127330780029e-02
1.938527673482894897e-01
8.106455206871032715e-02
5.943925678730010986e-02
2.505909502506256104e-01
1.835898309946060181e-01
-4.076834022998809814e-02
5.180262401700019836e-02
2.489756941795349121e-01
-2.525912784039974213e-02
7.391809672117233276e-02
-7.020591944456100464e-02
3.326384425163269043e-01
-5.667974799871444702e-02
1.699928194284439087e-01
6.404930353164672852e-02
2.815862186253070831e-02
4.835341125726699829e-02
1.878092288970947266e-01
-1.112278318032622337e-03
2.147375196218490601e-01
6.489975750446319580e-02
1.984692513942718506e-01
-1.217191144824028015e-01
2.683383971452713013e-02
2.812224030494689941e-01
1.881184130907058716e-01
1.340721845626831055e-01
-1.026813685894012451e-02
4.446347057819366455e-02
1.481762081384658813e-01
1.437038779258728027e-01
1.618058793246746063e-02
6.258052587509155273e-02
1.093716770410537720e-01
1.831762790679931641e-01
3.209100365638732910e-01
1.378272026777267456e-01
-3.247791901230812073e-02
1.515677720308303833e-01
1.015422493219375610e-01
7.044430077075958252e-02
5.850069224834442139e-02
2.176720835268497467e-02
1.191785335540771484e-01
1.983391493558883667e-01
-2.961389534175395966e-02
8.963608741760253906e-02
1.078581511974334717e-01
2.403308451175689697e-02
1.554060429334640503e-01
6.546276807785034180e-02
7.497978396713733673e-03
1.258137822151184082e-01
1.244203075766563416e-01
-2.570448070764541626e-02
4.119403287768363953e-02
2.244030088186264038e-01
1.168794333934783936e-01
1.603754907846450806e-01
-9.409155696630477905e-02
2.904846668243408203e-01
5.102220177650451660e-02
-9.325432777404785156e-02
2.685055434703826904e-01
1.264796555042266846e-01
-4.814151301980018616e-02
3.575944006443023682e-01
2.362773418426513672e-01
2.865046262741088867e-01
-5.144663527607917786e-02
-1.401279866695404053e-01
3.400844708085060120e-02
9.030849486589431763e-02
1.577207446098327637e-01
2.969904541969299316e-01
1.024573817849159241e-01
8.991353958845138550e-02
-1.138131879270076752e-02
2.427261471748352051e-01
1.046904549002647400e-01
2.356120496988296509e-01
-1.130148172378540039e-01
-1.069902442395687103e-02
-2.556406660005450249e-03
1.970381289720535278e-01
7.120075076818466187e-02
-3.153299167752265930e-02
4.480356723070144653e-02
1.047828197479248047e-01
1.196102201938629150e-01
-1.382659375667572021e-01
-2.091928757727146149e-02
1.716628074645996094e-01
1.771714091300964355e-01
4.419965669512748718e-02
-8.189675211906433105e-02
2.824843488633632660e-02
3.311982154846191406e-01
5.493221059441566467e-02
2.297773361206054688e-01
1.900547444820404053e-01
1.738360226154327393e-01
2.361486256122589111e-01
1.282480210065841675e-01
2.039804756641387939e-01
2.249793559312820435e-01
1.405038237571716309e-01
-1.225604936480522156e-01
1.194459497928619385e-01
3.883159905672073364e-02
1.471166312694549561e-01
1.930610388517379761e-01
8.341854810714721680e-02
1.588769108057022095e-01
-6.555727124214172363e-02
1.772769838571548462e-01
2.636634409427642822e-01
1.173584237694740295e-01
9.389861673116683960e-02
1.749974116683006287e-02
1.961683928966522217e-01
8.821006864309310913e-02
1.494462639093399048e-01
-4.149228334426879883e-02
2.988461852073669434e-01
2.690193653106689453e-01
3.016746342182159424e-01
2.005729451775550842e-02
2.159871011972427368e-01
1.180856078863143921e-01
9.318109601736068726e-02
4.665331542491912842e-02
3.606975823640823364e-02
-6.872606277465820312e-02
3.585851490497589111e-01
1.887461245059967041e-01
6.883936375379562378e-02
-1.664089262485504150e-01
8.743398357182741165e-04
4.694690182805061340e-02
2.858981490135192871e-01
3.658542633056640625e-01
2.391522824764251709e-01
-4.430624097585678101e-02
-7.802575081586837769e-02
1.242115870118141174e-01
3.044667541980743408e-01
1.919050663709640503e-01
2.633264362812042236e-01
-1.819535940885543823e-01
1.327141374349594116e-01
4.851983487606048584e-02
2.040807753801345825e-01
-5.518316850066184998e-02
2.939306199550628662e-01
4.907479137182235718e-02
2.105557732284069061e-02
1.135177463293075562e-01
1.684178262948989868e-01
8.427678048610687256e-02
-1.046715974807739258e-01
-1.346295475959777832e-01
2.131776064634323120e-01
8.037782460451126099e-02
2.049067318439483643e-01
3.435178101062774658e-02
2.624033689498901367e-01
1.886808276176452637e-01
1.356507837772369385e-01
-3.525794297456741333e-02
3.387039154767990112e-02
3.478743731975555420e-01
1.434736996889114380e-01
3.122755885124206543e-01
1.697925031185150146e-01
3.185530602931976318e-01
7.913566380739212036e-02
-5.227268859744071960e-02
3.779206797480583191e-02
-3.065967932343482971e-02
8.237685263156890869e-02
5.008577182888984680e-02
2.568639218807220459e-01
5.962412431836128235e-02
-5.900804698467254639e-02
-1.158295273780822754e-01
1.268442273139953613e-01
2.273817658424377441e-01
1.890308111906051636e-01
1.849183589220046997e-01
1.421656310558319092e-01
3.129409998655319214e-02
1.204593386501073837e-02
2.066495269536972046e-01
3.511151075363159180e-01
2.445024624466896057e-02
-4.834586009383201599e-02
-1.053943485021591187e-01
8.356454968452453613e-02
1.857834011316299438e-01
3.519377112388610840e-02
-2.446935744956135750e-03
1.964187026023864746e-01
2.470571398735046387e-01
7.872436940670013428e-02
9.761050343513488770e-02
-4.511995986104011536e-02
-1.095464825630187988e-01
-3.982556983828544617e-02
-3.378489241003990173e-02
1.144890636205673218e-01
1.237619221210479736e-01
3.853747248649597168e-01
1.576476395130157471e-01
2.069505751132965088e-01
-7.385064847767353058e-03
-6.947536021471023560e-02
1.256942003965377808e-01
2.188744843006134033e-01
6.350220739841461182e-02
6.582268327474594116e-02
1.571170538663864136e-01
7.915031164884567261e-02
1.332599222660064697e-01
7.656131684780120850e-02
7.354274392127990723e-02
1.769218444824218750e-01
1.197755243629217148e-02
2.093499153852462769e-01
2.784498333930969238e-01
3.651094809174537659e-02
1.681289076805114746e-01
5.723705887794494629e-02
2.566769421100616455e-01
1.684386879205703735e-01
2.708512544631958008e-01
1.784700900316238403e-01
5.443685129284858704e-02
2.540215477347373962e-02
6.438281387090682983e-02
6.918033212423324585e-02
-4.411242157220840454e-02
1.141076236963272095e-01
-2.560927718877792358e-02
1.006805971264839172e-01
1.776719093322753906e-02
3.035032562911510468e-02
3.770225346088409424e-01
2.076373249292373657e-01
1.565551459789276123e-01
1.856120973825454712e-01
-7.031712681055068970e-02
1.223207488656044006e-01
4.560820758342742920e-02
-1.805294118821620941e-02
-2.197082713246345520e-02
6.281060725450515747e-02
-2.966575883328914642e-02
-6.963035464286804199e-02
3.770614042878150940e-02
2.966087311506271362e-02
-6.056154146790504456e-02
6.980389356613159180e-02
1.076916530728340149e-01
1.515074670314788818e-01
-3.917893394827842712e-02
1.175524890422821045e-01
1.079883202910423279e-01
2.973604202270507812e-01
3.261691629886627197e-01
1.199993938207626343e-01
1.214296892285346985e-01
-3.579972982406616211e-01
1.911823004484176636e-01
1.742655336856842041e-01
1.288879364728927612e-01
-7.806165516376495361e-02
1.338988691568374634e-01
9.836501628160476685e-02
1.849144250154495239e-01
1.311670988798141479e-01
-2.029915340244770050e-02
-9.840052574872970581e-02
6.759421527385711670e-02
-6.159517541527748108e-02
-1.520050019025802612e-01
9.148558229207992554e-02
9.861125797033309937e-02
2.802787721157073975e-01
4.651245474815368652e-01
1.201693266630172729e-01
5.329594016075134277e-02
1.342863775789737701e-02
1.916686445474624634e-01
1.367306560277938843e-01
6.190800108015537262e-03
1.730513721704483032e-01
1.040963903069496155e-01
-4.046467319130897522e-02
7.839122414588928223e-02
5.727537721395492554e-02
-7.540599256753921509e-02
1.224796622991561890e-01
-1.574873477220535278e-01
9.592732042074203491e-02
2.091300338506698608e-01
6.153455749154090881e-02
4.466651007533073425e-02
-6.640017777681350708e-02
4.944013804197311401e-02
3.213483840227127075e-02
3.010258451104164124e-02
3.370345383882522583e-02
1.991256624460220337e-01
5.585381388664245605e-02
3.096690177917480469e-01
2.664319574832916260e-01
1.276315897703170776e-01
1.370812356472015381e-01
2.402185350656509399e-01
-3.356335684657096863e-02
1.725105345249176025e-01
-1.684975773096084595e-01
4.838832840323448181e-02
1.786828637123107910e-01
-5.615699291229248047e-02
-1.477338522672653198e-01
3.146392703056335449e-01
2.020515315234661102e-02
1.176987737417221069e-01
2.894531562924385071e-02
2.948476970195770264e-01
7.925477623939514160e-02
3.602695092558860779e-02
5.433665215969085693e-02
2.004330903291702271e-01
2.061591297388076782e-01
1.084916889667510986e-01
-1.325145214796066284e-01
3.291598558425903320e-01
1.869281679391860962e-01
-3.038210235536098480e-02
1.114025264978408813e-01
1.374588757753372192e-01
1.865039765834808350e-01
3.040673136711120605e-01
7.196067273616790771e-02
8.012966066598892212e-02
2.498317211866378784e-01
6.695864256471395493e-03
1.840394288301467896e-01
2.123752236366271973e-01
-6.480827927589416504e-02
-4.049102216958999634e-02
1.321905255317687988e-01
-9.982307441532611847e-03
7.078588008880615234e-03
2.059146314859390259e-01
-9.789815172553062439e-03
1.415901631116867065e-01
1.001572534441947937e-01
-2.065772116184234619e-01
2.997858524322509766e-01
6.082271039485931396e-02
1.110404059290885925e-01
2.278044819831848145e-01
1.716631501913070679e-01
1.955033242702484131e-01
2.584614753723144531e-01
2.897276729345321655e-02
3.044451475143432617e-01
8.382213115692138672e-02
1.449530273675918579e-01
2.102704644203186035e-01
2.289790660142898560e-01
2.374385595321655273e-01
4.983775690197944641e-02
2.667153179645538330e-01
1.407452821731567383e-01
7.907395809888839722e-02
-9.687375277280807495e-02
1.221564486622810364e-01
-1.017576735466718674e-02
-1.299390494823455811e-01
1.363732479512691498e-02
1.046013236045837402e-01
-3.834854811429977417e-02
-4.986390471458435059e-03
2.072546482086181641e-01
-4.489819332957267761e-02
1.170529276132583618e-01
1.763109266757965088e-01
5.360120534896850586e-02
2.133774161338806152e-01
2.450973168015480042e-02
-1.381785701960325241e-02
2.754455208778381348e-01
-2.007049918174743652e-01
-7.027272135019302368e-02
1.851693987846374512e-01
8.753009885549545288e-02
2.017246372997760773e-02
1.111177029088139534e-03
-7.261334359645843506e-02
1.661926358938217163e-01
-5.065931007266044617e-02
1.248093247413635254e-01
1.956831961870193481e-01
-8.109863847494125366e-02
-8.976548165082931519e-02
5.653012171387672424e-02
2.701574265956878662e-01
1.235100924968719482e-01
-8.114655315876007080e-02
1.585492193698883057e-01
-4.691165313124656677e-02
3.545638620853424072e-01
1.035057380795478821e-01
1.526580750942230225e-01
8.185396343469619751e-02
2.091399580240249634e-01
2.054988145828247070e-01
3.287444412708282471e-01
3.266192078590393066e-01
2.685500383377075195e-01
-8.510813117027282715e-03
3.464659154415130615e-01
9.067967534065246582e-02
2.954060137271881104e-01
2.414823472499847412e-01
2.244150042533874512e-01
5.847900360822677612e-02
1.913574635982513428e-01
-2.127056717872619629e-01
7.314645498991012573e-02
4.149953126907348633e-01
1.438685599714517593e-02
-1.411163154989480972e-02
1.746847331523895264e-01
2.208952605724334717e-01
1.621772348880767822e-01
2.363608479499816895e-01
1.443848907947540283e-01
-8.592020720243453979e-03
-1.301288008689880371e-01
2.666690647602081299e-01
1.752879321575164795e-01
3.014884889125823975e-01
6.893362104892730713e-02
1.245075762271881104e-01
-9.789809584617614746e-03
1.904663592576980591e-01
5.835985019803047180e-02
2.577186226844787598e-01
-1.437925100326538086e-01
-2.803935669362545013e-02
5.278978496789932251e-02
-2.471399009227752686e-01
1.409733295440673828e-01
-9.827873669564723969e-03
1.909114792943000793e-02
-4.570754617452621460e-02
3.801690340042114258e-01
1.185437515377998352e-01
2.530792951583862305e-01
2.418826818466186523e-01
1.075348034501075745e-01
2.177539020776748657e-01
1.574422046542167664e-02
1.195413768291473389e-01
6.828092783689498901e-02
3.006601333618164062e-01
2.319629341363906860e-01
1.497185230255126953e-01
2.196797579526901245e-01
1.834579557180404663e-01
5.050603300333023071e-02
1.194256469607353210e-01
1.592261642217636108e-01
4.590905308723449707e-01
1.268879324197769165e-01
7.324554026126861572e-02
2.270356714725494385e-01
9.801080077886581421e-02
2.583771347999572754e-01
-4.519369080662727356e-02
-1.060918197035789490e-01
5.930911377072334290e-02
-1.065635681152343750e-02
1.553086042404174805e-01
7.269086688756942749e-02
-7.819212973117828369e-03
5.190769210457801819e-02
3.455603145994246006e-04
1.980406343936920166e-01
1.326251029968261719e-01
1.659603863954544067e-01
4.807161539793014526e-02
-7.696325331926345825e-02
1.558625996112823486e-01
2.189582586288452148e-01
-1.056483536958694458e-01
1.059147864580154419e-01
1.185244545340538025e-01
-2.889325655996799469e-02
2.159516513347625732e-01
1.024889666587114334e-02
-3.801001608371734619e-02
2.014475911855697632e-01
1.155936643481254578e-01
1.604717373847961426e-01
6.478069815784692764e-03
3.135630115866661072e-02
1.177996248006820679e-01
1.216780915856361389e-01
-9.189619868993759155e-02
2.236823141574859619e-01
2.801089286804199219e-01
1.080402582883834839e-01
-1.458846181631088257e-01
4.715804476290941238e-03
1.547827124595642090e-01
-1.948157139122486115e-02
1.663030385971069336e-01
1.573050618171691895e-01
1.650748252868652344e-01
1.676105558872222900e-01
2.397394329309463501e-01
3.367399275302886963e-01
4.031089693307876587e-02
1.799053251743316650e-01
2.286054491996765137e-01
7.184562087059020996e-02
8.072145283222198486e-02
1.450936049222946167e-01
1.774363070726394653e-01
1.654221713542938232e-01
2.220954373478889465e-02
1.896395534276962280e-01
-6.854294915683567524e-04
6.707914918661117554e-02
-8.191962540149688721e-02
1.096209045499563217e-02
-1.160681769251823425e-01
-8.140461891889572144e-02
2.698384821414947510e-01
5.097953975200653076e-02
6.407512351870536804e-03
3.099182844161987305e-01
1.533635258674621582e-01
2.443437576293945312e-01
5.009986460208892822e-02
5.265000462532043457e-02
9.723690152168273926e-02
1.903215050697326660e-01
5.609740689396858215e-02
2.439875006675720215e-01
9.686403721570968628e-02
3.229952454566955566e-01
1.385979056358337402e-01
-5.802967771887779236e-02
4.547910392284393311e-02
1.238193288445472717e-01
4.747769609093666077e-02
-1.077424082905054092e-02
2.941126823425292969e-01
2.204734385013580322e-01
9.093773365020751953e-02
2.869993913918733597e-03
1.735957860946655273e-01
1.120862215757369995e-01
1.285676360130310059e-01
1.339579671621322632e-01
7.835377752780914307e-02
-9.599084407091140747e-02
1.360944937914609909e-02
1.223602071404457092e-01
1.384872198104858398e-01
5.604424700140953064e-02
1.865019500255584717e-01
2.931190431118011475e-01
1.138032823801040649e-01
5.667167156934738159e-02
1.969853788614273071e-01
1.966731548309326172e-01
-7.258016616106033325e-02
2.035997062921524048e-02
-8.193238079547882080e-02
-5.029706284403800964e-02
-7.003913074731826782e-02
2.388753294944763184e-01
1.685718446969985962e-01
2.459957599639892578e-01
1.035554632544517517e-01
-2.669584155082702637e-01
3.697953820228576660e-01
2.842088043689727783e-01
1.809521615505218506e-01
1.627131402492523193e-01
1.958532482385635376e-01
-3.914084658026695251e-02
-1.267920732498168945e-01
-2.660646475851535797e-02
1.276018768548965454e-01
1.387297809123992920e-01
1.764079481363296509e-01
9.877431392669677734e-02
7.430727034807205200e-02
2.232881784439086914e-01
7.414366304874420166e-02
3.673252090811729431e-02
1.861397773027420044e-01
1.940307170152664185e-01
-8.101845160126686096e-03
1.433108299970626831e-01
5.537513643503189087e-02
1.806143820285797119e-01
6.133244186639785767e-02
4.343395307660102844e-02
1.325356308370828629e-02
2.191108465194702148e-01
-7.873917371034622192e-02
-5.255647748708724976e-02
7.146885246038436890e-02
-2.708963863551616669e-02
1.142516806721687317e-01
1.804593801498413086e-01
1.101168990135192871e-01
2.408648133277893066e-01
1.090766340494155884e-01
2.623980343341827393e-01
4.371413961052894592e-02
-1.625999063253402710e-01
8.059366792440414429e-02
-3.975363820791244507e-02
4.166034515947103500e-03
1.601024419069290161e-01
1.070037111639976501e-01
1.647004336118698120e-01
4.887028411030769348e-02
-6.252613663673400879e-02
1.747243553400039673e-01
4.558990597724914551e-01
1.206208299845457077e-02
2.143543809652328491e-01
-5.591749399900436401e-02
8.945957571268081665e-02
-8.642292767763137817e-02
1.308171171694993973e-02
1.350920647382736206e-02
1.845004409551620483e-01
2.362308353185653687e-01
-3.319944813847541809e-02
-1.894664764404296875e-01
1.688121408224105835e-01
1.987364888191223145e-01
8.927656710147857666e-02
3.192687332630157471e-01
1.516525149345397949e-01
-3.018676862120628357e-02
1.068701818585395813e-01
3.386626243591308594e-01
9.275391697883605957e-02
3.916511237621307373e-01
1.321800351142883301e-01
1.647631078958511353e-01
3.407717496156692505e-02
-6.668739661108702421e-05
-6.359565258026123047e-02
-2.980874851346015930e-02
-4.943032935261726379e-02
1.426967605948448181e-02
1.483390927314758301e-01
-4.555936902761459351e-02
-3.461801111698150635e-01
1.933762729167938232e-01
3.000066578388214111e-01
7.679961621761322021e-02
-6.076909229159355164e-02
8.958248049020767212e-02
8.112627267837524414e-02
-2.723466791212558746e-02
1.673544049263000488e-01
1.170245409011840820e-01
1.237299293279647827e-01
-1.395383030176162720e-01
2.152821868658065796e-01
8.190403878688812256e-02
5.614849552512168884e-02
3.169039189815521240e-01
2.778446078300476074e-01
-7.919324189424514771e-02
4.863034188747406006e-02
4.726134240627288818e-02
-8.191427588462829590e-02
2.932080924510955811e-01
3.014695830643177032e-02
8.835339546203613281e-02
-4.843988921493291855e-03
1.557347178459167480e-01
3.082654178142547607e-01
1.075793728232383728e-01
3.954882025718688965e-01
2.436264306306838989e-01
1.001939326524734497e-01
-1.106060296297073364e-01
