1.133725270628929138e-01
1.240731403231620789e-01
1.190661713480949402e-01
9.407189488410949707e-02
1.532466709613800049e-01
1.198564022779464722e-01
1.090514436364173889e-01
-4.566651955246925354e-02
8.848952502012252808e-02
6.874714046716690063e-02
6.997820734977722168e-02
1.487139910459518433e-01
6.020847335457801819e-02
8.736808598041534424e-02
1.129627525806427002e-01
-1.908877678215503693e-02
7.652980089187622070e-02
7.815217226743698120e-02
2.162117697298526764e-02
-1.489646639674901962e-02
2.197284251451492310e-01
1.063601374626159668e-01
1.298882365226745605e-01
2.076523005962371826e-02
2.364554703235626221e-01
2.042249590158462524e-01
1.369581073522567749e-01
3.884573653340339661e-02
1.543883513659238815e-02
1.524698734283447266e-01
9.551230072975158691e-02
1.744568906724452972e-02
2.422522753477096558e-01
4.254896193742752075e-02
2.533677220344543457e-01
3.995338827371597290e-02
3.134979307651519775e-02
-3.719501197338104248e-02
-1.301722601056098938e-02
6.133427843451499939e-02
1.787193715572357178e-01
1.929417550563812256e-01
3.659747540950775146e-02
1.636830270290374756e-01
-3.292899206280708313e-02
-6.269307050388306379e-05
4.225140810012817383e-02
4.674202576279640198e-02
2.246043831110000610e-01
1.385580450296401978e-01
1.125627383589744568e-01
8.784497529268264771e-02
4.599386826157569885e-03
1.319931596517562866e-01
2.420625463128089905e-02
6.333906948566436768e-02
1.240837946534156799e-01
2.114745229482650757e-01
-6.312681734561920166e-02
9.476741403341293335e-02
6.903620809316635132e-02
9.336224943399429321e-02
1.932859122753143311e-01
1.811694651842117310e-01
-1.783815771341323853e-02
2.367737889289855957e-01
8.863633126020431519e-02
1.034258380532264709e-01
1.258590221405029297e-01
-1.290902402251958847e-02
1.231899578124284744e-02
2.018100023269653320e-01
2.087690234184265137e-01
1.974145621061325073e-01
1.127456203103065491e-01
9.324730187654495239e-02
1.489488035440444946e-01
1.923251003026962280e-01
2.099141329526901245e-01
4.063454270362854004e-01
1.457225829362869263e-01
6.513386219739913940e-02
-1.080465735867619514e-03
1.743489354848861694e-01
3.742921352386474609e-02
1.143841594457626343e-01
2.021159678697586060e-01
8.123579621315002441e-02
8.298297226428985596e-02
-4.168772697448730469e-02
-2.370692417025566101e-02
1.030460596084594727e-01
9.129580855369567871e-02
1.867797970771789551e-02
6.174068152904510498e-02
3.611307591199874878e-02
-1.141737028956413269e-02
1.472221016883850098e-01
1.936299502849578857e-01
7.396055012941360474e-02
5.445037037134170532e-02
-1.122748292982578278e-02
5.953856185078620911e-02
2.677864395081996918e-02
1.833257377147674561e-01
7.797786593437194824e-02
2.542357705533504486e-02
9.680140018463134766e-02
1.886865347623825073e-01
2.927651628851890564e-02
-3.506040200591087341e-02
1.466294974088668823e-01
7.789651304483413696e-02
1.910193264484405518e-02
1.224788501858711243e-01
1.412557512521743774e-01
-4.976998269557952881e-02
2.001704722642898560e-01
1.266599893569946289e-01
6.802876293659210205e-02
3.346746787428855896e-02
6.496258825063705444e-02
1.706211119890213013e-01
3.196379542350769043e-02
4.185302555561065674e-02
8.816538006067276001e-02
5.820271000266075134e-02
1.861823797225952148e-01
-6.667569279670715332e-03
1.568264812231063843e-01
1.133384183049201965e-01
1.416514068841934204e-01
9.158967435359954834e-02
1.419893056154251099e-01
6.570269912481307983e-02
1.053501740097999573e-01
5.396801233291625977e-02
-3.366987407207489014e-02
5.935115739703178406e-02
1.596767902374267578e-01
1.975013315677642822e-01
8.360698074102401733e-02
1.301726400852203369e-01
-5.418365448713302612e-02
1.843902319669723511e-01
1.227565035223960876e-01
7.399556785821914673e-02
1.949288845062255859e-01
4.200551658868789673e-02
7.633276283740997314e-02
3.376949205994606018e-02
-1.117710210382938385e-02
5.559095367789268494e-02
1.499621421098709106e-01
8.694575726985931396e-02
1.411272119730710983e-02
5.565781146287918091e-02
6.241407617926597595e-02
1.041017696261405945e-01
5.416818894445896149e-03
1.660642772912979126e-02
1.061919257044792175e-01
9.495981037616729736e-02
3.548057377338409424e-02
9.171486645936965942e-02
1.018705219030380249e-01
5.035379528999328613e-02
1.304741948843002319e-01
6.553046405315399170e-02
8.298560976982116699e-02
1.379120945930480957e-01
1.084250062704086304e-01
3.496503829956054688e-01
-3.188391774892807007e-02
-1.240417808294296265e-01
8.433680981397628784e-02
7.456642389297485352e-02
3.039944171905517578e-02
3.767496719956398010e-02
6.043148785829544067e-02
1.756841689348220825e-01
8.378607779741287231e-02
5.222382396459579468e-02
6.360038369894027710e-02
7.945670746266841888e-03
2.251743078231811523e-01
1.613721996545791626e-02
1.201170533895492554e-01
9.980502724647521973e-02
-4.019103944301605225e-02
2.222226858139038086e-01
-5.990543216466903687e-02
6.479121744632720947e-03
-2.491057477891445160e-02
1.536584645509719849e-01
1.029361039400100708e-01
7.387444376945495605e-02
7.377697527408599854e-02
1.884849071502685547e-01
1.687690764665603638e-01
9.041693806648254395e-02
4.063399508595466614e-03
1.648795306682586670e-01
6.493908911943435669e-02
-7.686218712478876114e-03
-9.138030558824539185e-02
3.054271079599857330e-02
4.969085007905960083e-02
9.422849118709564209e-02
1.544620096683502197e-01
5.320667289197444916e-03
1.735582351684570312e-01
7.725808769464492798e-02
1.117531210184097290e-02
1.747524291276931763e-01
2.193013429641723633e-01
1.201172694563865662e-01
-1.846866309642791748e-02
1.145937219262123108e-01
1.921059340238571167e-01
1.233562827110290527e-01
2.001755237579345703e-01
1.148445084691047668e-01
-1.388410385698080063e-02
1.859004236757755280e-02
1.382220350205898285e-02
-3.648042678833007812e-02
9.206087142229080200e-02
1.724646836519241333e-01
1.374369710683822632e-01
1.911405771970748901e-01
6.741805374622344971e-02
1.948887854814529419e-02
1.720516979694366455e-01
1.359069645404815674e-01
3.162258071824908257e-03
1.740902811288833618e-01
-6.266233976930379868e-03
3.412285074591636658e-02
6.605048477649688721e-02
1.124947667121887207e-01
1.665967404842376709e-01
4.172132909297943115e-02
1.147991940379142761e-01
7.742828875780105591e-02
1.116977185010910034e-01
2.792858146131038666e-02
9.446652606129646301e-03
1.452490240335464478e-01
6.469129025936126709e-02
8.814289420843124390e-02
8.106135576963424683e-02
6.945751607418060303e-02
2.205112390220165253e-02
-6.685679405927658081e-02
4.800608381628990173e-02
9.043002873659133911e-02
-3.399398177862167358e-02
2.110883593559265137e-01
1.033101752400398254e-01
-5.196946114301681519e-02
3.068824708461761475e-01
3.437655046582221985e-02
1.079518720507621765e-01
1.097469180822372437e-01
-5.380154773592948914e-02
5.249112844467163086e-02
1.374613344669342041e-01
2.052754610776901245e-01
-3.873996809124946594e-02
6.956590712070465088e-02
7.168467342853546143e-02
1.237336844205856323e-01
1.352654397487640381e-01
-9.739819797687232494e-04
9.832792729139328003e-02
4.066135734319686890e-02
1.079882830381393433e-01
-1.308125630021095276e-02
2.806320786476135254e-01
1.257340013980865479e-01
-7.532073650509119034e-03
1.434953808784484863e-01
1.284095495939254761e-01
1.464393287897109985e-01
6.361801922321319580e-02
-6.006690114736557007e-02
-3.096709959208965302e-03
9.237699955701828003e-02
8.452767878770828247e-02
2.987608499825000763e-02
1.189988628029823303e-01
2.635295987129211426e-01
2.548710405826568604e-01
2.160045057535171509e-01
-3.989048674702644348e-02
1.730999797582626343e-01
4.964042454957962036e-02
1.297824382781982422e-01
1.348840147256851196e-01
8.811180293560028076e-02
1.084115132689476013e-01
9.414344094693660736e-03
2.108361013233661652e-02
6.040254235267639160e-02
6.532369554042816162e-02
1.141750216484069824e-01
-1.082828417420387268e-01
5.057215690612792969e-02
4.907369147986173630e-03
1.816994845867156982e-01
1.635338366031646729e-01
6.079161167144775391e-02
5.599029734730720520e-02
-2.035864628851413727e-02
1.947714835405349731e-01
1.605096012353897095e-01
-5.127226468175649643e-03
1.713206246495246887e-02
1.536518037319183350e-01
1.277476996183395386e-01
1.607684195041656494e-01
8.601264655590057373e-02
-6.606425344944000244e-02
7.458981871604919434e-02
5.972266569733619690e-02
5.354518815875053406e-02
2.523906901478767395e-02
1.737366914749145508e-01
2.114104181528091431e-01
6.929803639650344849e-02
-6.602755188941955566e-02
2.657744847238063812e-02
4.698430374264717102e-02
3.818618424702435732e-04
3.053790330886840820e-01
1.400568932294845581e-01
9.834475070238113403e-02
5.348373576998710632e-02
6.034295633435249329e-02
1.665065288543701172e-01
9.608428925275802612e-02
1.248785033822059631e-01
1.624656617641448975e-01
-2.557494677603244781e-02
1.587591767311096191e-01
7.144617289304733276e-02
1.161403432488441467e-01
-7.855682075023651123e-02
1.289617568254470825e-01
1.625332050025463104e-02
9.561532735824584961e-02
9.806013107299804688e-02
6.159187853336334229e-02
1.209004148840904236e-01
9.904199838638305664e-02
8.396990597248077393e-02
3.191246688365936279e-01
1.066089980304241180e-02
5.559461191296577454e-02
-8.906114846467971802e-02
2.002038210630416870e-01
8.493904769420623779e-02
-5.447725206613540649e-02
1.621699035167694092e-01
3.539242967963218689e-02
2.685653567314147949e-01
9.858112037181854248e-02
8.887306600809097290e-02
1.403080672025680542e-01
2.142884284257888794e-01
-6.719094701111316681e-03
-5.562418699264526367e-02
2.081144005060195923e-01
1.137513518333435059e-01
9.843949228525161743e-03
1.085401996970176697e-01
1.665133982896804810e-01
1.182277128100395203e-01
6.042607128620147705e-02
1.549415290355682373e-01
9.411036968231201172e-02
1.694232821464538574e-01
2.162275165319442749e-01
6.460851989686489105e-03
2.090535014867782593e-01
9.610021114349365234e-02
6.731017678976058960e-02
1.518851220607757568e-01
1.516302525997161865e-01
9.165613353252410889e-02
-4.486223682761192322e-02
1.091375276446342468e-01
9.958205372095108032e-02
-3.956557437777519226e-02
6.847251951694488525e-02
1.730329692363739014e-01
1.066902056336402893e-01
9.660109877586364746e-02
6.573822349309921265e-02
-9.253578260540962219e-03
-6.691864132881164551e-02
-3.108632564544677734e-02
1.164766848087310791e-01
-7.846048101782798767e-03
3.296625241637229919e-02
1.758549213409423828e-01
1.787905991077423096e-01
8.972924202680587769e-02
1.648844778537750244e-01
2.137282863259315491e-02
1.221723705530166626e-01
1.239267364144325256e-01
2.229698598384857178e-01
2.421275079250335693e-01
1.662494242191314697e-01
1.139000728726387024e-01
-2.406413294374942780e-02
1.195184811949729919e-01
9.414034336805343628e-02
1.765825152397155762e-01
1.559813767671585083e-01
1.678987294435501099e-01
2.586320042610168457e-01
2.007153183221817017e-01
1.323712021112442017e-01
7.043965160846710205e-02
6.621351838111877441e-02
-1.352706458419561386e-02
2.348692417144775391e-01
1.350117474794387817e-01
1.231125071644783020e-01
8.512300997972488403e-02
1.137659326195716858e-01
1.052878275513648987e-01
2.738298848271369934e-02
-8.570729196071624756e-02
-1.007472164928913116e-02
1.663974821567535400e-01
4.310213774442672729e-02
1.154638156294822693e-01
1.825674027204513550e-01
3.280310332775115967e-01
9.796247631311416626e-02
1.209472939372062683e-01
5.936672538518905640e-02
-8.753564953804016113e-02
2.046526670455932617e-01
-4.201003909111022949e-02
-8.841301896609365940e-04
1.698989537544548512e-03
-5.141824856400489807e-02
-2.199950814247131348e-02
3.842702880501747131e-02
-2.490915358066558838e-02
3.832532092928886414e-02
3.730814531445503235e-02
3.718380257487297058e-02
1.323622912168502808e-01
-1.999366469681262970e-02
5.447730794548988342e-02
-3.254530951380729675e-02
7.316067069768905640e-02
-2.645606361329555511e-02
2.213799804449081421e-01
1.690046787261962891e-01
1.578515022993087769e-01
2.654462307691574097e-02
1.346621662378311157e-01
1.331355273723602295e-01
1.726049780845642090e-01
3.458974510431289673e-02
1.274711936712265015e-01
-7.922850549221038818e-02
7.321206480264663696e-02
8.965455740690231323e-02
4.570474103093147278e-02
6.146376207470893860e-02
-2.755386289209127426e-03
-1.154083851724863052e-02
2.070299834012985229e-01
1.575123816728591919e-01
6.953456997871398926e-02
1.223528683185577393e-01
9.104996919631958008e-02
1.530874371528625488e-01
8.346327394247055054e-02
3.054412268102169037e-02
4.607380181550979614e-02
5.166403204202651978e-02
7.390546053647994995e-02
7.578498125076293945e-02
2.709476053714752197e-01
1.648780405521392822e-01
3.547114029061049223e-04
7.013376057147979736e-02
6.248218938708305359e-02
-1.667705248109996319e-03
1.066252812743186951e-01
3.443026170134544373e-02
3.512907400727272034e-02
-5.613601580262184143e-02
2.369451336562633514e-02
2.058408968150615692e-02
2.335652336478233337e-02
1.861383169889450073e-01
1.144572049379348755e-01
1.063803881406784058e-01
4.036207869648933411e-02
1.150482147932052612e-01
1.121750921010971069e-01
2.430231273174285889e-01
1.111107468605041504e-01
2.469474524259567261e-01
1.294791251420974731e-01
8.636276237666606903e-03
7.570390403270721436e-02
-1.204177737236022949e-01
1.042035296559333801e-01
2.192965298891067505e-01
-8.672068268060684204e-02
1.471743732690811157e-01
1.414334177970886230e-01
6.915945559740066528e-02
9.761655330657958984e-02
-5.893617868423461914e-02
2.281600385904312134e-01
2.377427518367767334e-01
1.511339545249938965e-01
7.272634189575910568e-03
6.228542327880859375e-02
2.299250364303588867e-01
9.568016976118087769e-03
5.709058418869972229e-02
3.749220445752143860e-02
1.698139011859893799e-01
3.944912180304527283e-02
4.103777557611465454e-02
9.562002867460250854e-02
1.681930720806121826e-01
1.091642528772354126e-01
2.280612438917160034e-01
-4.987185448408126831e-02
1.214973405003547668e-01
9.321043267846107483e-03
9.006807953119277954e-02
1.437642127275466919e-01
5.610718857496976852e-03
4.843750223517417908e-02
7.841357961297035217e-03
-9.899336099624633789e-02
-3.773064911365509033e-02
1.081937998533248901e-01
9.086838364601135254e-02
3.022192120552062988e-01
1.937365382909774780e-01
2.166774822399020195e-03
2.009040862321853638e-01
-3.756244853138923645e-02
3.443583473563194275e-02
1.504681706428527832e-01
4.164548590779304504e-02
6.283775717020034790e-02
1.449650675058364868e-01
2.609029598534107208e-02
1.656648069620132446e-01
7.446449995040893555e-02
2.216588892042636871e-02
-2.312048897147178650e-02
3.178631886839866638e-02
1.861302256584167480e-01
4.480477049946784973e-02
1.783173829317092896e-01
1.068704128265380859e-01
4.829852283000946045e-02
8.883870206773281097e-03
1.338996887207031250e-01
-4.586870223283767700e-02
5.451695621013641357e-02
6.212726235389709473e-02
1.111071258783340454e-01
2.029658295214176178e-02
2.572786994278430939e-02
1.512825340032577515e-01
-1.849234104156494141e-02
7.708579301834106445e-02
1.008162871003150940e-01
1.434715688228607178e-01
3.103846013545989990e-01
-5.297978967428207397e-02
1.550797671079635620e-01
-4.689764976501464844e-02
-3.149171918630599976e-02
7.781367003917694092e-02
2.350435853004455566e-01
-4.603355005383491516e-02
-4.176154732704162598e-02
-1.903225108981132507e-02
-5.819322168827056885e-02
1.208892315626144409e-01
1.513597927987575531e-02
-3.394466638565063477e-02
1.376686841249465942e-01
3.545622527599334717e-02
1.650455966591835022e-02
9.657008200883865356e-02
2.247702777385711670e-01
4.055602476000785828e-02
7.234629988670349121e-02
1.305656284093856812e-01
7.055571675300598145e-02
2.046296298503875732e-01
5.652574822306632996e-02
1.319627165794372559e-01
-1.544353663921356201e-01
1.240855529904365540e-01
3.145151538774371147e-03
2.118791937828063965e-01
1.001725792884826660e-01
1.264838725328445435e-01
2.218800131231546402e-03
1.149237602949142456e-01
3.227762877941131592e-02
1.959885060787200928e-01
2.488584071397781372e-01
1.339785456657409668e-01
-6.012443825602531433e-02
5.191080272197723389e-02
-3.653731942176818848e-02
6.705629825592041016e-02
2.480657845735549927e-01
1.522634085267782211e-02
-2.354853320866823196e-03
2.215169966220855713e-01
1.439791917800903320e-01
1.108482331037521362e-01
1.868042647838592529e-01
8.335730433464050293e-02
-1.518500689417123795e-02
6.494643539190292358e-02
1.591384857892990112e-01
3.553871810436248779e-02
5.028786882758140564e-02
5.977436900138854980e-03
-5.805404856801033020e-02
4.338445514440536499e-02
1.094990745186805725e-01
1.332654058933258057e-02
2.073845267295837402e-01
-1.851507462561130524e-02
1.415526680648326874e-02
4.915085807442665100e-02
7.227174006402492523e-03
4.668321460485458374e-02
-1.274538040161132812e-01
8.477494120597839355e-02
8.798791468143463135e-02
9.719397872686386108e-02
5.997901782393455505e-02
2.520010173320770264e-01
1.539786756038665771e-01
6.865794211626052856e-02
1.380727887153625488e-01
-4.252915829420089722e-02
-2.365886047482490540e-02
4.071901738643646240e-02
1.326980739831924438e-01
8.388117700815200806e-02
7.048124913126230240e-03
8.346430957317352295e-02
1.909864544868469238e-01
1.271129250526428223e-01
-2.989257499575614929e-02
6.963202357292175293e-02
2.527844309806823730e-01
1.527811288833618164e-01
6.181052327156066895e-02
1.000033244490623474e-01
9.808481484651565552e-02
1.530736535787582397e-01
-3.218465670943260193e-02
7.823307812213897705e-02
2.259892821311950684e-01
4.485571756958961487e-02
1.499398946762084961e-01
8.720981329679489136e-02
1.152528971433639526e-01
9.604074060916900635e-02
2.668816410005092621e-02
7.688333839178085327e-02
2.348228823393583298e-03
1.186637878417968750e-01
4.881244152784347534e-02
1.215035002678632736e-02
2.141749262809753418e-01
1.121849790215492249e-01
-3.032475337386131287e-02
9.413597732782363892e-02
7.198168337345123291e-02
8.781044930219650269e-02
6.832353025674819946e-02
-3.267496451735496521e-02
1.818970963358879089e-02
2.100600153207778931e-01
-1.002804283052682877e-02
4.956979304552078247e-02
1.665857806801795959e-02
1.122700050473213196e-01
1.551980823278427124e-01
1.885604113340377808e-01
1.173504665493965149e-01
2.272013016045093536e-02
8.254688233137130737e-02
-2.850676886737346649e-02
-4.437091574072837830e-02
3.775927796959877014e-02
1.088971719145774841e-01
-2.264617197215557098e-02
6.725586205720901489e-02
7.233634591102600098e-02
-3.634728118777275085e-02
3.017819859087467194e-02
1.310871392488479614e-01
1.866077780723571777e-01
6.999749690294265747e-02
2.053987234830856323e-01
5.064876377582550049e-02
1.269380301237106323e-01
5.481858178973197937e-02
3.360633179545402527e-02
1.721685677766799927e-01
9.761411696672439575e-02
6.975149363279342651e-02
-7.884137332439422607e-03
2.688029222190380096e-02
1.374946534633636475e-01
-4.240198433399200439e-02
8.293603360652923584e-02
9.086909145116806030e-02
-3.499869629740715027e-02
2.151309102773666382e-01
7.655809074640274048e-02
-2.022641710937023163e-02
1.122566983103752136e-01
6.071179732680320740e-02
8.989325165748596191e-02
-1.826075278222560883e-02
-1.731245033442974091e-02
1.113297790288925171e-01
1.905996203422546387e-01
1.344663202762603760e-01
2.884897589683532715e-01
1.827196031808853149e-01
5.444895848631858826e-02
1.701277643442153931e-01
-3.690493106842041016e-02
-8.821965008974075317e-02
2.985679171979427338e-02
1.201582849025726318e-01
7.439435273408889771e-02
5.747137218713760376e-02
1.106161065399646759e-02
-1.070219948887825012e-01
-1.461957395076751709e-02
7.172933220863342285e-02
-3.825407475233078003e-02
1.721606105566024780e-01
1.781544834375381470e-01
4.899562150239944458e-02
-1.958736404776573181e-02
-1.080634891986846924e-01
1.286664158105850220e-01
8.240227401256561279e-02
3.132626786828041077e-02
8.798706531524658203e-02
4.367566481232643127e-02
9.636783972382545471e-03
4.318801313638687134e-02
-4.757140204310417175e-02
1.572732329368591309e-01
1.207809224724769592e-01
1.481540352106094360e-01
-3.964106738567352295e-02
2.127447575330734253e-01
-1.826849183999001980e-03
9.898000955581665039e-02
1.033378317952156067e-01
4.035269841551780701e-02
6.309705972671508789e-02
-2.537702023983001709e-01
2.179261744022369385e-01
1.819400191307067871e-01
1.765863150358200073e-01
-4.348883032798767090e-02
2.751464545726776123e-01
-5.185586214065551758e-02
2.270969934761524200e-02
3.731148084625601768e-03
2.279166877269744873e-02
7.934782654047012329e-02
1.225641593337059021e-01
9.652657806873321533e-02
-1.857658103108406067e-02
3.880216181278228760e-02
4.354787524789571762e-03
1.171337887644767761e-01
1.128113567829132080e-01
1.978716999292373657e-02
1.574205467477440834e-03
7.983313500881195068e-02
1.427708715200424194e-01
9.356326609849929810e-02
1.099473387002944946e-01
1.676706820726394653e-01
7.781110703945159912e-02
1.752268224954605103e-01
5.058816447854042053e-02
2.824486047029495239e-02
1.129869669675827026e-01
8.119748532772064209e-02
1.241846382617950439e-01
1.193908974528312683e-01
-9.211097843945026398e-03
7.231496274471282959e-02
1.283694207668304443e-01
2.040191590785980225e-01
1.328680198639631271e-02
1.818722579628229141e-03
5.824023112654685974e-02
3.831522166728973389e-02
2.612873166799545288e-02
1.320865154266357422e-01
1.321598142385482788e-01
1.779817342758178711e-01
1.858340352773666382e-01
9.939856827259063721e-02
1.397168785333633423e-01
2.000017762184143066e-01
1.604329198598861694e-01
2.010255604982376099e-01
7.365988194942474365e-02
1.190812676213681698e-03
1.479818522930145264e-01
1.275032907724380493e-01
4.210768640041351318e-02
3.360271826386451721e-02
1.346156746149063110e-01
1.873568147420883179e-01
1.040872335433959961e-01
-3.447584062814712524e-02
4.550917819142341614e-02
1.677143014967441559e-02
1.214652433991432190e-01
4.082777351140975952e-02
4.880518838763237000e-02
1.351514905691146851e-01
-3.852064535021781921e-02
4.135166481137275696e-02
1.692765802145004272e-01
1.335586607456207275e-02
1.463195085525512695e-01
4.847107082605361938e-02
1.812379062175750732e-02
1.307934615761041641e-02
2.588827013969421387e-01
2.631940320134162903e-02
1.724506728351116180e-02
3.245624946430325508e-03
-6.774251163005828857e-02
-1.660797744989395142e-01
1.830012723803520203e-02
1.995753198862075806e-01
4.320537671446800232e-02
4.130952991545200348e-03
8.801744133234024048e-02
1.395763158798217773e-01
-8.400418795645236969e-03
8.682999014854431152e-02
4.486328363418579102e-02
-6.856729742139577866e-03
-1.937584765255451202e-02
1.393473595380783081e-01
2.516245245933532715e-01
6.111975386738777161e-02
2.496877312660217285e-01
8.544507622718811035e-02
1.085381731390953064e-01
6.561131030321121216e-02
7.317728549242019653e-02
-8.047019946388900280e-04
1.743191480636596680e-01
-1.922828517854213715e-02
6.208027247339487076e-03
-7.794305682182312012e-02
1.299385130405426025e-01
1.313972175121307373e-01
9.622174501419067383e-02
1.836674213409423828e-01
1.488118767738342285e-01
9.005557000637054443e-02
1.837387830018997192e-01
