5.463870923457105899e-01
1.074720423816926396e-01
6.288037466945964882e-01
1.121182064369193654e+00
1.882313201930044588e+00
2.263354813918482478e+00
5.155252186273261428e-01
1.829574616308467405e+00
1.593931216477673107e+00
5.244623501710090618e-01
7.387733757040978455e-01
1.735301287439311446e+00
1.400973785673947702e+00
2.229621252087992112e+00
9.098365957714154018e-01
1.282470342988360823e+00
1.373323127052945347e+00
2.588289062363913651e+00
1.499748962499409588e+00
2.455618726445637279e+00
9.938877909193493121e-01
1.900188871873804253e+00
6.204285972461041077e-01
1.833311953649170434e+00
8.969699827849498819e-01
1.614840868919096728e+00
1.395482118545726125e-01
1.729297517350561364e+00
1.356986698217350185e+00
1.580505167288317470e+00
1.385069706417125124e+00
2.684035175166936682e-01
2.354027772990877843e+00
1.665733506574414102e+00
8.019325667515863065e-01
8.315640625632858551e-02
1.015753255303038394e+00
1.710158123172878186e+00
1.091037024517252485e+00
1.034795397814282536e+00
2.213411114296843341e+00
1.142379611607516887e+00
1.344060394346779930e+00
1.546562442065994247e+00
1.205487871376371256e+00
1.783956923856249377e+00
5.013322642590601896e-01
2.084666505383685919e+00
8.943302682362523903e-01
2.777392421378547471e+00
1.394908188350154621e+00
1.054467663034889480e+00
2.383822220133070324e+00
1.090716704991551378e+00
1.285571271602946153e+00
1.769423618601375647e+00
1.210225110628636358e+00
1.659018254224061684e+00
1.934885275230398438e+00
1.180465485671498227e+00
2.568869661992039255e+00
1.802874234668503828e+00
1.188433490570808049e+00
2.522746598978787613e+00
1.953213846719221491e+00
1.977744948485739007e+00
2.105112204433139844e+00
1.102078815336410056e+00
1.361957681429533551e+00
7.004524960617529716e-01
1.209515727453423173e+00
3.244177260216364544e+00
1.107027642578979565e+00
1.657572069368230760e+00
2.256609831855725279e+00
1.372253921840008051e+00
1.558220425688587207e+00
1.815155375486464662e+00
1.858692339021380313e+00
1.352702846762519506e+00
1.584516047131128147e+00
1.126342327979411140e+00
1.134849991979864248e+00
1.072928171574726086e+00
1.688611485317231153e+00
9.227495786550816703e-01
1.908023820517427582e+00
1.493944310599863101e+00
1.282714300664327567e+00
9.567654754881833590e-01
1.206264177344274824e+00
1.864456973497900183e+00
8.689599459855158470e-01
1.562406772632572993e+00
1.796095496862915031e+00
1.004839155771390047e+00
2.657695926290481570e+00
1.577077606522814701e+00
3.155769891323695564e+00
2.000255227569645466e+00
2.815362318825171073e+00
1.760096499234963918e+00
1.183712212318139390e+00
3.634299351225210639e+00
1.016181157339515861e+00
2.291711694536648358e-01
5.097987293049388580e-01
1.154703189030734656e+00
2.059792009417325875e+00
1.494176506901576662e+00
1.132285376861743575e+00
5.097641941039573465e-01
1.201191096828202243e+00
3.971433327306152505e-01
1.199969386473936028e+00
1.044324363034963676e+00
7.894772913803682624e-01
1.565605800608834031e+00
1.721166874126137891e+00
1.770221841309738142e+00
1.858556678610505886e+00
1.349657909765253239e+00
1.128123928459540570e+00
5.220941144057281713e-01
2.149101708946738132e+00
1.035521037706721215e+00
1.369715361832860356e+00
1.747417711081727720e+00
4.397190305003995658e-01
1.486366171666273717e+00
1.367721890368766458e+00
1.105442041998002445e+00
3.213535915585891800e+00
1.869865768200813072e+00
2.496177089320611664e+00
1.740666333204273553e+00
1.281844013277372074e+00
1.491610733242751285e+00
1.499798992910440054e+00
1.411190681154582682e+00
2.180390444885436985e+00
1.272836056632859147e+00
1.676364710634384858e+00
2.564717269575162994e+00
1.781791565126479293e+00
1.398840150067677479e+00
1.215580764476315023e+00
1.348511913054969424e+00
1.163432627675404119e+00
1.685838424273338632e+00
1.922568552153340882e+00
9.113914790066051097e-01
1.637404054213247973e+00
1.239811521616321022e+00
3.129807001219839235e-01
2.223467469955202613e+00
1.870822441804521841e+00
7.518844908396478122e-01
1.636611933053347290e+00
2.887782866049476649e+00
3.362546556464023784e+00
7.552263222546304888e-01
8.083933844268548219e-01
1.321668365239844212e+00
1.222417207869037847e+00
1.585908460473113291e+00
3.528735573070260756e-01
1.843627122501055426e+00
1.052108916604758582e+00
1.303049031073453712e+00
1.819660457793799369e+00
5.351151369979458838e-01
1.903843518338339980e+00
1.674223457037199658e+00
1.184531290416349192e+00
1.678243560680106494e+00
7.801554054019654849e-01
7.069013870876889039e-01
9.539032907685995877e-01
1.651308235746974384e+00
6.462377964939802766e-01
2.220049924252668117e+00
9.048394353895201636e-01
1.892579607271934083e+00
2.592715980573405687e+00
1.243655749007910316e+00
2.093306675170866438e+00
1.923867029784106508e+00
9.908112927716000717e-01
1.383596887695295763e+00
1.414378789511685497e+00
1.469803645087671251e+00
2.300939839321191283e+00
6.460057102568640408e-01
1.501939525248200402e+00
1.007583405843095026e+00
1.303296504802597289e+00
1.158606031643682810e+00
1.328595348395103182e+00
7.261239596356664494e-01
1.236332121216903834e+00
1.578010622828915022e+00
1.625396359797492529e+00
2.058892251094534220e+00
1.441302730819415734e+00
1.707554388114236099e+00
9.774212008856617562e-01
1.255391227455082970e-01
1.702141367537602035e+00
2.738722116836590281e+00
2.181423041995173673e+00
2.300944504756344600e+00
2.016770825678578571e+00
4.341331162956716949e-01
1.621927734332144100e+00
1.439813123791625626e+00
9.042657490208366733e-01
1.971341560007444427e+00
3.702437659096084743e-02
9.156839365486445503e-01
1.554269340663921861e+00
1.779840216640399264e+00
2.205516422986435465e+00
7.438155335383792588e-01
1.241914340796618887e+00
1.948445805160811117e+00
1.578907112713261895e+00
1.225712443142915387e+00
2.811166285351813343e+00
1.571048181112930431e+00
4.898219633167689158e-01
2.279476522764264379e-01
2.275678191017343810e+00
1.503269435652465902e-01
1.642029476273309641e+00
1.760743998938093746e+00
1.565165082515920014e+00
1.819622969372935550e+00
2.306110867838767398e+00
1.887571688099919376e+00
9.422807002978683677e-01
1.623156240794614513e+00
1.152517639138814332e+00
1.474984329739833511e+00
2.606991071392769310e+00
2.196992153535515691e+00
1.155555078261493174e+00
1.108735275531057551e+00
1.464945342773131154e+00
2.928937705022431448e+00
1.261918935222018812e+00
8.986329110715772783e-01
4.865855878647085686e-01
1.883729113359874585e+00
2.071754484212694702e+00
1.255460919039175671e+00
6.280656213154203193e-01
1.165835936769210601e+00
4.572522164957967261e-01
2.323207605258811093e+00
7.134753954208887805e-01
9.576149841478338587e-01
6.015408397719975708e-01
1.112402537526920421e+00
1.552289489619052443e+00
1.299264797318077980e+00
1.322672870333722051e+00
1.540476052523026329e+00
1.487517326436590626e+00
1.571001394010595353e+00
1.007790660314277664e+00
2.016219550849584596e+00
1.580374987855538871e+00
3.183525318203480614e-01
1.066189203344646064e+00
1.239026282079787045e+00
1.927029169585399826e+00
1.585116022543359593e+00
2.152149339988938426e+00
1.111472983836847339e+00
2.012781471214391549e-01
2.642409638407393846e+00
1.575975733138365253e+00
1.660758208514965473e+00
1.204435654174058623e+00
4.898677801174641799e-01
9.974697067114405291e-01
1.643856014165360646e+00
1.413214079757931341e+00
1.632509283111860610e+00
7.687134244946602912e-01
7.102130633072503141e-01
1.073638426285275171e+00
2.486445157502281678e+00
1.734894663071904874e+00
6.123252012882914874e-01
1.475922456983672193e+00
5.960922653041740293e-01
1.606892376218762353e+00
1.101883026254567133e+00
1.449132477495402860e+00
7.790372544342074601e-01
1.403102574447648854e+00
1.260314697101781345e+00
1.474444275460728981e+00
2.140683568051371943e-01
1.633412447657616617e+00
1.227265167958562664e+00
2.063719478695801079e+00
6.907379250641384472e-01
1.173893226723219385e+00
2.304594894166122343e-01
1.166967825851081830e+00
1.076535956931175875e+00
1.759048091250409396e+00
1.925388984912723700e+00
1.386063124877001007e+00
2.108033761945484752e+00
1.879707023252265685e+00
1.289269271011816320e+00
1.208808674034004549e-01
2.177534688682068786e+00
5.236424625134046273e-01
8.435018876800830512e-01
8.859066655427196846e-01
3.173165554871875682e-01
2.072183113080401373e+00
2.390149568732110374e+00
1.689030193986451378e+00
5.090118519220826476e-01
2.143216290067656793e+00
1.235927142812931478e+00
1.617852195201058052e+00
6.088915764398649122e-01
1.302666172130191757e+00
1.860139622645910373e+00
2.461761758849388748e+00
2.223127199436622625e+00
1.341009757187220597e+00
1.512827593592073860e+00
1.497851644922737924e+00
1.792812027103555694e+00
1.266553850977442996e+00
2.013299521538742809e+00
1.033353223827252032e+00
1.735306198401413980e+00
9.796228182746870017e-01
1.607331144839029502e+00
5.145100362812770056e-01
1.667705191530313824e+00
1.204733534317627974e+00
1.081972837373676777e+00
1.763115243062544746e+00
1.521765824793223754e+00
1.522438861357470641e+00
8.125834838145545858e-01
2.404806792777333779e+00
1.516008588993263517e+00
1.239001334985535108e+00
1.153585851397610496e+00
5.885612873146701673e-01
1.729406214845860879e+00
1.764345861711357211e+00
1.162024355726269942e+00
1.456750720579146341e+00
1.274156165496642901e+00
1.359557200525829179e+00
2.672767459091177411e+00
1.864169209037751074e+00
2.420117752431027114e+00
1.594638876283980933e+00
6.640219477715939567e-01
6.759748813948549540e-01
9.862559785584196215e-01
3.841032184681612560e-01
9.865964827104384272e-01
7.687597466290756465e-01
1.080142400894231081e+00
1.135933634136192749e+00
8.999763609716692203e-01
1.185617396604806251e+00
1.783976860990380331e+00
1.382819787988659455e+00
1.279402561237126701e+00
1.247022583115228622e+00
1.044592642178317154e+00
8.729637110253768428e-01
1.027354689146180000e+00
2.009505138986823702e+00
1.059287435777104713e+00
1.283582255986386089e+00
7.332978119492626901e-01
1.041330779074317814e+00
6.998420285625439607e-01
2.307511031868625384e+00
1.269572128953286860e+00
9.674344929987418462e-01
1.007864953958352405e+00
1.916986390576585375e+00
1.806677902654636902e+00
1.472697599304065852e+00
1.685914746788428342e+00
2.090474722119050721e+00
1.429838817457071976e+00
5.663733748558935632e-01
1.214698829586234430e+00
1.131762435154833657e+00
2.167241772394981503e+00
1.202142155659048806e+00
1.446534285797605568e+00
1.782406164043005337e+00
5.820357582898637583e-01
1.992892598391391878e+00
2.099381485899250777e+00
8.725790458240724190e-01
8.205376247746252183e-01
9.954157461881231184e-01
7.597158712880487386e-01
1.006340101054893577e+00
9.961765752024748233e-01
2.169793948948660400e+00
3.619519102928397958e-01
1.552095783283665043e+00
1.286933820465091971e+00
1.202377746193674657e+00
1.567031526517693951e+00
1.735913952251316728e+00
2.074508968930062647e+00
1.373150995970197741e+00
1.415374005462883389e+00
2.001024216842770986e+00
1.379546806064335440e+00
2.971238316882472752e+00
1.890823376141174350e+00
1.799011531050159762e+00
2.246305748579680461e+00
1.988548378898976843e+00
6.164726913525812035e-01
1.387363022810015556e+00
1.176404715908162979e+00
1.801144024346470252e+00
7.064735433635868089e-01
1.235910835565307453e+00
1.234868402915201946e+00
2.480972863582328269e+00
2.255675949850039608e+00
1.460552410069575480e+00
1.829420564659125947e+00
8.672668761068342835e-01
1.794155769842802117e+00
1.984269663356468483e+00
1.155540257099946677e+00
2.071459740625576640e-01
1.867459072873144388e+00
9.039927096960748143e-01
9.811978050815102492e-02
1.936348831171939011e-01
1.718168480462034520e+00
2.117295021653649023e+00
1.313807216748123619e+00
4.703775047280583377e-01
2.153062723080569008e+00
2.605799678770006178e+00
6.378149315012083820e-01
7.610067471436599007e-01
1.574919536099262718e+00
1.852917978124232201e+00
1.817630241113889600e+00
1.266530646822290773e+00
1.558277209632233706e+00
1.358665923179711132e+00
1.925888285088226626e+00
1.715001964625620934e+00
1.047856870497183790e+00
1.716474165519468853e+00
1.089373606337047828e+00
5.689295926666475545e-01
1.249267197210948144e+00
6.869309585045890731e-01
2.320157117183291540e+00
7.250931700257604584e-01
2.545084786620364525e+00
1.765306727734125891e+00
1.992394869122416479e+00
1.364586212327070891e+00
1.048997574338218275e+00
2.380378476665800047e+00
1.046627166864845249e+00
9.530266263667634963e-01
1.822003920659972298e+00
1.509681816295407542e+00
1.938681216312778899e+00
1.116387289316774556e+00
1.243213130275470091e+00
4.589840051633138629e-02
1.299162633545751788e+00
1.515471986914428415e+00
1.395599848898456452e+00
1.452642504090336795e+00
1.595693383349996441e+00
2.203522503533523746e+00
1.507476312004503383e+00
1.276101111052017956e+00
2.433390182777452448e+00
1.527927905874995274e+00
1.567621688436661831e+00
1.249663408983781698e+00
1.511703821137775350e+00
8.996547472229616815e-01
9.240614691970354677e-01
5.070787061742667579e-01
2.401269548687714195e-01
2.306760885231995850e+00
2.415516681657124298e+00
1.141013767573624049e+00
1.373925195483784556e+00
1.311596512443987006e+00
2.901217857857361970e+00
1.196984377665134769e+00
4.564714472017456504e-01
2.917225601591306283e+00
1.267466533668767381e+00
1.675020858859106898e+00
4.432343980549721119e-01
9.395421567433981380e-01
1.450590385441916652e+00
1.017476578320498204e+00
1.496718965861445705e+00
4.525615764437553312e-01
4.787736248578061682e-01
1.331622089666619768e+00
2.441976899470895024e+00
8.369299791561299884e-01
1.647226219056384222e+00
1.190722272458085707e+00
1.455476773255092171e+00
2.392143228885796447e+00
2.316383485058695513e+00
1.298089537453340103e+00
2.332244792116945575e+00
1.666242703565014693e+00
2.973399076658868045e-01
1.390253847395886699e-01
1.419499565886212400e+00
7.986785857424310020e-01
1.469470644783893443e+00
1.389566492803388620e+00
1.213341687699230009e+00
9.704585924471919034e-01
1.909769180224358820e+00
1.867665034392254952e+00
1.971060628065195885e+00
8.123812963728277436e-01
1.835649411223690963e+00
1.714917712979689091e+00
1.873547958528977153e+00
1.502640150079843862e+00
1.542497733148815442e+00
2.177321429535003183e+00
9.233643473424048009e-01
9.887679853141358999e-01
2.245974588947043493e+00
1.952893618315448609e+00
5.259271409738042191e-02
7.827816816460280158e-01
1.557202466980940780e+00
2.713591685152866528e+00
4.619928783524587246e-01
1.717171109505192694e+00
1.057052057160028369e+00
9.620356981368590743e-01
1.265261188307555518e+00
1.806316210977625625e+00
2.175953693305978653e+00
2.004406236846175471e+00
7.405739670815678632e-01
1.955649137697994977e+00
7.530676424157731752e-01
7.396771044457202127e-01
1.711912155697499660e+00
5.587532798393074485e-01
1.390427118588799082e+00
3.508290166845297597e-01
1.970373801487664167e+00
1.369744153748484239e+00
1.544732195313888390e+00
8.053259600609212754e-01
1.592472860146922464e+00
1.020886531770697436e+00
1.390670262952922620e+00
1.443997753518260208e+00
1.776746039144151190e+00
1.233315986465324476e+00
9.810762894084393837e-01
1.917800396436565968e+00
2.333914449918590428e+00
9.550263247677633904e-01
1.362904702665394430e+00
1.468379311183466873e+00
1.521207267258182005e+00
6.898055326708349977e-01
1.263622085574388043e+00
1.807592503907349046e+00
2.126643646954331501e+00
1.845900680903675761e+00
1.420807180373393930e+00
1.312721866755519828e+00
1.785024021976613806e+00
1.713798664557046658e+00
1.191672667822701648e+00
6.693011475693758650e-01
1.897625969459628248e+00
1.729975967121519353e+00
5.635660845087387960e-01
2.450197055509703237e+00
2.243513151938414385e+00
1.754456608694243469e+00
2.026136129250118767e+00
1.182947053200830712e-01
2.808817844980821543e-01
1.389042042846759584e+00
7.029229556631914067e-01
9.417209454025425863e-01
4.243791000064507934e-01
1.185562073403727545e+00
1.286050903790051159e+00
1.655831530947682095e+00
2.442137336200904674e+00
1.401731754853136058e+00
2.010179018344342428e+00
9.708896070454070548e-01
1.380518100820814498e+00
1.651658343529016415e+00
1.649358909443106258e+00
1.090761763999752443e+00
1.605946381744269402e+00
1.984083150785687533e+00
1.544506279119600922e+00
2.217513991169195897e+00
1.367160331615700164e+00
1.321386949729602689e+00
1.005480199830789623e+00
1.105553423228737397e+00
1.316586910850686687e+00
1.514160330845806701e+00
1.391397431825277975e+00
2.065515786358361527e+00
5.486826538553511989e-01
2.312256423060282451e+00
2.207035106869093877e+00
5.725384843428700243e-01
1.646357866535281156e+00
6.955788218730323269e-01
1.547169411101056102e+00
1.999578087636423751e+00
1.705389310300031269e+00
1.077701971481668242e+00
3.694123834460265599e-01
8.021984964839297128e-01
2.053409887964577241e+00
2.656277101079356662e+00
2.350934571997636002e+00
9.233988486149603547e-01
9.385370367141230297e-01
2.193983015222827682e+00
1.376624570408290893e+00
2.828264748221516744e-01
1.787437998418087037e+00
1.657196901767631791e+00
1.491332653881904502e+00
1.598031763309581077e+00
1.952806246091066900e+00
9.496665862237325673e-01
1.133884753443769933e+00
3.848441338001403755e-01
1.894356210749459146e+00
2.174245031893069946e+00
9.871127954436661467e-01
6.052847010851334364e-01
1.009696650770012027e+00
2.230567933586057539e+00
8.420995772360665432e-01
1.048619430370968830e+00
1.448945479692866911e+00
2.185973718174107905e+00
1.918019238309315311e+00
1.288197417417046298e+00
1.470875151744211573e+00
1.368807159297189990e+00
1.459519626785005464e+00
6.585551154413393782e-01
1.740073026670990508e+00
8.475552573621065733e-01
1.410475003711544995e+00
7.872195862764964636e-01
2.350299149894555573e+00
8.354040531013514626e-01
1.554680534941483838e+00
1.591753273289687298e+00
8.862257233678496604e-01
2.011703088084370705e+00
1.044810427754694127e+00
1.590879091978002258e+00
1.846804876774356785e+00
1.629581919302715232e+00
1.494032710350397863e+00
2.353825913571511830e+00
6.670865089021303929e-01
1.063505690088965006e+00
1.496854865156484138e+00
2.066233549462690888e+00
1.587714747463331522e+00
2.208450991717946899e+00
1.515665810068766550e+00
9.068177553251648426e-01
1.392264650087996491e+00
1.197631323412049031e+00
1.443910460804075813e+00
1.497323272779424341e+00
2.588703438719005323e+00
8.166350120919825262e-01
1.830566101581560856e+00
1.394239919591902854e+00
4.013945972235593018e-01
1.441824521863396269e+00
1.435858766143817355e+00
1.445505641993162005e+00
1.534295313205259470e+00
1.053151974324440188e+00
5.553630008387896444e-01
9.890886719062994548e-01
7.828651385853513389e-01
1.425786550474112291e+00
4.543003014371312931e-01
1.724732779504589475e+00
1.003717040675075500e+00
6.770750068687172440e-01
9.627619113574172882e-01
1.253202366777911747e+00
4.419776727295314789e-01
1.274460313904047570e+00
5.127720232863886007e-01
2.084996627815563830e+00
7.500683107797917470e-01
2.646112103947548810e+00
1.760632512987773568e+00
6.577827536166561684e-01
1.733862936160301293e+00
3.199918917666763285e+00
1.379804504740239190e+00
1.356353512145155538e+00
2.357393372616088723e+00
1.110982148510838874e+00
1.698131129991272026e+00
8.762896073663110075e-01
7.064881791636327124e-01
2.383302426382610584e+00
2.105440900758981382e+00
2.008574724025882219e+00
1.611305513708236381e+00
2.677622990585594831e+00
1.316934376804906215e+00
2.815545904166038227e+00
1.819179248313509856e+00
9.621938624182752031e-01
2.985134971320094976e+00
1.112911108518994663e+00
5.251070099994946672e-01
2.555247755788239150e+00
1.680079733272898945e+00
1.516494423021761850e+00
2.819347385299526110e+00
1.983711291748665673e+00
2.446873536506557922e+00
8.784048845509104808e-01
3.367038454746167364e-01
1.332741272893677720e-01
8.605242056758243274e-01
1.739681229064605095e+00
5.998369099750270328e-01
1.410784052663351495e+00
1.429809803871383123e+00
1.320909722198971625e+00
2.588121380170311792e+00
1.572066953111771914e+00
9.814300128669757317e-01
4.690405366648223162e-01
2.834661745684037837e-01
1.481835969444856405e+00
1.051054921570468537e+00
1.359721441026513933e+00
9.116351878788974128e-01
1.010606275425423473e+00
1.089786784309453083e+00
6.056937405031955768e-01
1.489394295942269464e+00
1.189064901954285602e+00
5.504187663473445458e-01
1.543050498843560714e+00
8.134012949843855145e-01
2.168658807053800874e+00
1.557740349811798541e+00
1.844938018758018217e+00
2.731645083480831460e+00
2.542029182203173754e-01
1.067254883271257615e+00
1.215443657806106970e+00
2.468759275538247699e+00
1.347089258907089082e+00
1.743771858881270731e+00
1.044721513389928580e+00
8.308871022863063560e-01
1.148101163642744504e+00
2.870323779960335830e+00
2.870790139279259634e+00
1.783233921059099725e+00
2.377093646277177896e+00
1.246879182357474747e+00
7.793984542907961277e-01
1.645511169937084350e+00
1.057238983209867644e+00
1.380411358544049172e-01
2.034094499877854290e+00
2.017034981074047106e+00
2.322942680272417348e+00
2.263114859447338922e+00
2.346785209390812366e+00
1.144940236222599328e+00
1.731801706146879893e-01
8.621931788695643695e-01
9.784964582192953175e-01
1.331041766659526226e+00
1.894613885172335754e+00
2.000560308335258275e-01
1.749480233584181255e+00
1.538097580683837506e+00
1.832563266292283277e+00
1.051641318168867523e+00
1.646574013011892434e+00
9.874966636101379924e-01
2.923966407714104765e+00
2.231333501931619168e+00
1.068846124152313948e+00
1.237088936226230063e+00
1.692418030714412547e+00
9.531600478955616351e-01
3.202700390651951889e-01
2.266647678167748037e+00
1.837054601963568512e+00
1.836214568411591586e+00
1.491208354335698427e+00
2.211808307068129142e+00
4.979554329309068272e-01
2.617966211594819459e+00
1.376153899355343491e+00
1.035685149567250996e+00
8.492763140251662346e-01
1.266051594892072085e+00
7.426784574031316533e-01
8.284966050240746283e-01
4.165592469666828390e-01
2.440378582776422167e+00
6.467617379893582097e-01
1.059542691630718902e+00
4.004786578504079819e-01
1.544887070980661470e+00
1.436982764824920267e+00
1.660075195445656071e+00
1.219172659072482068e+00
1.533624720534967123e+00
2.025615297173717355e+00
7.875660644273383415e-01
5.593128514238296933e-01
6.855180296593270661e-01
1.552299084633315562e+00
9.845585317962766148e-01
2.733070315591006771e+00
1.320601979706912399e+00
1.657090843016711723e+00
1.168698910337518271e+00
2.972296539641818836e+00
8.479484446813381204e-01
2.281850119953697131e+00
1.780934031626463021e+00
1.142423647303304479e+00
1.890073431823852568e+00
4.790189148004897479e-01
6.930769582567859466e-01
1.421155695349108683e+00
7.308409818186255569e-01
5.317418846361341433e-01
8.837879638865000498e-01
2.244663870578676779e+00
1.671793793633427061e+00
7.458923061758848672e-01
1.196571295458046746e+00
1.826615035885579941e+00
2.590295245001224433e+00
1.049326037013386559e+00
7.973387518394070561e-01
1.154959295715626499e+00
2.332636604016984805e+00
1.247121421983546030e+00
2.177164064036834823e+00
5.752126535753261383e-01
5.203452185048338396e-01
1.175592331633928511e+00
8.000193404819913034e-01
1.616028231768436019e+00
1.317925522141198513e+00
1.240311489576158444e+00
1.016220371348974139e+00
1.941574719901074442e+00
9.826677087969941660e-01
9.264932803380065973e-01
1.232178624808686784e+00
2.225009764063702100e+00
1.614018024109577176e+00
1.787882802712112085e+00
1.235021095938769742e+00
1.116301666282457861e+00
1.666008356898081022e+00
7.866820686801354601e-01
1.818324039604456877e+00
7.460190949928342530e-01
2.267773558953802393e+00
7.502604739381711907e-01
1.853783830340298033e+00
1.009590265461154823e+00
9.019756081958716365e-01
9.376020933335110774e-01
1.033649359185444538e+00
1.532473997137318911e+00
1.653421685056412516e+00
1.537002591865761936e+00
1.837938086134951909e+00
1.549392958217592264e+00
1.260258534735856584e+00
1.842594482213143925e+00
1.117475918508719301e+00
1.518483999631733639e+00
1.509480046546161525e+00
2.111662079637732337e+00
1.849901642271581714e+00
1.079965027624743001e+00
1.663716234152295748e+00
2.362783955659305324e+00
9.871540395623784603e-01
1.493746644230241838e+00
7.543283792835816515e-01
3.245362718887637166e-01
7.320850968570422612e-01
1.869810614417082073e+00
1.020609657627072675e+00
2.016541153125206876e+00
7.572335993159223788e-01
1.313196984383294241e+00
1.624024805202372246e+00
1.031853976694472319e+00
1.535956050795501682e+00
3.281588394478101911e+00
1.082690621467962577e+00
7.963731360835564210e-01
1.781676172545533232e+00
1.100389842533355367e+00
1.380891816297576069e+00
1.610908832467569551e+00
1.436054822523323615e+00
1.875551504893525623e+00
1.335756724321570665e+00
1.361097443519740491e+00
1.843404827002159241e+00
1.706487191483755161e+00
1.768682129388470026e+00
1.175902372910211380e+00
4.007496990522735336e-01
2.519617041294469395e+00
2.295889873051108143e+00
1.470237762537065507e+00
8.522417512953993635e-01
1.289645423231198906e+00
9.179631743700773505e-01
1.432220895850043529e+00
1.390652005987738526e+00
1.898933680465473506e+00
1.205393742535036949e+00
2.418064075513557842e+00
1.412366303282559521e+00
4.629812040832249620e-01
1.127773490112388144e+00
1.342585163064156539e+00
1.029829259191916258e+00
1.755608359202399882e+00
1.383169129077643333e+00
8.256578856200920136e-01
1.447356335303871644e+00
7.773578863095982339e-01
2.316876940493153292e+00
1.742487963081520652e+00
1.340835054711710495e+00
