6.949904524099144609e+00
1.620195870426714535e+00
1.570810845039905423e+01
6.712176530647306905e+00
2.311263860283142790e+00
2.986816968848466658e+01
3.624883483939111972e+00
2.668973894892771259e+00
7.166971225838134174e+00
1.617885224978297742e+01
2.682134578868910602e+00
5.793633220664904826e+00
6.326036691237377774e+00
6.787347015208377243e+00
6.599781636283575281e+00
1.210230005251179719e+01
1.228944250753605694e+00
5.931296579583108519e-01
1.864600809828998962e+01
9.350306526298123089e+00
4.380606305259789224e+00
3.664838247043714858e+00
3.193837484820308159e+00
4.666157497168046397e+00
6.994805697620559037e+00
2.630192990189643254e+01
1.871120685948070239e+00
3.537291757137609460e-01
4.501613555259352140e+00
1.076584687606428670e+00
2.959970581037806969e+00
1.024079745589394719e+01
6.153358203501406963e-03
1.115742755469829817e+00
5.883319993451606722e-01
1.505717412650706066e+01
7.641548222160391646e+00
1.571924047604031216e+01
2.067098334764908074e+01
9.896089652122086022e+00
6.308716399658036877e+00
1.119510975283648690e+01
1.239261434444596155e+01
3.900126016194361167e+00
1.910437996728960997e+01
5.373207518661883064e+00
1.547126026575134983e+00
6.524019670808072213e+00
7.887690525245934225e-02
7.823266826313092892e+00
8.251362808217150402e+00
2.779526675254553769e+00
7.062374012707505422e+00
4.987703086994201840e+00
2.693339442341772738e+01
1.472008010677002154e+01
1.589290057977788706e+01
5.221350572238267596e+00
6.475781979860946613e+00
3.571218482515705617e+00
4.956171176126028755e+00
4.840241594545759085e+00
5.504328205480466529e+00
8.017726111355498730e-01
1.863377027695162003e+00
1.231556341864449600e+01
1.005440550265269017e+01
9.889444610191961971e+00
2.182736975990420802e+01
4.960343890064523364e+00
4.005048862584239089e+00
5.457098676275802696e+00
9.263603594930982510e+00
1.119555083654217320e+01
8.134434540093154808e+00
1.294095033927295191e+00
4.307305543754367250e+00
1.611760961710634987e+01
3.849560344567397152e+00
5.039024939795624825e+00
2.710558240763083493e+00
8.903981017166237022e-01
2.020715265508480130e+00
8.793558700350565971e+00
5.882431524010318213e+00
4.056907416827590929e+00
1.709720213363830865e+01
9.600256754493210920e+00
3.846689233245898620e+00
8.302971250320892338e+00
3.462887151834796118e+00
3.479851969099954090e-01
9.339861371678181978e-01
1.257082418032534221e+01
1.268880529053482586e+00
6.319012331409258110e+00
5.571130019606216344e+00
4.345789846104540999e+00
5.511442951152453418e+00
5.366630660438100442e+00
4.229874361325215659e+00
6.143240874009687325e+00
1.193322797965594440e+01
3.407069756841618613e-01
4.462283087244221846e+00
1.935194646472164592e+01
1.007783395678189642e+00
6.303772836182537365e-01
7.029513840271540914e+00
1.684531613314913745e+00
1.705975816793555699e+00
1.150647179732844361e+00
7.644463338654478690e+00
1.111502565368803763e+00
5.129794593052713125e+00
8.334687694224955479e+00
4.288153702797346117e-02
5.136524782057623639e+00
2.500756064282950053e+00
1.156316422160869983e+01
7.811165938342247372e+00
5.062030961516099659e+00
1.414717381674489260e+01
1.156824360328403678e+01
6.335184612652098757e+00
7.834448415674281740e+00
2.014710136677732244e+00
1.063026556719776572e+01
5.118853366184583642e+00
1.853320755953712817e+00
1.086766073876330907e+01
1.551137086377938790e+00
2.641996515638350473e+00
1.343444877661511550e+00
8.972931028894596039e+00
7.745969970896029011e+00
4.129038743864559713e+00
1.021709337198772216e+00
1.332054037112449585e+01
4.118362148767752196e+00
6.271631109591113251e+00
2.196588697079853603e+00
1.538358316171903617e+01
5.840952716093894104e+00
5.518537864610327581e+00
7.894860056019354921e+00
1.906248062442320190e+01
4.415992641337210256e-01
1.006065214550854314e+01
1.190058702528454937e+01
9.869598504571076347e+00
2.151245820210792026e+00
2.586319483612071757e+00
8.155420724547758127e+00
4.651307540108210681e+00
7.843755978727968703e+00
3.825269756302688950e+00
2.040079984476349395e+01
3.107194238751598281e+00
1.486052963354641498e+01
1.438475628211065604e+01
1.653387063465788742e+01
3.575051452483677839e+00
4.568595719552522638e+00
8.774127077296105526e+00
9.166025340931781562e-01
8.460515005868443073e-01
5.079975080651952801e+00
2.964095283527798941e+00
1.590297357777782139e+00
1.264974431614538020e+01
6.929154621131226932e+00
3.879731765264593513e+00
2.354799141952885311e+00
1.183325976453328110e+01
5.257128813847489646e+00
1.321917944162171210e+01
8.025084473789554806e+00
7.137151222773448822e+00
4.131919395594677802e+00
8.924248478164267695e+00
1.101964124721470206e+01
1.133027017143344395e+01
5.196657797198652728e-01
3.596375886460093430e+00
5.016111701002581746e+00
3.195087299170532358e+00
1.461201846312315311e+01
7.753206476177127549e+00
6.240490117915117096e+00
5.806315515570370955e+00
4.634691034042917046e+00
3.369508485640869111e+01
6.568163353762280110e+00
9.858073601868980518e+00
9.867668370481055717e+00
7.925646331996685667e+00
8.992748098027178116e+00
1.124753440052522357e+01
8.715746150443248297e+00
3.050904385466385982e+00
2.033753128342589422e-01
4.173416814245175743e+00
2.153539219143415551e+01
8.341897030499474397e-01
5.560923810728825245e+00
2.063788847847074059e+00
6.669827057151296312e-01
1.533926467844630182e+01
1.181325899590563999e+01
5.903610921660604305e+00
8.573679908461324217e+00
3.611922216610084391e+00
2.396982792224210623e+00
2.996285346160357133e+00
1.593634627614190613e+00
1.017823970434451653e+01
1.094465590074393901e+01
8.899971086711961021e+00
1.000871582179093799e+01
4.551122956044721057e+00
4.933214359043244457e+00
1.762057106577242749e+01
6.530069561430720704e+00
6.820950750869909207e+00
1.464356290683210915e+01
5.966470852697207228e+00
9.523376881777787517e+00
1.010605572227358362e+00
1.688567777028310601e+01
1.376970275896037421e+01
6.789603445570232765e+00
6.530903134827632073e+00
5.903113615764671529e+00
1.358208061619341045e+01
7.429603884030231420e+00
8.714602398301746433e+00
3.364071337860236266e+00
1.862406015435976503e+00
4.382703398684125062e+00
2.994489939151977254e+00
1.648781372561626668e+01
4.509597852929386974e+00
1.466561478017058384e+01
4.707141152673003148e+00
2.134663667763301120e+01
5.805378604322135594e+00
5.855123654540186351e+00
1.411783827764476085e+00
7.729438181121978779e+00
1.710149697003913261e+01
7.056672879438903756e+00
4.800472466116653791e+00
6.531316140572067663e-01
7.951383659942288240e+00
6.545188301671785780e+00
1.309994622164947442e+00
4.509802733389043361e+00
2.304185783805239041e+01
1.308426248228113309e+01
1.358163434432636940e+01
7.980254098107335103e+00
1.111920798911435426e+01
1.427494902369180529e+01
1.084772497053999984e+01
1.505414036191238658e+01
4.388512122746432431e-01
1.039729119229998489e+01
1.006348907112651681e+01
9.582123057660233201e+00
1.655542108467685836e+01
1.080645251519373140e+01
9.166956233191349668e+00
8.424033831094675406e+00
2.910170682981013668e-01
2.902799291382679447e-01
2.153615603394727795e+00
1.352295826258631806e+01
7.487709593085098980e+00
4.671509741548643291e+00
1.798300266996022145e+01
1.462687640253102295e+01
7.325665949024792845e+00
6.124140998465595898e-01
7.726748426330012354e-01
5.476259770029318075e-01
4.195797635791484126e+00
1.012392156268418120e+01
8.004094398218713380e+00
5.186991346747206855e+00
8.246004889003227589e+00
2.731021980699387175e+00
1.093534371697270124e+01
7.242076925696437684e+00
4.079696909394198379e+00
4.764021332682649934e+00
2.836248803001975918e-02
7.423779297461856608e+00
7.677360203834692198e-01
4.613836084556843353e+00
1.521457964740270796e+01
1.731714685724829650e+01
9.112263843176926059e+00
1.563781751402186337e+01
1.531266856444035973e+01
4.067333904528871891e+00
1.161884122158147514e+00
4.335929594465174119e+00
8.373541969693718556e+00
9.886980334248288704e-01
2.837954211278492789e+00
1.646263246808221892e+00
7.952001959227469108e+00
4.324728660495272159e+00
7.502513268467402519e+00
3.041845492895903114e+00
2.674830391000446284e+00
1.156822617508275641e+01
6.700933815253790726e+00
3.915233643579678180e+00
7.200315504997898408e+00
9.806317938746007101e+00
4.580568518306676218e+00
2.794037022088318167e+00
1.383538050589414503e+01
6.309013521785713507e-01
6.003195066538022928e+00
1.424933509259713027e+01
1.312699314973564846e+01
5.424228818773434213e+00
1.395005250674876685e+01
1.087574447452612603e+01
1.289353696383064829e+01
1.173737312069086158e+00
5.518583478017120569e+00
2.768579949474644142e+00
2.274399289289268822e+01
2.407460860476326570e+00
6.577074494409798078e+00
6.203668797003384500e-02
6.400195582670085148e-01
8.849780753969966440e+00
1.132993204877806548e+01
3.919020486683579829e+00
1.918545213515016812e+01
1.080236178930301527e+01
8.526179549863234897e+00
6.805015745672912786e+00
8.285335003580152957e+00
6.780352857996047256e+00
2.774853811467364650e+00
5.845585757486679412e+00
4.538595828195489901e+00
2.787290041797519713e+00
2.270934900218358088e+00
2.149509247072477258e+00
9.418238560961569306e+00
1.433392411583412240e+01
1.538457849432056879e+00
2.292317225787039447e+01
9.603179706928104409e+00
5.937990371440767134e+00
6.172407026832747334e+00
3.901468297715715128e+00
1.028744855387242474e+01
3.189095652094594335e+00
1.621569887382841912e+01
1.292189413844386570e+00
1.378245949457922137e+01
6.035303928451685174e+00
1.369156601915270599e+01
1.155145890847989776e+01
3.121559967949155912e+00
2.291830025838171636e+00
9.708968879442439359e+00
9.406869247416857149e+00
4.529442857827834246e+01
7.420778200513995060e+00
4.383354023669387090e+00
3.104922999530053929e+01
8.652656796914628412e-01
1.355583692580380450e+01
3.466147279694216099e-01
1.636657497358292135e+00
8.596498101214828935e+00
5.243594091429765847e+00
6.113285035260425104e+00
9.997725955143451415e+00
9.329410238861203908e+00
3.854073748176931158e+00
7.370714623907781871e+00
2.529779078567710116e+00
1.079854345848958452e+01
3.176382574444639673e+00
6.501478114911124706e+00
1.239438373546729899e+01
3.509971129503364651e+00
1.103904581479675795e-01
2.354153987055255914e+00
2.045172193148088269e+01
1.389200703501526313e+01
3.383500473182802448e+00
2.581116194136189534e+00
1.147820980539010449e+01
1.055436784283580920e+01
5.284106291467161043e+00
1.198248715248213969e+01
4.907724667143691377e+00
9.742514630597725045e-01
5.757591912692997305e+00
2.264463830799425814e+00
7.550332316210344175e+00
8.137342604022693493e+00
2.037235024914930293e+01
3.137647945369670843e+00
1.476699888104687197e+01
3.782431666644148649e+00
6.855843659638022336e-01
4.210956019972198483e+00
5.257588369327336197e-01
9.263835009922831709e-01
5.875183083297090825e+00
1.326209770106305363e+00
2.286000038782880939e+00
5.174048464308348194e+00
1.466264049710002987e-04
6.515011017634036783e+00
1.524775341009894802e+01
1.462073822918759092e+01
6.797606370609021731e+00
1.376827994829310242e+01
9.072423559292310813e+00
1.123751792212950740e+01
2.564185552890011621e+01
1.508046946500496688e+01
1.346270274313360638e+01
2.079753668325966254e-01
1.326337286262677218e+01
3.949978865072949485e+00
3.228856394904083160e+00
1.802326578568109383e+01
6.946645677649160966e+00
6.722722198015978812e+00
7.175000434636919167e+00
1.323612689464719949e+01
3.093021247124465134e+00
1.339396546061591486e+01
7.901981091367939136e+00
7.815972418508517983e+00
1.061741507363736847e+00
3.110516063365154071e+00
3.083013100662118866e+00
9.710937813607683822e+00
1.195420643268522198e+01
8.146697207146063491e+00
1.731647272710922503e-01
4.399406810645769994e+00
3.522712365253474059e-02
1.918612753689295403e+01
4.140895474674076704e-01
2.808645311032787006e+01
4.741451153235566984e+00
6.872172750636080352e+00
1.141749188313414720e+01
6.261182285741644371e+00
3.141148832534564228e+00
7.801758211048105629e+00
9.541311931996995455e+00
4.423759080775798935e+00
1.665161303401571979e+00
2.629433801235144141e+00
3.379693139989114470e-01
6.146787705342024566e+00
1.302706742916044824e+01
1.375403894771116420e+01
3.553732149237540217e+00
1.834849956990582065e+00
6.981997028199129041e+00
4.127009827839327016e+00
4.347297166404346491e+00
1.176947658205371106e+01
8.675466255879054955e+00
1.664091913043444748e+01
3.732867619784155377e-01
4.190799877604311163e+00
6.371851164646838761e+00
1.505739488626056577e+01
3.510337866579249955e+00
1.066563160094054474e+01
9.048326402849651728e+00
4.434897473569868076e+00
2.429169469100000089e+00
3.686504141437512594e+00
3.313970007481436664e+00
5.534891123782143652e+00
8.452907356388372762e+00
6.546818364012072955e+00
2.011178227918351435e+00
7.039899392328733185e+00
6.313502602365037575e+00
7.397844526674007604e+00
2.567093700987414184e+00
4.516671089350444035e+00
7.258749880435284574e+00
8.997218437605177144e+00
4.438891111189625427e+00
1.600996895769885597e+01
7.716914706729347095e+00
1.855098074001134467e+00
4.784717930497133231e+00
6.953349896925839602e+00
8.279545059835225373e+00
6.661853933722291288e+00
6.744571552192124564e+00
7.631581443317375424e+00
1.516694554454986132e+01
1.304520386124002940e+01
4.311256142993862284e+00
4.530164634902500431e+00
6.163996401059224084e+00
1.427724316861531895e+00
9.462068888228166941e+00
1.482490886706803046e+01
1.608125573519308560e+01
1.559829702944268170e+01
9.534706006907443410e+00
1.658367983666400391e+01
8.535885610102544874e+00
7.373488020767449136e+00
8.097294679474567047e+00
1.008905821542140480e+01
1.600578543804970222e+00
9.964727285245755795e+00
1.138643322609211639e+00
1.319667548964624970e+01
3.977475587118648459e+00
4.048347032285127156e+00
1.445194997924884639e+01
1.064207760675938808e+01
2.724649872144016882e+00
1.084989314459572718e+01
7.599033416721550971e+00
2.722853347019290826e+00
2.436716741715108725e+01
2.900146420188803198e+00
2.444446434818606129e+00
8.405701974160770362e+00
1.272370607711646118e+00
5.929127484404491888e+00
5.811793445583923301e+00
1.485274902414579490e+00
5.637625679596636630e+00
7.735916902395468808e-01
4.319389708235974901e+00
3.677797382802714843e+00
8.232905934032173079e+00
5.019584980887999315e+00
5.404268180377401087e+00
1.319568326177399520e+01
8.687461669256066443e+00
3.842805328768298168e+00
4.656590664706095950e+00
1.178328596209009760e+01
2.660322820686187306e+00
1.136109466473533125e+01
3.864688512161242873e+00
1.088771895925162703e+01
5.023907875365288822e-01
2.464473700121571298e+00
1.472114608144050862e+01
6.203819811954252472e+00
1.728428253728218777e+01
6.166200000034687267e-01
1.039875240334455597e+01
5.713989118661891124e-03
1.165034723016981744e+01
5.755705695951798262e+00
3.823373044854672553e+00
7.399901714488972715e+00
2.300782407948980701e+00
1.585187346288177501e+01
2.683803532410505621e+00
5.075474600893224775e+00
7.304066364069847772e+00
7.933543253064716083e+00
1.494704531152292404e+00
4.146887858707398955e+00
5.692401537640465747e-01
4.178949537584947471e+00
9.409598157688304099e+00
1.223446145573201882e+01
1.740021190536447548e+01
5.554176038305325136e-01
1.633327871220439675e+01
2.121013423844555490e+00
4.205839992785327941e-01
5.022675957878633746e+00
2.175911511434982959e+00
2.724369212482978142e+00
4.896566381030267756e+00
5.336236784958995116e+00
1.074997111775257430e+01
6.212532066630798155e+00
1.928975334159544985e+01
