4.612960543013358894e+00
6.213106414320116677e+00
5.636904235747022263e+00
5.098254697094915855e+00
4.392939073330752286e+00
5.782808857638014999e+00
5.468682535048249527e+00
5.648532847433262560e+00
4.367843039076709566e+00
4.870397143203068602e+00
5.330404906294102574e+00
4.363323974679959250e+00
5.039621084755315117e+00
3.725233373606680498e+00
4.410784174435784522e+00
6.161426542633970271e+00
5.303745102864684924e+00
6.619613530599569806e+00
6.381645632161087711e+00
6.966211960488386978e+00
5.933226597169605654e+00
5.145067006993222947e+00
4.858194971284642172e+00
5.811119653617130787e+00
5.000159002796759289e+00
4.621046417967447972e+00
4.063416519212517564e+00
5.234263035842965373e+00
3.812357872822223381e+00
6.384691286325596238e+00
5.805065853338388315e+00
3.811892565560791812e+00
3.302790029088494173e+00
4.174743725431198094e+00
4.420388699301793345e+00
4.117801998266334529e+00
5.491540915086067010e+00
3.689002453081213773e+00
6.539520748505283088e+00
5.254481557532719727e+00
5.091274184935003611e+00
5.512641460360387491e+00
4.373845974758539867e+00
6.097793189803095260e+00
4.086385854945905116e+00
6.310727723326905014e+00
3.207430413179184203e+00
5.127133921756215074e+00
3.772820742892776913e+00
5.437618108676384843e+00
5.484037280030988448e+00
5.254457101240343597e+00
5.106835033343073427e+00
5.765127284461038393e+00
5.954649023420585330e+00
4.779944601066052456e+00
6.736529145922367512e+00
5.910043970314047712e+00
4.977348749285656737e+00
5.326473616429700186e+00
4.731414046650646910e+00
6.050390847680178652e+00
5.707211192048769810e+00
4.905308310504441494e+00
6.528136496968193647e+00
5.073533854731524961e+00
4.869437166547172069e+00
5.660650872642283282e+00
5.277917459088379282e+00
5.212135262596593321e+00
4.680344946367926973e+00
6.193975203284272979e+00
3.639327704952110221e+00
5.501260439770526034e+00
5.485093732477701600e+00
6.442138242879130949e+00
5.614260162533036613e+00
4.874828746071488972e+00
3.897288169185389783e+00
7.022533510496252518e+00
5.705495926117244210e+00
6.544101911910827241e+00
5.982045511987895914e+00
5.411430414873730221e+00
3.468201820506028987e+00
3.715241238077740871e+00
5.293908076953901087e+00
4.170730581598290243e+00
7.087760742420725180e+00
5.307446028762798917e+00
4.666451240064581008e+00
5.819932732966893063e+00
5.358694916102645145e+00
4.191922037217068464e+00
4.821408499243402090e+00
5.058904764732099935e+00
4.258401429059967214e+00
3.191070767231989791e+00
4.125144963956758559e+00
3.406586307714212669e+00
5.757234480905961682e+00
3.691909794400110467e+00
4.292351425557209055e+00
4.109774558832562263e+00
5.747398775370391455e+00
5.019899455747540706e+00
4.205962173724399733e+00
3.711488593874880504e+00
5.305059699586601951e+00
4.640057457796124218e+00
5.332748411189110804e+00
3.776065643241440561e+00
3.759267228352144663e+00
7.080011966242623522e+00
6.129691249071655967e+00
4.363111112884558551e+00
4.402516318166046716e+00
5.107337147263123711e+00
3.503835837535909992e+00
4.614047927031255547e+00
4.942273236699636030e+00
4.668797201381083006e+00
6.360996001697450275e+00
5.955130229031285083e+00
5.469481168086522516e+00
5.767857531306303187e+00
4.044870156121856297e+00
4.381764047949594065e+00
4.545969298706727280e+00
4.593084169607442924e+00
4.450013210197917068e+00
2.895118171195432577e+00
5.175245196655390068e+00
4.922637333413770300e+00
5.067523261871285989e+00
5.219924422032190314e+00
4.917933765246173650e+00
3.716587988919551666e+00
5.363620397007552221e+00
5.314826911745032412e+00
5.989280258654318345e+00
5.188295720196553162e+00
5.248605808761493741e+00
6.062423191743853579e+00
6.302811111584430748e+00
4.460219749214632934e+00
4.365471547123162210e+00
4.848977485525757913e+00
3.900028075199953648e+00
7.928800108251726542e+00
4.142215786443003367e+00
6.180709661774779207e+00
3.788796104515773422e+00
6.008280645769894512e+00
8.207245836691512864e+00
3.922612485341064215e+00
6.268398632335736131e+00
4.000486178952505689e+00
4.372947817073829846e+00
6.633714406975539823e+00
5.229857647949810229e+00
5.395362665079622033e+00
4.775222059089321291e+00
7.007926812514491566e+00
6.924033115420482609e+00
6.103224808366929821e+00
5.112992606327802392e+00
6.759450848237944953e+00
3.552795312741641176e+00
3.939586289444088507e+00
6.727280193147233689e+00
4.641587451854945812e+00
6.174484410561087877e+00
5.082089827485561706e+00
3.806837380310509111e+00
3.287859370880153342e+00
4.891937339199726509e+00
5.715893597692891070e+00
4.780622696136388683e+00
6.346540442625448364e+00
2.674876294391900888e+00
5.398514105138949581e+00
4.699992016626014291e+00
4.296874381747839422e+00
8.192933959404262723e+00
4.552077663963687293e+00
4.571728864819038840e+00
5.541442627213691630e+00
6.107538998140278785e+00
4.657714214143177323e+00
6.342156852188599814e+00
5.536718943141308635e+00
5.665339439666801979e+00
3.295649816973794444e+00
3.088450169764984654e+00
5.183625770414257872e+00
3.456055805888969434e+00
4.943430514543960541e+00
4.531279353556548095e+00
4.144545248713342289e+00
5.364716612008651353e+00
6.009075873811334567e+00
5.773803634449667044e+00
4.506253086059361479e+00
4.568480008376090140e+00
5.664793222913902859e+00
5.927558134453784433e+00
4.347064508373575720e+00
5.047422486143997133e+00
5.445822121496487256e+00
5.134024720582076817e+00
3.597475306430743203e+00
4.200450158287546643e+00
5.861034402361569917e+00
5.822541097149010803e+00
4.543816450063180135e+00
2.637555241352724789e+00
3.735798055663275274e+00
3.638668578325758851e+00
5.060032120868080519e+00
4.196035628895725900e+00
7.464772146362217420e+00
6.649122998736367585e+00
3.598758288213333767e+00
5.316335326876336254e+00
4.323216519174455819e+00
4.363347262818643379e+00
5.739990696116646696e+00
4.868067308791382608e+00
4.730780996893078516e+00
5.859100871431746071e+00
5.345235954969271397e+00
5.965043019022134629e+00
5.339053079846639349e+00
3.704428303892879359e+00
4.440832443392285001e+00
4.704658101426790751e+00
4.251457134528785708e+00
4.384516655325865209e+00
4.087153837632569342e+00
3.886711738488655143e+00
5.552785156774432629e+00
4.965756409645637248e+00
4.014459074505497327e+00
5.006985123542788685e+00
4.312078683450770278e+00
4.399118020161311371e+00
5.105328946880081986e+00
4.054460653025835803e+00
3.903877113932070930e+00
6.117143947675723226e+00
5.599244947774553616e+00
6.162529611227777870e+00
4.186139185981099686e+00
6.233366448915047542e+00
5.399291196930758652e+00
4.020491020548452532e+00
5.722765264358693038e+00
5.584965548252262657e+00
3.142516324797885119e+00
4.164171195803178627e+00
5.710379294414570595e+00
6.449179334529614671e+00
3.896349229671897341e+00
3.573721698893939980e+00
3.324310334772376585e+00
3.368647973403582796e+00
4.836091273769081766e+00
4.065116362012335394e+00
5.691184784988975842e+00
4.901216911873949478e+00
4.833212371856054901e+00
4.684600701523727651e+00
5.248611370231379247e+00
3.936749028673499851e+00
4.717280825414434275e+00
5.441520688157413410e+00
5.812069225879426426e+00
4.749809021861331360e+00
6.196573269421490338e+00
6.464557298977748445e+00
5.022158752364057399e+00
7.643579767038320760e+00
5.338659980232563385e+00
5.195432785226882899e+00
6.796253794599188325e+00
5.846658813560763335e+00
4.799212695657235628e+00
5.112965848838318728e+00
3.202624332548563046e+00
4.077849204248665593e+00
4.095964648133286978e+00
4.605884376326039309e+00
6.213909196566556936e+00
5.131923873835952499e+00
5.090814390201638950e+00
4.425921043511912956e+00
8.328837913495531708e+00
5.643456122044650414e+00
5.534983388550944738e+00
6.920970844977522241e+00
4.372127650093214690e+00
6.022882000750818143e+00
4.775511623120209492e+00
4.823540256063125753e+00
5.954682333862717947e+00
6.700051604629722490e+00
4.001663906894246558e+00
4.744285922195778937e+00
5.330502686889478703e+00
7.522432365260941722e+00
4.399612372620940626e+00
5.923660548984373442e+00
6.046048042651827714e+00
4.671867888544803726e+00
4.974597062241366885e+00
5.526782360627138679e+00
4.912299633346499661e+00
4.973369218198202546e+00
5.538758908267837455e+00
7.096934222392342839e+00
4.360942939840753318e+00
6.530333686867118459e+00
4.687694732489947391e+00
5.706960602403356120e+00
4.384579488705221628e+00
4.531159134380574827e+00
4.917219209431509697e+00
5.485622858663423251e+00
5.698776211134764402e+00
4.392039306197922599e+00
6.784794437970287362e+00
4.719522768327636619e+00
5.015454085719717625e+00
6.182381713719723670e+00
5.997960931889390501e+00
6.489008406642621019e+00
3.701852938331370968e+00
4.448895682999711276e+00
5.962459615460858231e+00
5.171504366211823189e+00
5.890370900843611146e+00
4.845423397465744131e+00
7.061339830909568960e+00
4.616305964620508462e+00
4.681926348892869072e+00
6.157936000082442796e+00
6.510055964951414254e+00
5.678250276984687872e+00
7.241979892858538825e+00
6.240456828767205977e+00
3.972908681191567926e+00
5.653836386941370584e+00
5.450219879240717269e+00
5.444816826242763419e+00
4.956122762694094241e+00
6.237010150368186956e+00
5.308389767301863849e+00
5.322813145596327011e+00
6.369106564720448560e+00
3.485477050765415807e+00
5.102797383214658922e+00
6.307712591694105697e+00
4.257409361763649258e+00
4.163864190540515153e+00
4.838684606552889456e+00
3.804367865472321419e+00
7.323063330785306135e+00
4.440677810252448232e+00
4.347957139047437636e+00
4.209322570277367781e+00
4.552943288970544344e+00
5.571326356150144932e+00
7.028829511098907190e+00
3.968792763246969280e+00
4.284262607227050879e+00
6.116753878510999165e+00
6.222597185289231447e+00
6.135849213738271857e+00
5.425495676202390705e+00
6.271203080331666513e+00
6.319353228759179153e+00
5.388301521882381984e+00
3.561375019603866932e+00
6.114548320782309254e+00
4.721234631323985909e+00
5.588698012241706259e+00
6.249794713040622618e+00
5.177462277624696796e+00
5.844363366499850443e+00
4.645252811612679444e+00
5.662484927730434769e+00
5.736568730645870140e+00
5.322869497724456167e+00
5.694589139566736513e+00
4.911809063991050550e+00
5.259109589201246493e+00
4.288733227975936479e+00
7.645176228271098218e+00
4.245102947770539537e+00
7.298573080138413438e+00
5.392875949852778739e+00
7.448767027134993057e+00
3.702460365336935233e+00
4.680054081335311089e+00
5.590076380215724505e+00
6.053840140284059146e+00
2.982450174066989756e+00
5.678004114733752772e+00
6.335463698944357347e+00
5.267087337102345224e+00
2.820073233592371942e+00
6.214025915858260696e+00
5.925015750848062979e+00
4.719451356125007102e+00
4.401017528231632170e+00
6.553619349981435249e+00
4.929810486710162643e+00
4.074895468930388454e+00
6.509565717058196199e+00
3.426743310828155753e+00
4.055229184608804438e+00
4.633951743830839298e+00
5.045709816863918284e+00
5.990040058410972534e+00
4.521311808313112302e+00
4.639122098518186021e+00
4.149953494444106106e+00
5.305232610377569102e+00
5.175955489056680570e+00
5.905191204003508609e+00
7.115174884842084602e+00
5.153145438247666021e+00
6.861527082610333395e+00
5.674025892576341157e+00
7.042760152513104721e+00
7.054353959271786323e+00
5.295855538068449775e+00
4.818523995511001523e+00
4.599682414700514421e+00
5.005044000066297905e+00
4.331695207536125025e+00
4.952687342248442981e+00
3.567831946773841967e+00
4.523886055484123148e+00
4.835466879881665569e+00
6.632544350587883386e+00
3.269255203227020345e+00
3.925496476525821787e+00
4.298227690069048812e+00
4.020598487390772746e+00
2.764145606084175810e+00
7.067711490404799513e+00
2.488260871824801157e+00
5.052742726096556503e+00
5.221262376973017538e+00
4.896636047039648609e+00
5.023563876365238379e+00
6.183276601003374395e+00
6.086488892854274191e+00
6.337638260781078614e+00
5.159144595710372982e+00
2.744639955883534821e+00
4.415322708229777682e+00
6.073124174624796368e+00
5.193882860547764047e+00
4.437805447451808938e+00
6.306068010086945286e+00
3.564766662669988317e+00
4.552038026309207730e+00
4.909837405928222154e+00
6.068773770565596415e+00
5.423169936498258181e+00
4.682198429272518503e+00
6.003036141297061867e+00
5.360230098080096539e+00
4.151647129072684628e+00
5.194521246273182236e+00
5.118819397812909955e+00
5.238094398774741478e+00
5.628476063949816144e+00
4.897835123607451102e+00
6.325408908491737314e+00
5.824850532742666509e+00
5.392679256411661903e+00
5.514245853704787592e+00
3.883278386572966756e+00
6.560528598920848609e+00
4.639504482441077826e+00
2.465431164577626344e+00
3.418362999230946997e+00
5.061121072226031359e+00
6.102701462806601640e+00
4.956175165408427397e+00
5.701395348690421194e+00
4.212329150570424119e+00
5.587152092591795238e+00
6.195635650413072071e+00
5.281220895811078009e+00
7.119339450335033348e+00
4.394175168809655752e+00
7.063393858111486345e+00
2.809042300769323486e+00
5.067231345724147573e+00
4.511542694912533236e+00
3.942538208903811014e+00
5.110098512296540996e+00
4.972137572907344705e+00
5.811998250823345202e+00
4.511820021889524135e+00
5.767405475929269443e+00
4.404936392619376306e+00
5.361275883075895976e+00
5.117208130762166185e+00
6.135094505389073305e+00
6.093593738541144056e+00
3.678462023203934450e+00
4.722224010917424941e+00
5.261593027202177808e+00
5.766200046378698651e+00
3.275902114335023096e+00
4.118642894987198488e+00
4.389443983783088754e+00
5.515693839087749240e+00
6.437169447648110499e+00
5.413949178138340201e+00
4.704682835018089371e+00
5.360263988536497770e+00
5.570963603016792831e+00
4.700741562378424554e+00
5.542457478267222903e+00
4.164437550217541251e+00
5.178403501026917155e+00
4.914364733609758673e+00
5.926707530072540031e+00
6.148061266221599652e+00
5.493131717148408200e+00
4.269643544735832741e+00
6.491590065553423550e+00
4.133164382603800924e+00
3.478543507980941474e+00
5.772796045527125663e+00
3.466043737618404563e+00
5.640597249062301977e+00
5.722682513399192317e+00
5.828591225090691275e+00
6.453992700598224275e+00
5.646800371541475627e+00
4.447504164246493197e+00
4.530198709702349724e+00
4.349037210692075384e+00
4.019091864788404855e+00
3.832949169337377615e+00
5.621619399616443857e+00
6.056506918618080881e+00
4.233282850489213267e+00
4.584305175738329297e+00
4.023496523014560289e+00
5.887349621254648113e+00
5.897233013846911120e+00
5.953302122474781299e+00
5.156699468574097445e+00
5.944188847261946407e+00
5.648125993952499257e+00
4.720882261636298871e+00
6.003930427988101393e+00
5.954994898791626134e+00
4.618825515657713154e+00
6.505021842957511957e+00
7.801716142830530387e+00
4.911071509854263439e+00
4.232264568058746512e+00
5.076649210167968107e+00
6.491184067888974951e+00
6.107288614716569697e+00
4.198978981434700941e+00
3.557357149775341565e+00
6.925853783559044352e+00
6.231452526074400033e+00
5.095574794158340914e+00
5.091656234715666862e+00
4.333242015877098119e+00
5.863852253655922553e+00
4.242661765908189331e+00
5.481775040679207400e+00
5.558012988535481647e+00
4.262381194546234653e+00
4.140053305963455443e+00
5.467189648964219550e+00
4.720822625461131850e+00
5.679429676909953706e+00
6.460191329762338341e+00
6.010483997821985724e+00
4.167009251074288656e+00
6.088031003200623736e+00
4.850173007873786801e+00
5.219335521895160923e+00
6.322510244337824048e+00
6.892318292279655978e+00
3.882906348810686303e+00
6.550380193136383866e+00
4.975508668789824895e+00
6.035000847830799486e+00
6.705728938266951822e+00
4.667153268617058259e+00
5.629502646008669231e+00
4.487956487589323196e+00
5.673201886163278473e+00
4.644537401669224685e+00
5.721981221624604430e+00
5.349202866400583289e+00
8.172770277084715929e+00
6.266446987063404528e+00
5.859315655801135669e+00
3.686669089257887943e+00
4.334113444111231672e+00
5.197374314672464024e+00
4.171327551846542470e+00
6.014186512799885698e+00
5.086203020726794755e+00
5.995383224421392043e+00
5.066241712488023907e+00
4.766456442438371077e+00
6.743621547462075760e+00
6.158766158147374270e+00
6.425391228042007796e+00
5.654445250530426570e+00
5.152723658399476214e+00
5.718351903941893966e+00
5.889157545155900841e+00
4.925301044952789198e+00
4.646060244085294499e+00
5.250853291285306312e+00
3.638382739712628489e+00
5.964981084742273509e+00
5.422062463872970639e+00
5.264379768976074736e+00
5.788800526102509281e+00
4.647392504906091126e+00
4.123907067283290928e+00
6.135274925717904893e+00
7.558703795151316740e+00
4.957712766983899400e+00
6.951184865552483494e+00
4.240542165789592310e+00
6.504200316581094654e+00
3.644398060868314193e+00
4.775471507081785916e+00
4.299001780919360804e+00
4.414626958142562785e+00
5.542474234594980231e+00
4.038931406629595600e+00
6.178216576883455602e+00
4.903986607257024843e+00
3.544975942080374587e+00
5.830173961300637586e+00
4.613231986320280420e+00
5.714898648670896364e+00
4.260149067940240286e+00
4.862288462277860823e+00
6.922151766953409613e+00
5.711319754028860274e+00
7.068702608763604012e+00
4.383101024775539756e+00
5.499598135688944289e+00
4.717030247434570889e+00
4.124368446827893386e+00
3.588255851092222670e+00
6.150275981872703746e+00
4.882958334415475221e+00
5.449233375200376983e+00
6.192728479240744655e+00
5.446382975237007429e+00
4.674996079475005395e+00
3.974925306460039387e+00
4.336855783605484405e+00
5.568675896487386368e+00
4.886005685518675534e+00
3.898451243867186999e+00
5.881953287783288076e+00
5.101656714643567625e+00
5.655833206457923090e+00
6.635702453117257704e+00
6.133444175041692148e+00
4.549327337114257297e+00
4.338011833638116599e+00
5.747435929908064622e+00
7.752948767110172668e+00
5.990149378361511623e+00
5.810957455776526892e+00
3.715189151020569458e+00
4.656326467940675506e+00
6.236673870425067712e+00
5.497092289758681360e+00
6.163139150785798215e+00
6.106195280532009662e+00
5.556347409902263834e+00
6.049643811689401574e+00
5.335279003230741779e+00
4.825462424312545018e+00
4.158933122704292273e+00
5.812926814122176822e+00
4.089085387245088299e+00
4.485326335722669810e+00
5.799330209243208856e+00
5.379268791971209218e+00
3.726309012378235419e+00
6.496230712763533255e+00
6.461132610462780868e+00
7.117869685544701674e+00
4.678783045387300277e+00
5.834813401835923230e+00
6.054965347788143326e+00
3.929527420438223118e+00
5.078602357363682707e+00
5.268797813854804168e+00
6.054438326424269157e+00
7.261271650745985795e+00
4.158099478594017739e+00
4.211383545362033409e+00
4.809732064088186654e+00
5.776612085086830106e+00
6.104207269390804491e+00
4.996640143297399916e+00
6.946285131560953729e+00
4.238456130965950308e+00
6.512644186162822812e+00
5.773520243282341369e+00
5.859426602735707590e+00
4.089767232122231810e+00
4.426928636166038267e+00
4.814820455542905719e+00
3.153450292722164150e+00
4.997488507328056606e+00
4.700055806203070397e+00
6.657353900968967508e+00
4.931899523638107574e+00
4.527399201133828655e+00
4.999924849674720839e+00
3.980866772862568848e+00
5.272965161378163401e+00
4.672521504145628946e+00
5.613118980327652885e+00
5.684156791296335776e+00
5.277106712004768774e+00
4.078941273872635165e+00
4.332538724149148202e+00
5.319109266268840841e+00
3.309196735733891170e+00
5.934415643462267909e+00
4.457783325073603642e+00
6.310430589478767338e+00
4.722338526092833000e+00
5.062659944486163077e+00
6.049852776312786062e+00
7.056888982609876848e+00
3.294651882668545806e+00
5.976432039139741192e+00
4.088848931840566081e+00
4.909170183576931912e+00
4.925630484554137212e+00
5.188373180059299372e+00
4.444268445473317897e+00
3.993690396868116554e+00
5.025877409578260568e+00
5.424094284683061318e+00
5.574026149649867534e+00
5.118083027471402424e+00
5.791631198743998787e+00
4.813088680957612553e+00
5.368644227013841252e+00
4.163998918660979598e+00
6.125239130130995413e+00
4.889463707614983612e+00
7.314733556585453655e+00
4.553863458089861815e+00
4.713847892937855555e+00
4.262928461281907389e+00
4.799969602953512826e+00
5.358750203049952532e+00
5.960677251189731685e+00
7.025832919129349818e+00
5.702336488649740964e+00
4.851692095725798737e+00
4.691697082430524190e+00
3.640610645451691774e+00
5.331503386177936399e+00
6.018342570736186836e+00
5.912746295259832863e+00
5.854203181500150066e+00
4.436505583302247757e+00
4.980571793859438046e+00
4.919478278350773337e+00
5.379210481066453831e+00
3.707106732943383776e+00
4.824140456553465128e+00
5.824228077388483804e+00
3.902302395926551259e+00
5.512048020589592312e+00
4.742571216585628413e+00
7.184771372616531870e+00
5.306969221102565193e+00
6.649592346777728480e+00
4.659791412216589102e+00
5.549054075385117635e+00
3.163966820932171853e+00
5.167080441845607552e+00
3.152712189471913451e+00
7.196830292811835506e+00
5.918094014892016475e+00
4.822710085507727840e+00
5.630875561719936861e+00
5.167413349220252528e+00
5.169420792913503426e+00
4.496867968016419859e+00
4.083490123681294826e+00
5.196406778467009602e+00
5.173605375195032607e+00
6.482638368539297424e+00
4.988604872310421712e+00
4.417954740049931495e+00
5.919812225314855070e+00
7.156566406990766183e+00
5.654890140364306816e+00
4.563865759188833415e+00
4.611088725434045799e+00
3.908544248400384724e+00
6.272214318573866798e+00
3.693871051620913448e+00
5.057828960064797208e+00
5.245350789592198026e+00
4.238749063205824008e+00
6.078534215705765575e+00
4.936207595660826897e+00
4.990452462676968182e+00
4.547558216699342459e+00
4.967234951044286362e+00
4.441378811536385918e+00
3.081850303404023439e+00
4.856157908271506507e+00
3.644781951950112564e+00
5.091043036215427087e+00
6.407162434323057099e+00
5.325710120551071292e+00
4.307575799118308346e+00
6.252030814263585867e+00
6.269047129434903276e+00
5.028255326629891719e+00
2.975048742565172599e+00
4.394219898011531455e+00
4.392221812700324080e+00
4.645283713383244972e+00
6.052827013505518217e+00
5.650970481400033663e+00
4.794214061913194769e+00
5.830717644246443676e+00
4.589943469180322921e+00
4.616777978918895187e+00
5.462596755911159008e+00
6.217592127314869543e+00
5.343709693664536964e+00
4.044721072919103655e+00
6.529276084239162614e+00
3.952207941977045280e+00
5.507479715051400326e+00
4.415741743626328208e+00
5.616144432470199455e+00
4.177559583048274128e+00
6.402175305331586408e+00
3.920675727520840148e+00
4.951658836807006914e+00
5.393654516717307779e+00
7.626459652503903897e+00
4.305553299004611034e+00
4.619678015017099959e+00
5.018219221403414032e+00
4.327816380226631843e+00
5.957336387218822971e+00
5.527521899316736764e+00
4.933000144443104418e+00
5.395122842957555065e+00
6.006979969075556980e+00
5.919927034613496453e+00
3.737462825223960561e+00
3.853198725889484866e+00
4.686450551426827538e+00
6.980003745433873696e+00
3.696436749861974569e+00
5.608891509836060330e+00
4.758698807623569671e+00
7.922272234779095257e+00
6.457925055604785136e+00
4.976950696666907703e+00
6.175503207202838851e+00
4.692394323468681350e+00
4.194810153702189126e+00
5.585193103890705224e+00
7.090178758386534774e+00
4.732773318953448438e+00
6.355528531311978924e+00
4.436030216520094882e+00
4.682474176860587534e+00
5.184763070945561658e+00
3.895735503036010350e+00
4.441017419382637499e+00
6.269515005084881132e+00
6.945590511722554261e+00
4.988459041613071854e+00
6.458154647062349873e+00
4.286594162245205730e+00
4.652898017924851359e+00
4.781237482376323733e+00
5.160048600982191758e+00
4.480762654950968482e+00
6.987843121075563602e+00
5.164285097766922128e+00
4.923704060919229519e+00
5.010468315729164956e+00
4.962912430011716225e+00
6.106149712140911845e+00
5.967558587915801738e+00
4.511456026510536788e+00
4.755124628229147277e+00
7.081416340245393570e+00
4.307603254867305331e+00
6.822212561986139789e+00
6.472166020828134414e+00
6.663310517908617392e+00
4.838397818505026926e+00
7.239630556642241643e+00
5.047391239536191954e+00
5.719135380208582475e+00
5.293820719589701795e+00
4.581802334684749844e+00
4.492412314554394825e+00
4.348111491066077861e+00
4.712453248790212434e+00
4.887365529733632030e+00
4.474508268591576687e+00
5.412382104267522642e+00
5.164431269248785483e+00
4.666784598634697190e+00
6.254054475486156228e+00
5.940892615083845918e+00
5.067728585604007741e+00
3.947442308678509981e+00
4.706749180446544223e+00
6.356501439512934226e+00
6.294291104663372494e+00
4.122918367270969497e+00
4.750757465299456861e+00
3.712060912976272498e+00
4.619430441902677487e+00
5.137470333830914448e+00
4.005783926755664304e+00
3.129405732081011138e+00
5.809759742607083055e+00
4.156163290434365720e+00
4.801687181453927700e+00
5.562551395145407973e+00
4.912962318235982728e+00
6.032747433847354124e+00
4.022066337753945398e+00
4.233145593090799963e+00
4.160710098506429588e+00
6.502323032972070038e+00
6.720684273074581050e+00
5.961172473767351931e+00
6.939164909853507979e+00
5.059069885206365136e+00
4.841590863575545356e+00
4.016778211278555943e+00
4.635258093584185168e+00
4.753821771962936538e+00
7.022879587522551148e+00
5.898732398108740504e+00
3.996803302753417775e+00
5.174335085393124700e+00
4.895364005264281282e+00
5.098145645881956511e+00
3.640604821128802460e+00
4.033274264236477613e+00
5.449261153684860304e+00
6.157303869799814144e+00
7.234482211343256530e+00
4.031836967784049541e+00
5.180187070854800346e+00
3.925753886132004045e+00
4.687741073189811480e+00
5.382699569490364766e+00
5.270615788817827330e+00
6.301113525336726084e+00
4.202856883094646889e+00
4.913032896590201482e+00
5.487342101210818335e+00
5.520876799921283329e+00
5.566622614965163862e+00
4.295172900905526170e+00
7.220552285362430212e+00
5.475248508438944839e+00
