1.864761672914028168e-02
6.271456182003021240e-02
1.493903100490570068e-01
1.223100796341896057e-01
5.058523640036582947e-02
1.939814984798431396e-01
-4.175780713558197021e-02
-7.629048824310302734e-02
2.170266211032867432e-01
1.463738037273287773e-03
4.275722056627273560e-02
-2.703092060983181000e-03
1.628082990646362305e-01
4.063358157873153687e-02
-6.410500407218933105e-02
1.292609423398971558e-01
1.000770479440689087e-01
8.649977855384349823e-03
7.563633471727371216e-02
-1.090333759784698486e-01
3.275538980960845947e-01
6.867555528879165649e-02
3.201601281762123108e-02
2.741262018680572510e-01
1.765249818563461304e-01
1.306669116020202637e-01
-4.718578234314918518e-02
-8.045691996812820435e-02
1.440690010786056519e-01
5.511933937668800354e-02
5.979085341095924377e-02
1.574465930461883545e-01
2.135660201311111450e-01
-3.810635581612586975e-02
2.188458889722824097e-01
1.493946015834808350e-01
-7.856003940105438232e-02
-3.513288870453834534e-02
1.216139420866966248e-01
1.324983388185501099e-01
2.080828398466110229e-01
1.404991447925567627e-01
8.696760237216949463e-02
2.228443920612335205e-01
5.608751997351646423e-02
1.328699737787246704e-01
9.905046224594116211e-02
-7.615629583597183228e-02
1.273635774850845337e-01
6.371644139289855957e-02
-7.721152156591415405e-02
1.191621553152799606e-02
2.131720930337905884e-01
9.151702374219894409e-02
-2.580186701379716396e-04
1.377217620611190796e-01
3.551014699041843414e-03
1.789500713348388672e-01
-4.162556678056716919e-02
1.397219300270080566e-02
1.275307033210992813e-02
3.091427125036716461e-02
4.062766954302787781e-02
1.618940979242324829e-01
9.095927327871322632e-02
1.891198754310607910e-01
-2.560696750879287720e-02
8.678574115037918091e-02
-1.826080679893493652e-02
-2.091340906918048859e-02
1.130685135722160339e-01
8.977058529853820801e-02
3.657488524913787842e-02
1.595526039600372314e-01
1.910280995070934296e-02
9.911271184682846069e-02
2.112243473529815674e-01
4.004420638084411621e-01
2.031377255916595459e-01
3.494763672351837158e-01
1.204956844449043274e-01
-1.167307943105697632e-01
-2.135816775262355804e-02
6.360644847154617310e-02
-2.356825396418571472e-02
1.647441536188125610e-01
9.477980434894561768e-02
1.497680246829986572e-01
1.872893720865249634e-01
-3.647231683135032654e-02
-5.221475288271903992e-02
-4.723253846168518066e-02
2.117981165647506714e-01
2.165370136499404907e-01
1.295330375432968140e-01
1.368551552295684814e-01
1.146936323493719101e-02
1.127650514245033264e-01
2.277399413287639618e-02
-7.411625236272811890e-02
2.267570942640304565e-01
-1.272657653316855431e-03
4.356258362531661987e-02
2.764541469514369965e-02
1.407411098480224609e-01
6.606011092662811279e-02
9.728726744651794434e-02
1.517476588487625122e-01
1.734181493520736694e-01
3.545936197042465210e-02
-7.951156049966812134e-02
-1.081897094845771790e-01
1.490214318037033081e-01
3.297578394412994385e-01
1.203743442893028259e-01
2.046488970518112183e-01
5.458121001720428467e-02
1.184326931834220886e-01
1.950976997613906860e-01
-1.634470000863075256e-02
1.921861171722412109e-01
2.492493018507957458e-03
2.372285872697830200e-01
3.597278846427798271e-03
5.109658092260360718e-02
2.266703546047210693e-01
8.217788487672805786e-02
1.970242895185947418e-02
-3.900477290153503418e-02
9.902632236480712891e-02
1.741685569286346436e-01
8.791088126599788666e-03
2.858506329357624054e-02
9.183429181575775146e-02
-1.067222431302070618e-01
-6.358695030212402344e-02
-6.083286367356777191e-03
-2.064694911241531372e-01
9.231717325747013092e-03
-1.524229720234870911e-02
8.447532355785369873e-02
2.061553597450256348e-01
-3.804345056414604187e-02
-9.073749929666519165e-02
1.926157176494598389e-01
2.251181900501251221e-01
-3.027942404150962830e-02
3.932503610849380493e-02
6.949322670698165894e-02
3.809922933578491211e-02
-9.488793462514877319e-02
1.365591287612915039e-01
6.744189187884330750e-03
1.424813922494649887e-02
-5.835812911391258240e-02
1.561047285795211792e-01
1.039062589406967163e-01
1.091301888227462769e-01
1.211043298244476318e-01
5.263501661829650402e-04
-2.492776326835155487e-02
1.170279756188392639e-01
-8.403405547142028809e-02
8.325733244419097900e-02
6.708850711584091187e-02
7.962252013385295868e-03
1.025588512420654297e-01
2.941094525158405304e-02
-1.178015246987342834e-01
6.848843395709991455e-02
1.269461959600448608e-01
-9.318232536315917969e-03
1.928016543388366699e-01
-1.138770058751106262e-01
-2.829212881624698639e-02
2.443595081567764282e-01
1.316434144973754883e-01
3.544402495026588440e-02
2.419926784932613373e-02
3.289906308054924011e-02
1.892608255147933960e-01
1.515950858592987061e-01
1.472220122814178467e-01
3.667929768562316895e-01
2.059325277805328369e-01
1.665975302457809448e-01
2.118806093931198120e-01
7.865277677774429321e-02
1.260083466768264771e-01
1.250856816768646240e-01
2.066247910261154175e-01
1.364840543828904629e-03
-8.969945460557937622e-02
-2.348152846097946167e-01
-3.911272436380386353e-02
1.424795985221862793e-01
8.970964699983596802e-02
2.192728966474533081e-01
2.336578071117401123e-01
1.980411559343338013e-01
1.532066520303487778e-02
6.147436797618865967e-02
1.799102872610092163e-01
-3.756790608167648315e-02
3.095052577555179596e-02
-7.789279520511627197e-02
-4.726191982626914978e-02
2.048246115446090698e-01
1.381041109561920166e-01
1.629071235656738281e-01
7.163479179143905640e-02
8.147221058607101440e-02
2.125187218189239502e-01
1.903658956289291382e-01
1.703869849443435669e-01
2.090657316148281097e-02
1.943464279174804688e-01
-1.518260538578033447e-01
1.674388200044631958e-01
2.040598988533020020e-01
1.439381539821624756e-01
1.086647436022758484e-01
1.082999855279922485e-01
-1.454951167106628418e-01
9.379095584154129028e-02
1.325265616178512573e-01
1.482582688331604004e-01
9.698976576328277588e-02
2.282801084220409393e-02
1.825640648603439331e-01
3.916767239570617676e-02
2.038777023553848267e-01
1.599029451608657837e-01
-7.194241136312484741e-02
-3.397697210311889648e-02
1.832617670297622681e-01
7.268778234720230103e-02
-1.620821282267570496e-02
1.045536771416664124e-01
1.434058398008346558e-01
7.277098298072814941e-02
3.977820575237274170e-01
4.327275231480598450e-02
1.465408056974411011e-01
2.711414694786071777e-01
6.641027331352233887e-02
1.542658805847167969e-01
2.940162420272827148e-01
4.102168232202529907e-02
-9.168504923582077026e-02
1.594678312540054321e-02
2.144010514020919800e-01
-4.102094098925590515e-02
3.488828614354133606e-02
6.314171850681304932e-02
2.639508806169033051e-02
1.553361713886260986e-01
8.405798114836215973e-03
-3.774113487452268600e-03
2.423441559076309204e-01
-8.725406974554061890e-02
3.562203347682952881e-01
2.342005670070648193e-01
2.446171641349792480e-01
1.668396890163421631e-01
-1.020210888236761093e-02
1.724204868078231812e-01
1.379836201667785645e-01
2.382232993841171265e-01
2.442178688943386078e-02
-4.419011063873767853e-03
1.417724043130874634e-01
2.679520845413208008e-01
3.671052753925323486e-01
2.766049467027187347e-02
2.471213936805725098e-01
-8.163941651582717896e-02
1.497510075569152832e-01
1.621392071247100830e-01
1.156489327549934387e-01
1.920298673212528229e-02
-1.485155988484621048e-02
2.475590854883193970e-01
7.401867210865020752e-02
1.831386610865592957e-02
1.832457929849624634e-01
-1.341735422611236572e-01
-1.562300324440002441e-01
4.513358324766159058e-02
7.210192084312438965e-02
6.353047490119934082e-02
2.284059524536132812e-01
2.881130278110504150e-01
3.059548437595367432e-01
2.132209986448287964e-01
2.745895087718963623e-01
2.454582452774047852e-01
1.417283415794372559e-01
5.969142913818359375e-02
1.916300058364868164e-01
1.130946725606918335e-01
1.408670097589492798e-01
1.187837868928909302e-01
3.482116013765335083e-02
-8.814219385385513306e-02
4.451306536793708801e-02
6.582659482955932617e-02
-1.283299028873443604e-01
1.509809345006942749e-01
-8.925584703683853149e-02
1.256750226020812988e-01
-9.429473429918289185e-02
2.901931703090667725e-01
2.108153402805328369e-01
5.151531472802162170e-02
6.970781087875366211e-02
1.292994767427444458e-01
2.919808626174926758e-01
1.679642945528030396e-01
2.681437432765960693e-01
7.534480094909667969e-02
1.764507591724395752e-01
9.048445522785186768e-02
1.023001819849014282e-01
1.424999833106994629e-01
8.802305907011032104e-02
7.995578646659851074e-02
2.327929884195327759e-01
-7.301058154553174973e-03
2.564456164836883545e-01
1.531866937875747681e-01
-1.336454749107360840e-01
5.647093057632446289e-02
2.278210967779159546e-01
1.866585910320281982e-01
3.281084597110748291e-01
1.935031265020370483e-01
4.649863392114639282e-02
1.927172392606735229e-02
3.816385567188262939e-02
2.647397816181182861e-01
6.899029761552810669e-02
2.550830841064453125e-01
9.485071152448654175e-02
-1.167471781373023987e-01
1.732223853468894958e-02
-1.250780820846557617e-01
1.699862331151962280e-01
1.260773688554763794e-01
2.908389866352081299e-01
7.263967394828796387e-02
2.133769914507865906e-02
1.371527649462223053e-02
-7.649951428174972534e-02
-6.758257001638412476e-02
-4.923268407583236694e-02
-1.095098480582237244e-01
2.107312381267547607e-01
-8.495585620403289795e-02
7.842859625816345215e-02
1.130235120654106140e-01
2.581221759319305420e-01
6.296253949403762817e-02
-1.559040993452072144e-01
1.458766907453536987e-01
8.255994319915771484e-02
2.574645876884460449e-01
1.488637477159500122e-01
1.363765001296997070e-01
5.111613124608993530e-02
1.750903278589248657e-01
6.368782371282577515e-02
-5.331820249557495117e-02
8.116938918828964233e-02
6.277252733707427979e-02
1.135610565543174744e-01
-1.618516817688941956e-02
2.985888123512268066e-01
4.463525116443634033e-02
-3.819382691290229559e-04
-1.803234778344631195e-02
1.438076645135879517e-01
1.229749247431755066e-01
2.191967815160751343e-01
5.323256924748420715e-02
1.758084744215011597e-01
1.156592667102813721e-01
5.549059063196182251e-02
2.820863127708435059e-01
8.414871990680694580e-02
1.095470041036605835e-01
1.255895104259252548e-02
-4.280760884284973145e-02
1.066211536526679993e-01
-1.429163217544555664e-01
-7.273147255182266235e-02
1.033400818705558777e-01
1.953220218420028687e-01
2.607109583914279938e-02
2.203022539615631104e-01
6.679215282201766968e-02
-6.022297218441963196e-02
2.777088619768619537e-02
3.355461359024047852e-02
1.798506453633308411e-02
5.292044952511787415e-02
4.519145488739013672e-01
1.478410810232162476e-01
1.097475737333297729e-02
1.434537917375564575e-01
3.834437578916549683e-02
9.906156361103057861e-02
2.357356399297714233e-01
5.596524104475975037e-02
5.288295820355415344e-02
1.236541494727134705e-01
1.570137590169906616e-01
9.625393152236938477e-02
4.226179048418998718e-02
-1.891756989061832428e-02
6.603447347879409790e-02
1.758506745100021362e-01
-7.036831695586442947e-03
3.153168559074401855e-01
2.731541395187377930e-01
7.143346220254898071e-02
1.191815212368965149e-01
1.172970086336135864e-01
6.382199376821517944e-02
3.955015242099761963e-01
1.154586300253868103e-02
-8.087459718808531761e-04
-1.050435081124305725e-01
-4.606174305081367493e-02
2.265945822000503540e-01
2.828673422336578369e-01
1.853344962000846863e-02
8.068723976612091064e-02
1.116062253713607788e-01
3.748839255422353745e-03
-9.196559339761734009e-02
1.498988121747970581e-01
3.399812281131744385e-01
1.420469880104064941e-01
2.566775679588317871e-01
-1.397943869233131409e-02
-2.086679264903068542e-02
4.362330734729766846e-01
-7.364516146481037140e-03
1.277951598167419434e-01
1.793131977319717407e-01
-8.041375875473022461e-02
4.366150498390197754e-02
-4.791067168116569519e-02
1.280069798231124878e-01
-8.110926300287246704e-02
7.075636088848114014e-02
2.025366425514221191e-01
2.015238404273986816e-01
-1.016845405101776123e-01
2.143009454011917114e-01
2.554186247289180756e-02
-6.170640885829925537e-02
5.608909204602241516e-02
3.395582437515258789e-01
1.849781954661011696e-03
1.167288720607757568e-01
-2.325067520141601562e-01
1.526732444763183594e-01
-6.009952165186405182e-03
1.862524002790451050e-01
1.305596679449081421e-01
2.616749703884124756e-01
1.067698895931243896e-01
2.337645292282104492e-01
1.764814853668212891e-01
1.289456188678741455e-01
2.017043679952621460e-01
2.104960009455680847e-02
3.911620005965232849e-02
4.885391145944595337e-02
2.044608891010284424e-01
1.265456378459930420e-01
3.292185962200164795e-01
1.997777223587036133e-01
8.366978168487548828e-02
1.392067689448595047e-02
9.454620629549026489e-02
-1.063006930053234100e-02
3.402195870876312256e-02
9.119329974055290222e-03
-2.625061199069023132e-02
1.974361836910247803e-01
2.018861025571823120e-01
-4.482769966125488281e-02
1.903590857982635498e-01
-9.717545658349990845e-02
8.933553099632263184e-02
-8.872216194868087769e-02
9.592323005199432373e-02
4.898193106055259705e-02
9.172964841127395630e-02
3.100404441356658936e-01
-1.208567097783088684e-01
1.787795424461364746e-01
-3.360502794384956360e-02
5.605936422944068909e-02
2.994746565818786621e-01
1.058663576841354370e-01
-1.712292246520519257e-02
3.720473945140838623e-01
6.696614623069763184e-02
2.229648828506469727e-01
-9.164243191480636597e-02
9.623613208532333374e-02
-9.721302241086959839e-02
4.813197627663612366e-02
-1.444215476512908936e-01
6.133671477437019348e-02
2.715141475200653076e-01
1.168642267584800720e-01
3.270988119766116142e-03
-3.122060559689998627e-02
9.046746045351028442e-02
1.763563454151153564e-01
-2.553490363061428070e-02
2.277797758579254150e-01
3.154419660568237305e-01
3.841195255517959595e-02
4.997052252292633057e-02
1.305759400129318237e-01
1.046593934297561646e-01
1.536124050617218018e-01
-1.015540808439254761e-01
-1.366648674011230469e-01
-4.742885474115610123e-03
-9.796082042157649994e-03
8.603335916996002197e-02
8.395523577928543091e-02
1.236100569367408752e-01
5.437535047531127930e-02
1.793943792581558228e-01
-7.368015591055154800e-03
1.658953353762626648e-02
3.035473227500915527e-01
-1.201656386256217957e-01
-6.674547493457794189e-02
-5.424866918474435806e-03
6.420322507619857788e-02
-3.354677930474281311e-02
-1.412251684814691544e-02
7.990045845508575439e-02
1.299688071012496948e-01
-9.216170758008956909e-03
2.158055901527404785e-01
1.993762552738189697e-01
-5.786097794771194458e-02
-2.047731354832649231e-02
1.418541967868804932e-01
3.168978914618492126e-02
1.019498109817504883e-01
-1.295421365648508072e-02
-2.522556111216545105e-02
3.979953229427337646e-01
-3.161356598138809204e-02
3.001888990402221680e-01
1.874173432588577271e-01
8.357016742229461670e-02
7.512892037630081177e-02
3.001886606216430664e-02
3.313159942626953125e-02
2.508033812046051025e-01
1.484555006027221680e-01
1.993774771690368652e-01
1.009904742240905762e-01
-8.515091240406036377e-02
2.169624418020248413e-01
-2.783286385238170624e-02
3.549882024526596069e-02
-4.908738657832145691e-02
-2.504186630249023438e-01
-7.677789032459259033e-02
4.249097779393196106e-02
2.037401199340820312e-01
-7.121888548135757446e-02
1.408275216817855835e-01
3.729484081268310547e-01
1.637687534093856812e-01
6.163164600729942322e-02
-6.148017197847366333e-02
1.172059699892997742e-01
-5.612017959356307983e-02
-3.029212355613708496e-02
-1.378632485866546631e-01
1.510765701532363892e-01
-8.657874539494514465e-03
-4.690605215728282928e-03
1.188734080642461777e-02
-1.372528374195098877e-01
2.302239537239074707e-01
-1.762831360101699829e-01
2.516558580100536346e-02
7.943599671125411987e-02
-1.456125527620315552e-01
2.212705165147781372e-01
9.527385979890823364e-02
3.078393042087554932e-01
7.472693175077438354e-02
8.805084973573684692e-02
2.413801103830337524e-01
1.511461138725280762e-01
3.944605886936187744e-01
6.621143966913223267e-02
1.212153136730194092e-01
-2.649073489010334015e-02
9.396079927682876587e-02
-4.099138313904404640e-04
1.451266855001449585e-01
1.443347036838531494e-01
2.444406747817993164e-01
1.709517240524291992e-01
1.100175604224205017e-01
3.577391430735588074e-02
2.339499592781066895e-01
3.181669116020202637e-01
1.045313999056816101e-01
-1.053405832499265671e-02
1.577162593603134155e-01
-7.482599467039108276e-02
1.027117818593978882e-01
2.380393594503402710e-01
-2.866374328732490540e-02
5.110672675073146820e-03
1.882306337356567383e-01
2.968060672283172607e-01
1.133542209863662720e-01
1.653573811054229736e-01
1.482041776180267334e-01
1.520485989749431610e-02
-6.991351395845413208e-02
3.514859974384307861e-01
3.942491952329874039e-03
2.899285256862640381e-01
-5.099291726946830750e-02
-2.587168663740158081e-02
-5.725341290235519409e-02
2.978777587413787842e-01
-1.853137277066707611e-02
1.770987063646316528e-01
-1.299092918634414673e-01
1.187971904873847961e-01
1.050054505467414856e-01
3.737884387373924255e-02
1.257323101162910461e-02
-1.125513166189193726e-01
-1.363961119204759598e-02
1.612202525138854980e-01
2.106968164443969727e-01
1.550265401601791382e-01
3.878872990608215332e-01
3.356536924839019775e-01
-5.032219458371400833e-03
2.366599589586257935e-01
9.992258250713348389e-02
1.637518554925918579e-01
-8.880066685378551483e-03
1.316028386354446411e-01
1.422786414623260498e-01
8.903124928474426270e-02
2.375929355621337891e-01
9.909614920616149902e-02
1.831670999526977539e-01
-9.199485182762145996e-02
-1.199077218770980835e-01
2.156314700841903687e-01
1.603134572505950928e-01
-6.965483725070953369e-02
1.131875440478324890e-01
1.960928887128829956e-01
2.240200638771057129e-01
-8.841802924871444702e-02
-7.955712825059890747e-02
1.761648505926132202e-01
1.079937592148780823e-01
2.995632588863372803e-01
-1.885748654603958130e-02
1.357495635747909546e-01
1.674939990043640137e-01
6.441511958837509155e-02
2.481709979474544525e-02
-2.081413939595222473e-02
9.431786090135574341e-02
-7.566316425800323486e-02
7.133410871028900146e-02
-6.228296831250190735e-02
1.834138780832290649e-01
-9.794682264328002930e-02
5.291767418384552002e-02
2.763862907886505127e-01
1.692650467157363892e-01
1.072778599336743355e-03
3.267260268330574036e-02
-5.550310015678405762e-03
2.614597678184509277e-01
-1.913593336939811707e-02
-1.418728660792112350e-02
-7.216658443212509155e-02
1.020071804523468018e-01
-4.423942044377326965e-02
1.582391560077667236e-01
-2.455871179699897766e-02
1.344997435808181763e-01
1.771602034568786621e-01
1.168611422181129456e-01
-2.214914411306381226e-01
1.484175473451614380e-01
3.565340861678123474e-02
-2.112814038991928101e-01
1.824847906827926636e-01
-4.494208469986915588e-02
6.402188539505004883e-02
-4.638564959168434143e-02
1.061394736170768738e-01
2.264261990785598755e-01
3.331627324223518372e-02
5.327931419014930725e-02
7.569183409214019775e-02
1.662531346082687378e-01
1.477574557065963745e-01
-3.956891596317291260e-02
2.041344493627548218e-01
-2.930359914898872375e-02
2.952296286821365356e-03
1.355922967195510864e-01
-3.193481266498565674e-02
-3.752148151397705078e-02
-1.005128305405378342e-02
1.389179676771163940e-01
-8.374449610710144043e-02
-1.127160936594009399e-01
2.278477698564529419e-01
1.585692614316940308e-01
-6.860885024070739746e-02
9.570075571537017822e-02
-1.014592647552490234e-01
2.113153338432312012e-01
-2.142029628157615662e-02
8.260940015316009521e-02
1.421741396188735962e-01
3.606028258800506592e-01
4.646164551377296448e-02
2.645066082477569580e-01
7.225351780652999878e-02
1.597488969564437866e-01
5.158702656626701355e-02
8.739729225635528564e-02
4.865981638431549072e-02
-1.000986620783805847e-01
-1.150263175368309021e-01
1.494590193033218384e-01
2.952989190816879272e-02
3.343909606337547302e-02
-4.330108314752578735e-02
-1.896668225526809692e-02
1.492212414741516113e-01
3.715849295258522034e-02
-1.749939052388072014e-03
1.416537612676620483e-01
1.329924315214157104e-01
-7.727532833814620972e-02
-8.821157738566398621e-03
1.871813833713531494e-01
2.578133940696716309e-01
-7.454615086317062378e-02
-6.473042815923690796e-02
1.449803113937377930e-01
3.688838705420494080e-02
2.529517114162445068e-01
-1.492447257041931152e-01
2.593129873275756836e-01
5.228363722562789917e-02
8.789242058992385864e-02
1.309597641229629517e-01
2.020782046020030975e-02
-2.219759523868560791e-01
5.474980175495147705e-02
2.184030413627624512e-01
2.948385477066040039e-01
2.147643864154815674e-01
-1.866147667169570923e-01
1.230069845914840698e-01
1.818392574787139893e-01
1.750171482563018799e-01
-2.496512047946453094e-02
1.849103122949600220e-01
-2.173518091440200806e-01
6.134955585002899170e-02
1.418892294168472290e-01
9.036424756050109863e-02
1.273478269577026367e-01
1.631063967943191528e-01
1.170072481036186218e-01
1.972040086984634399e-01
3.798856586217880249e-02
1.641087830066680908e-01
-4.903520643711090088e-02
1.619837284088134766e-01
1.140808090567588806e-01
1.329267323017120361e-01
-1.707299798727035522e-02
-1.066837832331657410e-02
2.032851101830601692e-03
1.577517688274383545e-01
3.318979144096374512e-01
-5.061542149633169174e-03
2.767877876758575439e-01
4.176035150885581970e-02
1.642446964979171753e-01
7.885895669460296631e-02
6.451608240604400635e-02
9.130893647670745850e-02
3.135953247547149658e-01
9.046272374689579010e-03
6.753285229206085205e-02
3.680631890892982483e-02
8.971136808395385742e-02
-1.818788796663284302e-01
-7.764039933681488037e-02
2.931880652904510498e-01
4.423475824296474457e-03
8.245590329170227051e-02
8.182007074356079102e-02
2.756696380674839020e-02
9.638710319995880127e-02
2.313660532236099243e-01
-6.848742067813873291e-02
1.431390494108200073e-01
1.723794490098953247e-01
2.098399102687835693e-01
2.197961136698722839e-02
3.089882433414459229e-02
-2.287418395280838013e-02
2.388386875391006470e-01
1.121535003185272217e-01
-3.602416813373565674e-02
2.496135421097278595e-02
1.504448354244232178e-01
6.100317835807800293e-02
5.957230925559997559e-02
1.183743309229612350e-02
1.775419861078262329e-01
3.155714869499206543e-01
2.548350393772125244e-01
1.090694740414619446e-01
2.296186238527297974e-02
2.479476332664489746e-01
4.226417466998100281e-02
3.404134884476661682e-02
2.998826801776885986e-01
2.489591687917709351e-01
2.081508785486221313e-01
7.939970493316650391e-02
1.695942580699920654e-01
1.089774724096059799e-02
1.376018375158309937e-01
-9.841346740722656250e-02
-2.223597094416618347e-02
2.844300866127014160e-01
2.363939583301544189e-01
9.957096725702285767e-02
1.130991950631141663e-01
2.959951758384704590e-01
1.991451717913150787e-02
-8.327436516992747784e-04
2.306277155876159668e-01
-4.717014264315366745e-03
8.861713111400604248e-03
5.480842292308807373e-02
1.298578083515167236e-01
2.012687027454376221e-01
-9.971762448549270630e-02
1.528383046388626099e-01
2.631317973136901855e-01
1.095900014042854309e-01
9.579021483659744263e-02
2.645234465599060059e-01
6.182216480374336243e-02
1.548816710710525513e-01
2.459108978509902954e-01
3.336400911211967468e-02
3.180591166019439697e-01
6.398273259401321411e-02
9.901780635118484497e-02
-1.764557138085365295e-02
5.387996137142181396e-02
1.844108849763870239e-02
4.271178692579269409e-02
2.837457656860351562e-01
8.571345359086990356e-02
6.885203719139099121e-02
-8.893128484487533569e-02
