4.204352331409126009e+00
3.645457065778622496e+00
3.409242206864256719e+00
4.364468343719295262e+00
6.033780975659603030e+00
7.477333616404694183e+00
2.485555061726351322e+00
5.551169677570382710e+00
4.569340619650190227e+00
7.451533568964239684e+00
4.298052664251287069e+00
4.989942026711302603e+00
5.587875298978687510e+00
1.071613163966213200e+01
4.863397933223626346e+00
4.995624613491565391e+00
6.332650022864442896e+00
4.568399206831981196e+00
4.649792393521240186e+00
7.007956735239233126e+00
6.973812530972532286e+00
5.186052360041577991e+00
5.907115829920726924e+00
5.657272963891833761e+00
3.897137205496832735e+00
5.329739341484920345e+00
4.355749860701522813e+00
3.902617897823596138e+00
3.458984471977497588e+00
6.277367239182088277e+00
5.053255813775645144e+00
2.222997327849620230e+00
6.499151509790195291e+00
5.749718712745604421e+00
5.984124737632399160e+00
5.167716726700402496e+00
3.185832275028301019e+00
4.794208145020690814e+00
6.509909373768000052e+00
4.473461341621776555e+00
6.381549693607529328e+00
6.311382645340983366e+00
3.656508647062144846e+00
4.672948721374742931e+00
3.584374043851951797e+00
5.189528893757098693e+00
3.325198136697865792e+00
3.407593399358362252e+00
5.686590664284062235e+00
7.041240721272565395e+00
4.998977347117962822e+00
7.095497724447566767e+00
2.972744918945094739e+00
5.372762265259028780e+00
4.013597754022106834e+00
4.173081426134299221e+00
6.215787105116093336e+00
6.154363248052701074e+00
4.631866085560502277e+00
4.110167829417568974e+00
8.190377289047704679e+00
3.579409830506428136e+00
6.036458798005411630e+00
2.966128033949638976e+00
5.577309394806094112e+00
8.583690160886096265e+00
5.759759263313008582e+00
4.425216707979209296e+00
5.168145834125833282e+00
6.266450559810221144e+00
6.001306740593602917e+00
7.542529842659835282e+00
6.374385135467581343e+00
6.299802842091494881e+00
4.472936189326710554e+00
4.826596294610336457e+00
8.143800179796723882e+00
7.894407380929987283e+00
6.741329352883478343e+00
5.354602976395724134e+00
4.198614313979326162e+00
5.667056032648313035e+00
4.735758643337667273e+00
4.655512337661858346e+00
4.667966023109269003e+00
2.958793276212337453e+00
7.206322974457130215e+00
6.550774082200516268e+00
7.293633111325473983e+00
1.714466312641581558e+00
2.088380333705692316e+00
4.477637771214443951e+00
6.372664998195799235e+00
5.180194591387953906e+00
4.182767011366583354e+00
7.649701065104385300e+00
7.725596387647658325e+00
6.428300982466117475e+00
7.975663668148246011e+00
7.909335263578160635e+00
7.994991123847814407e+00
6.868349472495829389e+00
6.341671692715093123e+00
5.737776385281066815e+00
4.515793956775588036e+00
4.248154754569977598e+00
4.642044357713119851e+00
6.309761153772270426e+00
6.435561751212707016e+00
5.955945944871367637e+00
5.920213769369011558e+00
3.423318825239680230e+00
4.998940946797197249e+00
5.530707357743583685e+00
4.837116782668166692e+00
5.808224547175922403e+00
5.693373661313235523e+00
5.807250492938296205e+00
7.955217390289311297e+00
4.380714392455790751e+00
5.334713519680206240e+00
7.481872477955367806e+00
6.030115875273331483e+00
3.595939380450357437e+00
7.314920970616333840e+00
5.012137967822503981e+00
3.773770582417084185e+00
5.804152213538473326e+00
3.919355473231814102e+00
6.466024973547558119e+00
6.329228947414226703e+00
6.558657843398555620e+00
8.067168340016259265e+00
4.719285528510490657e+00
6.830282524210860906e+00
5.996338835146906909e+00
5.689728698313422761e+00
3.943034645910641345e+00
6.360503165756613342e+00
4.121831045808067806e+00
3.861686393037067511e+00
5.723027930737068836e+00
5.643656453156046915e+00
7.638473388346740833e+00
5.455448082792972109e+00
5.624246298646895070e+00
6.174198443935736691e+00
5.556153328071207653e+00
5.517914780700981403e+00
4.441657587033406962e+00
5.309221843284827713e+00
5.481171504185105903e+00
6.662396492329720310e+00
7.302100315309317580e+00
5.480612131060058623e+00
6.637285532058519344e+00
7.113054321686258064e+00
5.623490344093260873e+00
6.566933026271877694e+00
6.013702662582907088e+00
5.359667714844824182e+00
4.475449094492136126e+00
5.288526195762378812e+00
5.155339173585185009e+00
4.570843826057663151e+00
1.893998782633745659e+00
4.628842325533462976e+00
6.185037507641761856e+00
6.155250723933902712e+00
5.295467341659046312e+00
4.455629729314299681e+00
4.071826669536413590e+00
5.685673950196500570e+00
4.991677733075079892e+00
6.292972153751406061e+00
7.478818928482480644e+00
3.658663216326758505e+00
7.259912892647525595e+00
2.823708313277184967e+00
5.558599363849234365e+00
2.960269918061379180e+00
6.307445281751608235e+00
5.727305970324866990e+00
5.812112374384505564e+00
8.131322878296298740e+00
5.310634209139792006e+00
6.038772442029922694e+00
4.302020261590843830e+00
3.556233968000444001e+00
6.890962666343207310e+00
5.225457357358572530e+00
7.335292752817744955e+00
5.443177968475721329e+00
6.718779677142500795e+00
6.889134300777881137e+00
3.907463437212263191e+00
6.002228526339774106e+00
6.839449478782126945e+00
3.899581402017969545e+00
4.226001741592645189e+00
5.997114381049892806e+00
6.246233435548941060e+00
8.308253723819927217e+00
6.470223451438991802e+00
5.477961711793251531e+00
6.993417610100136628e+00
8.246910530498766434e+00
5.329959157155336413e+00
7.855267525298119224e+00
4.336988379506346192e+00
6.926493451143576507e+00
5.718419775583702069e+00
5.170836152783099493e+00
5.030229342785741409e+00
6.249212633079045176e+00
6.209320454869311057e+00
3.737756467174464525e+00
6.232085951211586483e+00
3.019059162136643604e+00
5.504690194605423414e+00
4.986766099552556675e+00
6.455420995885184254e+00
5.693533646361847111e+00
2.138409026192646056e+00
3.973456682151854213e+00
6.871580406914066685e+00
3.039767459670099203e+00
4.791975545376532253e+00
6.746844727692912436e+00
5.404696024628796280e+00
5.409978402204540515e+00
3.362753120483727542e+00
4.299784521385714875e+00
5.102993396011334504e+00
8.170819519935468733e+00
5.305180033117759208e+00
5.187492618065753902e+00
7.331717319007093892e+00
5.131799780504343822e+00
6.495123846991819327e+00
5.632221138462494281e+00
6.167553247925073201e+00
5.656159951007230902e+00
5.388103078159710790e+00
7.317643328272435355e+00
5.067412377850405214e+00
4.460855848142975866e+00
6.313238733634479516e+00
5.124765442042467534e+00
7.786121517827552019e+00
4.757339157121768025e+00
3.518092778649088093e+00
4.753804259812350885e+00
7.435875499281785928e+00
6.615834363480524338e+00
6.719630425930082751e+00
3.742033879376367889e+00
4.746332807332557024e+00
2.292106928454851644e+00
5.817093268278081375e+00
5.435927696940020759e+00
5.520867871102047353e+00
5.043087663232379114e+00
4.149600959693779956e+00
5.856255857777442841e+00
8.084152915022166042e+00
3.848161237224916320e+00
4.528257216035578736e+00
3.306165870301521537e+00
1.165960370446620864e+01
4.389853710138723386e+00
4.626978024986077465e+00
6.056612650941502807e+00
6.485883831231863184e+00
4.841412333212226748e+00
6.173787100638483238e+00
4.373250339986195279e+00
5.888448743869244772e+00
3.487348650685073270e+00
4.500833494675043234e+00
4.052137919452229120e+00
5.848151599115654520e+00
4.989015061170529286e+00
6.267887711029762166e+00
5.219412922585794590e+00
4.673685755601501235e+00
4.208135971585301505e+00
7.064893830104450601e+00
4.115281682437897715e+00
6.084619145860780343e+00
3.873374122285555110e+00
5.551328064422868636e+00
5.311449888129241792e+00
7.795058370618622945e+00
4.796914406581985979e+00
7.582494095996940686e+00
7.905623905362614501e+00
4.089611493924341978e+00
6.544135773118821220e+00
7.002523491677099976e+00
3.578564215946809846e+00
4.013350442026855980e+00
6.441084270985773408e+00
4.477176693339873559e+00
5.621072488652432142e+00
5.276233195948432986e+00
5.696144665033113341e+00
4.057700320886881151e+00
5.911998962842275773e+00
6.556058598631283374e+00
6.323067261711050158e+00
4.049895416396206649e+00
7.520736242420285933e+00
4.933009828448496670e+00
4.354786601190930639e+00
6.004767542275780023e+00
8.310674551700055090e+00
7.620892173948666581e+00
4.556009344408379569e+00
5.370404231401727735e+00
3.813665217260397533e+00
5.159135226662123763e+00
5.153867563739255253e+00
6.114972384766694802e+00
4.543735733031584623e+00
6.369236357142104232e+00
4.802352257517751966e+00
8.583273273675152026e+00
5.942572132713283217e+00
7.481842392743239145e+00
6.474793351840864020e+00
2.856656572426397922e+00
7.129396867318059883e+00
4.586316822166227603e+00
6.008542161444336394e+00
5.265771226552912410e+00
6.104501021271421912e+00
3.301005519589572668e+00
6.320432404166774987e+00
4.590321098156181279e+00
6.197073399204381161e+00
4.877721408569292372e+00
6.206031912802103534e+00
5.653997597572521627e+00
5.590929939308229457e+00
7.895239691977752550e+00
4.133101604281903541e+00
3.144631289095329851e+00
5.190709719403217903e+00
5.109730244686363498e+00
4.785095862811310496e+00
2.500788694781106880e+00
4.395251455311321109e+00
5.559957806762086285e+00
4.345126292094431797e+00
6.053550927435390250e+00
5.735053438923094049e+00
5.473960597349029733e+00
5.453616324672379889e+00
5.693021697391468017e+00
3.382629467018614555e+00
6.586981544980006653e+00
5.018873570355903979e+00
4.431345285193154737e+00
4.008071108990599818e+00
7.255861881905295796e+00
5.054713776887728827e+00
7.186306125793670674e+00
4.906193337407724897e+00
5.512690770219978553e+00
5.824079372754119355e+00
4.333217644995967177e+00
5.070919722179819900e+00
5.443657738298149695e+00
7.594628454926674266e+00
5.791097426732784825e+00
2.986991181536156059e+00
7.327579268168505244e+00
6.054460392500056187e+00
7.517530304481609527e+00
2.868507093315783241e+00
4.170961483203187825e+00
4.719352391469949559e+00
4.856503719376261685e+00
3.904953574907622293e+00
4.939319276120952118e+00
4.994743900148705507e+00
5.108438278760701223e+00
6.051376759423859220e+00
2.810373705304899605e+00
3.811426641555380801e+00
6.900973321585446740e+00
5.640290944034997977e+00
5.591688058815917017e+00
6.470948951626739998e+00
6.913120304150161211e+00
5.227047039077594270e+00
5.850348779977682767e+00
4.266294368385291413e+00
2.579252017940097286e+00
3.079060621757689908e+00
4.328177667808858153e+00
6.351676529283214911e+00
3.726569998119893867e+00
6.299569130278884543e+00
3.062009225384084043e+00
5.335364875368364679e+00
6.069300151731040316e+00
5.096005428144172456e+00
3.389267336401529995e+00
1.645409630981825577e+00
6.224693393766782989e+00
5.189299867377277664e+00
5.159126456346591283e+00
5.345999448448798042e+00
5.548271008974563934e+00
3.471804860101543877e+00
4.323033162053091516e+00
4.934041110497203952e+00
4.463035741187579397e+00
6.475760945132075008e+00
3.551696239612976758e+00
5.014733710701583469e+00
6.570465102787636624e+00
4.214109476377474017e+00
6.067947196012927868e+00
4.995988779775858646e+00
7.300829543090226359e+00
6.742224821990378203e+00
4.868850686751255985e+00
4.546749581495444836e+00
5.385110959351068871e+00
5.797995736766933916e+00
7.733105350702953018e+00
5.468095975857461433e+00
7.000648673694711555e+00
8.261731551888944480e+00
2.518943749239851204e+00
4.812674563170421749e+00
5.809227812568400928e+00
4.203785800247616500e+00
4.715425527591938781e+00
7.281931383858859519e+00
4.771144069264938281e+00
5.247937899084967661e+00
4.808739403838071524e+00
6.212506231458353234e+00
4.368236265953949982e+00
6.174188979475820460e+00
4.820169696245509172e+00
4.960214119434384727e+00
4.660059619675569031e+00
1.142515947748516947e+00
7.142701125376936133e+00
3.240693377197216840e+00
6.340639398873527455e+00
5.250325407299603953e+00
4.279855839635437142e+00
5.821022208893671390e+00
5.236801707988004928e+00
4.199656491219557530e+00
7.432330896581571089e+00
4.668477829529015466e+00
3.182837366135932822e+00
4.205432660348137119e+00
5.372743130164792547e+00
7.199034691799515606e+00
5.021280450670780660e+00
5.798686993402558443e+00
7.113160456616452798e+00
6.111561413116690211e+00
6.623568680490195426e+00
7.218952004480674312e+00
6.450677853737868617e+00
6.004142800134263602e+00
5.014674826837871358e+00
5.878309371103428660e+00
6.513619600283816702e+00
4.082081249180974147e+00
7.909905580942993453e+00
5.755917464052660470e+00
7.236926523410309287e+00
4.765277869049601378e+00
8.245084496754916614e+00
6.095767726427100186e+00
5.933468136028823281e+00
8.171542296590951437e+00
4.051073376728899333e+00
5.145008101951409785e+00
4.147080689458540803e+00
3.661375368578258627e+00
4.859707199107076825e+00
7.125101761152864199e+00
5.195804318199339633e+00
4.322074594996555774e+00
5.081128878854350717e+00
6.787411653516234544e+00
4.048758504454535334e+00
4.068741975183470139e+00
5.710765515683044136e+00
5.335007714883313490e+00
5.653348333515645585e+00
4.292847658141520917e+00
5.780230413141038248e+00
7.078418280199613832e+00
5.823603979577740120e+00
7.626600696515843936e+00
5.395216217904273748e+00
6.913365660203078633e+00
7.300738886457119214e+00
7.342325369258775325e+00
3.128279293471754929e+00
6.409659681133510034e+00
5.479680788989058193e+00
5.719420868101626532e+00
4.038229851633657219e+00
5.417944278406325864e+00
8.304121860172198666e+00
7.789630025420963833e+00
5.072505084681989018e+00
7.254165804146674112e+00
6.569712347653464235e+00
5.549794722617956033e+00
7.353533427805303724e+00
4.534552892499657872e+00
4.217201957930108769e+00
3.783551170593186797e+00
5.564180279777492188e+00
2.833281204040513312e+00
5.915921727319959800e+00
5.104920037951751866e+00
6.597390937661191224e+00
6.223835059557315752e+00
6.110944284230622969e+00
6.821067648610664058e+00
6.208226300279274135e+00
7.132756659923431108e+00
7.108867655068710434e+00
6.205064690631304281e+00
6.200384234416318030e+00
5.930343305110819863e+00
4.972934965576531141e+00
6.047347969349738506e+00
4.787995010881114233e+00
5.592498973331453627e+00
3.350594544946666087e+00
6.822929252695422164e+00
2.741728487683830373e+00
4.415998927612570846e+00
6.894773770472757413e+00
4.308354157463684331e+00
6.392014043887509267e+00
5.665106111609533812e+00
5.502890098149270770e+00
4.422732569861625329e+00
5.520583843589750295e+00
3.477899699746520135e+00
4.428424441566265024e+00
6.345948529584269693e+00
2.920081044370847589e+00
6.366110321820206863e+00
4.902815408140490661e+00
6.214745640311769570e+00
2.230268202610860229e+00
5.831884247535218613e+00
3.622392323225789745e+00
6.889822303203035680e+00
2.194285843805567904e+00
6.231485373109515002e+00
3.327582145243257017e+00
5.844006071450850825e+00
4.335650584304994837e+00
5.009479609795651989e+00
4.412060083001336785e+00
6.079872435182162249e+00
5.063448302027798498e+00
8.992502874665257551e+00
6.793240545340136549e+00
4.630141670313070001e+00
4.689693751746675687e+00
4.159342635181869419e+00
4.958573516819592797e+00
5.272852191020644952e+00
6.340145960078148235e+00
5.077338429432665556e+00
5.614905898551232788e+00
3.581141046038229803e+00
5.918731098934368440e+00
5.012792984364497606e+00
6.261566509553314397e+00
4.020542003060979752e+00
3.519874998972568836e+00
5.030706237587775576e+00
4.668316800976223035e+00
3.440631603743412370e+00
7.683855907799397755e+00
5.039886695047691489e+00
4.164925803031814588e+00
4.516341371686482198e+00
6.423744185983885302e+00
6.529839245796853930e+00
6.974802185805535792e+00
5.475013327671245378e+00
6.829693426123246702e+00
6.388941877779040546e+00
4.665061275361797932e+00
5.097844322379096127e+00
3.619337290707039578e+00
4.317705562916224871e+00
6.147721953621196889e+00
3.007202262302742124e+00
7.443339295293609936e+00
5.977882150918725657e+00
5.498484782921000402e+00
6.857154523522666523e+00
3.418809710483389441e+00
5.778614193878612859e+00
7.514920438083943388e+00
4.904186848627737128e+00
4.530488476717567714e+00
5.180598488517881961e+00
7.713121654952058037e+00
3.434746576157403197e+00
3.256022575452869994e+00
7.605525383913554371e+00
5.204041510916952440e+00
7.004867009967743918e+00
5.539535484850724778e+00
6.335255007252810877e+00
5.973632351835898469e+00
5.683291588843222719e+00
4.715554546979313422e+00
5.540748151347077766e+00
5.296149384573670460e+00
4.899187210440183016e+00
6.180175704714256923e+00
7.125713772319429928e+00
3.442156629953816882e+00
6.264778633360668536e+00
5.107422713455860297e+00
4.376713429903730024e+00
5.456268050382985457e+00
3.251188898250984671e+00
3.971090165926275173e+00
4.913317604017665374e+00
7.964880083343995665e+00
3.625259297466777220e+00
3.368940177663562796e+00
5.619303775627835229e+00
5.835017211641696733e+00
1.608019893337713224e+00
3.050746164245543124e+00
6.152254611472846690e+00
3.321647793924690450e+00
4.926069196157223828e+00
6.173260007991415499e+00
3.316856410756336970e+00
3.963498725139416479e+00
4.523835023773383313e+00
7.185221666161224263e+00
8.428298727100084875e+00
6.205697617316401349e+00
2.734824121739734437e+00
4.635048583177144188e+00
4.933941166410227730e+00
4.385392095335417295e+00
7.573223644697891999e+00
5.552192536464544581e+00
5.319890583982835430e+00
5.696054310633553719e+00
6.920658171417470861e+00
4.444744005379016372e+00
4.550162324331900265e+00
4.929203167403860775e+00
7.818257054904807823e+00
7.587769483680259164e+00
6.745207567791388747e+00
3.940348132552077054e+00
6.014243266668974464e+00
4.017525546229901323e+00
4.795166584162189771e+00
5.910325651385382351e+00
3.791964429339511611e+00
5.556552395869334582e+00
4.668002110390286674e+00
4.207922735125002589e+00
4.249642891465784444e+00
4.834560102615594879e+00
5.445273041645099177e+00
5.518015555087846913e+00
4.942501731424860267e+00
6.132232550891933087e+00
4.291211724110504555e+00
6.628594027401760513e+00
4.751184573815572243e+00
7.433424126243461494e+00
5.180956745945182185e+00
6.109951720820745891e+00
6.310889313534027600e+00
5.966000833323010788e+00
7.905105209256601206e+00
4.349627981160405277e+00
5.561613773549582085e+00
5.966122128985229089e+00
7.697760638384743892e+00
5.075628399830664605e+00
5.593936595789891442e+00
4.996134008659223191e+00
3.706749981161932883e+00
9.175728970768242121e+00
5.877518931217628584e+00
5.158775344388785378e+00
6.699540461757860221e+00
6.428519648123111274e+00
4.494073864965907994e+00
5.130175036491634977e+00
4.224951404422538914e+00
6.505047004091880858e+00
6.639964763555153304e+00
9.174338479571872540e+00
4.601782445756269269e+00
4.885007026140743669e+00
6.134999115877907805e+00
5.930651278738170440e+00
4.119496977685988881e+00
3.740201632122750475e+00
5.704587640091229872e+00
8.498522291849907262e+00
6.345597331809755381e+00
6.075046016572635210e+00
5.643023571809663963e+00
5.231994787251539769e+00
6.414946519593973662e+00
4.237892863769309848e+00
5.540597542750386850e+00
8.427073883402847798e+00
5.017167166154727020e+00
4.421257028235031861e+00
5.018720071542782435e+00
3.327608311332282298e+00
4.885648586723962516e+00
4.203649347674482506e+00
7.418576304539166166e+00
4.152384112105990788e+00
5.757299759304689957e+00
3.359916985707828818e+00
4.427497216337470398e+00
5.847651946983090987e+00
9.049393755333230871e+00
4.539639138202377744e+00
5.725670515064974708e+00
7.528402932507537670e+00
6.329692111782342145e+00
3.897914747852750939e+00
3.763944721091456280e+00
3.530524288965547264e+00
6.859291358247250336e+00
6.163489276316056475e+00
5.977459575452004792e+00
5.742316881613266588e+00
5.360289082641358505e+00
5.495857222177489732e+00
6.046068926442857538e+00
5.799373477794109277e+00
2.847810497265572227e+00
6.630602189212136288e+00
4.971091927697507629e+00
5.022502681379321210e+00
7.333673379705158091e+00
6.499679411122274431e+00
7.242601242750430046e+00
5.411330671757426991e+00
5.614815622505257231e+00
5.678455377331734333e+00
4.667666630930988880e+00
3.040063265770274192e+00
4.359097288921426561e+00
7.351323115142688991e+00
7.361349125128983317e+00
6.635432591415848513e+00
4.451266712231135791e+00
6.654083388325963355e+00
6.174457076169733938e+00
7.103984011956486100e+00
5.166929000631141022e+00
8.189283213369526138e+00
4.229052522373690337e+00
4.213318627829910845e+00
5.614101668752229379e+00
5.339016412721719007e+00
5.945718319696250198e+00
7.085681672387711849e+00
6.011486767459629732e+00
2.663171353114315743e+00
5.675216599013505281e+00
6.054408029251780121e+00
4.417610799330161875e+00
4.854013859656528318e+00
6.210438623035605232e+00
4.808909503221844517e+00
6.628561944232734149e+00
6.417529631691467173e+00
4.976471355034488120e+00
7.178881875514460553e+00
4.436125011664235451e+00
6.615646017541810586e+00
2.281065464725757774e+00
7.437753719082282444e+00
5.978091842704414738e+00
4.604815645497128074e+00
5.315333451290068290e+00
7.692900162801434405e+00
4.897022676291276078e+00
5.742892252023680477e+00
6.119994769011851687e+00
8.263450861907397638e+00
8.782678090900001067e+00
4.580856606277029286e+00
2.344090724036096418e+00
6.005886348715088197e+00
6.320767843997812108e+00
6.538939215959951312e+00
6.919328387293006699e+00
6.226004248519239503e+00
7.393469033356833364e+00
3.868009643939415820e+00
5.200380401622904714e+00
5.590797998619365217e+00
3.228792748767311593e+00
4.960226807035224894e+00
5.115479640293439267e+00
6.346520212843704378e+00
6.743149160041792989e+00
4.240854502883417254e+00
6.255946404215174006e+00
3.842459766945897748e+00
6.593946376725809522e+00
6.507770186036024640e+00
4.720869708992348812e+00
4.220431040450454141e+00
5.920275259075808982e+00
6.359794050829943757e+00
6.041370999780979467e+00
5.434741212324309956e+00
4.520951036248956001e+00
5.638365564104820038e+00
3.791115393806833822e+00
7.209821641657890190e+00
5.568108644682983055e+00
7.060052555275630581e+00
4.778837344871740278e+00
4.426249442416130719e+00
5.211741508135002476e+00
7.171239265409028008e+00
6.248918398640848970e+00
4.614140949484357712e+00
5.270730429184184551e+00
4.928148083350933462e+00
4.711973733726874336e+00
4.845458188866871296e+00
4.043579058195406084e+00
4.662556055716846615e+00
3.916196455164189238e+00
3.881824523765465607e+00
1.939714810018787539e+00
5.277800802309165817e+00
5.644188225651344482e+00
7.806411706658487937e+00
5.558584424489528608e+00
4.996469750564777712e+00
6.136818549549606594e+00
5.361356107466335175e+00
4.126861703273498883e+00
4.922700242684427963e+00
7.360306836273893261e+00
5.555685461572664963e+00
3.872228976152341851e+00
6.522712726476150635e+00
5.999461935927336675e+00
2.655275787329766324e+00
1.001173203929005240e+01
6.497792052188278156e+00
5.032623817049102222e+00
6.764668599933188808e+00
5.747256924215642826e+00
5.582691246352704084e+00
2.191698892254052566e+00
5.193524233375644172e+00
7.573889102111065696e+00
4.110899360960097226e+00
4.469588793242791347e+00
4.997945880187449674e+00
5.557279791950000103e+00
3.420053311661472417e+00
6.056732136082002782e+00
4.262779375855551223e+00
6.583369892864030959e+00
5.706963373304482445e+00
5.916722641478978417e+00
5.387915817769536098e+00
4.323835801922214728e+00
5.867159176937690290e+00
6.901421938287153779e+00
6.526664042788735465e+00
7.759734016569561632e+00
2.708029041468810849e+00
6.633243998429618316e+00
7.894646362788572347e+00
3.593313994475820117e+00
5.790829917302019680e+00
6.935334257499697230e+00
4.492285900945987898e+00
5.998308475690388164e+00
5.663221879002611203e+00
7.987775891296605479e+00
4.457001430953828169e+00
7.182566615194461157e+00
3.467087336359090166e+00
6.999302148029448389e+00
3.449075031361285237e+00
5.587691850055699128e+00
5.875611702985009011e+00
6.143504487201340680e+00
6.330040763218018007e+00
5.783879965973724779e+00
7.258674883250488818e+00
5.193627712371361227e+00
6.293562720974395397e+00
7.507278726519264644e+00
3.565697423088503459e+00
3.744879044736980411e+00
5.581844912697469852e+00
5.280903394831273800e+00
4.618994740989463388e+00
4.665827042491711651e+00
5.478243289533707205e+00
5.648519063907645688e+00
4.745312077899453307e+00
5.782274077997143991e+00
2.647675246812597472e+00
5.409540553425676634e+00
6.716065294991371282e+00
6.828875909589591231e+00
5.571096892820350810e+00
2.164869483861535215e+00
4.500001607311972407e+00
8.735347083680512270e+00
3.928962296654463948e+00
6.080365407067430894e+00
3.137484264757564478e+00
3.676528502795496145e+00
3.054748154420151351e+00
5.064097178973343993e+00
7.434181615053343961e+00
5.801510594815416866e+00
5.072352849122631291e+00
6.321396671984127025e+00
5.021798895395426676e+00
7.674281994500572246e+00
5.083123464670903147e+00
6.347780794981501273e+00
5.873768031824353031e+00
6.404615630406279791e+00
7.016036512620564380e+00
4.807865334631443943e+00
4.714020629126775219e+00
6.488353847080470693e+00
5.856171649863933126e+00
6.170248356056823091e+00
5.409165375219097349e+00
4.389485077579721839e+00
7.160844282355264490e+00
4.692720273796422426e+00
5.818102026217093936e+00
5.134208333817646519e+00
5.800675314480659317e+00
5.078330842074675111e+00
7.163006220164923832e+00
5.347604647171073644e+00
4.819154682491380015e+00
3.461744863931002225e+00
7.139730318403042730e+00
4.808252485812393395e+00
5.832822527271728674e+00
5.458491206322232614e+00
3.827596386863224787e+00
8.785983515910409380e+00
7.152147554169825838e+00
4.139759839256075047e+00
5.702958598326104855e+00
8.101585393007038505e+00
4.321560314038707773e+00
5.540263966613294677e+00
3.760595108729833935e+00
4.790718098068438735e+00
6.889214275629146123e+00
6.080657583827315804e+00
6.395280162700662352e+00
5.819973819648333269e+00
5.963249522837163141e+00
