3.770295092199547504e+00
5.099868856555084484e+00
4.060801741316433677e+00
4.260991329412496142e+00
3.628572361066052743e+00
4.186013548202843992e+00
4.188203054577128270e+00
4.597426201999196493e+00
3.391491565541180808e+00
4.281732176322529781e+00
3.875549311807487740e+00
4.197910119984347155e+00
4.275597995507711246e+00
3.335252837976596219e+00
4.036104237478955525e+00
4.295301901622245566e+00
4.645184212193068873e+00
4.456435128343291474e+00
4.642030628925978064e+00
4.634517680183064314e+00
3.913066129574420682e+00
3.849840335259906432e+00
4.389879218297789265e+00
4.482805617842332779e+00
3.775179461010273130e+00
4.748428440623708724e+00
3.620620391833496043e+00
4.292490644419633128e+00
3.995224654339173398e+00
4.306714870471084033e+00
3.920762556392628717e+00
4.512930712010418510e+00
4.009507337821614392e+00
3.482186294619087352e+00
4.420688886319411814e+00
3.817311862047108040e+00
4.533636708237578361e+00
3.703002453280720196e+00
3.925343378080774936e+00
5.264100641327130070e+00
3.590123164116362009e+00
4.240005185190119263e+00
3.986483798551244462e+00
3.600941734027188090e+00
4.201485124428918638e+00
4.043420049915002146e+00
4.032544942861042259e+00
3.768901648861504583e+00
3.818153753851702970e+00
3.742965850021825247e+00
4.105340355772357341e+00
4.228710219821524063e+00
4.425111949428274016e+00
4.168369817653185372e+00
4.706692738242086449e+00
4.107200702607452847e+00
4.064645692219788664e+00
4.184474489112690598e+00
4.397800180664725112e+00
3.902539127069178715e+00
4.496343357873539226e+00
4.165589812393346136e+00
3.378692320589198328e+00
3.333976980296821768e+00
4.511226574933957956e+00
4.460632452814119020e+00
4.732736964338283947e+00
4.137733758673707740e+00
3.855550419125979733e+00
4.408714963911540607e+00
4.696261145560746364e+00
3.916972665075043825e+00
3.745162806790001575e+00
4.989182864540665285e+00
4.595644826302745400e+00
4.273052594124687964e+00
3.516049157809558068e+00
4.138242700611880487e+00
3.590242339395980586e+00
3.931095654562206665e+00
4.294395403947636858e+00
3.809421331811993827e+00
5.094457562950092111e+00
4.065662978594931865e+00
4.003938163572891895e+00
4.483637455043829156e+00
3.619063274576180600e+00
4.511930484716259571e+00
3.930918372500045610e+00
4.107279265296187809e+00
3.670669988577482723e+00
4.073335726574832449e+00
4.753356948719693165e+00
3.953654538907542371e+00
4.461627845676038540e+00
3.879957640792813578e+00
4.431815692790673999e+00
4.174486580586446394e+00
4.470855304267014496e+00
3.881172688265084325e+00
3.579971923899215813e+00
3.777593419508815664e+00
4.062012299816286642e+00
4.395489445569721987e+00
4.009998467287705814e+00
4.084317108971283083e+00
4.149272643025858187e+00
3.549968438511671209e+00
3.422820507000270407e+00
3.796043914241681527e+00
4.786891527987002348e+00
3.973064027269912035e+00
4.064627665553138591e+00
3.324553759296099198e+00
4.319396603908280952e+00
3.888516494520072087e+00
3.997451890170157007e+00
4.631101517141244628e+00
3.605126906186351121e+00
4.557616072434698573e+00
4.304033238225046354e+00
4.238673776467107857e+00
3.930412476012054679e+00
4.227228405853198367e+00
3.787968247313980630e+00
3.745966216181391140e+00
4.619505700514894286e+00
4.009322048273704198e+00
5.259276899057333310e+00
3.667089982942664861e+00
3.232272032739260670e+00
4.376959706963011065e+00
3.866077568552091837e+00
3.823289542315515543e+00
4.752351462719241582e+00
4.340759745103259348e+00
4.415497813150564888e+00
4.057084438274466187e+00
4.239258832609110073e+00
4.099700728410856421e+00
3.651548140999701264e+00
4.100863576782304065e+00
3.564549416660035774e+00
3.657126314162689962e+00
4.618634946694967880e+00
5.489807958802460419e+00
3.887069584054837712e+00
3.770640524963627005e+00
4.509233521905819941e+00
4.599506938999711636e+00
4.248851796434644612e+00
4.297541624630871304e+00
4.361053736567235717e+00
3.695858324606882572e+00
4.423016159454382645e+00
4.559996049658640693e+00
3.671116320656464982e+00
4.941691167267284968e+00
3.125377276709136787e+00
4.334930013503321078e+00
4.317428543599030277e+00
4.209276202025193925e+00
4.281405200076279449e+00
5.180631203762418480e+00
3.978500057688867830e+00
3.340864943053838410e+00
4.155211866190207992e+00
4.575678415673769095e+00
4.655312821335733098e+00
4.265705511914526404e+00
4.112025908141410113e+00
4.421164502552039188e+00
4.372014701990489804e+00
4.292176335366916895e+00
3.539260944607617088e+00
4.307158298441665423e+00
4.069060192670521658e+00
4.528097087172635149e+00
4.644650936149360199e+00
4.645205272547276998e+00
4.039901832338609111e+00
4.092583159899611189e+00
4.061250036342423542e+00
3.919161279262074693e+00
4.480466844813773442e+00
4.124462137538876583e+00
3.920061184063925896e+00
4.066058319690322165e+00
4.692453371718846356e+00
3.981316244975171337e+00
4.694260055730016035e+00
4.479582601388822027e+00
4.261382664574662194e+00
3.612580036826289920e+00
3.576881190230678964e+00
4.428797594205375887e+00
4.152155998758104261e+00
4.299962729037673625e+00
4.072946678611490512e+00
5.147756645764403949e+00
4.837567610500893345e+00
3.826546689742283736e+00
3.783219196378574178e+00
3.970298356338478385e+00
3.381018254877588447e+00
3.733932878170471703e+00
4.453812283361835433e+00
4.773000315396342508e+00
4.112682196336505669e+00
5.006094474945863126e+00
4.658626338907701836e+00
3.165620065277941819e+00
4.235921792664143481e+00
5.200716448382417312e+00
3.196935224358116834e+00
4.640504314067049663e+00
3.375066091742012997e+00
4.162728800766212878e+00
3.660184964531103979e+00
4.204230229159176879e+00
4.248239137372585184e+00
4.338879508870626012e+00
3.888605830501612459e+00
3.869405177296573850e+00
4.365166325786466572e+00
4.144063897728907264e+00
4.676282667610706767e+00
4.528016325793084995e+00
3.352079787121279963e+00
4.477875265219526391e+00
4.408095763117795940e+00
4.744902502611274997e+00
3.937840384973661401e+00
3.832793793899148316e+00
4.000688079070703118e+00
3.358543878455769960e+00
4.196306886590249086e+00
4.701290499067778406e+00
4.247615686140990832e+00
4.007014379943191429e+00
4.843771289369922073e+00
4.054275223986268273e+00
4.062716543846864425e+00
4.054379729344734784e+00
3.751851561313551908e+00
4.802225698615146143e+00
3.845160884266219270e+00
3.589778365996803000e+00
4.343515877568927763e+00
3.802215885052570687e+00
4.464934397423028223e+00
4.688779495585079893e+00
4.181860456817798166e+00
3.595694635860743116e+00
4.246159282636178034e+00
3.714875792389238818e+00
4.599420502342195682e+00
3.991262736173906589e+00
4.590904445825546354e+00
5.226363830175455583e+00
3.715622415169494985e+00
5.319813588865925702e+00
4.717025052980392985e+00
2.956443924164623205e+00
4.590785048825368975e+00
4.982681481940089974e+00
4.257889062548878556e+00
4.388719879803193891e+00
4.491247415040549917e+00
4.183942852915298438e+00
5.063463176537157828e+00
5.047243831560585647e+00
3.967952574839510138e+00
4.532674525507361274e+00
4.633457652134221227e+00
5.064918463334719512e+00
4.253908273632868386e+00
4.296424930314760360e+00
3.583014887602048226e+00
4.619724723378014986e+00
4.626269496919685587e+00
4.443624050549991544e+00
4.558742884894171787e+00
5.149418080806443143e+00
4.212401885658317191e+00
3.736630950305478205e+00
3.784614597720729723e+00
4.257077780159390201e+00
4.453338122563024193e+00
4.769205607150918347e+00
4.976634024200153661e+00
4.184403070812058978e+00
4.638373103503147021e+00
3.898926624481755088e+00
3.844122695462617312e+00
5.189483077644980291e+00
3.546025311335625485e+00
4.845466168108704785e+00
4.127243665093446090e+00
3.872310547703435191e+00
3.956819769119066965e+00
3.605926892852529875e+00
4.044837549922703168e+00
4.991106507805332271e+00
4.740533746132872928e+00
4.098646836491048440e+00
4.371575284825230945e+00
4.421276390866911932e+00
3.522625137437872755e+00
4.073258052893955039e+00
3.553740653232754898e+00
3.964773614326033258e+00
5.156875797305129794e+00
5.150535605218248492e+00
3.636343156417455980e+00
4.962892279941065077e+00
4.016570557845587253e+00
4.421201670747543666e+00
5.034616789643883372e+00
3.932345371411337442e+00
5.159234381416967885e+00
4.127099932923785630e+00
5.158068561084614423e+00
4.423693529740694075e+00
3.831715636671312097e+00
4.356741173085210583e+00
3.670235999413630434e+00
5.014805373737219796e+00
4.474257043267422240e+00
4.946451474028740414e+00
3.974470605760830111e+00
3.828974466716330571e+00
4.111530500914086339e+00
3.879079352930897340e+00
4.066819389367489990e+00
4.809498408443563910e+00
4.672045084608241972e+00
3.632024479737392397e+00
4.342524787836530287e+00
4.028089331692581432e+00
4.231482725050199178e+00
3.654289769518595854e+00
4.168547934393497911e+00
3.748321222258173879e+00
3.449786273327743569e+00
5.341689039359202695e+00
4.146846203733966618e+00
4.782068694843437662e+00
4.190231648380529528e+00
3.354378696198805354e+00
4.491257943670992070e+00
4.040833368046064855e+00
3.961710639832893399e+00
3.654546374645836426e+00
4.618903831639994628e+00
4.418494668888192756e+00
3.985902993343606759e+00
4.455932369144328220e+00
5.143420319264169649e+00
4.761193317750417542e+00
4.098925075960469400e+00
4.518746217313203140e+00
4.538339930593183524e+00
3.569197090873676537e+00
3.758595837189507627e+00
4.320724083044068742e+00
4.581225340265467239e+00
4.772938829675233308e+00
5.130651856825831025e+00
4.021295892856569409e+00
4.775333343009936726e+00
4.760737334568524659e+00
4.760622485223748868e+00
3.568375143400371652e+00
4.280943185481042690e+00
3.796721693167227851e+00
4.588339295706592935e+00
3.349791073117650342e+00
4.376805740576282133e+00
4.402737413671419020e+00
4.922758191971420061e+00
4.285183196946842799e+00
4.696023001712612555e+00
3.962506252606774915e+00
4.946931991478787261e+00
3.744585256519338490e+00
4.199672599684615371e+00
4.118699475660307918e+00
4.105677131558303827e+00
4.796699413083448604e+00
4.266176176653332597e+00
4.322215513008641707e+00
3.486673504088818376e+00
4.520120247929380497e+00
4.117511597445010274e+00
4.165357167549374573e+00
3.532026285345015726e+00
3.895995143752968293e+00
4.166517458528239182e+00
4.565833778449774449e+00
4.315772677536153346e+00
4.268740374725677356e+00
4.022560791152494097e+00
4.068023293363551396e+00
4.441241810963598269e+00
4.473063734194842489e+00
4.237692826558174808e+00
4.030094695350631362e+00
3.708375097110649499e+00
4.671955258401134792e+00
4.413269798066915328e+00
4.604170491897867201e+00
4.544525740613893916e+00
3.239168642787357832e+00
4.360164954157887962e+00
4.588475548982369645e+00
5.068923614041965564e+00
4.013054171844179230e+00
4.307565130769368977e+00
4.179826884355776428e+00
3.561759675141286330e+00
3.687642795651806527e+00
4.357732328541635169e+00
4.310900640812783458e+00
3.673298126920757856e+00
4.227142987886938208e+00
4.405592753206545531e+00
4.390493089800934889e+00
4.433779736514615877e+00
3.319507731015361784e+00
4.257983490944007521e+00
3.536683475521651410e+00
4.127298587396873941e+00
4.060943824676367164e+00
4.501464713251287719e+00
4.623526607673240640e+00
5.257122492245420275e+00
4.239829931766865734e+00
3.330148028016967743e+00
4.044391213892684966e+00
4.169987097092600514e+00
3.123804991160321176e+00
5.095561685426016396e+00
3.807719654682013122e+00
4.402832676557585145e+00
4.321838654401314095e+00
4.839985185760461661e+00
3.579293941933821444e+00
4.680532342711146931e+00
3.576081753699145160e+00
5.048746046305601531e+00
4.368153994017060171e+00
4.878190721749459335e+00
4.245326188985227844e+00
4.503668704636798914e+00
4.515944114807709298e+00
3.714382987104865919e+00
3.623335641963222997e+00
4.012812483391179796e+00
4.556251479989659181e+00
4.590203021864816435e+00
4.021321629974831779e+00
3.490949817546022071e+00
3.846366576967204853e+00
3.597096573018995880e+00
4.047205652062184633e+00
4.466456686916242091e+00
4.277428030390220570e+00
4.156421397988771638e+00
4.031846528634662974e+00
4.116075815003737759e+00
4.027272810716877594e+00
3.823772598746099760e+00
4.298610303187640369e+00
3.715150970016779741e+00
3.783038723687497384e+00
4.548584643479501644e+00
3.257724393106956828e+00
4.423968387724706908e+00
4.596987971552310093e+00
4.718160615647535749e+00
4.205709002275763275e+00
3.538383905719270306e+00
4.987407327312215699e+00
3.801837596364510574e+00
3.448826132692027091e+00
4.812536505532188258e+00
5.056885682789769909e+00
4.101567779773514388e+00
4.245689350441353760e+00
4.242976444486427745e+00
4.906766198752621655e+00
4.774264613381963507e+00
4.490338765401052257e+00
4.105278195494260984e+00
4.994798659698000520e+00
4.286610382747839232e+00
4.688523236920474346e+00
3.595554703314796097e+00
5.588805718982900572e+00
4.043194697090486400e+00
4.938542837987931478e+00
3.644371602536244481e+00
3.980803824442357808e+00
4.105284751848673253e+00
3.801262551340993223e+00
3.881362754393850700e+00
5.002369446566253153e+00
4.486368034194106791e+00
3.878124978313805205e+00
4.839422078554163953e+00
4.568736584136601664e+00
4.243039555581503031e+00
3.270658272466140382e+00
4.716118140606429421e+00
3.983808814051955860e+00
4.817553639554883027e+00
4.058536900243214340e+00
4.363607504431260331e+00
5.004713605974854040e+00
3.520571927212908570e+00
4.696285593337933051e+00
4.530420480439507180e+00
4.882241015975385068e+00
4.331804923487513115e+00
4.272707201847025793e+00
4.682851368487122024e+00
4.252740700413121466e+00
4.132971186406577679e+00
3.691324178127676880e+00
4.258658048225101744e+00
4.119351826876218148e+00
4.023624970356423525e+00
4.994678242908171306e+00
4.514223915588104319e+00
4.515121614236010217e+00
4.179886483842895295e+00
4.263515965928728946e+00
3.882477047062628639e+00
4.064517913539125615e+00
3.850685155260415549e+00
4.693365024443847844e+00
4.150374048255799586e+00
4.737531899320091888e+00
3.968788245801172732e+00
4.873781390866977148e+00
4.893203563347956475e+00
3.567936532489537793e+00
4.687964083426017226e+00
4.415783548357297583e+00
3.976941208430648800e+00
4.825170611071185611e+00
4.840323543482239366e+00
4.054183504443228614e+00
4.431674572632754661e+00
3.666443088852824328e+00
4.311926783036412303e+00
4.886827467620885379e+00
4.252318816190404860e+00
3.930391267898627028e+00
4.092579506783616594e+00
4.607383960593804062e+00
4.889785480590140843e+00
4.193650987201695379e+00
4.632992634368156004e+00
5.023375125324248458e+00
4.417916866736422143e+00
3.685806172609812581e+00
4.501151779574609435e+00
4.499411549376219455e+00
3.615349505323381951e+00
3.406840690617690459e+00
4.562232968673624711e+00
3.602484697839408057e+00
3.104500448582296457e+00
4.228123593364536248e+00
4.676802845224417027e+00
4.331679456114313709e+00
4.544553704312862763e+00
4.259295995204946728e+00
5.030526079530670991e+00
4.118796805782321435e+00
4.091234047849963140e+00
4.459129547403340332e+00
4.294175792683822657e+00
3.614599893431383215e+00
4.880765926432761859e+00
4.513166394636531464e+00
3.855642101922557963e+00
3.938320745288909741e+00
4.054770677020704817e+00
5.103450719696958515e+00
3.569489588842240657e+00
4.158549520651376064e+00
3.064464973923473501e+00
4.730661376771280402e+00
4.319369849464166577e+00
4.690355879193527144e+00
5.069343617190693152e+00
5.461872884387846128e+00
3.708708073656454385e+00
3.994560323217942965e+00
4.684846846404313148e+00
4.169506030748544312e+00
4.695530147699590096e+00
4.254959352528437933e+00
4.833912784528456186e+00
5.347582682349113270e+00
4.620955585286822931e+00
4.028916679222025898e+00
4.277639032407239306e+00
4.144829612661904861e+00
4.558804770776695214e+00
4.001371693876140334e+00
4.414906190833053579e+00
4.379970578157453609e+00
3.265244684445488765e+00
4.762425415457157918e+00
4.435751632415725787e+00
3.835329682947201668e+00
4.694803301723260880e+00
4.337525320159796749e+00
4.688777809003566333e+00
3.929095649506582077e+00
3.369724843398511638e+00
3.971213352248012640e+00
4.071732735430052763e+00
3.625125518296816729e+00
4.750714698469733932e+00
5.351974261335830541e+00
4.673202912290381761e+00
4.602370114193578665e+00
3.894004840396641409e+00
2.706657325355854127e+00
4.217306110132414965e+00
4.726741862184244525e+00
4.330853205453057519e+00
3.563943705051862310e+00
4.390892811856614841e+00
3.850013328925486533e+00
3.549779619009405973e+00
5.305523964805266779e+00
5.020388846239199232e+00
4.820666579455878065e+00
4.297529098995958030e+00
3.874039419774690352e+00
4.510812291755886605e+00
4.344987030976681375e+00
3.345697208756329477e+00
4.596423714114083126e+00
3.352355999845911150e+00
4.240548440560060861e+00
4.243447285612550246e+00
4.318432572243071199e+00
4.117258256385021298e+00
4.868495578295364723e+00
4.072496451485297264e+00
4.412591490785022330e+00
3.584578944872233830e+00
4.652565087006938604e+00
4.257092327033676682e+00
4.810593920945851032e+00
4.292300748219896711e+00
4.085289482070128209e+00
4.792793907393755326e+00
4.986756216492178595e+00
4.702573311217550511e+00
4.397134335650906500e+00
4.518428467079575128e+00
4.089585583134827118e+00
5.041296632896365537e+00
4.720481150290886774e+00
4.563571109711269003e+00
3.423964558039363837e+00
4.168773760259819383e+00
3.871925329983588071e+00
4.554855327608828830e+00
4.861927404913251927e+00
3.997762823605750082e+00
4.445675933815019576e+00
4.082434522640509655e+00
4.071246121306760557e+00
4.535912510612027937e+00
3.845172685803466717e+00
4.516347728173482956e+00
4.243110317323939285e+00
4.305749010730024473e+00
4.563684416791919496e+00
4.001836223733672426e+00
5.067703736203831966e+00
3.312183437228826577e+00
3.880275012578845217e+00
3.628301098384232315e+00
4.139511211171192251e+00
4.756055696491474194e+00
4.719572981643140430e+00
3.895241273770976953e+00
4.971586536774482035e+00
4.160369842130931417e+00
3.952217154524480858e+00
4.362398500107429022e+00
5.073855094113781661e+00
3.701158235258207529e+00
4.006608503622217654e+00
3.733185232211097215e+00
3.571203808837398075e+00
4.061736232243171152e+00
4.790085821527831023e+00
3.543784081878293524e+00
4.414987284930270484e+00
3.558697799628081526e+00
4.944798896439930758e+00
4.035075456895823365e+00
4.551970034988300995e+00
4.591351785850600997e+00
4.503579792780050717e+00
3.916962947045216747e+00
3.554303028581484281e+00
4.098733081845996828e+00
3.880189919723852299e+00
4.771176493391792839e+00
4.315470306325511096e+00
4.508400121807102146e+00
3.898295996964903587e+00
4.649153492748705929e+00
3.928502711524996194e+00
4.247581434906692266e+00
4.137147846059084699e+00
4.106971922742602032e+00
4.359466178346856680e+00
4.338293051960486757e+00
4.606320081822941503e+00
4.772171477269025353e+00
4.569501795420693568e+00
3.869934236627133650e+00
3.903605433096382082e+00
4.451512580457709589e+00
3.714876248278465187e+00
4.097840642749360107e+00
4.773270145583086155e+00
3.717588603998964292e+00
3.843637420399335980e+00
3.661155362239710165e+00
4.630091227163410039e+00
4.644814836504798983e+00
4.339292793384851521e+00
4.142503283537211978e+00
5.205412536249826694e+00
3.449364309205724233e+00
4.799530288915042853e+00
4.538832585859713831e+00
2.937117175492754306e+00
4.845968655595846108e+00
4.103199131210144124e+00
3.910565536555617783e+00
4.424794182052278479e+00
3.529198631012595122e+00
4.142090014717439317e+00
3.782232523225084631e+00
4.491358213255319143e+00
5.692947682951141175e+00
4.853571941416943147e+00
3.671405064875980617e+00
4.001277335801603385e+00
3.736665803003422326e+00
4.334491448970966943e+00
3.898081513937379228e+00
4.410233190377984336e+00
4.506662370809062956e+00
4.427381534243703065e+00
6.058188374852637281e+00
4.108340289347142793e+00
3.546685197433085523e+00
4.711050022972997020e+00
4.319467307347689022e+00
4.368775421646253321e+00
4.119386644221249227e+00
3.025211703801081065e+00
4.251524267011254743e+00
4.217451218004064195e+00
4.792757116632714087e+00
4.422694696285324412e+00
5.123782013841381655e+00
3.469107543290856022e+00
4.332242487533060071e+00
3.948800672187147587e+00
5.441222972699821803e+00
4.346967843572747903e+00
4.047466059790465920e+00
4.452224312670974626e+00
4.114485682235416775e+00
5.370968576735311473e+00
3.858136661953524449e+00
4.238964630847383397e+00
3.426519103765512941e+00
4.725017278361936413e+00
4.207087255273673776e+00
3.850665944878905567e+00
3.757756670243094455e+00
4.238353353122159106e+00
4.787432810382876269e+00
3.851836696946402405e+00
3.649881282377020142e+00
4.304648495514218354e+00
4.226006212846647792e+00
4.832534638768959390e+00
4.218013900887227940e+00
3.447933035782175359e+00
3.550390733352483785e+00
4.584352807009105746e+00
4.665409961076556478e+00
3.401578853715385709e+00
4.145300443578373795e+00
4.447905362809724927e+00
3.485119833817700741e+00
4.928548522086743766e+00
4.146566684790796486e+00
3.844419917352650096e+00
4.053783524741915834e+00
4.515904836797952626e+00
5.026209670992715317e+00
4.159269213583922209e+00
4.586213190567417719e+00
5.082079543669435928e+00
4.319811710039600072e+00
4.053896039031912757e+00
3.955412735939253910e+00
4.124987811535286042e+00
4.687955100718387058e+00
4.038657592839794752e+00
4.465241511441839783e+00
4.212611442814509388e+00
4.620507978869475174e+00
4.191734145177495208e+00
3.889546108936877467e+00
2.891769269465680914e+00
4.311447360798802642e+00
3.846369505401041611e+00
3.869019767214029404e+00
4.149601439229800626e+00
4.130815231420524647e+00
4.546324273519637416e+00
4.779360623605532155e+00
4.299300089697849714e+00
4.537179340802405036e+00
4.601899605011414707e+00
4.533461413056881995e+00
4.211990780216967600e+00
4.212576417499698245e+00
4.086444723534746082e+00
4.889252716032734369e+00
4.257886780161883600e+00
4.636094722653740341e+00
4.124874338729004997e+00
4.192882294047515224e+00
4.717679663151691294e+00
4.320523125134736908e+00
4.386958010269218278e+00
4.244539911816387345e+00
4.419923539939619062e+00
4.623325905365223143e+00
4.040510418040457630e+00
4.712615469706304516e+00
3.816928726099686475e+00
4.501707511312777577e+00
4.738102690640131343e+00
4.170040079670366495e+00
3.286932849875598084e+00
3.912817283218021913e+00
4.497937845402843138e+00
4.549566865557236994e+00
3.897929515056754557e+00
3.151826578158200221e+00
4.165978866377905376e+00
3.431381101285432500e+00
4.032221559989887183e+00
3.930848708189114138e+00
4.187328103563719317e+00
4.105331526146063226e+00
4.055481802091428278e+00
3.844487889806010195e+00
3.732473637866435823e+00
3.533636178648115855e+00
3.047140786455223349e+00
3.578389534478452649e+00
5.258116857632018970e+00
4.600865838450094003e+00
4.119769495797580561e+00
3.659425444970902497e+00
5.179914422808912455e+00
5.446784153815323215e+00
4.816426331516233006e+00
3.298157782501749402e+00
3.766606710859498275e+00
4.285194016585383459e+00
4.646728090695955160e+00
4.584537600359126941e+00
4.127626386580566020e+00
4.730165998554423545e+00
4.302672616100641001e+00
4.618737172247843858e+00
4.113713648502020703e+00
4.183634909348032060e+00
4.992748151937376200e+00
3.461696083971468774e+00
4.463459866101740836e+00
4.444691271067373606e+00
4.675611045933768750e+00
4.432552990311463326e+00
4.104516528281285659e+00
4.279937241716094576e+00
4.026154957572533277e+00
4.348865662793876652e+00
3.819400419835075944e+00
3.848530666184902582e+00
4.677054799783727290e+00
4.037166843682537198e+00
3.700256360032604608e+00
4.478685665510637293e+00
5.240890249482491825e+00
4.437523769032837961e+00
4.457635253399323538e+00
4.102795595100532822e+00
3.794034711410705807e+00
3.920609212870142635e+00
4.871070904301105564e+00
4.001281719523885450e+00
4.025879493813760313e+00
3.805995312763710281e+00
4.168977872230392734e+00
4.530741831657465468e+00
4.735962547239523701e+00
4.133701270554134055e+00
4.254996538736201650e+00
4.387837598660281557e+00
3.828670726918042888e+00
4.287278487437617969e+00
3.998049272804637067e+00
4.063142184532758883e+00
4.508202779389208104e+00
3.840555617931571852e+00
4.147963595136136661e+00
3.922428455903328448e+00
3.843122528217027156e+00
3.834074512368557119e+00
3.933910036535881005e+00
4.384598671566074302e+00
5.516357071364761389e+00
4.876139268850792519e+00
4.581126367474817052e+00
4.071439569225699273e+00
4.519063402821047681e+00
3.883817106364361837e+00
5.285957969046538807e+00
3.755665833374324691e+00
5.148245199893176860e+00
3.940015539436365621e+00
5.231871170762283363e+00
3.697197125385916827e+00
4.345187495407591527e+00
4.310976944566060176e+00
3.986388872281735996e+00
4.578411470841225572e+00
4.431332925520024446e+00
4.826879795468772549e+00
4.291856498917018037e+00
4.499247589215208620e+00
4.477936150068761556e+00
4.123396486175558096e+00
4.556298328463120662e+00
4.932175108151229281e+00
3.896967382206214747e+00
3.563047259737946337e+00
4.251904808227312316e+00
4.508882356889307275e+00
5.183671957947633580e+00
4.376702160708294542e+00
3.404192631379634015e+00
4.207220328819537336e+00
4.597302839079433490e+00
4.225657291884529876e+00
4.679142967843143097e+00
3.922851207084421699e+00
4.130348372311328120e+00
5.056558621126760578e+00
4.481569884849459839e+00
3.707759674213475520e+00
4.366816528658039154e+00
4.794061458553655619e+00
4.096417015922473759e+00
4.370973213892682452e+00
4.547066619169463308e+00
4.083461078492670815e+00
4.376450010477474173e+00
4.424737804719384826e+00
4.460521745709525199e+00
5.344121924163078852e+00
4.683647412690457479e+00
4.593130408823784983e+00
5.012015201798420527e+00
