8.920918567801792154e-01
7.559677985972377279e-01
6.780614590481547355e-01
7.123003871449418156e-01
2.768429025835756452e+00
2.987989379920567234e+00
9.968065791212789017e-01
1.497665094039187350e+00
1.830110640743582540e+00
1.070736477407007392e+00
1.542969127167221899e+00
1.950696770233000921e+00
1.800538284337050321e+00
2.118854823605491600e+00
1.774875087150707076e+00
1.718526499713599387e+00
1.901559231037612596e+00
2.620297200673154858e+00
1.477765679929287534e+00
3.368011928921084142e+00
9.300504458679206277e-01
2.015349069842591323e+00
1.580205767056171107e+00
1.519897138961449512e+00
1.944685941087917591e+00
1.370374994597022500e+00
3.120498395493377930e-01
2.002458408592459271e+00
2.489763121504589449e+00
1.685966262623974643e+00
7.720420468369425526e-01
6.051974807654781907e-01
1.501768598689459555e+00
1.606782753748612569e+00
1.515613734059793272e+00
1.040882323048160973e+00
5.171443087837674923e-01
1.494471503867534912e+00
1.578204101575047646e+00
8.738748950803482130e-01
2.849079331201101795e+00
1.409890481837796861e+00
1.950009680235583076e+00
1.529197038643247186e+00
1.005577855767538331e+00
1.787971398828631875e+00
2.422931027848303220e-01
2.735053948133714830e+00
1.913247589678348071e+00
2.634200850008008743e+00
1.975075723105427672e+00
9.749721778938253980e-01
1.566131476358053165e+00
2.025811885969016846e+00
1.943866805419208310e+00
1.211632776627491470e+00
1.196141026292275367e+00
2.409160617515583969e+00
1.753387619845689249e+00
1.790865388504214062e+00
2.617377839476260792e+00
1.674905768528316630e+00
2.316818712671871339e+00
2.907010885374013309e+00
2.088030968228309803e+00
1.390716060223730510e+00
2.554328691298105802e+00
1.875646453661859780e+00
1.579206027615840835e+00
1.787799605083703280e+00
1.059346150869858949e+00
2.775318142428933488e+00
1.780640593081058265e+00
1.381537730972820288e+00
1.839352558494123047e+00
1.694696548629560429e+00
1.228731727472821333e+00
1.689057870134251793e+00
1.901456827842520791e+00
1.123907620890262971e+00
2.320246718238021533e+00
1.447752302722118189e+00
9.558227764283453443e-01
9.798538599655880477e-01
1.096744631121073343e+00
1.138318356834316925e+00
2.109658715317954680e+00
2.286258184364127199e+00
2.469464608380095072e+00
2.376048857367335732e+00
1.278601872915941184e+00
1.791038716809636444e+00
1.643690420197222446e+00
1.554968981882254964e+00
2.590393695223240922e+00
1.824054215709968396e+00
4.292313194220739980e+00
9.814229469197163214e-01
3.018186201965640247e+00
1.399874190532599982e+00
2.269938213841195207e+00
2.112943276184177765e+00
1.487048065185772705e+00
2.250817325410821468e+00
1.165283417784114262e+00
4.197719278086246564e-01
2.783052516016363498e+00
2.166202399521361066e+00
2.243947647834263037e+00
1.720468879260984796e+00
1.153966357891984096e+00
6.628949230233909251e-01
6.681804977928458289e-01
1.845828616190865468e+00
1.553714607830234185e+00
1.483354862589282730e+00
1.171632692394587894e+00
2.386410581090343097e+00
2.371980096988523634e+00
1.393978852420569847e+00
1.666551838790914841e+00
2.260450629028569303e+00
1.927360243090799674e+00
8.665153895804533768e-01
2.601375478873928504e+00
1.548903856813135249e+00
1.819526092393667360e+00
1.813777384242954760e+00
7.997348124939979153e-01
2.337099667987360796e+00
2.156121970592091763e+00
1.426418546904435480e+00
2.560587728418354025e+00
2.229590252974372522e+00
1.928928066149375287e+00
3.034219553843174655e+00
1.833071270065357528e+00
3.139332001177828069e+00
1.836419628460660869e+00
1.595411687458384575e+00
1.653720155789257351e+00
2.197813151563043021e+00
1.298960665728604580e+00
2.262405937060710581e+00
1.580059463714889700e+00
1.886962952998601395e+00
1.306552110039703063e+00
1.221547308368281071e+00
1.311630300586130504e+00
1.635165896694222631e+00
2.218134853141283003e+00
1.874915847796498891e+00
2.704422834924189889e+00
1.127570361569566471e+00
1.143032738759910405e+00
2.581622100298929467e+00
1.683348275347782641e+00
1.351944900112435288e+00
1.213995211805883212e+00
2.793157420931062340e+00
2.337176008362583879e+00
1.504173675022420831e+00
1.381756279775040896e+00
2.003286104452330907e+00
1.447630120188703184e+00
1.662492321733132439e+00
5.834452029681973517e-01
1.093882650029735837e+00
1.198413503389140544e+00
1.297254985286759199e+00
1.523566050957079643e+00
1.392627405833593235e+00
2.355432914725299032e+00
2.209936882567392402e+00
1.924849266888097210e+00
1.525864692292401958e+00
1.543869741098857329e+00
1.321304790433118104e+00
1.163050771565956820e+00
1.526140567313123197e+00
1.203186261326057771e+00
2.592265378421774624e+00
6.584831166285247672e-01
2.379535339527756310e+00
2.371819901200703740e+00
1.611882945650357613e+00
3.130425013506052068e+00
1.231144642800994671e+00
1.235614669821447187e+00
7.304621809520785991e-01
1.022367051372247815e+00
1.277156264518858997e+00
2.186980920131325945e+00
7.335908268725334080e-01
5.051829955053829257e-01
1.244525147171402057e+00
1.342871083507273022e+00
2.193126402887640936e+00
7.055430952501445807e-01
1.410735539573418240e+00
1.918145593579343444e+00
2.583636189543602413e+00
1.238319275077238046e+00
1.707324960703963779e+00
2.861393751834685251e+00
2.035531424150258228e+00
1.340334423381572604e+00
1.702548232795497274e+00
2.164950932253971061e+00
2.682796154122083276e+00
2.133429484446742297e+00
3.028649903675123767e+00
2.297477622989811064e+00
1.440202002033755591e+00
2.050165356107996661e+00
1.425067491689039567e+00
1.475036823369448413e+00
2.750993470940529040e+00
2.188841053687329008e-01
6.335199700691686031e-01
1.701613830225759294e+00
1.812241727878360908e+00
1.382726945449919365e+00
1.563559607694092080e+00
2.499542405457597649e+00
1.514715547264601447e+00
4.041757159605552374e-01
1.773978419687138652e+00
2.417858285060891177e+00
1.860401475022817497e+00
1.809007847003892167e+00
1.023684869974990752e+00
1.167032876020909216e+00
5.156865639917065369e-01
1.553634209208021755e+00
9.180810763689030152e-01
1.666027900564930775e+00
1.722782764513211440e+00
2.245450970937571622e+00
1.143454313917619203e+00
1.336199174207462148e+00
2.636290958953844576e+00
9.267496807550174021e-01
1.172436928464550610e+00
2.735334734101890319e+00
2.051149170294493729e+00
1.078919592060978205e+00
9.541073159229227496e-01
1.613418985123811211e+00
4.079593221206912368e+00
1.229559973287826624e+00
1.074031750507564942e+00
1.505095287605351162e+00
1.756280417218539114e+00
3.902786029156589453e+00
2.847541308753049449e+00
5.194992737305537123e-01
1.943013060161845607e+00
7.103023538279767957e-01
1.733228297156705011e+00
1.538424954101816677e+00
1.028567183687216113e+00
2.664082551749067940e-01
1.565961666518012052e+00
1.722185508710902146e+00
1.588695362313603088e+00
2.021868124666368782e+00
1.625741647650778443e+00
1.163146977267031090e+00
1.799247177395613129e+00
1.641749225356881725e+00
1.769688428447578010e+00
1.121508226085067061e+00
6.575438130679396309e-01
1.999660931451657575e+00
1.067480751101875125e+00
2.204008864142378510e+00
1.348172167515179209e+00
2.882782586411644310e+00
1.922117347905428542e+00
9.556881676851852747e-01
2.294410724910842969e+00
2.516979959567784420e+00
2.216276595744285594e+00
1.454794244179186569e+00
1.289861013002556289e+00
1.889598921327459102e+00
1.837899924001760610e+00
1.522342179876111423e+00
1.421939614128010954e+00
1.016371282140088095e+00
7.983649584681749012e-01
1.251109731210916509e+00
3.153890018533211936e+00
1.296431829720796403e+00
1.622326816871197952e+00
1.693621657735403296e+00
4.245840681590118404e-01
2.014817914666394927e+00
1.367428773919355578e+00
1.856297941723653588e+00
4.625835859644090720e-01
2.364008394516269984e+00
1.558210685425234665e+00
1.509132470587167374e+00
7.437475069396688454e-01
2.070202107874213659e+00
1.574948357074711369e+00
2.152238757655167589e+00
5.378607038857188272e-01
6.415379934929285044e-01
1.714855255494892150e+00
1.268309319433615245e+00
1.004630558035142673e+00
1.496825830761281173e+00
2.669853103128842164e+00
2.007515299023002520e+00
2.203634580415349653e+00
2.010719353330525205e+00
1.709721159907444943e-01
6.936898620457799813e-01
1.048105640007318318e+00
8.974483367460492911e-01
4.748827965485853397e-01
4.570587324936263851e-01
2.383582276421261081e+00
1.662706199756915915e+00
3.390955498142543600e+00
1.355435591361920045e+00
6.982133339249042558e-01
3.409769530760603740e+00
4.439296196875802125e-01
1.692071302392520238e+00
1.893454944479370239e+00
1.345996679839250421e+00
2.174803117019783016e+00
2.293267261716334993e+00
1.784484471474260481e+00
7.920882005322605890e-01
9.986484695884297880e-01
2.292627734346925905e+00
2.212215345731050942e+00
1.697014305760989439e+00
1.805424608516849938e+00
1.474461074956944895e+00
2.743824006353043465e+00
1.057069275895762939e+00
1.994005919875586397e+00
1.305879166262145619e+00
1.316061182793076823e+00
1.746029659042789062e+00
8.547230892813197922e-01
1.973927007206563999e+00
2.425751418006986793e+00
2.181996085202039914e+00
6.370796906520138636e-01
1.866461881882783169e+00
1.802574130346398240e+00
1.671108698399796255e+00
6.345628770191256152e-01
1.753511580373443568e+00
1.719629780299648525e+00
1.912653549315223689e+00
1.485909024508683896e+00
1.801451831497988820e+00
9.895904564574315998e-01
2.182914873424522284e+00
2.392806910621615213e+00
1.612685423259731632e+00
1.593426329186079071e+00
1.786348120108641746e+00
3.684073621436638746e-01
1.190486253795173921e+00
1.224997179038353812e+00
1.905611795723545665e+00
1.371503104335355161e+00
8.234029903050021915e-01
2.574595157688967184e+00
1.430260004930053341e+00
2.500736252390282743e+00
1.048774733989809471e+00
1.444790550722304223e+00
1.201143199152907348e+00
2.156068427595710713e+00
1.555439679648890516e+00
1.879341351565706253e+00
2.019329043483943931e+00
2.337411644555238865e+00
2.379807532873991605e+00
6.632125751127752045e-01
1.316170270056944647e+00
5.068183165379017696e-01
7.245841169009356042e-01
1.120261737328605900e+00
2.181188249864408402e+00
1.965697254503303126e+00
1.129350461781363890e+00
8.008391875146823047e-01
1.018646550340012391e+00
1.344699686506678482e+00
1.134769976336258646e+00
2.345442320631207167e+00
2.640689232370445172e+00
1.676376036230704747e+00
1.473626722399607791e+00
1.828591003477398225e+00
1.375732893997065220e+00
2.744496878306274645e+00
1.507291740040958450e+00
8.366466034085718873e-01
1.478190567425142987e+00
9.424828770126427724e-01
2.794082713212781677e+00
2.634038295891275361e+00
4.386513790764470788e-01
9.829817021176254777e-01
1.311279103771135768e+00
1.338855581683577434e+00
1.052811479147875318e+00
8.921824148038242086e-01
2.001585172365067500e+00
7.397924806995217484e-01
2.218764164785351767e+00
2.278318019763722724e+00
1.372354712261525833e+00
1.099154230792008802e+00
2.329205952702645632e+00
2.440946300406712233e+00
6.354873436517514129e-01
1.508547920989800728e+00
2.134520735424864757e+00
1.284192576523394136e+00
2.962043582414275456e+00
2.327353162331404768e+00
2.204788195591335764e+00
2.672938259877138290e+00
2.391577931999354867e+00
5.404426825524193401e-01
1.384493824271392670e+00
1.889142662641667414e+00
2.007471849773062811e+00
1.253332306944402896e+00
1.640686707596717753e+00
1.496806392875499547e+00
1.917107073689806374e+00
2.521620403721954506e+00
7.483866062332310554e-01
1.565265438648235419e+00
1.877229061751894745e+00
1.568601101165458589e+00
1.757795691089530710e+00
1.206027945130750512e+00
3.849839190925413157e-01
2.668917893799154228e+00
1.216249829777480196e+00
9.389431773900577261e-01
2.251090671195854487e+00
2.162144491729764972e+00
2.175383826560649769e+00
1.598543167324671277e+00
8.800324261218793742e-01
1.810807294496243669e+00
1.868328994272446808e+00
9.314273746989524261e-01
4.997899619891468248e-01
1.248112611729698784e+00
2.258350946175779583e+00
1.473468926517210065e+00
1.614005410325856760e+00
1.667493921235315701e+00
1.840707732760278104e+00
1.810385286381348546e+00
2.289005052523383377e+00
1.796908475531506122e+00
2.340490278681188308e+00
9.103226951843824688e-01
1.221980799000751849e+00
1.622291563005528792e+00
6.730394039692897401e-01
2.869987359023066897e+00
1.200997998320513016e+00
2.045572654239010024e+00
1.481645789252893142e+00
2.043654218366818931e+00
7.991823554051132872e-01
9.630602707899028614e-01
2.608297096546142946e+00
1.670139275071861051e-01
1.526099109744537330e+00
1.510487029740081422e+00
1.814503284395260652e+00
1.775680600656474262e+00
8.413260588022628550e-01
1.037307227252836306e+00
1.089302742279068426e+00
1.863564741944604863e+00
2.617934359131318001e+00
9.026187039242513643e-01
2.315606095694965061e-01
1.757447955509831905e+00
1.549415569333416398e+00
1.730236247790107207e+00
1.102026056864791492e+00
2.051518488182015432e+00
2.126353921660585566e+00
9.401781464697041013e-01
1.106751064735199019e+00
1.509396713724895589e+00
1.107426586793569978e+00
1.316355216274265549e+00
9.290799688748466734e-01
6.026657724844287634e-01
2.339538259212073257e+00
1.704118152344630044e+00
1.280996433690174463e+00
1.504264695403455754e+00
2.851987768337136853e+00
3.032968334546950917e+00
1.157835111345704382e+00
2.608823481592208449e-01
2.059394606091816460e+00
1.265987461572906980e+00
2.326449868941368848e+00
2.683990632310801594e+00
6.856572274804436651e-01
1.690450934636424041e+00
1.125044987290122034e+00
1.663053009877499600e+00
1.368679002045690707e+00
1.394621994279621635e+00
1.399301037720012575e+00
1.799171177254503817e+00
9.999843368650932485e-01
2.797784071850364818e+00
1.471366016112269248e+00
2.152818404493577198e+00
1.904844613242619999e+00
2.477663111174589261e+00
2.494332007616054447e+00
2.552006862016487077e+00
1.030380336283600817e+00
4.941523561694417532e-01
1.646601944238319737e+00
2.718540137939031709e+00
1.070138915565015614e+00
2.305143751113073680e+00
1.407356190601388946e+00
1.110358897494315711e+00
1.502279853772356510e+00
2.462223642422491476e+00
1.786888482515061050e+00
2.509362437376782218e+00
9.412889868518959924e-01
1.483630066768272249e+00
1.663531110355802145e+00
1.800729090060518622e+00
7.899320927608720622e-01
1.123776652031993839e+00
3.009653631522859474e+00
8.974892043788337270e-01
1.476346255470997848e+00
1.660016447136000162e+00
1.810152099694350314e+00
6.155976601827243266e-01
1.076135706504848244e+00
1.232012707797085715e+00
3.351844690698528861e+00
6.564246289535903278e-01
2.382787820614781005e+00
1.608705885056613383e+00
1.840497581781487924e+00
1.239775179805553185e+00
1.925077102128487150e+00
2.240807373852001128e+00
1.992246903265962432e+00
1.625460675162858193e+00
1.913461138502466241e+00
8.076829770339643000e-01
1.339638784179704611e+00
2.050438226309627243e+00
1.724922231386459615e+00
1.769583158126598166e+00
6.716569199445369120e-01
2.392226227681720552e+00
2.948969646488847740e+00
1.187456707704918069e+00
8.148218538221023710e-01
1.037385908602664442e+00
2.119401868215188056e+00
8.427876939854153093e-01
1.693655035271074860e+00
2.112969546069783267e+00
9.316213963721564628e-01
1.923320157181340306e+00
1.910391791254178129e+00
2.432398523184347461e+00
9.162415809820136925e-01
1.667668878668088439e+00
2.243599603337417037e+00
7.700698619110732945e-01
1.547968105145841156e+00
2.031403015312183591e+00
1.570619655479110310e+00
1.397448521661116105e+00
2.667187256513902760e+00
2.050363446384885879e+00
1.542087508359470283e+00
2.226767581263492168e+00
1.759056274123153907e+00
1.243244045605749859e+00
5.544412998579744123e-01
1.847759058712545199e+00
1.613044186063802954e+00
1.992300364476646823e+00
3.369986983241364253e+00
1.989538333658695812e+00
2.071002921042535139e+00
2.055331908052570711e+00
1.205071247907461007e+00
1.623846943762255579e+00
9.606612290229751272e-01
4.251560261697499565e-01
1.165892085097010256e+00
1.414611887290647463e+00
1.807975487705740791e+00
2.134366690726297477e+00
1.018640010856920686e+00
2.544396541412849544e+00
1.978010989194922242e+00
2.354099447514650834e+00
1.166023985726077017e+00
1.625092689161751647e+00
3.072731564540346128e+00
1.713502486226243571e+00
1.658737262399916590e+00
1.514089309457517185e+00
2.517544074986222125e+00
1.801135656589341494e+00
2.054765862865538306e+00
1.962333632216593626e+00
1.769653581612979254e+00
1.409560076388419736e+00
1.516530133316149165e+00
2.040474837390244822e+00
2.736731929265325824e+00
2.313380463434582257e+00
1.467707655238561282e+00
4.774662657786656883e-01
2.571081365764896987e+00
1.488914287120456814e+00
1.188908898894790678e+00
3.287188113623321417e+00
2.350469455412742992e+00
2.358997744546375230e+00
1.323426088666622924e+00
2.072463352685746774e+00
5.485925257697664703e-01
1.302656586409003392e+00
2.207882613356549228e+00
1.251843719955005874e+00
3.772740979197247047e+00
2.376206032733632956e+00
2.008117296802756968e+00
9.701166348912156900e-01
1.190460099695421325e+00
1.651983495822931802e+00
1.299895681564547656e-01
2.161648981246644396e+00
1.888662332321861870e+00
2.114664162134920922e+00
1.537778551328929044e+00
1.301474633222403421e+00
1.046780835668952303e+00
2.126007672949861593e+00
1.065110339091238922e-01
2.398449379694073791e+00
1.891823526218400664e+00
1.691509151434682945e+00
4.154627510587049488e-01
1.863666191188670496e+00
2.139355302256862768e+00
2.420027757883925990e+00
1.373490169425671592e+00
2.358639122472423466e+00
1.829108659801197190e+00
1.951268962424299369e+00
1.988817615906259828e+00
1.677202339172014778e+00
5.994247193334154566e-01
1.262616690818250120e+00
1.594469983791634293e+00
2.653431963481797329e+00
1.416189910116545159e+00
2.221792420715533289e+00
1.103620227137261933e+00
2.333080607176239329e+00
1.393946717445358585e+00
9.793516334137912782e-01
2.217097112291883221e+00
8.262845823030126047e-01
1.806640553302264918e+00
1.066137231937404284e+00
1.671037088358224398e+00
2.342835204371191526e+00
1.528448910457915533e+00
3.090768664095798091e+00
2.447345569432493928e+00
9.160524712170656780e-01
8.799527374562565729e-01
1.938209431910307590e+00
1.730881225921624189e+00
1.718067182097236634e+00
1.698779467076344085e+00
2.364256877268064994e+00
1.261262371097220392e+00
1.921592134043381250e+00
1.492630944592730158e+00
2.458041623683735466e+00
1.355527173358176185e+00
2.693088134759273444e+00
1.047903781711584603e+00
2.225457032640626664e+00
1.685991121718875663e+00
8.633877426282822176e-01
1.657422102889886117e+00
1.299771608947121848e+00
2.875112706545702945e+00
1.102231909932776865e+00
1.109047516650315535e+00
1.910351216028687293e+00
1.181895022282590579e+00
1.923082204732646128e+00
1.686296029609742009e+00
1.371542657318112202e+00
1.878573209633721097e+00
2.119714256329136681e+00
1.205510793080720511e+00
6.528230296767434382e-01
1.348611205092544285e+00
6.216822465762124050e-01
1.437870944963590691e+00
4.912006667844052710e-01
2.871556834527767332e+00
1.868990155198811121e-01
2.371542728183857029e+00
2.388522508321692328e+00
2.411395840373096178e-01
2.569268461575761719e+00
3.025959123002484485e+00
5.712938495824579910e-01
1.305438228778886822e+00
2.401179036417790957e+00
1.321418197760912516e+00
1.413657360180225364e+00
1.102085192104915068e+00
6.929994566189238148e-01
2.175597411698324102e+00
2.439658733302201288e+00
2.514141989680414913e+00
1.972360583121136823e+00
1.434811409456498987e+00
1.738229714928540171e+00
3.124529440814978187e+00
1.729497817188185183e+00
4.203144719530029771e-01
1.548477016976891107e+00
3.202182406403045745e-01
1.101406162070099226e+00
2.645446679020995617e+00
1.766031777979749418e+00
9.440577335179448637e-01
2.787594658021243177e+00
2.024519405214265877e+00
1.551032877207819238e+00
1.498335159462575783e+00
1.091083573473724116e-01
1.442199660029503505e+00
1.174525356361941997e+00
1.493334440520681206e+00
1.429110059473094774e+00
1.672769404012482530e+00
2.219238426650144813e+00
1.129743793061849244e+00
3.114505057309632896e+00
2.287733837419720029e+00
5.856566115191925714e-01
3.942817361617355632e-01
2.941399643662703234e-01
1.283124219355734175e+00
1.449561865173495612e+00
1.620917555426295120e+00
1.432437097962720562e+00
8.277194021553129222e-01
1.486437813628512128e+00
1.111519914179998736e+00
2.052187915013702124e+00
1.099962711331428311e+00
1.044876184868372304e+00
1.738829837783289589e+00
9.251368750323210044e-01
3.610066312367575581e+00
1.290893907174081257e+00
1.733475476586323616e+00
3.537463837765386643e+00
6.566959937053096219e-01
1.428270251637643984e+00
1.428245273581919328e+00
2.638027405578783569e+00
1.093551814735447492e+00
1.472481079599775589e+00
2.510623327290002038e+00
1.412867581688247443e+00
1.000611788295891591e+00
3.240422102697722462e+00
3.648955556221241903e+00
3.045893340189594234e+00
2.694526560257315406e+00
1.663426869078727277e+00
6.809363530752190474e-01
1.882712345974701940e+00
1.365746162341648251e+00
8.939283011961717262e-01
2.717045263641500341e+00
2.029274007014900238e+00
1.826231421347842110e+00
1.377117055478795260e+00
2.207471943973407402e+00
9.867152968884058684e-01
8.729463488416457084e-02
1.082234813219545178e+00
6.742140457444870671e-01
2.083523011253723745e+00
1.993579888779208886e+00
4.560772014516360495e-01
1.738133047975739753e+00
1.455958027890644324e+00
2.918401720343595240e+00
2.484334466544243725e+00
1.704049556609166460e+00
1.330212321438317691e+00
2.416124701735960389e+00
1.852911824561573884e+00
1.048171080578036651e+00
1.431638800877401030e+00
2.356603646426443710e+00
9.736804038395918681e-01
3.970938580814600827e-01
2.411596092267708435e+00
2.176630461471506628e+00
2.202673958698087020e+00
2.222382187012086785e+00
1.891430370211572010e+00
6.886013544457476598e-01
2.690978696967106565e+00
1.004952931617075107e+00
2.056718473754043153e+00
8.327900599272741733e-01
1.741743000204456715e+00
1.195801930242708755e+00
1.683759387271827501e+00
5.271035262103531682e-01
2.511991829645839669e+00
9.303437616019504253e-01
6.176202212996428909e-01
5.413663069114451609e-01
1.477680700074573084e+00
2.360497379418449615e+00
1.940411965102125436e+00
1.381903011614469934e+00
5.235736375268716936e-01
1.569467937196726171e+00
1.308966734183850900e+00
1.505420882293613705e+00
1.540981604103699443e+00
1.448702544892542576e+00
1.227753600275564905e+00
3.523531960853202527e+00
1.831826055076058779e+00
2.510186696125638939e+00
1.574042672470711945e+00
3.107077550051841275e+00
1.650829708721031075e+00
2.551599032380795329e+00
1.989985843644342278e+00
1.203148215376409036e+00
2.196044111245366359e+00
1.107907244764776866e+00
1.281148765285336166e+00
1.437405507492847567e+00
8.629312197505897286e-01
4.152798318436990432e-01
9.915620921680216027e-01
2.013993585407740650e+00
1.592024074500063557e+00
2.229316087838137062e+00
1.581063588540831066e+00
2.369968579514798890e+00
2.534544243454673662e+00
2.361134487095898626e-01
1.732316376124047208e+00
9.833698762294283968e-01
1.568742309094246723e+00
1.586608372239399323e+00
2.606058454779696554e+00
4.853080718505535240e-01
1.360677892891489327e+00
8.348841799158494004e-01
1.399508092591604136e+00
1.418193903092748176e+00
1.570044188299636545e+00
1.610422488089218840e+00
7.113250736233225346e-01
2.136305712997862649e+00
6.498686423636103049e-01
2.040503462230149889e+00
1.532523863937430564e+00
2.345011107135071882e+00
2.128250819570880914e+00
1.715869694271518364e+00
1.345875935014793301e+00
1.001588126904477294e+00
1.374756527535246464e+00
1.179125376803687120e+00
2.225662540541615719e+00
3.417613464204304341e-01
1.451513924206800032e+00
9.294060025613607445e-01
8.414677465669546663e-01
2.049466168555479140e+00
4.415996786618891501e-01
8.081624277764074549e-01
1.437664153927228350e+00
1.335602157111178023e+00
1.615137324330134572e+00
2.621619227268829899e+00
1.888130497056071722e+00
1.648909815219594677e+00
1.481367578938038054e+00
2.539800215718226450e+00
1.651818675792401825e+00
1.269554307035187790e+00
1.821350616471228312e+00
2.268673839447640894e+00
1.993773942068947091e+00
9.368808971828320731e-01
2.324577889148710330e+00
2.199107204347376943e+00
1.475968609327106051e+00
2.105201549342040401e+00
9.828287428061898146e-01
4.484842282760057586e-01
5.890680556064514795e-01
8.996937189351318365e-01
2.357365081022716691e+00
1.878356431002765392e+00
9.398115556954194094e-01
1.036732351101129490e+00
1.752917182039841038e+00
1.550129658609576300e+00
1.844862384489467599e+00
2.760028329995361851e+00
1.075870126226633916e+00
1.059717394318718586e+00
1.961956045046453267e+00
7.413560687110382075e-01
1.004419169098070608e+00
1.531870513157270519e+00
2.864828840517777753e+00
1.981536168092367989e+00
1.160446209217564251e+00
2.135812121347695935e+00
2.011057827767508854e+00
2.161474868544060346e+00
1.951721232832672071e+00
1.487738181836451457e+00
1.183941735919839422e+00
2.371856280581065679e+00
2.003826396056154646e+00
1.745485953806129142e+00
1.133197985909462080e+00
1.504399386373416636e+00
1.016904223448645395e+00
7.230231334032651835e-01
1.215503289167821022e+00
1.561411018329220024e+00
1.415844274401845793e+00
2.939949312704383200e+00
1.562468563658126808e+00
9.171184953371540605e-01
1.257710046994665376e+00
2.735574690668558073e+00
9.403474773751236970e-01
1.316660078829639868e+00
2.284156135322053416e+00
2.024818103034735639e+00
1.945993399346339858e+00
6.733902955744109908e-01
1.607334386646273927e+00
2.065651651617164575e+00
1.378251500481292524e+00
