1.638729917230513422e+00
8.287924548717892637e-02
8.448736334161688344e-01
2.169590153935643251e+00
2.311568555234320144e+00
3.437234643414569746e+00
2.214306654547399056e+00
3.540845609129294580e+00
2.821001835549892700e+00
1.060107545682513752e+00
5.651742773621771798e-01
3.210705356213561235e+00
1.894895518588505468e+00
2.622032466238774617e+00
2.738289963475311506e+00
2.871496807814553964e+00
1.674322416122540513e+00
4.059151073740187243e+00
7.102239920348064617e-01
4.019140730909816384e+00
1.746133944671630633e+00
1.252827303749792565e+00
1.771883929233615707e+00
2.258532336359047488e+00
1.649859588997127702e+00
2.049644976983429956e+00
2.587339844079327378e+00
2.921417886634246841e+00
1.827243903765830790e+00
4.231211992646998432e+00
2.314110582182566045e+00
1.808295238417346074e+00
1.907043164576903038e+00
1.600103458870138162e+00
1.715116782443371291e+00
3.191405703155799856e+00
1.139325462653901999e+00
2.484399012051553779e+00
2.095690712699934011e+00
2.469723352306481434e+00
3.166160622221295906e+00
2.813000678125590515e+00
3.658719381465684872e+00
1.470939738911280381e+00
7.050714165565217240e-01
2.517919431730566426e+00
1.225209061694547463e+00
3.390528725975630486e+00
1.769734296960097097e+00
2.838849489799118331e+00
1.385663339518234505e+00
2.520825237912009520e+00
2.477787500374302176e+00
2.934355604332703926e+00
5.198708337042172722e-01
2.811497858916625514e+00
3.751065184449127177e+00
3.177950103218094124e+00
1.480335161483151696e+00
2.360966808181243159e+00
1.787774403130416356e+00
2.658085849570130055e+00
1.629207388951613877e+00
2.210982190468329556e+00
2.090089605129286099e+00
2.842618195289131844e+00
1.202485386291949343e+00
1.836910902334557338e+00
1.270799917025990711e+00
2.848048696668917135e+00
2.726853198888875340e+00
2.160523152085482401e+00
1.505944608651477390e+00
2.420385273597787990e+00
2.683549740628045743e+00
2.610545880871405711e+00
4.191944660755923202e+00
1.530334876860214965e+00
3.725727451685677316e+00
2.131070096447417850e+00
2.402765053344651847e+00
2.723406416640835825e+00
1.896811093962241346e+00
2.083329267637309190e+00
2.205282405132942269e+00
1.998195826352440418e+00
3.252636183651453905e+00
2.057733721370260227e+00
3.864829743055257616e+00
1.895497480082683373e+00
2.631152049792530701e+00
1.995288033033402852e+00
9.827176086625863949e-01
2.500302638878403538e+00
2.828635006855996448e+00
1.902397811005809070e+00
3.282730630041188036e+00
1.331490197076176329e+00
3.828671841091802364e+00
2.764204885016068314e+00
2.533062750514920136e+00
3.724274105453695416e+00
1.746652866102635482e+00
2.744284636857544424e+00
2.712404782418934790e+00
1.154700727443201069e+00
2.963744159196859851e+00
2.457226228920528666e+00
3.361835521135037474e+00
1.639030875541682919e+00
2.379770405698028668e+00
1.421141294877189987e+00
1.061971355444845999e+00
3.161268298849281067e+00
2.122090445218576704e+00
1.742606377381596516e+00
2.661197514194458602e+00
2.133125184889695269e+00
3.548004318567977933e+00
2.713337318882672822e+00
2.847994938455798319e+00
1.335666424177112788e+00
2.410573964565766225e+00
2.578232721632173430e+00
2.702661879243122289e+00
1.768346865947757030e+00
1.834671441643480394e+00
1.666297191728507876e+00
9.498226275479089153e-01
2.067960313197239497e+00
6.313502610067959209e-01
1.758775924569543569e+00
3.681125204516625171e+00
3.560177681077748790e+00
2.957662814923114780e+00
3.324118250452916534e+00
1.678976689272736911e+00
2.015870740266632932e+00
2.534818540916573770e+00
3.102933804127597561e+00
2.238849732827171923e+00
2.256174257668043026e+00
2.120207902487951657e+00
3.844572968994241613e+00
3.544490504057380864e+00
3.653288460121610459e+00
3.141652402605996208e+00
2.153646971102872953e+00
1.980373947789459299e+00
4.155403747062381470e+00
4.012330807920548637e+00
1.198518380204260048e+00
2.391186756710542483e+00
1.575477026497692057e+00
2.377139077928625444e+00
2.538383550420916013e+00
2.744750143096187589e+00
1.045646541843639366e+00
1.035414339390640981e+00
3.081041169975984761e+00
2.105419051486091764e+00
1.914669279893052245e+00
2.411036660147039878e+00
1.963359007112186250e+00
2.644422194475434917e+00
2.948741159352390007e+00
2.270039274983600031e+00
1.397655645311531858e+00
1.797841820760387233e+00
2.154269498458083465e+00
2.829858926137470476e+00
1.618916787227131726e+00
2.098197288768331337e+00
3.017515971372682237e+00
2.969897484353995143e+00
3.422731990803599800e+00
7.681792819797874650e-01
3.022412618063276213e+00
2.120029809219999173e+00
2.930926189941827520e+00
2.260571125438852302e+00
3.362926761884853288e+00
1.315692730249605757e+00
3.419252978027832235e+00
4.414067177131403952e+00
2.512908084258790975e+00
3.645509945593544021e+00
3.071555384477106188e+00
6.368986984736879631e-01
1.694062896745912372e+00
1.893213952019603852e+00
3.061267944469192148e+00
3.564579935890197060e+00
1.222578909613397435e+00
9.852914009987513433e-01
2.356341147703091998e+00
2.082240460470824672e+00
3.094536398509096120e+00
1.195655083972958943e+00
1.623371747494650297e+00
3.041204463211419462e+00
2.190409251162357407e+00
3.366524931891606620e+00
2.492935123663395647e+00
4.304853473656997664e+00
3.741857512623697701e+00
2.219122474125115652e+00
1.060251034907307988e+00
1.489172921798614047e+00
2.777571757483023873e+00
3.038453988055700883e+00
4.123814163597338656e+00
4.034842965829487760e+00
2.650892692964860409e+00
2.984255258754941131e+00
2.649073864326039196e+00
1.767108920057451460e+00
2.970838258552873867e+00
1.156592967169084440e+00
1.619883928062075151e+00
3.058429526187223857e+00
2.057046206786782960e+00
3.499463495728690088e+00
1.503839377170270941e+00
2.854392418137729148e+00
1.920066694987692113e+00
2.963854176211110136e+00
1.514789399476120568e+00
3.204706177449149429e+00
3.747421192200302897e+00
3.218772678068751336e+00
2.339695228812439964e+00
3.124384106034827191e+00
7.637760130610898868e-01
2.821980806478971093e+00
2.849684519578020048e+00
3.227420122546520442e+00
2.509977236614983287e+00
2.212513830367494272e+00
3.765566830669495602e+00
7.140285769888150558e-01
2.773296040918866279e+00
2.770312511744776884e+00
4.009695912340808022e+00
3.092583022811670190e+00
3.268712195368150386e+00
3.003617229771122776e+00
1.648635303662567830e+00
3.065098760748262929e+00
5.218073662252923128e+00
1.080886343900126612e+00
1.593085796184203096e+00
2.279873413599658338e+00
3.032369903398226096e+00
3.435322628139420242e+00
3.322501260307257898e+00
1.254230243931962363e+00
2.765456253287644550e+00
1.773539867238211887e+00
4.087957339877304364e+00
2.311585944711696872e+00
2.098699415110727440e+00
2.497841948569545334e+00
3.984925589249450173e+00
1.499196724320812857e+00
3.255720146181064312e+00
2.533415887769589592e+00
3.030874140139329764e+00
2.776539516300576604e+00
2.817510418502874536e+00
3.221353298002715082e+00
2.777829282574865832e+00
2.339484089498946151e+00
2.784905422272582420e+00
3.844271902359325921e+00
3.629189081197950806e+00
1.792385765208087900e+00
1.587345570056504007e+00
3.234189110032338554e+00
1.707386618650034382e+00
1.336570365842972619e+00
4.835508138241543463e+00
3.066849326952412191e+00
3.937216992450802255e+00
1.473600895068986505e+00
2.325635761428693105e+00
2.821822937559965716e+00
3.977500581694032977e+00
2.207654079843211825e+00
3.706323076007190132e+00
1.888184856792789468e+00
2.601073839058058113e+00
1.863162540154505997e+00
3.744426098589977769e+00
2.040780452438603287e+00
2.702896336402917488e+00
3.788391677850120765e+00
2.255911443657767634e+00
2.338167624358651331e+00
1.943488000649187253e+00
1.116249735909837337e+00
1.475048421133314358e+00
3.962503573351610520e+00
1.019212674053884493e+00
2.855246114333105378e+00
1.863604039166546711e+00
3.509302412142706551e+00
2.852662786410729012e+00
2.765413108804245734e+00
2.154920603059121920e+00
2.096222521152825813e+00
2.122684739641284679e+00
3.313792382314285856e+00
1.834982658814478196e+00
2.976433890722399944e+00
3.914685499465142549e+00
3.547251739964502715e+00
2.640470915711012889e+00
2.415328689397376660e+00
1.081434837002150040e+00
1.750862048781461677e+00
1.971169323459876388e+00
9.726112328181657496e-01
1.164165607814723113e+00
1.654189856123255531e+00
3.625539466756733997e+00
5.488497217791096228e-01
5.658785014416598536e+00
2.986779885256762856e+00
1.296578735916404712e+00
3.909252398017422525e+00
1.525138208210449431e+00
2.492373191092470464e+00
2.249605395851561607e+00
3.502676675643944471e+00
2.411610703890942453e+00
3.641287801090989706e+00
1.985774494936964230e+00
2.302727462925155510e+00
2.681332161785856538e+00
5.417705185252525091e+00
3.286324139977619296e+00
2.056944778231562854e+00
3.047115673907391464e+00
3.233276260091094478e+00
3.524372173229539662e+00
3.125374246242379694e+00
2.674543270800653350e+00
2.914864502806534752e+00
3.235673760316013059e+00
3.427918310445437378e+00
2.253592183105516789e+00
1.718896800193433938e+00
2.219010901190787699e+00
2.880461094454997095e+00
2.167646419645035571e+00
2.956484745626330568e+00
1.783384889950593744e+00
2.577370375174508510e+00
2.142388842225043000e+00
1.612461406604484893e+00
3.483334213480974828e+00
1.054525916349005943e+00
9.420783147715444672e-01
3.300904772739731374e+00
2.420242860790699169e+00
3.194404974486678928e+00
4.177928166967992851e+00
3.437956945418415344e+00
2.931500556882360442e+00
2.855581008050259051e+00
2.448416990439596930e+00
2.242169652278097391e+00
7.370031611388168091e-01
3.403771086403166279e+00
8.122321612064871132e-01
6.216272314225279594e-01
3.221983069357482243e+00
2.955352271654339447e+00
5.301879291310438447e+00
2.394941146802887388e+00
9.623852833670907270e-01
2.643564953364720083e+00
2.114775029412307550e+00
2.546777188979766127e+00
2.268999512969696486e+00
2.047603168489077863e+00
2.315036644355934481e+00
3.231440860455067288e+00
2.405796601872824514e+00
3.422621704492744499e+00
2.123035006256711377e+00
3.161334579201649397e+00
1.764399709848318398e+00
4.185975798125316949e+00
4.954242644372506277e+00
1.760043783297940312e+00
2.196920795315941533e+00
1.747928710316109857e+00
2.028009101188053442e+00
2.022361773702159748e+00
3.514686374537587366e+00
1.781479392921635929e+00
1.629449265373924094e+00
1.844128115989813299e+00
3.091460914161608731e+00
2.073868317522375548e+00
4.355514064476024849e+00
3.259327436892162311e+00
8.455868277331070049e-01
3.043962663767944665e+00
2.550531578483603568e+00
2.400858574549653124e+00
4.251761286766855719e+00
3.112101384719588637e+00
2.610062925930675348e+00
2.030405501542190017e+00
2.964091341990688910e+00
1.571554883136433878e+00
3.535139429447911485e+00
2.700226123438441928e+00
2.095867566554174388e+00
3.980594865542372407e+00
1.237909269600719897e+00
3.355523882128685464e+00
1.641165703109956686e+00
3.352866725581948870e+00
1.976920353702074085e+00
2.490326920886633211e+00
3.562690148168058624e+00
3.104976374932288952e+00
2.212525011507727957e+00
3.879102008551554182e+00
1.433986632588411636e+00
4.192467059517241523e+00
2.928786436556442663e+00
3.798438811140091964e+00
1.151329471484197953e+00
3.701405211849489785e+00
3.473754004798928374e+00
3.753888357222617156e+00
1.919406631074050074e+00
3.297689571758826155e+00
3.039995300593029803e+00
3.626498345023431824e+00
2.814972960653268519e+00
1.607623051009529735e+00
2.105285786409805127e+00
2.303624656070335064e+00
2.981919886622281801e+00
2.454055114895295375e+00
2.453374433051553005e+00
1.563359133821991431e+00
3.213800923689514644e+00
2.432214556312427334e+00
1.003659795794576537e+00
2.822189542864996792e+00
3.654757830638664551e+00
3.889785178353965645e+00
1.280523585597530323e+00
3.061292403943956408e+00
4.162051018082038034e+00
1.981145270402451697e+00
1.512508210455793201e+00
5.867263042283298313e-01
2.327993149785411831e+00
1.812832747530933153e+00
3.297934512430300114e+00
2.708886112487608244e+00
3.740582049017276756e+00
4.043090706411338608e+00
2.228680985769715406e+00
2.717168358775362780e+00
2.492409685808943731e+00
5.288825688884250198e+00
6.312704161565467764e-01
1.118111782831392453e+00
1.511789398973746312e+00
1.247487499407359257e+00
4.494330683454741404e+00
2.008373508437383492e+00
2.849191573224773233e+00
4.871047925387659738e+00
3.487725568453001301e+00
3.061406761473914440e+00
2.673710719976461370e+00
3.740506010709097051e+00
1.397036538388631621e+00
3.126530999712513026e+00
1.231216657640898493e+00
1.005184092420268183e+00
1.926143508465656629e+00
2.142525287172864612e+00
2.260605299905258825e+00
8.417503525206613268e-01
3.963616149126715005e+00
2.504665556176665753e+00
1.981509660231491221e+00
1.257882313862593193e+00
2.589789591793028034e+00
1.781862457910561748e+00
3.492655742320897705e+00
2.868503097668213986e+00
3.189625841335322232e+00
3.203176805308119768e+00
1.660713229260332824e+00
3.257198392609160109e+00
1.375197377840071900e+00
2.647465314787231350e+00
2.611429826939967391e+00
2.849412804190800230e+00
3.576632653320340527e+00
5.713723091963370138e+00
2.012540429841398026e+00
1.336722131577853023e+00
2.390174920163262051e+00
3.377535699524207402e+00
3.371850636981816862e+00
2.876187605091628186e+00
4.781379979152738380e-01
4.145591920213373527e+00
1.904196003928807945e+00
3.661733995627416416e+00
2.223776821167970486e+00
5.962906083896023501e-01
3.036583193583154650e+00
3.726169764005462071e+00
2.801429136508798212e+00
2.002797163798684998e+00
3.068940527621957237e+00
1.542105066791040757e+00
3.696536229707682697e+00
2.525846245191498696e+00
1.964338850084586419e+00
3.567820058068551958e+00
2.404201701359644616e+00
2.896440615850874423e+00
3.577972199973307621e+00
3.805479549290506469e+00
2.440160770127171919e+00
4.145282138534979843e+00
1.168750726167517850e+00
3.888121006026709292e+00
5.026272815443197040e+00
6.094715172069006259e-01
1.528121064483310310e+00
4.542876442225315614e+00
4.191885933709801115e+00
1.632543625453473757e+00
3.101059283335401151e+00
1.506719336380795582e+00
3.748852836236575836e+00
2.643721161285539356e+00
2.266704614037000187e+00
1.343186872031769452e+00
3.470705068702839124e+00
1.353513454625271839e+00
4.031991868652250233e+00
4.167436874122301127e+00
9.152794122615663941e-01
3.124554312822503732e+00
2.515384643761507277e+00
3.051654805596808462e+00
2.595155097415694723e+00
1.102507140745862646e+00
1.997824444857509318e+00
4.739737662345196334e+00
7.862883687000159494e-01
3.894575495793457076e+00
1.404716998228215274e+00
2.265486518252882497e+00
1.446349375201879006e+00
3.297660755040392910e+00
2.414984630711547453e+00
3.991118143250645289e+00
2.535285228293915893e-01
1.791670405631651475e+00
1.878354144843900508e+00
2.367505315185391979e+00
4.209551768918458947e+00
9.120858746585238652e-01
1.457037195775296334e+00
1.785888292677867195e+00
2.929498709318363758e+00
3.597771259750176753e+00
2.087239152665477881e+00
3.081328396864130958e+00
4.186059393874505652e+00
3.884388252748050441e+00
2.075740319008629875e+00
1.799865100154885766e+00
2.036102539456286831e+00
2.977608154438028620e+00
2.498080382618353745e+00
3.052802905642153064e+00
3.882643008535379359e+00
2.089901348378987667e+00
1.767586959466886487e+00
2.956909891998965367e+00
2.607218096739064350e+00
3.057093601581944764e+00
2.405040260951081255e+00
2.415677908871602497e+00
4.056815626721209433e+00
1.008544841462943875e+00
1.731409265708380607e+00
2.943355959324971849e+00
1.482756590918844264e+00
3.266774721395893533e+00
2.563625937410035416e+00
1.837943941487812261e+00
2.330969898940924878e+00
3.116124692921956818e+00
3.208656893265077859e+00
5.079646198129243118e+00
1.841663536141882718e+00
2.875028302393419555e+00
4.047464105016239877e+00
3.460493770076130460e+00
2.294446233202755536e+00
3.551627223285482859e+00
1.974742785995281302e+00
1.372937585145749040e+00
1.968029740025964314e+00
2.533635493468353150e+00
1.337687289069205310e+00
2.048370703806950743e+00
2.868674793513259047e+00
2.251158945346340534e+00
2.228909626468657645e+00
8.549246269316589375e-01
2.064457011762021121e+00
4.016447003503667013e+00
2.367199200858266739e+00
1.480576795049070027e+00
3.107289217891373134e+00
2.303531010449243688e+00
3.015386806060662117e+00
2.617502613849522763e+00
3.366000304342521510e+00
2.998017576492005620e+00
1.790588822702157579e+00
2.414911157678088394e+00
3.399932846075042203e+00
2.065478933773469361e+00
2.741846636640847823e+00
2.667747113825603034e+00
2.139218948261506270e+00
1.382521582853240893e+00
2.760203728611343443e+00
2.826299514508832100e+00
2.446072591534672380e+00
1.545712071880407823e+00
2.594783972138728689e+00
2.083369073694375739e+00
2.670056485215839270e+00
2.729659296933222734e+00
1.777195812573573175e+00
3.336695238494623350e+00
3.283211923673571953e+00
4.424776697388634439e+00
4.873002341203487298e+00
1.824636666687797781e+00
6.741140770653621939e-01
2.235678461684994289e+00
2.387924214713031290e+00
2.120178748379594857e+00
2.930995417159368177e+00
2.061655507062976067e+00
2.478948225009617534e+00
4.526350219870678870e+00
2.037984779628612131e+00
3.331822793714745323e+00
2.687519396275639405e+00
3.218999712550119519e+00
3.679227151085574743e+00
4.795703347956453477e+00
1.585748308322284972e+00
1.942628711675986386e+00
4.359676908148379937e+00
4.145551966822615064e+00
1.933183014163117663e+00
2.752553578221442976e+00
3.575422822600586414e+00
3.582394783036731756e+00
2.400376750646654234e+00
7.741267174443029475e-01
2.511593275130949987e+00
1.081560069506742217e+00
2.749660691680230418e+00
2.232459203518053048e+00
2.969966898877590022e+00
2.680559564723933974e+00
3.953252469191755658e+00
1.268546520990008419e+00
3.467019086292443042e+00
3.260852939354214719e+00
2.622228676308492101e+00
1.756116704124324635e+00
5.819382577165164161e-01
3.632423261138461701e+00
1.020959576552643355e+00
2.230709871662206911e+00
3.741451285821370654e+00
2.724320257658897404e+00
3.047127007159749379e+00
4.775741006231744024e+00
5.373014054095860415e-01
1.815833081078170874e+00
4.050591016776919240e+00
2.341730034928510840e+00
3.018011875228980401e+00
2.146216443887570602e+00
2.639505435400428812e+00
1.833586221913128922e+00
2.834397132594587365e+00
2.300354097846974089e+00
3.212622544454951434e+00
2.918425464529968316e+00
3.734611714187639819e+00
2.845213834487242632e+00
3.524548781985436197e+00
2.535489272345915701e+00
2.913585743390234573e+00
2.894900917449618305e+00
2.347830122374983119e+00
3.872188915223527150e+00
2.796293363117447583e+00
7.452646261573017128e-01
2.045691373368096588e+00
2.705511491833666682e+00
1.949124669974759749e+00
3.664163727782324020e+00
2.332201814873923418e+00
2.137116717975735103e+00
2.941964179259260792e+00
3.791624006198798025e+00
2.710485838188552155e+00
3.378980045755562767e+00
1.956049776653920436e+00
1.438444464362562458e+00
1.621751344415360396e+00
2.594067882461749797e+00
1.601710901408328835e+00
3.385862936745196450e+00
3.769037306478941751e+00
2.311823889418475331e-01
5.724889903525406609e+00
2.907050848850506686e+00
1.025131082784809911e+00
3.312548097353754439e+00
3.778862737276083905e+00
4.042692375995664555e+00
3.402975403108117636e+00
2.103322529550235132e+00
1.868798271896389140e+00
2.132152243311157047e+00
3.403821780409939546e+00
3.812635915205749182e+00
4.289147335066643585e+00
1.320019962472353647e+00
2.161980108091474229e+00
2.697353511583498786e+00
2.793213500055188092e+00
1.094946198907599255e+00
3.516112949096165341e+00
5.081386413335470253e-01
2.576650713007190951e+00
5.622146287171172041e+00
2.283744355610178189e+00
1.715415347213648856e+00
2.776859104761577601e+00
3.293704554247239624e+00
1.627366000197527640e+00
2.365996010998332899e+00
1.050454313488654590e+00
3.104192152072797306e+00
3.338329856852677580e+00
2.690444931790469507e+00
2.315433818215815620e+00
2.620539989761351052e+00
3.351531993608019455e+00
2.727834474352498706e+00
3.441476474926211448e+00
3.241645356765561647e+00
3.876838905129261104e+00
1.968413580616605207e+00
9.624266253476985167e-01
2.325706492034888662e+00
2.318382341960009363e+00
1.040605813646159117e+00
1.850891602346578679e+00
1.783085452358388778e+00
2.547978034510796075e+00
2.461159010428052518e+00
3.433841239323661032e+00
3.498186825609112205e+00
1.242887126162711242e+00
3.187605366661214301e+00
3.151061374514531277e+00
3.176912502502933222e+00
4.514915902294212913e+00
1.765046796169886800e+00
4.099593646050973206e+00
1.640322586617148692e+00
2.433550459542807243e+00
2.915852003307191520e+00
3.655940144074801612e+00
2.842276476029096610e+00
1.750304116412774169e+00
2.989151104957195604e-01
2.294020655834224431e+00
2.694222203120573589e+00
3.408402173018670656e+00
4.837160055067681874e+00
2.958981810767532306e+00
3.294103654466982167e+00
3.593285380969979403e+00
1.755299184538059221e+00
4.395933250241848000e+00
9.667924289752033440e-01
2.400769557946800248e+00
3.653931856490156616e+00
5.299175694039587547e+00
2.998598891765912988e+00
1.847720541699000574e+00
3.339947676078302674e+00
2.107261806859892506e+00
2.347073207130320416e+00
3.353025447932913128e+00
1.751273944180843367e+00
3.352164625089451455e+00
3.303266272989121344e+00
1.032784759079448111e+00
2.330290516536773993e+00
2.706085130182616094e+00
3.755125445389174477e+00
3.692275833791571760e+00
3.763498739174328644e+00
2.329106832750982736e+00
1.895937604331599191e+00
3.719245088753575512e+00
1.702132521225226514e+00
3.125182738223349244e+00
3.177808314611564100e+00
2.582726016444639061e+00
1.517715236561295811e+00
3.256969798081051692e+00
4.231830631445268942e+00
1.920947883869976502e+00
3.038882914559646320e+00
1.669520557956916118e+00
2.889799966375787399e+00
3.551698285047815595e+00
1.835189691003375811e+00
1.551901021016305560e+00
2.430552408482042903e+00
2.669614972586842772e+00
2.685291980920119226e+00
2.600871254468285265e+00
2.461159808508286861e+00
2.487464050630117995e+00
1.256843204357647403e+00
1.255831008373946789e+00
1.568892710813253322e+00
3.249194037996065987e+00
1.921253044679827715e+00
2.358157347065164444e+00
3.902984119707839650e-01
4.204237113437609530e+00
2.602160175430506150e+00
2.951819896308262692e+00
3.539772869074812256e+00
1.478447850316488843e+00
2.311590712356060617e+00
1.810921386781398246e+00
3.270833693230206674e+00
3.096552055397145509e+00
3.178454859901489904e+00
1.896738798385071423e+00
3.838001875287036402e+00
1.581811252358413356e+00
3.397160496187610068e+00
4.624731354028304153e+00
3.171700522967380032e+00
2.882713207019479640e+00
2.668649468918121492e+00
2.090219184804480435e+00
2.772294207958482026e+00
1.143881529274679787e+00
3.954378288256984453e-01
1.888869032834898931e+00
4.123821830158688861e+00
2.942716588714179071e+00
2.379485049693160548e+00
1.033835861876925000e+00
1.509122890346995538e+00
3.085174320129394854e+00
1.193552254895345666e+00
2.001424364611763096e+00
1.836859982934950120e+00
4.348461433659788433e+00
2.919138970993442772e+00
4.274164335915696888e+00
1.692712558073439455e+00
5.246093981907753445e-01
1.354856194326554686e+00
2.283239581526643747e+00
2.859338454094973336e+00
3.273100071705128844e+00
2.550347240426118045e+00
2.383688906575894162e+00
1.826323493088315653e+00
3.070515296402164029e+00
2.257445525942555875e+00
3.413360136934237232e+00
2.975658701554619867e+00
3.331978335700152449e+00
2.544294413201604765e+00
3.287082226512402450e+00
2.961031039755682048e+00
3.483471451936960950e+00
3.463862542512403664e+00
4.703837149411747021e+00
2.527089166856880453e+00
4.404879772975260899e+00
3.781797242765242650e+00
2.784798338802942030e+00
3.464296800347466565e+00
2.335341360446884895e+00
1.283702167780690795e+00
2.478916473043120572e+00
2.950669625952031083e+00
3.513223811320202561e+00
2.580855743063344310e+00
3.600137427915335753e+00
3.981754613741366633e+00
3.382401464157109849e+00
4.678908556927211748e+00
1.614099479990933617e+00
1.638905575660941638e+00
2.688613603300519017e+00
3.516172979750988414e+00
3.586819208089659483e+00
8.373992150246537536e-01
1.735269984279479871e+00
2.713597280686971924e+00
2.869901888297972992e+00
3.015719073357994162e+00
2.389876539039011316e+00
3.836817711922820839e-01
1.569928664281578623e+00
2.269245858594754583e+00
2.104952642713624922e+00
3.473440452284520585e+00
2.394214816226332143e+00
1.764291586403767376e+00
1.725978254175077664e+00
1.786683197447948679e+00
1.873816932234267263e+00
2.008189243156851767e+00
3.803673133024675579e+00
4.089971079780702290e+00
3.035453259438620766e+00
1.881818464322768891e+00
1.806933392077239242e+00
4.245624715419900053e-01
3.363463582742875158e+00
1.775277202296710932e+00
1.543713598748697846e+00
2.635135509928656639e+00
4.500753350290136900e+00
1.566103693378353867e+00
1.887801813654173655e+00
2.127569255744753196e+00
1.023957149486702800e+00
3.647241328870300503e+00
3.203903860299039064e+00
2.328119756970163046e+00
1.674348736964389905e+00
4.473237182374427690e+00
2.175472663149390140e+00
2.018479062681626690e+00
2.681312504663013740e+00
1.648897371729938666e+00
3.169655925053270984e+00
3.630070510805794903e+00
3.165391338107442998e+00
3.019412503643852386e+00
2.090105605504560149e+00
3.493706866198351246e+00
3.878256149828253729e+00
2.819867352777372105e+00
2.895795153533405664e+00
4.660514100567784368e+00
2.670536189388893256e+00
2.332315038822800002e+00
3.272855681494159619e+00
2.887350324876775787e+00
1.382359594644946066e+00
