5.724856780352718388e+00
3.952013230253609462e-03
1.426493721623002386e+01
6.099655494718080995e+00
5.264276049295894211e+00
6.123745382310494811e+00
1.307513596350993446e+01
5.605821824840318435e+00
7.057681683557868624e+00
2.500266164902060595e+01
2.340496298956501242e+00
4.720728729457268180e+00
3.502082823800058975e+00
1.812275184438680853e+00
1.984927527621063614e+00
1.161584624205149119e+01
4.168686946480339439e-01
1.552274584322671291e+00
1.123664173938946398e+01
6.237335156538690306e+00
4.137679355350059041e-01
4.510284035390191626e+00
2.719407287102753923e+00
1.034153831973966753e+01
1.232017433246892946e+00
1.439827711112997299e+01
6.366546586522224549e-02
6.323093236362747893e-01
2.575746502492150647e+00
1.976904773018595307e+01
9.675290046054864090e-01
1.459499442497171273e+01
1.805469541220901863e+00
4.117733946509760101e-01
1.001121187526575085e+01
9.220975865379489989e+00
1.038591469751055385e+01
1.442928751782087238e+00
1.360491921551148486e+01
5.576151445989177446e+00
1.573745828238883426e+00
1.236530254307090715e+01
1.234537051913727623e+01
5.587809102248892046e+00
7.090449874543211628e+00
2.141411981434030665e+01
1.820361311506280888e+00
2.400876550894241745e+01
1.676132120655785940e+01
1.249329743770355883e+00
3.139643589407743907e+00
7.272267458196939316e+00
2.990082784661134419e-01
3.733020370711089164e+00
2.543711614676532307e+01
1.377929204117935313e+01
3.249817474090808123e-01
2.567908454983913735e+00
1.174087118728117218e+00
1.794171776937793394e+00
5.991610515499435685e+00
2.647551576404022722e+00
8.400901037934296767e+00
4.584783317587924678e+00
3.994240805055037313e+00
1.106348719834711503e+01
3.474011443348466344e+00
7.106000072429529801e+00
2.202765239994440805e+01
3.596472440973801366e-01
1.250859950341520488e+01
2.639033741551225987e+01
9.103125329822754352e+00
1.516219619360989768e+01
1.692198884392839053e+00
7.283488008869646313e-01
4.847898977107368168e+00
9.513144691683841359e+00
2.700183037808537301e-01
2.043782681136710355e+00
4.261214990011155557e+00
2.045241102237761677e+00
3.663635612283244747e+00
2.488854977171540028e+00
5.158102986256970723e+00
1.024455410967141766e+00
7.320740606138491202e+00
5.820952989777977038e+00
1.147245634573396789e+00
1.655065072583887442e+01
1.202895434551967924e+01
2.007323906458150731e+00
6.922202083040370768e-01
5.765823219096348318e+00
4.667870822297549793e+00
5.816127569472816283e+00
2.571921614718433169e+00
1.432952397277637901e+00
4.106088020050944642e+00
9.233105564610681881e+00
8.801005680362301575e+00
5.431938288089179778e+00
1.167597838241980490e+00
2.106864659700502074e+00
1.217539990465230870e+00
1.507351953878225004e+01
2.627838216471947597e+00
1.186638344804700651e+01
4.377799026955932149e+00
2.184954452090470411e+01
2.360877077635248344e+00
1.017480342875703059e+01
3.245168727286288579e+00
5.833724181005611520e+00
4.263735925563596041e+00
9.591912849932242580e+00
1.908329769063690895e+00
1.648542657357367958e+01
3.091060184749937267e+00
6.798391360431552677e+00
1.092567587937172346e+00
1.020160990191622652e+01
2.670218727108784051e+01
2.852250053036926136e+00
9.065578401632217620e+00
6.310147625776101776e+00
6.681116002210659488e+00
8.520149515627569059e+00
5.344177741553758132e+00
8.234392710126241965e+00
7.971253562995075370e+00
7.156821817912413231e-01
4.848083684736413934e-01
1.437445626843288249e+00
1.115364140959511197e+01
4.049985199732398122e+00
5.539909898623458062e+00
7.574397275247195083e+00
8.666219014029890033e+00
2.732029534388013658e+00
3.243609060874472760e+00
1.721051244588031048e+00
1.458931583271670895e+01
6.075058161392838052e+00
7.682029424887428348e+00
6.932425454006131638e+00
5.073289846810440373e+00
2.159414868390806319e+00
5.760784883502691578e+00
1.445088930424143392e+01
8.730137215097594217e-01
5.607568706293847960e+00
7.545730895608305566e+00
2.115157118478657061e+00
1.917873292574670818e-01
5.804270372052461324e-01
3.386034250594343042e+00
1.158988520729849547e+01
2.544345630246022338e+00
3.093793181769097345e+00
1.927659230804740886e+01
2.920775090436203425e-01
4.218208062575202533e+00
8.107982964164095918e+00
4.401843922107137708e+00
1.029634707067155652e+01
3.806608708003191843e+00
1.237831583911317423e+01
1.290599206432677226e+00
5.497058829727414775e+00
8.320891027572836052e+00
1.482045355362892636e+01
1.988577946038771138e+00
1.480934428723346574e+00
1.021442359697551261e+01
6.054603701117949655e+00
3.633261211621135800e+00
9.307901404141428969e+00
3.335643538527710561e+00
3.955465156626397416e+00
9.235725962188915616e+00
3.755517378307986043e+00
8.888644031646053989e+00
1.394564720419679604e+00
3.483168386625060009e+00
4.358828404176061433e+00
6.087541531170117537e-01
3.062368865915853178e+01
1.642330174831824197e+00
5.512404316317704556e+00
1.476442233419875460e+00
1.117866549295221645e+01
3.662767876822370283e+01
5.767886357610147563e+00
9.077602873278269868e+00
3.072263858307907380e+00
8.393697833329593294e+00
4.578717133782671311e+00
4.909114665247224174e+00
1.636479148754573743e+01
2.659624042998339988e+00
1.072357861981259264e+00
5.576252767282376510e+00
1.094242565095235875e+01
2.218443823528831071e+00
3.686712416804306169e+00
4.723340092520086131e+00
6.127018480646707621e-01
1.248596292664647045e+01
2.005272910261947317e+01
3.699275679067794087e+00
1.148108743551660993e+01
7.537239797688395804e+00
5.016204183677433370e+00
8.649719546598129583e+00
7.209579768123877130e+00
5.702375228386641126e+00
2.468816167174540155e+01
5.790456057830746239e+00
2.350057045560970792e+01
4.172798232052671530e+00
3.360879560424006041e+00
1.772289766258662880e+01
7.229527977264615934e-02
4.416033812699278194e+00
1.402376534749252635e+01
1.206553553288475555e+01
8.469064503533868304e+00
3.476187342367834443e+00
1.348092416270625549e+01
6.429504358144247256e+00
6.224526686851900692e+00
7.249840656514971116e+00
1.469375449970462544e+00
9.688066089316517804e+00
7.472864071415712850e+00
7.101551092531024345e+00
4.639547527387700931e+00
1.227376493461915352e+01
6.242235438629673894e+00
2.503886917736217188e-01
7.436755506401595994e+00
2.722803784478289746e+00
1.770418373099604636e+01
3.992537504803252979e+00
1.470683076650849408e+01
4.214310817264125042e+00
4.811402231438987265e+00
5.677498097740284244e+00
3.093367563525617037e+00
3.528346465118478648e+01
4.673059170251605110e+00
2.128873406555161996e+00
8.908190263386375207e+00
1.184249143827477724e+01
9.227890515983803610e+00
3.081163431289536625e+00
2.284432226141678068e+00
1.336883177722933524e+01
3.997167648667900419e+00
1.361410647686399500e+01
2.441683895246402169e+00
1.197207522186460871e+01
1.180925121872926020e+01
1.585985586980686080e+01
1.372057774767493754e+01
5.233838197609629539e+00
9.536145907769794094e-01
1.409883055916115513e+00
8.125199442006099559e+00
1.722914805650668413e+01
1.209271566372798645e+00
3.683981658324733122e+00
1.657866382926435511e+00
9.348840581092643376e-01
1.975334602670455686e+00
7.873264401760859954e+00
3.753186390643857351e+01
1.072661169876625920e+01
2.058186081144567137e+00
1.169347384336724005e+01
2.865150046482179302e+00
5.624080920469303635e+00
6.270318376306364350e+00
3.135581453296082621e+00
1.233128725859312658e+00
2.075440830090642841e+00
5.225810330524688574e+00
4.666823018052765448e+00
6.578648841795881275e+00
1.237190866990018812e+01
4.993900507365601094e+00
9.812559920590512519e+00
6.340297584634314809e+00
6.662683345564908599e+00
1.236675365989242614e+01
9.102953686768496810e-01
1.462810514477783030e+01
2.354346048205675501e+00
6.218241591118046863e+00
1.077756851717001751e+01
1.307122950907702119e+01
9.904487427638663632e+00
1.049961200310439224e+01
7.664746945253867239e+00
1.026013871849263737e+01
2.729193293952614230e+00
6.045714400841885272e+00
3.760807182802447635e+00
3.779337592419521830e+00
2.052761810539406095e+00
4.854276979466665587e+00
3.730020353395685495e-01
5.441915883638031026e+00
1.263053323181496213e+00
2.378431429725479163e+00
6.399030867647439891e+00
4.723207727673574219e+00
8.324502256529838107e+00
6.670512498339991048e+00
2.076672305997896650e+00
4.302200098252178861e+00
7.043922817377684886e+00
1.537629801380423711e+00
1.258065372261529369e+01
4.466352938413781892e+00
1.072789532349095021e+00
1.819662233788894312e+01
1.907743506245739695e+01
1.762746426690679513e+01
2.227666414822122931e+01
5.590182792655401300e+00
8.462920488354248150e+00
4.271906289748155228e-01
9.861486097625718372e+00
1.703238773722559829e+00
1.200480376511507608e+01
6.028922052818401767e+00
8.615297565654344680e+00
5.637286067539934997e+00
3.622272639554535711e+00
1.568577067776410150e+00
8.110002072157355357e+00
6.604448307166483012e+00
1.071242460078854108e+01
3.908115317953175349e+00
5.619301195754859535e+00
6.010885454567313602e+00
3.519829919334910517e+00
3.978846385418640885e+00
3.375293042966427404e+00
5.437170657358631587e+00
4.653670182016205636e+00
5.336003706820115156e+00
3.135321331142959522e+00
2.080401167522287320e+00
8.534513753273744285e+00
1.633383676460563194e+01
1.340754713437920520e+00
1.222371552338178979e+01
1.355557832084940273e+01
8.275794082556497955e+00
7.693619889008791013e+00
7.593083067527318653e-01
1.312210238092850290e+01
4.942541166932078234e+00
2.369381642743268124e+00
5.027039210096324595e+00
1.276515761218552036e+00
5.802254471107570311e+00
4.511466334124273558e+00
4.689388931350590539e+00
3.442244095489524369e+00
2.128346854163000845e+00
9.065284171592020712e+00
1.422478683884215611e+00
2.386981309448226085e+01
5.558976764436489582e+00
4.641873692828955456e+00
7.776457851128234289e+00
2.151892743386043527e+00
5.103013346201408673e+00
2.748335279032096068e+00
2.835107889934925041e+01
8.476579458595292493e+00
6.549016234268387748e+00
9.003579072098354175e+00
6.740239936744930382e+00
1.259014258487258431e+01
8.178421245900748815e+00
8.916268650104125726e+00
5.692985701926735587e+00
6.659187348254603789e-01
3.821368924278163992e-01
6.530632387034070341e+00
4.090572431354281058e+00
8.267562185037951039e-01
7.644844804255549242e+00
2.297975525251559681e+00
2.763096581348067016e+00
1.803879716951775691e+01
6.292483835868197595e+00
6.812800776030351280e+00
1.648395495604177086e+00
7.588527591982427545e+00
5.796096323834226460e+00
4.900133767971281529e+00
1.796886052513811061e+00
5.910687911325901212e+00
3.269548849997779616e+00
3.438551846098945486e+00
2.580324153974350221e+00
1.575434958437932309e+01
1.446076177812272689e+01
3.862542546047584846e-01
2.580489126408714640e+01
8.825971706303151976e+00
1.799634812568706055e+00
1.436075742264827371e+00
3.931919952686381947e+00
3.810240432321232440e+00
2.802630614097913586e+00
4.995776657644992014e+00
3.038972366709340900e+00
1.635734719764883272e+00
1.263053182081663062e+00
3.985881876862902740e+00
9.103450739104838263e+00
3.797969452185600225e+00
1.827313182135945180e+00
6.136144346946693418e+00
1.233885645498914302e-01
7.688736567421099011e+00
1.826712481289996504e+01
1.796833500777403358e+01
7.409330870009513959e+00
1.302794910522063754e+00
7.559379022806063553e+00
1.048997433628349718e+01
1.419961359634787312e+00
1.603785318403619797e+01
8.981369075915264233e+00
5.575394905557915948e+00
5.288796834086318732e+00
1.013184111883605709e+01
2.496432194531745530e-01
9.033808479320786233e+00
3.418901942590503840e+00
9.519037112913188992e+00
1.016548963088933721e+00
8.055326496111010925e+00
5.357841993757954668e-01
4.605572424523250774e+00
1.097411256125586831e+01
5.683085950287784627e+00
2.140196166123160548e+00
1.073976807776263165e+01
6.584930926497536419e+00
3.796440652514839087e+00
4.546081936367932230e-01
1.786222514441838172e+01
2.048679207859672946e+00
7.589798791267925893e+00
8.834032841910977041e+00
2.394978137652060024e+00
6.764462624232504773e+00
4.298605196390839822e+00
7.090800267597467510e+00
2.313910187335319613e+00
4.416465869518529708e+00
4.778810057452951732e+00
1.258204615953374850e+00
5.100911755461410735e+00
5.304257736755342734e+00
1.038064274025625444e+01
5.157275059196973821e+00
1.363377851985062117e+00
5.651234081046816904e+00
2.626559246324037034e+00
3.683118812638675355e+00
7.860429316943803535e+00
4.790676832142737318e+00
2.624021686688671640e+00
2.327354169115624649e-01
6.857770047355387533e+00
8.617465677387063039e+00
2.535392605157687385e+00
1.444376744118367251e+00
4.538757213166341842e+00
1.917098121067792249e+01
1.682899749022000346e+00
1.101252984140187685e+01
7.048449959463878756e+00
1.309983521559745290e+00
4.167466838070914115e+00
8.497234314787817766e+00
5.767455262854669584e+00
1.137964538519477564e+01
4.393629002769673164e+00
9.736808900455848903e-01
2.924719228889993694e+00
1.082437434816392985e+00
4.258306144000918003e+00
1.371293998087357302e+00
2.938375598471487660e+00
8.433914008703004228e+00
1.297408750178548331e+01
7.002518086403342501e+00
1.888708425975933469e+00
2.274741015345216333e+00
7.708194550683663770e+00
1.966081287151840939e+01
1.409204292952619952e-01
1.393217286341219285e+01
4.251647065926689173e+00
1.088843366565390092e+01
1.964390534075123984e+00
5.183099556456319590e+00
7.183558160130135706e-01
1.499762966150903232e+01
2.970297974977364142e+00
9.131494720285569855e+00
1.067207900754183036e+01
1.936226257087489744e+00
7.743288921833051397e+00
4.640122296428407012e+00
5.489360279050998770e+00
4.290514274030917008e+00
9.314330984505330591e+00
5.432690034771388454e+00
7.922078952910481142e+00
1.444204408263252359e+00
8.391343302433179829e+00
4.621888306808831004e+00
2.566195693791548393e+01
3.867409234328373469e+00
3.016786953188899112e+00
2.421014735201222068e-01
1.228360287670926532e+01
5.945406840356284306e+00
1.354322577666943239e+01
1.823870809860747144e+01
1.023595757992019406e+00
4.836783459510873406e+00
6.214514332203679103e+00
1.055752082917978463e+01
7.772748233250494909e-01
1.049605146462180905e+01
2.353865567151572247e+00
1.047585231161251507e+01
2.791667618691153319e+00
1.475535257982295789e+01
1.120734965749920597e+00
2.056588484709952258e+00
1.579714372486232810e+00
9.297073112487510116e+00
3.705027320984691563e+00
5.417049008029945156e+00
3.358294214867731498e+00
7.099152386168370299e+00
9.695263482367794339e+00
4.368888902981797884e+00
9.438346689052394822e+00
2.981460773428608935e+00
1.783217428125782433e+01
1.255958533604463190e+00
3.500538352128034436e+00
2.396759322315725083e+00
2.178569410324791011e+00
6.103297974711446194e+00
9.978736865901884912e+00
4.395473175043943748e+00
4.842021945127141791e+00
1.137370545630967911e+01
2.007353754646665323e+01
3.345785052108074087e+00
5.076505019846703881e+00
2.032249110524220193e+00
2.211869933369109376e+01
2.536595677155569106e+00
1.413907617910670211e+00
1.656117684919450606e-01
2.991075858490750417e+00
7.764705258579364333e+00
3.260673238207602243e+00
1.049063190765153486e+01
4.856186500728541411e+00
9.150193549564841433e+00
1.154948925292604578e+01
5.116544912086068209e+00
3.304422248695299658e+00
9.432327193129500742e+00
3.190651443839495283e+00
1.161432183730977208e+01
4.652285119163764193e+00
2.429639439029975367e+00
1.415094403989487226e+01
3.157123650781266111e+00
3.772888869553682856e+00
2.202538025646943964e+01
7.428511573135123669e+00
4.884084195941413853e+00
4.944429095455830314e+00
1.883846975230226262e+00
