1.440418078169109828e+00
1.096996247432120875e+00
1.991275347381730176e+00
1.773750814411145127e+00
1.273777905128258281e+00
1.459585606436175187e+00
1.328294403362384024e+00
8.173763699000259342e-01
1.045640082794865533e+00
1.412080477182719784e+00
1.431737410829321044e+00
1.642486023984920829e+00
6.357932475225644975e-01
1.378107347894232504e+00
1.344810566330882917e+00
1.212409082470071064e+00
1.419961345794833463e+00
1.552141060099528236e+00
1.458278992552382469e+00
2.399875507766236371e+00
1.598746619695343263e+00
1.649605287389060759e+00
1.475267965976470252e+00
1.604876386074052474e+00
1.507301874433798261e+00
1.602566657111832882e+00
1.371456610322394187e+00
1.596970204635169699e+00
1.703869843851080201e+00
1.160602556994313916e+00
1.528552382760838491e+00
2.242960048323934252e+00
1.459717570381104279e+00
1.031724798723618219e+00
1.376152006866646405e+00
8.594069478928595407e-01
1.291095952090793642e+00
1.290272663544468124e+00
1.369948143499479354e+00
1.191542244630358738e+00
8.343800560324454718e-01
1.104695416829274413e+00
1.008437650170235234e+00
1.089334638966208857e+00
1.399703951110894629e+00
1.194946824338681601e+00
1.016614748491007747e+00
7.823470423910637850e-01
1.280646311252878089e+00
1.154383834724696856e+00
1.242383196849057292e+00
1.621438047147176320e+00
1.450647287938546581e+00
1.499889295817451007e+00
1.280365826910911720e+00
1.011383156117606319e+00
1.511034164852945061e+00
1.113336749861913111e+00
1.963960721849836721e+00
1.497009624224979074e+00
1.785883079056126865e+00
1.380814590337594794e+00
1.766414333390695424e+00
1.414826211067238715e+00
1.313482691601496999e+00
1.598373427143992220e+00
1.683422816831390278e+00
1.450331459285810087e+00
9.116505002898298571e-01
1.102424753912540245e+00
1.527379465120616286e+00
1.641459371923793986e+00
1.557990964142754287e+00
1.356594402549716971e+00
1.378743216502721802e+00
1.006283075559999185e+00
1.595567369267830715e+00
1.250979022839270982e+00
9.243775975066707007e-01
1.426946402410407266e+00
2.047403111846669344e+00
1.275787236438753247e+00
2.180326548404933451e+00
1.381254537253371106e+00
1.337401817857557518e+00
1.551641154324250094e+00
1.668140390811358120e+00
1.502864606911181067e+00
1.428196988823390301e+00
1.227895312958540819e+00
1.287816096135183885e+00
9.136168028258961904e-01
1.999233290420934894e+00
1.573457896742387563e+00
1.290460201169265408e+00
6.954940120097092837e-01
1.666123617500263165e+00
6.272113422795863036e-01
1.471316475511166955e+00
1.456321140990462837e+00
8.607473203689071095e-01
1.900320471540752010e+00
8.537899395623573806e-01
1.066122549660472707e+00
1.116591924705029992e+00
1.237697530768623322e+00
1.610540788166377357e+00
9.594652132398894251e-01
1.616469764493766670e+00
1.702783449113999703e+00
1.709727035601316780e+00
1.341723888858604941e+00
9.214862470382011450e-01
1.171472263682894477e+00
1.333329064645476514e+00
1.044027850663152179e+00
8.056566184015850896e-01
1.843445439345671621e+00
1.192217156188254634e+00
1.194091960609207748e+00
8.117386190960698134e-01
1.472057242033894431e+00
7.016532569736232405e-01
1.235463688224752277e+00
1.291168127923088216e+00
1.130991427068825050e+00
1.518568149538962908e+00
1.288286429926674526e+00
1.614538504927342855e+00
1.348895621011340751e+00
1.017826515265919385e+00
7.490509696631555414e-01
1.221101661527260740e+00
1.515104738037898358e+00
8.695893636317230113e-01
1.297237599757371962e+00
1.482737552459165054e+00
8.386500584753195930e-01
1.509266336438860101e+00
1.480333721538327652e+00
1.470503006007402913e+00
1.005942200602295999e+00
1.648808162276895750e+00
1.538400605430789936e+00
1.493343264084157296e+00
1.672298096049494642e+00
1.760202507814419670e+00
1.091957599012272961e+00
1.348960944028683606e+00
1.467980668429851088e+00
1.636864686679718295e+00
1.529381078778262237e+00
1.253858542174482560e+00
1.598157697920874476e+00
1.580502325756076853e+00
1.356622313968056881e+00
1.231202644898361287e+00
8.386823598942393376e-01
7.976727272394310564e-01
1.421262935009504735e+00
1.487087969675477073e+00
1.594161134585520223e+00
1.779978866618699973e+00
1.268930732021600560e+00
1.451411564584550007e+00
2.255189865818175043e+00
1.144138885566878816e+00
1.208586362225869237e+00
1.859704157553086601e+00
1.570416925250351037e+00
1.026194796550655264e+00
1.086169719414861845e+00
1.646750317262799079e+00
1.122756953967783744e+00
1.352390794530491158e+00
1.725426086170515960e+00
1.455201685227380803e+00
1.389495583387318156e+00
1.362445219096155125e+00
1.520028622745935198e+00
1.201847345750208573e+00
1.385818478444259094e+00
1.404115355979595581e+00
1.332906138526740003e+00
2.055405211790290565e+00
1.201929983274273361e+00
5.088133275391377719e-01
8.175198877303753164e-01
1.161839141684805954e+00
1.602535274670772392e+00
1.882730814873934122e+00
8.103289675921154789e-01
1.127655514326608044e+00
1.100546657811989126e+00
8.967770045706343618e-01
1.290263541845245054e+00
1.009659866823696461e+00
1.533898338678221895e+00
8.443589199514064392e-01
1.491026741495047325e+00
1.719519697480613507e+00
9.810406058132344898e-01
2.124878163291649358e+00
7.070496603522566925e-01
9.534739577889319584e-01
7.186816208997908184e-01
2.067780985974374985e+00
1.558471922851013547e+00
1.448190064718695824e+00
1.388975255012056431e+00
1.229314481697096895e+00
7.667261177413297046e-01
7.442517370719909930e-01
1.102593289770413376e+00
8.925846492485499661e-01
1.745208392612226378e+00
1.040026096095907127e+00
1.525795049423564143e+00
1.256172813193155102e+00
1.469713772741020108e+00
1.623470319979831933e+00
1.519932356425551578e+00
8.682274820665981663e-01
1.088166285789623711e+00
9.020272924000162229e-01
1.636425920039306314e+00
1.290413415694566579e+00
9.926648180572374969e-01
1.221979660268607271e+00
1.120573996867448407e+00
2.142335019133821294e+00
1.409330778749917190e+00
1.198925126689315945e+00
1.887903702609652123e+00
1.188738260572559380e+00
1.089735710320237194e+00
1.487495500607780574e+00
1.356337519854443840e+00
1.652703252768405129e+00
1.095827393842538688e+00
1.700048756179661336e+00
1.252923138468198472e+00
1.471225165493378562e+00
1.728391722343000980e+00
9.622210559509046801e-01
1.394139275308525772e+00
1.621988726718283091e+00
3.581716234986225267e-01
1.103654880014578010e+00
1.263516680350511789e+00
1.343452137559482784e+00
1.503830942084518174e+00
8.899692178278971744e-01
1.452348543507373746e+00
1.862887041056459525e+00
1.162707273834000299e+00
1.530637835651254886e+00
1.359530921065802200e+00
1.084053753091692274e+00
1.119482702544884800e+00
1.218853153939256639e+00
2.233327491873268844e+00
1.310789775959281034e+00
9.613963614004291669e-01
1.572432516981039363e+00
1.244025594656176015e+00
1.576834394802495654e+00
1.717370245870141421e+00
9.589950021260356117e-01
1.507175217933789391e+00
1.669625637993841005e+00
1.506291211887813342e+00
1.177500677384576422e+00
1.297055308288766584e+00
1.562765167223022722e+00
1.548106307268211079e+00
1.230569397122358133e+00
1.138594693226611554e+00
1.636583188314541859e+00
1.173899249878603390e+00
1.583515204874844651e+00
1.531740106657248024e+00
1.517055863134689098e+00
1.809847427043381307e+00
2.091214903349590148e+00
1.388589976778608959e+00
1.006260300715488665e+00
1.605748498007532943e+00
1.044262721947672334e+00
1.075308979355134698e+00
1.032415590733817501e+00
1.246635352172280609e+00
1.873548053570996963e+00
1.276877309035947317e+00
1.101159156817664186e+00
1.341011668231553600e+00
1.337033621233703506e+00
1.594067417069497283e+00
1.343608749939176228e+00
1.676719783031895394e+00
1.017687217395786714e+00
1.500039215245300817e+00
1.215626590820803932e+00
1.937633275825936918e+00
1.648576326724599639e+00
1.541542954963448064e+00
7.224904484067582455e-01
2.332066693131648272e+00
1.510008077577541741e+00
7.348968038777270451e-01
1.050116297264223286e+00
1.199178076622189337e+00
1.425690528815791946e+00
1.596228988523263892e+00
1.218085096852961513e+00
1.256252834924210804e+00
1.286876806034868315e+00
1.109521765970728158e+00
1.439028309412724083e+00
1.323869065131826117e+00
1.471155518172968968e+00
1.868808036027673536e+00
1.528366245378768085e+00
1.565966502634045243e+00
1.670342462867516975e+00
1.445058734330560091e+00
1.079587996821299578e+00
1.282797273859192844e+00
1.156807738032467725e+00
1.569615393478206000e+00
3.651515150210193905e-01
1.134352126588685561e+00
1.619918292310185803e+00
8.245392502619303121e-01
1.396720586702528077e+00
1.755216043826258732e+00
1.416767452343446587e+00
1.295189684303013067e+00
1.189368177169946472e+00
1.494387779070259548e+00
1.215077778475134318e+00
1.456010549659384479e+00
1.156514726378325530e+00
1.199308273035276873e+00
1.973433933178164956e+00
1.689621715457684470e+00
2.026226069289956744e+00
1.061724149152642349e+00
1.799341737929357032e+00
1.387900030287334108e+00
2.430477191928906322e+00
9.376705866992166571e-01
1.488358826658186418e+00
7.298567917300579078e-01
2.007939252975456057e+00
1.626996957605781668e+00
1.003191238993880852e+00
1.692661777775561482e+00
1.682997373658405627e+00
1.734978590920457364e+00
1.790146403980145129e+00
1.205901626848645103e+00
1.588314975080803881e+00
3.587613441561237071e-01
1.432870363667684499e+00
1.296285590925715825e+00
1.833377425953605755e+00
1.708945617165638531e+00
1.073266913421077051e+00
1.561055812274370291e+00
1.567632457980350669e+00
1.579546407694052412e+00
2.279186074875726220e+00
1.222782648944475747e+00
1.287645945519400037e+00
1.123718002392392945e+00
1.725899357567193482e+00
9.089820541219965078e-01
1.962216492274622581e+00
1.912081508593181933e+00
1.389690105135801712e+00
1.416197398928737750e+00
1.940970942433005275e+00
1.116380102649309647e+00
1.631263842699996802e+00
1.513163872639155416e+00
9.766450102320166637e-01
1.187890681540039628e+00
9.027383510137610978e-01
1.640890636906815470e+00
1.292543925271072647e+00
1.203289063184999286e+00
1.386612469992045460e+00
1.422806625402905922e+00
1.091089758747074923e+00
1.069387696916052510e+00
1.167631026925184612e+00
1.768101555723394780e+00
1.234952613445201575e+00
1.551299214708397489e+00
9.692374648510844182e-01
1.325941196744354400e+00
1.864797610522893168e+00
1.207499573648705082e+00
1.490245732996291927e+00
1.883896257457354784e+00
1.648038422764631417e+00
1.261334040695046621e+00
1.047619248216763221e+00
1.538452865718229701e+00
1.243605136409302148e+00
1.711514013295561076e+00
1.131747886393331903e+00
1.401035840352491846e+00
1.316129738814956651e+00
1.274299838051454969e+00
2.212869041940850323e+00
7.932131452092731072e-01
1.478783012027292454e+00
1.756052386567096502e+00
1.845723554318439374e+00
1.383802621820849454e+00
1.637023198505967558e+00
1.273107369888232476e+00
1.810232864842258538e+00
1.293530846119068212e+00
1.592337917068000985e+00
1.515846968021209884e+00
1.574071137396730657e+00
1.188865890585033780e+00
1.112627348973871833e+00
1.398968788961087339e+00
7.255154509451275935e-01
1.336590500488942901e+00
1.680484967996252132e+00
1.661894204705835376e+00
1.725660253487548257e+00
1.550821632981087106e+00
1.237662752215643813e+00
1.461004639210274680e+00
1.744993543699646654e+00
5.223843188574766039e-01
1.244062910137858635e+00
9.769756050450643103e-01
1.278039721055975075e+00
1.539550766691148542e+00
1.568360413157217748e+00
1.303529792484282579e+00
1.447619720556683420e+00
1.432886422253237590e+00
1.158849360704367282e+00
1.279825751329336736e+00
1.233426620731453038e+00
8.666584281533676881e-01
1.543283407621516057e+00
1.802773497438031169e+00
1.499344920577939222e+00
1.204270500789309750e+00
1.258345818012966744e+00
1.487752411218049797e+00
1.595477525225077242e+00
1.215075970883895851e+00
1.119258467604490992e+00
1.142162022178165204e+00
1.348060743614235779e+00
1.819763521081887214e+00
2.233855377215533178e+00
1.050826564186194689e+00
1.789639532859990112e+00
1.085763427043967999e+00
1.409372393396734369e+00
1.491904384932468464e+00
1.165257279487315278e+00
1.585753800416789483e+00
1.476499322101189282e+00
9.947466396612001382e-01
1.418279506248168120e+00
1.681629192380825755e+00
1.609119735138585305e+00
2.009919566677870417e+00
1.053054237756792411e+00
6.351228893269281750e-01
1.424851032766033532e+00
1.880070395157658503e+00
1.147300923331996181e+00
1.057936207688874530e+00
1.522589943427586467e+00
2.140084458772722797e+00
1.188986948367241503e+00
1.521634711164255860e+00
1.402625117671948640e+00
1.530800825462562909e+00
1.946898509522464904e+00
1.830141962667128697e+00
9.786116515843698016e-01
1.631254989240656039e+00
1.397656398754504092e+00
1.478691505863640510e+00
1.831556289938278459e+00
1.603656600310191083e+00
1.150246007556182892e+00
1.451890158449792079e+00
1.658842853868693679e+00
9.188771631990259037e-01
1.620528241390254420e+00
1.601109976190926876e+00
6.236221518568562106e-01
1.770078306011976688e+00
2.093293926808419414e+00
1.262898096200581799e+00
1.730657474910353599e+00
1.245802479608719482e+00
1.317397549106972710e+00
7.142578649261286383e-01
1.231000275137852595e+00
1.208896118993327606e+00
1.318709415219595060e+00
1.422245261268386241e+00
1.117835214753153616e+00
1.232686752948748854e+00
8.022357909499461259e-01
1.525264020279295973e+00
1.066027860577957176e+00
2.036782614106900091e+00
1.303631072965461657e+00
1.755930988567243611e+00
1.679961092207795215e+00
1.678145172794414108e+00
1.178565195126490606e+00
9.085467656683529070e-01
1.190679802604639903e+00
1.526479353486825508e+00
1.067226016390327326e+00
1.349852722608630984e+00
1.853683651231032181e+00
1.203500922310876575e+00
1.159206532467478068e+00
8.677278229222388228e-01
1.427902205542553649e+00
1.481907261439549650e+00
1.394206667313901082e+00
1.327200834833782261e+00
1.423901189253117705e+00
1.587976338804652388e+00
1.672494710936712536e+00
1.596026002475032346e+00
1.654224016954170207e+00
1.848687962350405112e+00
1.720093286398492571e+00
1.666613995044061713e+00
1.183686751491568545e+00
8.426144450862386170e-01
1.746779457966935345e+00
1.556374491493696555e+00
1.467280312394518171e+00
1.311651731368917551e+00
1.492005794302939004e+00
1.605037669886753227e+00
1.010455365777208403e+00
1.019145639498355127e+00
1.395448083266447981e+00
1.738678015461017523e+00
1.606803529761454685e+00
1.492323400824573154e+00
9.812959648902560561e-01
1.998383133749924934e+00
8.880388617753447456e-01
1.857073027938475507e+00
1.258341277734640995e+00
1.405534935184208800e+00
1.050575714232797386e+00
1.147470701863592124e+00
1.218419832584967555e+00
1.317751135196250534e+00
1.299878294346021868e+00
1.140370824693198282e+00
1.427902809909979753e+00
1.527757057079476732e+00
1.481691369482937226e+00
1.494961414771832864e+00
1.806914188146088840e+00
1.455796173459192655e+00
1.851190835054316031e+00
1.329755739115957791e+00
1.484236597464400287e+00
1.149758744849229686e+00
1.302249611587225964e+00
1.621704718874899864e+00
1.356050944032567207e+00
1.253501658135244279e+00
1.416667359286957639e+00
1.923754599404248866e+00
1.452161063056303769e+00
1.825838045937227871e+00
1.632345888403457179e+00
1.448871913190593164e+00
2.046277016663196502e+00
1.351400276532325639e+00
1.845789785691593465e+00
1.493240414039235020e+00
8.413286537098767504e-01
1.242083261293706720e+00
1.651782192155496487e+00
1.427380599696977281e+00
1.226416857091077395e+00
2.280271636502644750e+00
1.721035994111616008e+00
1.466514895304576349e+00
1.222378011999433411e+00
1.281855687045838854e+00
1.358047698111233270e+00
1.183044954462783238e+00
1.326635961086995108e+00
1.790154078511879465e+00
1.592657201933063593e+00
1.445860241058448681e+00
1.052833718513901173e+00
1.751698415376567119e+00
1.948361186298859904e+00
1.602071974008923316e+00
2.344449615812982390e+00
1.038329787501998558e+00
1.764821825823411183e+00
1.287279872556857718e+00
1.265158394492722937e+00
1.390776438452818509e+00
1.091224197508674498e+00
1.415471885278635211e+00
2.251358037742470231e+00
2.183356218076681898e+00
1.667833233748058586e+00
1.752680837811858572e+00
1.373303630292031396e+00
9.876263211391302921e-01
1.301138572055428044e+00
1.488237688330612984e+00
2.002315603046691539e+00
1.549100453161784463e+00
1.495452505426114298e+00
1.218879439126527409e+00
1.943718874204594993e+00
1.770995238885545664e+00
1.579978512893682518e+00
2.406175089423901348e+00
1.556968757906591394e+00
1.058589554644062014e+00
1.587083653800505312e+00
1.127149079731182724e+00
1.018189522385080759e+00
1.103067253938904146e+00
6.496278051024946265e-01
1.218941505792629609e+00
1.631938032150903162e+00
1.576182829099620930e+00
1.278765767365196204e+00
1.339689994154475317e+00
2.791540087268283288e-01
1.266224748147141144e+00
1.917330838291106287e+00
1.500500623027482883e+00
1.412505713129213358e+00
1.378955887438041650e+00
1.604546708398061128e+00
7.054158210554956066e-01
1.377307610844413999e+00
1.335464510734136523e+00
9.562281918249493362e-01
1.489780060877213153e+00
1.451039272070905994e+00
1.606304305273743571e+00
2.285575956050407420e+00
1.630571369670183124e+00
1.560522349517779350e+00
1.085826599449960517e+00
1.403807050284418656e+00
1.062667792855705562e+00
8.353544145474173233e-01
1.211364076889374530e+00
8.910877234737668573e-01
1.064423842371354567e+00
1.042875958828984206e+00
1.462222797652803941e+00
1.318580192937916618e+00
1.201486906358871121e+00
1.269620686004455212e+00
1.366015937898177324e+00
6.529908625124531962e-01
1.767701922713682761e+00
1.483979644510531104e+00
1.878516179140718778e+00
9.916085830207358454e-01
1.190036183904623845e+00
1.519831058920380285e+00
1.337230884556078303e+00
1.508515159005171524e+00
9.023725668153307344e-01
1.211061530276064113e+00
1.472198128115778992e+00
1.948346324291654774e+00
8.838633350890868767e-01
1.125101562314019477e+00
1.838896235402544210e+00
1.154117180580055413e+00
8.933935212746612065e-01
1.151218632705780731e+00
1.625789353808163140e+00
1.248426691193103011e+00
1.750798040359243579e+00
5.618264320096657549e-01
2.029812280296915628e+00
2.678657656589475411e-01
1.716128161584451917e+00
1.775488110267857467e+00
9.310053027247483515e-01
1.244432663904355252e+00
1.946377433111850852e+00
2.149531031455131913e+00
8.038204349355135836e-01
1.473592917823516979e+00
1.173978367547038548e+00
1.469476328863538850e+00
7.461312361210309385e-01
1.246930759046900983e+00
1.861597153872074584e+00
1.600749253689346840e+00
1.457643742532922282e+00
1.179434384505219979e+00
1.722407656237513018e+00
1.714943294229676729e+00
2.035328699970802901e+00
1.121753408499558180e+00
1.696156644870860042e+00
1.300738689326458308e+00
2.214184325390945673e+00
1.509278464014208287e+00
1.305374542998248177e+00
9.852167434827125980e-01
1.345917344448400721e+00
1.302910123291463051e+00
1.548887770937571462e+00
1.147956315271891015e+00
1.319302073878218184e+00
1.332388918149711943e+00
1.482671442474611689e+00
1.145709787583494954e+00
1.574845489772969565e+00
1.041278157447286690e+00
1.471971094058585505e+00
1.097241539234225405e+00
1.551090102523736691e+00
2.102549198999718261e+00
1.608961949434673855e+00
1.529845015253856522e+00
1.191679141079595050e+00
1.486268415273570787e+00
1.700733142775970874e+00
6.018188492646379117e-01
8.213068648349559631e-01
1.470023115469320629e+00
1.568691495069037822e+00
1.303299979538968811e+00
1.483924765179469807e+00
8.125893229451762734e-01
1.436445259649991923e+00
5.338735372443296212e-01
1.490201873430212043e+00
1.329829562148659328e+00
1.265526014115969433e+00
1.339409844528493876e+00
1.204372806987267008e+00
2.056969964613628132e+00
1.279111673364142110e+00
1.185100115970744383e+00
1.676316514806067470e+00
1.372459850982775675e+00
1.183971600332457408e+00
1.900058229657877851e+00
2.379104576266196647e-01
1.208780624802697101e+00
9.574393076630057786e-01
1.254792836196115591e+00
1.336622624253091418e+00
1.286544427732962292e+00
1.223008971292776748e+00
1.548115764500638925e+00
3.140199294783128647e-01
1.753520643811800062e+00
2.080525872920075070e+00
1.224826856697819322e+00
1.672415199002327935e+00
1.669624127206563280e+00
1.671177698150106306e+00
1.304688377663750565e+00
1.924616410328131577e+00
1.538499087558905298e+00
1.509356855491523319e+00
1.995803093820350593e+00
1.746427211330439100e+00
1.262182318793095170e+00
1.333941881202070912e+00
1.871806701506157022e+00
1.389431450192638362e+00
1.565324049077856605e+00
1.627075700788699564e+00
2.162543614844238515e+00
1.567358916296871518e+00
1.060955460590906840e+00
1.499543553395023210e+00
1.151485295180348478e+00
1.059477633445055078e+00
1.825174246461501948e+00
8.586645918959491253e-01
1.621243021464679801e+00
1.432733138182776367e+00
1.229692579664637853e+00
9.507610256338084875e-01
1.136156684399579619e+00
1.116279230481220353e+00
8.744048149179257656e-01
1.400466493019348446e+00
1.366509338517291061e+00
2.337706353648871360e+00
1.437292393423490688e+00
1.411713877970524278e+00
1.179133282614004186e+00
8.776087660207979591e-01
8.979518084608071327e-01
1.348767581787626346e+00
1.982954726988021443e+00
1.168995039203565289e+00
1.542603321616625278e+00
1.667023958255459570e+00
1.051519727012357519e+00
7.968073117698039054e-01
1.023510175686363821e+00
8.813318241498601102e-01
1.996244219977093337e+00
9.354437622294435872e-01
1.610099715719559121e+00
2.049661784974078138e+00
1.362821712735148294e+00
2.043288493126451666e+00
1.494278624030654701e+00
1.363586601011191002e+00
1.773222925331907174e+00
1.569419151095400311e+00
1.861137387418584588e+00
1.204874430990179768e+00
8.428815121761431550e-01
1.319240892575867630e+00
1.590620108324554804e+00
1.826762984698500958e+00
1.781039139741164679e+00
5.469006492776468109e-01
1.125198101815822360e+00
2.218857193941788708e+00
1.676769119404170949e+00
1.122350181103295430e+00
1.695132031396341610e+00
2.174276102883377249e+00
2.259316199176915951e+00
1.671242378408470231e+00
2.037313289708675867e+00
8.268156117232320357e-01
1.254186664796757000e+00
1.084266105093264265e+00
1.367071552331478701e+00
1.448843700352848929e+00
1.258779102115379800e+00
1.691750840869817196e+00
1.142273680514872769e+00
1.004470067829982272e+00
1.012283993810672467e+00
1.215423029884976414e+00
1.329285290913477358e+00
1.559982377695572797e+00
1.582681858695566879e+00
1.500462091687161825e+00
1.446669787156408482e+00
1.045269640813652590e+00
1.727748127793165667e+00
1.653912334374425530e+00
1.388367216758575884e+00
1.077179597803332944e+00
1.168065644967297700e+00
1.921109208258923395e+00
1.047965561008566748e+00
2.962257322580251984e+00
1.026381986814510316e+00
1.411137780722822921e+00
2.099113770615116614e+00
1.382027564958821397e+00
1.202678579735475095e+00
2.175146235384493920e+00
1.327271019219198100e+00
1.612509097408755920e+00
1.584389502399482508e+00
1.815173968237542512e+00
1.205042611548128972e+00
1.179047892918516194e+00
9.057587108894185057e-01
1.101912169165941702e+00
1.437397144627817092e+00
1.280853677581704320e+00
1.401765164980435241e+00
1.601704726932123402e+00
1.106681620961323498e+00
1.768016504914148745e+00
1.409902165987056755e+00
1.753159104718586159e+00
1.171441101010636254e+00
1.172334130287387310e+00
8.364171451850137551e-01
1.069913591946002995e+00
1.844645355271776088e+00
1.125657600998803298e+00
1.177880725091581260e+00
1.490886119618282990e+00
1.183101464085756227e+00
1.959671559986851275e+00
1.944727145051396100e+00
1.728559823655271277e+00
1.836151559178620163e+00
1.592180049543647558e+00
1.279122488224566867e+00
9.261833824891811950e-01
1.057935469226247260e+00
1.282592852699109498e+00
1.616613598214628134e+00
1.172891522660570951e+00
1.716547055846160408e+00
1.724890404764311658e+00
1.378532850929601095e+00
1.112103415192182698e+00
1.582386418166122910e+00
1.461989305284963070e+00
1.500261025470535525e+00
1.974144959638007402e+00
2.341121374857647819e+00
1.278294506543906417e+00
1.521186484079489531e+00
1.292979222859747646e+00
1.795225637410333475e+00
1.117141461600303032e+00
1.238992372581558143e+00
8.781970759583656028e-01
1.383256652049434710e+00
2.073755663045145248e+00
1.325167937271520158e+00
1.270595317258969015e+00
1.169229798895096373e+00
1.134222637464656458e+00
1.996972634972121963e+00
1.161108475885511915e+00
1.287795875787651090e+00
1.675813448915846049e+00
1.433230540562236754e+00
1.895704178346353075e+00
1.902681070859349788e+00
1.389591408668758854e+00
9.791118541633851979e-01
1.195543739874926681e+00
1.735768272968710502e+00
1.498237182104143139e+00
1.884797682686467635e+00
1.649868051826633764e+00
1.777326037763826694e+00
1.187716015680047921e+00
1.197960737694260702e+00
1.743767810954685471e+00
1.559215928822575092e+00
1.163329858788457072e+00
1.597760908102541899e+00
1.139328956710149665e+00
8.092946606714669366e-01
1.881095514361800225e+00
1.368054164516071314e+00
1.723043880357556956e+00
7.285119006553305576e-01
1.188411648269959153e+00
1.822243965891299888e+00
1.497391332627229010e+00
1.343400433530111959e+00
1.538006652718453049e+00
1.376718217376429854e+00
1.555175151180824500e+00
1.125156235664907411e+00
1.039783900823701979e+00
1.455223340179745195e+00
1.542774526107236310e+00
8.405965574739930890e-01
8.336392653453643664e-01
1.519711528438432602e+00
1.349918547778387046e+00
1.280895036426796807e+00
1.961392747489554944e+00
1.841088672463695675e+00
1.707757583479488916e+00
1.229104405284137780e+00
1.841993684584265933e+00
