2.246251851320266724e-01
-2.244836091995239258e-02
-3.911153599619865417e-02
1.085971295833587646e-01
-2.914973907172679901e-02
2.307986468076705933e-01
5.646966397762298584e-02
1.320472955703735352e-01
1.500178277492523193e-01
1.328748315572738647e-01
3.792611360549926758e-01
1.952757537364959717e-01
1.232374459505081177e-01
1.651632189750671387e-01
1.890213787555694580e-01
-8.599630743265151978e-02
2.908707857131958008e-01
2.787664532661437988e-01
1.275639832019805908e-01
-1.644590944051742554e-01
3.471040427684783936e-01
3.380237221717834473e-01
2.160508781671524048e-01
2.780699133872985840e-01
2.003237456083297729e-01
3.701058924198150635e-01
1.253918558359146118e-01
1.122141405940055847e-01
3.899929821491241455e-01
2.996338903903961182e-01
-6.534957885742187500e-02
2.868332862854003906e-01
3.939471542835235596e-01
1.228395327925682068e-01
5.849767327308654785e-01
2.998089790344238281e-01
-4.260209575295448303e-02
-3.197708725929260254e-02
2.270431071519851685e-01
1.623848974704742432e-01
3.567011654376983643e-01
3.058169782161712646e-02
-6.171311065554618835e-02
4.205838441848754883e-01
3.453292846679687500e-01
2.670423686504364014e-01
1.724718324840068817e-02
8.346861600875854492e-02
2.547675371170043945e-01
3.358097374439239502e-01
1.294363588094711304e-01
-1.236650049686431885e-01
1.447589248418807983e-01
2.507791221141815186e-01
3.691432252526283264e-02
1.781759560108184814e-01
2.002025693655014038e-01
3.128725886344909668e-01
-1.313266307115554810e-01
1.696883589029312134e-01
1.756387501955032349e-01
2.398932725191116333e-01
2.785357236862182617e-01
2.163242697715759277e-01
1.795338583178818226e-03
6.572674214839935303e-02
1.266468763351440430e-01
1.632080525159835815e-01
2.797129452228546143e-01
4.525268077850341797e-02
6.331330537796020508e-02
-5.989761278033256531e-02
9.392447769641876221e-02
1.416381150484085083e-01
2.646125257015228271e-01
8.487602323293685913e-02
2.120196074247360229e-01
2.082430869340896606e-01
3.249421715736389160e-01
3.765579462051391602e-01
5.452293530106544495e-02
-8.774412423372268677e-02
3.143030032515525818e-02
1.148077771067619324e-01
1.217441484332084656e-01
2.397516518831253052e-01
8.534594625234603882e-02
6.790488958358764648e-02
3.206234574317932129e-01
3.654166758060455322e-01
1.986096054315567017e-01
9.965893626213073730e-02
1.244173720479011536e-01
1.817508786916732788e-01
2.616162002086639404e-01
2.190859019756317139e-01
8.540099114179611206e-02
4.067253321409225464e-03
3.326592445373535156e-01
1.087452620267868042e-01
1.908128410577774048e-01
2.727057635784149170e-01
2.136209607124328613e-01
-1.655385084450244904e-02
1.552671045064926147e-01
3.076059818267822266e-01
1.756794899702072144e-01
2.834111452102661133e-01
2.927304804325103760e-02
1.704335957765579224e-01
9.073760360479354858e-02
3.034806847572326660e-01
4.401515722274780273e-01
-1.093028858304023743e-01
4.152435958385467529e-01
3.701040446758270264e-01
-1.203854195773601532e-02
5.841177701950073242e-02
7.318956404924392700e-02
2.369602397084236145e-02
2.365165352821350098e-01
1.236058548092842102e-01
-5.530885234475135803e-02
-1.143220532685518265e-02
1.032895147800445557e-01
3.301995396614074707e-01
-2.433769032359123230e-02
-2.407831549644470215e-01
-1.753357499837875366e-01
2.415262907743453979e-01
2.711867690086364746e-01
1.987613886594772339e-01
2.419668883085250854e-01
-8.815351873636245728e-02
1.176815405488014221e-01
5.567917600274085999e-02
-8.764171600341796875e-02
-1.153495386242866516e-01
2.404640167951583862e-01
2.849639356136322021e-01
4.689704254269599915e-02
4.652221798896789551e-01
3.173168003559112549e-02
-5.769957602024078369e-02
5.120208114385604858e-02
1.704392582178115845e-01
1.772534400224685669e-01
3.571798801422119141e-01
2.773934304714202881e-01
-5.009414162486791611e-03
1.970538049936294556e-01
-5.719074979424476624e-02
1.034081131219863892e-01
1.761433780193328857e-01
4.069967940449714661e-02
3.264746442437171936e-02
-1.236868947744369507e-01
2.096358090639114380e-01
2.827123999595642090e-01
-4.899083450436592102e-02
-4.315074160695075989e-02
2.865862548351287842e-01
2.049159854650497437e-01
4.700232446193695068e-01
3.004323244094848633e-01
6.082221865653991699e-02
-5.453151091933250427e-02
2.552293837070465088e-01
-2.419974841177463531e-02
7.602273672819137573e-02
-1.040641963481903076e-01
1.128737404942512512e-01
2.567894756793975830e-01
1.367533653974533081e-01
2.387345880270004272e-01
2.684722840785980225e-01
1.986506581306457520e-01
2.441042214632034302e-01
4.684904962778091431e-02
2.025720328092575073e-01
3.697773516178131104e-01
2.751283943653106689e-01
6.365969032049179077e-02
1.533700972795486450e-01
-9.611526876688003540e-02
1.325849592685699463e-01
3.842244148254394531e-01
5.060899257659912109e-02
7.395222783088684082e-02
-1.647076904773712158e-01
2.909662723541259766e-01
5.857990588992834091e-03
-1.335325986146926880e-01
9.523629397153854370e-02
2.593276202678680420e-01
2.833976447582244873e-01
-1.693985238671302795e-02
2.652493715286254883e-01
6.789205968379974365e-02
1.550424993038177490e-01
1.054518222808837891e-01
5.993777886033058167e-02
8.981055766344070435e-02
5.429141223430633545e-02
3.918286785483360291e-02
-1.791365677490830421e-03
2.042329609394073486e-01
8.265992999076843262e-02
1.477710753679275513e-01
3.922347426414489746e-01
1.902210563421249390e-01
5.224759578704833984e-01
9.190491586923599243e-02
9.929373860359191895e-03
3.811123073101043701e-01
4.284850507974624634e-02
4.656382501125335693e-01
-1.349873095750808716e-01
3.424693942070007324e-01
1.741904467344284058e-01
-8.326815813779830933e-02
7.614862173795700073e-02
-1.154854986816644669e-02
3.686276823282241821e-02
1.190604493021965027e-01
2.074390649795532227e-02
2.371923625469207764e-01
2.535133957862854004e-01
3.120406568050384521e-01
1.913725584745407104e-01
1.638307571411132812e-01
6.129465997219085693e-02
-1.273222547024488449e-02
1.092948243021965027e-01
-2.313287705183029175e-01
1.017622426152229309e-01
1.146369427442550659e-01
3.303704559803009033e-01
2.558184266090393066e-01
1.403891891241073608e-01
-5.657324939966201782e-02
-6.934836506843566895e-02
-1.324620284140110016e-02
1.347822695970535278e-01
6.667972356081008911e-02
4.207685887813568115e-01
1.211652606725692749e-01
9.227957576513290405e-02
2.527273297309875488e-01
-5.062097217887639999e-03
2.492355853319168091e-01
4.199329316616058350e-01
1.685499250888824463e-01
-1.816913634538650513e-01
-9.403006732463836670e-02
4.942496865987777710e-02
2.721544802188873291e-01
3.693846762180328369e-01
5.784491542726755142e-03
4.526337385177612305e-01
3.648705482482910156e-01
1.924417316913604736e-01
2.694206833839416504e-01
3.064940869808197021e-01
2.770676910877227783e-01
-1.623631417751312256e-01
3.561289981007575989e-02
-4.760588984936475754e-03
2.433867454528808594e-01
1.855793893337249756e-01
3.019340336322784424e-02
2.632134556770324707e-01
2.520689368247985840e-01
6.274155974388122559e-01
1.603475958108901978e-01
4.125213325023651123e-01
2.315088175237178802e-02
2.429138869047164917e-01
-2.741133794188499451e-02
3.158874213695526123e-01
2.080744951963424683e-01
-5.163993686437606812e-02
2.543593943119049072e-01
-1.213649567216634750e-02
3.642782270908355713e-01
-1.629141718149185181e-01
2.367621660232543945e-01
4.448497593402862549e-01
8.137364685535430908e-02
1.036940440535545349e-01
3.661230206489562988e-02
3.042039573192596436e-01
1.824804544448852539e-01
8.089544624090194702e-02
4.722919464111328125e-01
3.212560713291168213e-01
1.346644759178161621e-01
2.503720819950103760e-01
3.059973716735839844e-01
3.903868198394775391e-01
2.145369946956634521e-01
-3.665304183959960938e-02
7.109157741069793701e-03
7.643920183181762695e-02
2.751632034778594971e-01
-7.902189344167709351e-02
3.032043576240539551e-01
-2.008196562528610229e-01
6.924996525049209595e-02
8.940548449754714966e-02
2.454734891653060913e-01
3.296631574630737305e-01
8.678688108921051025e-02
8.937662094831466675e-02
1.442690640687942505e-01
-4.393799975514411926e-02
7.251306623220443726e-02
9.990094602108001709e-02
2.501530349254608154e-01
2.137543261051177979e-01
9.987904876470565796e-02
1.547224968671798706e-01
1.748224794864654541e-01
-1.026871874928474426e-01
2.512853443622589111e-01
3.218377232551574707e-01
2.742446064949035645e-01
-4.839671775698661804e-02
3.396894335746765137e-01
2.428009510040283203e-01
-7.491697371006011963e-02
3.700033724308013916e-01
1.071109101176261902e-01
2.029339522123336792e-01
2.228661179542541504e-01
3.278712630271911621e-01
1.265751570463180542e-01
2.905596494674682617e-01
2.548143863677978516e-01
4.223975352942943573e-03
8.450204879045486450e-02
2.601977288722991943e-01
1.122244298458099365e-01
3.059686422348022461e-01
-4.805292934179306030e-02
-1.399166285991668701e-01
2.055182307958602905e-01
4.411494731903076172e-01
-5.642802920192480087e-03
3.587284684181213379e-01
-1.733136326074600220e-01
-6.926034390926361084e-02
2.413088083267211914e-01
2.583418190479278564e-01
2.601942121982574463e-01
1.193865761160850525e-01
-6.767208874225616455e-02
3.380172848701477051e-01
6.170834228396415710e-02
3.867591023445129395e-01
7.956083118915557861e-02
1.768930703401565552e-01
2.352630533277988434e-02
9.795914590358734131e-02
3.696245700120925903e-02
3.327183127403259277e-01
3.443455994129180908e-01
1.309574544429779053e-01
-1.263980865478515625e-01
6.471955776214599609e-02
4.705351591110229492e-01
1.395770460367202759e-01
4.262723773717880249e-02
2.976485788822174072e-01
1.045457273721694946e-01
2.547972798347473145e-01
3.663829565048217773e-01
5.131514072418212891e-01
2.560228705406188965e-01
1.139687821269035339e-01
2.572976648807525635e-01
4.168932139873504639e-01
6.511266529560089111e-02
1.009519398212432861e-02
1.506663858890533447e-01
2.529481947422027588e-01
2.774919569492340088e-01
1.021755114197731018e-01
2.650233916938304901e-02
3.716502785682678223e-01
-1.316561698913574219e-01
9.243529289960861206e-02
1.385953426361083984e-01
-2.084650248289108276e-01
2.035850435495376587e-01
4.084690809249877930e-01
9.292310476303100586e-02
1.337829232215881348e-01
2.980798780918121338e-01
4.280024021863937378e-02
1.413065940141677856e-01
-7.348547875881195068e-02
1.538382172584533691e-01
-7.260080426931381226e-02
-5.826659873127937317e-02
3.280568718910217285e-01
7.054011523723602295e-02
3.284127116203308105e-01
-9.661231189966201782e-02
2.915287911891937256e-01
2.518921494483947754e-01
1.093064025044441223e-01
2.971846759319305420e-01
-1.955853076651692390e-03
-7.589945197105407715e-02
2.046362161636352539e-01
1.688565015792846680e-01
1.913169175386428833e-01
3.055960536003112793e-01
4.619072973728179932e-01
3.695061802864074707e-01
1.545399278402328491e-01
3.013169169425964355e-01
2.923556566238403320e-01
4.883176684379577637e-01
-1.962479948997497559e-02
2.375201582908630371e-01
2.915114164352416992e-01
2.988922595977783203e-01
3.066831827163696289e-01
2.235741615295410156e-01
3.064519166946411133e-01
-1.502350717782974243e-01
1.028676629066467285e-01
2.840913236141204834e-01
-5.648081749677658081e-02
-4.355966299772262573e-02
-1.637188196182250977e-01
8.616694808006286621e-02
2.707770168781280518e-01
1.049925684928894043e-01
1.128311529755592346e-01
1.308434456586837769e-01
1.174250468611717224e-01
3.172378540039062500e-01
1.745311915874481201e-01
8.929669857025146484e-02
2.123860418796539307e-01
3.646397292613983154e-01
-3.759801387786865234e-02
-1.635587066411972046e-01
9.215375036001205444e-02
4.259227961301803589e-02
1.539341956377029419e-01
8.231080323457717896e-02
-6.634377688169479370e-02
9.851234406232833862e-02
-8.742076903581619263e-02
2.258955836296081543e-01
-8.088431507349014282e-02
-1.820431798696517944e-01
9.392273612320423126e-03
1.764945089817047119e-01
3.824551999568939209e-01
1.263746470212936401e-01
3.222744762897491455e-01
1.842638105154037476e-01
2.076764553785324097e-01
2.698459923267364502e-01
3.779286742210388184e-01
1.604282259941101074e-01
2.370340973138809204e-01
3.522584736347198486e-01
4.478075206279754639e-01
1.445214301347732544e-01
2.204212993383407593e-01
-1.916603147983551025e-01
2.061046361923217773e-01
3.239298984408378601e-02
-7.201230525970458984e-02
2.138961851596832275e-01
2.408909946680068970e-01
1.160123124718666077e-01
3.476672768592834473e-01
1.051695048809051514e-01
1.401548981666564941e-01
7.129707187414169312e-02
-5.911812558770179749e-02
2.648116946220397949e-01
2.164994478225708008e-01
-6.909426301717758179e-02
-1.185497269034385681e-01
4.969126582145690918e-01
2.005281448364257812e-01
6.477508693933486938e-02
5.287503004074096680e-01
-1.529479175806045532e-01
1.541786640882492065e-01
1.216057911515235901e-01
2.405512034893035889e-01
-1.804954931139945984e-02
9.190395474433898926e-03
-5.568023188970983028e-04
2.362436652183532715e-01
1.303902417421340942e-01
1.488790065050125122e-01
1.441162973642349243e-01
3.427116572856903076e-02
2.391889691352844238e-02
4.658576101064682007e-02
1.811729073524475098e-01
4.050130844116210938e-01
5.220843553543090820e-01
5.084929466247558594e-01
2.383438497781753540e-01
2.032188922166824341e-01
4.922148212790489197e-02
1.994175463914871216e-01
9.532923251390457153e-02
4.071078002452850342e-01
2.814892232418060303e-01
9.252918511629104614e-02
6.930004805326461792e-02
2.374658733606338501e-01
1.021729260683059692e-01
1.442180424928665161e-01
3.621462583541870117e-01
5.227093100547790527e-01
1.846041083335876465e-01
-1.462652999907732010e-02
-8.612494915723800659e-02
2.338985204696655273e-01
1.903860121965408325e-01
3.468121401965618134e-03
2.085871398448944092e-01
3.132748007774353027e-01
2.314658463001251221e-01
9.377568960189819336e-02
2.608575522899627686e-01
1.825603693723678589e-01
7.035329192876815796e-02
7.932665944099426270e-02
2.140816450119018555e-01
1.211784631013870239e-01
7.567948848009109497e-02
2.206841409206390381e-01
3.687680959701538086e-01
-2.169750183820724487e-01
-1.233509480953216553e-01
1.112735643982887268e-01
3.886361420154571533e-02
2.563712298870086670e-01
8.554280549287796021e-02
2.093729972839355469e-01
3.219979703426361084e-01
1.674649268388748169e-01
1.914076060056686401e-01
2.945680022239685059e-01
5.063667148351669312e-02
1.693989485502243042e-01
1.235674917697906494e-01
1.549109369516372681e-01
2.560542225837707520e-01
4.284640029072761536e-02
1.210990920662879944e-01
3.092889189720153809e-01
-2.107978612184524536e-01
3.122993409633636475e-01
3.374609649181365967e-01
-1.167695820331573486e-01
6.505038589239120483e-02
2.553731203079223633e-01
2.260425239801406860e-01
-7.356229424476623535e-02
-5.864103883504867554e-02
-1.934882067143917084e-02
-1.040218491107225418e-02
-1.063611474819481373e-03
1.897060722112655640e-01
2.923628687858581543e-01
8.611026406288146973e-02
2.677245736122131348e-01
-2.188352495431900024e-01
-2.344908192753791809e-02
2.409812211990356445e-01
2.992632389068603516e-01
3.078322410583496094e-01
1.539198458194732666e-01
3.396134376525878906e-01
6.806767731904983521e-02
2.618258595466613770e-01
4.140648990869522095e-03
1.073831692337989807e-01
6.279958039522171021e-02
2.013695538043975830e-01
1.537619233131408691e-01
5.526443570852279663e-02
-1.392941325902938843e-01
-7.399542629718780518e-02
2.401190847158432007e-01
6.829608976840972900e-02
2.545146644115447998e-01
6.733465474098920822e-03
-1.402828097343444824e-01
1.202344670891761780e-01
2.465462684631347656e-01
1.439161151647567749e-01
-3.783380612730979919e-02
3.380057215690612793e-01
1.447372287511825562e-01
3.549502491950988770e-01
4.818693399429321289e-01
1.731941103935241699e-01
1.007751673460006714e-01
4.698305204510688782e-02
3.434217572212219238e-01
3.147870004177093506e-01
3.980866670608520508e-01
3.817730247974395752e-01
3.221942186355590820e-01
-7.166609168052673340e-02
4.530523121356964111e-01
1.836742311716079712e-01
3.014139831066131592e-01
3.386704623699188232e-01
3.030306398868560791e-01
1.296241581439971924e-01
-1.542574376799166203e-03
-1.445438712835311890e-01
3.902281224727630615e-01
3.829374313354492188e-01
2.316450327634811401e-01
7.887350395321846008e-03
-3.094367124140262604e-02
1.197322532534599304e-01
3.461821377277374268e-01
9.210450574755668640e-03
1.068182289600372314e-01
3.897980600595474243e-02
3.177020549774169922e-01
4.009336829185485840e-01
3.677110671997070312e-01
1.415105611085891724e-01
-8.233804255723953247e-02
3.153728842735290527e-01
2.692598700523376465e-01
1.675916761159896851e-01
1.004348620772361755e-01
-2.897310815751552582e-02
1.285581588745117188e-01
3.859183192253112793e-01
3.637973917648196220e-03
-2.013345956802368164e-01
1.563324630260467529e-01
2.351754754781723022e-01
-1.393783241510391235e-01
3.257811665534973145e-01
9.982525557279586792e-02
2.296182215213775635e-01
5.182043313980102539e-01
3.985997736454010010e-01
-3.963627815246582031e-01
3.784589171409606934e-01
-2.288338541984558105e-02
1.902508139610290527e-01
-9.597339481115341187e-02
4.384876191616058350e-01
1.906001120805740356e-01
1.734033524990081787e-01
1.896765083074569702e-01
2.187544107437133789e-01
1.509654819965362549e-01
2.464815676212310791e-01
1.387897133827209473e-01
4.520338475704193115e-01
2.068525403738021851e-01
-1.714077778160572052e-02
9.354768693447113037e-02
-2.453619539737701416e-01
2.407885938882827759e-01
1.800601035356521606e-01
-1.732940077781677246e-01
-9.867416322231292725e-02
4.186319559812545776e-02
3.965425789356231689e-01
2.091801315546035767e-01
3.816841542720794678e-01
-1.212573871016502380e-01
2.655351459980010986e-01
2.271483242511749268e-01
2.062504142522811890e-01
2.961471676826477051e-01
2.762464582920074463e-01
5.164496228098869324e-02
3.550296723842620850e-01
2.252016067504882812e-01
-1.499681621789932251e-01
1.520364172756671906e-02
2.498558312654495239e-01
2.869457304477691650e-01
2.613258659839630127e-01
2.504110038280487061e-01
1.732016056776046753e-01
1.292721182107925415e-01
-1.466900706291198730e-01
2.326194383203983307e-02
3.024577796459197998e-01
8.772279322147369385e-02
2.664663195610046387e-01
1.337086111307144165e-01
-8.010646700859069824e-02
1.279300302267074585e-01
2.136562168598175049e-01
2.597143054008483887e-01
-9.395135194063186646e-02
5.209616385400295258e-03
-3.895388916134834290e-02
1.263069547712802887e-02
6.088750064373016357e-02
1.159828435629606247e-02
-2.195458412170410156e-01
2.174601703882217407e-01
2.427487224340438843e-01
2.476543337106704712e-01
1.260088384151458740e-01
1.870373338460922241e-01
-1.923958957195281982e-01
3.831804394721984863e-01
3.812468349933624268e-01
9.312005341053009033e-02
-1.490192115306854248e-01
2.229754328727722168e-01
1.083093434572219849e-01
-1.427195221185684204e-01
2.202500402927398682e-01
2.949986457824707031e-01
1.705115474760532379e-02
1.642797440290451050e-01
-6.068375892937183380e-03
3.666580095887184143e-02
6.772836297750473022e-02
-2.792709879577159882e-02
-1.174117773771286011e-01
4.869182035326957703e-02
3.733321428298950195e-01
3.794582486152648926e-01
1.842406243085861206e-01
-1.881693601608276367e-01
-2.029979042708873749e-02
2.789460718631744385e-01
1.130377873778343201e-01
2.307360768318176270e-01
2.746047079563140869e-01
1.165988743305206299e-01
4.552754387259483337e-02
1.740166842937469482e-01
1.282020658254623413e-01
8.454202115535736084e-02
2.215643972158432007e-01
3.817269206047058105e-01
9.350264817476272583e-02
4.188696742057800293e-01
1.588714867830276489e-01
3.221565783023834229e-01
3.176420927047729492e-01
3.205896914005279541e-01
1.762745082378387451e-01
2.767263948917388916e-01
-2.288996800780296326e-02
9.826176613569259644e-02
-2.742745280265808105e-01
1.905479729175567627e-01
3.135037124156951904e-01
9.118254482746124268e-02
2.038085162639617920e-01
2.851768136024475098e-01
2.228516489267349243e-01
1.349402815103530884e-01
-9.723317623138427734e-02
2.278574854135513306e-01
1.021526381373405457e-01
2.132110297679901123e-01
1.061726957559585571e-01
-9.782247990369796753e-02
2.451559156179428101e-01
1.078964695334434509e-01
1.390500813722610474e-01
1.199144497513771057e-01
1.894750893115997314e-01
3.365951403975486755e-02
4.342125356197357178e-02
6.154803037643432617e-01
2.619602680206298828e-01
2.636915445327758789e-01
2.518836855888366699e-01
-2.046747598797082901e-03
-2.454327642917633057e-01
1.499949246644973755e-01
1.486643105745315552e-01
1.709776669740676880e-01
3.183162808418273926e-01
-7.404620945453643799e-02
5.901294201612472534e-02
7.693062722682952881e-02
2.874998152256011963e-01
6.811232119798660278e-02
3.365610539913177490e-01
-7.050880789756774902e-02
1.542070657014846802e-01
2.162404805421829224e-01
2.233361154794692993e-01
1.780800968408584595e-01
2.546544373035430908e-01
1.275647431612014771e-01
-1.119815111160278320e-01
1.059937179088592529e-01
4.367737770080566406e-01
7.747578620910644531e-02
1.741086393594741821e-01
3.094618022441864014e-01
1.335937827825546265e-01
4.101950824260711670e-01
-1.591371446847915649e-01
2.958795428276062012e-01
1.294244378805160522e-01
4.664581120014190674e-01
-5.556763708591461182e-02
1.011757254600524902e-01
3.913759812712669373e-02
6.787003949284553528e-03
3.544066548347473145e-01
5.656361579895019531e-01
2.441897802054882050e-02
2.542440295219421387e-01
1.045307144522666931e-01
-5.498175323009490967e-02
1.652650684118270874e-01
1.186463907361030579e-01
1.274463981389999390e-01
1.324167698621749878e-01
1.925720460712909698e-02
1.226393431425094604e-01
1.011321097612380981e-01
1.699226647615432739e-01
2.187193334102630615e-01
2.284134328365325928e-01
9.219211526215076447e-03
3.466668725013732910e-01
3.063459992408752441e-01
3.273608386516571045e-01
1.539281308650970459e-01
2.654618620872497559e-01
1.231921613216400146e-01
2.230434566736221313e-01
-3.887011110782623291e-02
2.362903803586959839e-01
2.087934166193008423e-01
2.736457288265228271e-01
3.313003778457641602e-01
-1.498038880527019501e-02
1.390032023191452026e-01
4.229633882641792297e-02
-7.244210690259933472e-02
-8.611326664686203003e-02
4.917355999350547791e-02
1.487032175064086914e-01
3.072026073932647705e-01
1.939517706632614136e-01
1.116876527667045593e-01
1.896732896566390991e-01
-7.768595218658447266e-02
4.590480327606201172e-01
1.592448204755783081e-01
2.029982358217239380e-01
2.897438406944274902e-01
2.994258105754852295e-01
2.857324779033660889e-01
1.475699096918106079e-01
2.903646528720855713e-01
1.085727661848068237e-01
-1.510899364948272705e-01
9.075557440519332886e-02
3.807012364268302917e-02
1.850613504648208618e-01
3.559903800487518311e-01
3.027378618717193604e-01
2.873739898204803467e-01
8.681095391511917114e-02
4.828605949878692627e-01
1.365393400192260742e-01
2.922153770923614502e-01
-8.509733527898788452e-02
2.314954251050949097e-01
1.453271806240081787e-01
2.539817094802856445e-01
6.498103737831115723e-01
2.335521578788757324e-01
1.519066393375396729e-01
-2.425256930291652679e-02
8.038125932216644287e-02
-1.506444346159696579e-02
