5.400355881837384686e+00
2.926908131296599991e-01
2.334273991639967072e+00
3.935053994009624301e+00
1.117237685744793652e+00
1.417111218595851874e+01
5.352496629930088901e+00
1.179128540252375146e+01
7.158429746990552012e+00
8.526325979933453425e+00
1.041162995134852132e+01
3.153849298329608253e+00
1.427935573549251380e+01
1.620685879736846147e+01
2.598826546298605766e+00
1.309829239054364969e+01
4.302339756372989044e+00
4.172635485347668372e+00
1.335025273887002761e+01
1.033913807828990272e+01
4.022528661540657247e+00
3.076736829930529549e+00
6.448400387751841656e+00
5.719754942125873320e+00
6.724737631770216773e+00
2.346920165576293016e+01
6.790238685605658464e-01
3.491020743844911456e-01
8.383210630382844641e+00
7.553098951277659623e+00
1.111473629990496370e+00
1.410187948288945137e+01
1.971515767652428863e+00
5.488831852170042325e+00
7.935377722383794463e+00
7.672365871907557811e+00
2.313853828373428900e+00
9.864255845126454147e+00
1.307309026271285468e+01
1.996754646778576969e+01
3.295034576249592284e+00
7.175439340957956880e+00
1.373899564386353589e+01
5.875717692927755031e+00
1.260077254059577889e+01
1.688685850304873171e+00
2.692549601545201732e+00
7.897321568606080255e+00
4.113793042461407978e+00
4.798428582577180634e+00
5.511160432686516231e+00
9.822793123041495988e+00
3.464355996381180969e+00
7.870469246383787087e+00
1.384464161518246428e+01
1.133328853759214994e+01
4.037183194796786445e+00
5.846373804404241259e-01
4.598047780898132153e+00
1.695699797485613836e+00
5.092286775766122986e+00
8.544871118235835894e+00
6.395722618540546023e+00
6.770942795918549528e+00
3.345675395578684430e+00
1.119766270943907749e+01
1.437310366279326779e+01
1.794697858196490747e+00
1.633082532371134121e+01
4.654160638616986034e+00
1.271230096851703451e+01
9.245124533921277532e+00
5.569009341778623501e+00
1.540795928893037114e+01
6.475681667672935404e+00
2.155833475113102526e+00
3.128803052200951118e+00
1.397989017979799264e+01
1.714332427101237144e+01
1.360106787578144427e+01
2.861528701059614654e-01
2.257999845404123906e+00
7.407915189759516572e+00
5.307860517913631782e+00
1.521747422110727666e+00
2.687645666398854161e+00
1.634404323604026743e+01
4.204375524955933585e+00
9.199698326943355653e+00
8.107689432314607814e+00
4.802336442608923228e+00
1.582699550886227602e+00
1.254838389601540038e+00
5.662710678220733485e+00
1.127106948144383658e+01
1.478520751633597641e+01
9.105758579325221591e-01
4.042673807303107658e+00
1.789617285139934566e+00
2.158397049297378967e+00
1.017110153788137694e+01
4.285198537905316130e+00
2.530960823118698855e+00
1.761433764313097283e+00
8.498342183497434865e-01
1.887068705243364786e+00
3.586919933998978571e+00
1.000118784833153818e+01
3.688429814527999451e+00
2.479196922170435524e+00
2.865862670806528012e+00
1.262688264521233172e+01
1.186285048782455576e+01
8.044702800412865784e+00
4.288426619803632711e+00
2.879519646066540428e+00
1.168421247268195406e+00
1.164581487045113306e+01
1.328070530143578232e+01
2.133561470696528684e+00
1.318119841080659249e+01
1.008084591061553859e+01
6.073145741649633500e+00
3.018080744858417930e+00
5.061304150710919103e+00
1.869166091929128859e+00
1.033529421734280751e+00
7.679776456553221387e+00
5.324641625322884764e+00
6.794790708366895693e+00
6.424449198075441458e+00
8.695780215230208832e-01
2.230619751489281821e+00
1.225627601237077258e+00
9.277129937927736103e-02
7.946735596997194229e+00
4.582969436631983307e+00
9.180854000591574859e+00
1.786283663381248843e+01
7.350019385373959935e+00
8.685234316864560711e+00
4.410475291936623021e-01
1.157226652382152032e+01
6.687558291482852191e+00
4.295212261178441793e+00
2.004183207445547676e+00
9.562468327785705879e-01
3.396077905984912437e+00
8.949535563201182597e+00
6.114944481305859547e+00
4.395233848489239037e+00
6.386451573548818095e-01
3.176722811950039471e+00
5.993614580263157521e+00
5.691582923517057857e+00
8.279059603808084589e+00
6.357410118209488203e+00
4.078549115859924079e+00
3.628148060092544647e+00
3.603173940652443896e+00
2.390987695995806206e+01
6.953028170662535423e+00
1.175305887956225526e+01
2.935143459860060089e-01
1.453787138110917176e+01
1.027463510157985205e+01
1.018930649715526826e+01
3.114368890200371887e+00
2.134449134055898423e+00
1.227938484065042068e+01
1.154714755460331688e+01
1.192696138249823257e+01
9.910638860026921293e+00
2.443445495838229231e+00
1.421678590621545624e+01
4.159419601620985674e+00
7.596798007761950799e+00
8.691810693906960594e+00
2.537739145643116956e+01
1.156727560719702730e+01
8.240211560127965740e+00
8.419952850846023296e+00
1.135293777552393024e+01
3.306569250605151833e+00
5.630485105117290168e+00
8.679470326140209524e-01
8.874634135700540938e+00
1.732631227323047796e+01
4.601696795069655899e+00
1.259803725336607894e+00
1.265283637847796960e+01
4.980746917421175368e+00
4.356353241662995757e+00
2.241085740928393477e+01
8.406558704192697462e+00
1.603294102665329746e+01
1.802555865849975092e+01
2.492638073607038596e+00
7.790772892761633095e+00
4.214912522363889025e+00
2.325752593537829149e+00
1.367640879809421506e+00
9.443553853900823469e+00
1.492613462915753964e+01
9.347233473961427119e-01
4.425722504407540114e+00
5.874426784036564264e+00
3.779689529396814685e-01
2.596332349637895387e+00
4.106888863813016322e+00
7.115084299058797690e+00
6.724618057519530900e+00
7.077426335367050569e+00
6.114847558307605624e+00
8.912662398727979607e+00
1.753646427269543651e+01
1.098880502382753654e+01
7.288074023950295022e+00
8.381200073238186832e+00
6.392646301236831086e+00
5.870043000015933821e+00
1.553500932580702099e+01
4.635139988717863702e+00
1.935223302562950565e+01
7.766615582303552756e+00
1.664707073171496576e+00
1.256784720614183470e+01
1.114922470144136035e+01
2.070183559459330969e+00
6.718912430727148610e+00
1.397826170461662443e+01
6.269782069618310416e+00
4.755736471720254599e+00
3.583511771769787746e+00
1.485372812057672753e+01
1.167121873912723728e+01
1.325203604996046458e+01
2.291832539383974243e+00
1.175794964078847826e+01
2.844614109636183663e+00
6.017420499148190771e+00
5.575431326112075148e+00
3.875271818935216661e+00
1.385476001773787935e+00
1.367791996741819105e+01
2.226561099747495476e+01
7.871621816212046596e+00
6.951894941528589555e+00
2.272568986124552826e+00
9.892434953500490735e+00
6.218623179131794743e+00
2.164355747855633894e+00
4.658937062855631694e+00
7.747451617883796438e+00
1.772324236551367704e+01
2.318853843196630748e+01
8.256489498972678476e+00
7.015331642649837107e+00
1.133278632290949872e+01
1.996304786342014381e+01
1.720328719149917918e+00
6.806719842125304787e+00
1.593432689519131173e+01
4.626193067444037688e+00
1.911478295423457929e+00
3.823263282747524361e+00
3.830213287618623674e+00
2.604863296771843917e+00
9.628948215282649770e+00
9.458734639871105188e+00
6.642156847839322253e+00
1.499018710534036458e+01
1.721612689300813237e+00
1.634067747044311014e+00
9.138818483053995578e+00
1.914695339661380391e+00
5.605838487394738223e+00
3.473697955584128749e+00
1.069234332528483833e+01
4.234441832263800443e+00
1.475320033786229423e+01
1.054643281864056092e+01
1.021698678659655890e+01
9.967178180302299628e-02
1.325526987938901335e+00
9.695957041640523855e+00
1.227628646385023714e+01
2.386364929280089697e+01
3.530823195445732310e+00
1.245645749884777409e+01
1.029311325294427348e+01
8.397605694006964328e+00
1.292775004682011897e+01
1.138733867987007464e+01
4.743718491740156473e+00
2.744851513364017226e+00
4.437648185124946743e+00
1.958182650260104740e+00
1.873571913744855433e+00
1.645586073306407382e+00
8.305872240372897508e+00
6.106448786996605094e+00
6.459215156961836790e+00
8.389935276728264668e+00
1.002799134121363700e+01
1.780771455453442442e+01
2.037042108076547287e+00
1.855577077161777444e+00
1.005179722092538341e+01
3.494091262342292836e+00
1.655694066674302745e+00
2.041979114435661380e+00
2.022107841181286503e+00
9.069332326826614832e+00
3.896378713234717739e-01
7.047762995246793949e+00
7.629464193377103243e+00
9.446104107884368162e+00
1.208968221322502679e+01
9.683647939851764974e+00
1.749983743435584671e+01
9.618178774381789253e+00
5.213197869766280412e+00
1.339856240873378734e+00
8.085728330184341672e+00
1.110452622070508255e+01
5.042199985474189461e+00
1.132422138994937733e+01
6.881664107966281918e+00
3.001664294816212664e+00
1.551579559727828439e+01
9.616572867784562106e+00
3.276700129365984093e+00
1.612450596939245973e+00
5.993428675702346276e+00
1.104376030944344000e+00
8.552400679426336083e+00
8.240680440791891215e+00
4.090697918124914789e-01
2.293052249347324323e-02
4.258943353201906312e+00
3.698820502625765894e+00
9.288419602963998711e-01
2.062965572644552381e+00
1.415314640507449617e+01
2.600809109933835472e+01
8.881394202752749933e+00
7.618701083393318640e+00
2.400328682400257208e+00
1.084284159260009517e+01
2.620390004733476719e+00
8.386555559964326889e+00
2.261694126409592442e+00
1.111930400850659062e+01
2.603281192367894015e+00
3.373332515056658654e+00
4.645047564635127912e+00
1.089831263203289247e+01
9.135262376171061405e+00
1.391376147389917506e+01
7.433592585044669576e+00
4.195911767314614238e+00
4.835674138062500127e+00
3.030898932681800773e+00
1.321797525235201931e+01
1.111877869690786014e+01
5.902829317909637830e+00
3.897036707881897932e+00
6.732374257809524032e+00
7.159364799173623339e+00
1.070856680202636824e+01
7.657866291538639736e+00
3.723472828756270392e+00
1.099543430485730866e+01
1.384409577337176733e+00
5.795069361712025469e+00
1.681860668971031458e+01
4.816166017604862404e+00
1.116578248545163810e+01
6.738323330115598253e+00
8.330513930469465311e-01
1.096054316084771330e+01
2.187537570534495046e+00
1.118388570862268283e+00
2.671755059205354943e+00
7.200795540267397321e+00
4.854016166016091205e+00
7.376545114317879737e+00
1.760573474640723290e+01
1.552951909444172962e+01
1.329059091111857960e+01
2.927701413163157795e+00
7.068159990862426412e+00
6.243017659371292716e+00
3.982206328990518518e+00
8.609100606621712615e+00
3.443158996000056149e+00
3.770863778671504463e+00
4.356094605168809863e+00
1.295777134756883342e+01
2.518386117112960676e+00
7.525425420455181147e+00
1.788034689156908108e+00
1.225241596614520567e+01
6.216965353174811248e+00
9.681809786037955945e+00
2.270793488088405088e+00
1.586295084932708654e+01
2.149667927060532691e+01
6.036361373672192165e+00
1.002433142198317917e+01
7.658214875459901094e+00
1.680636322003491046e+01
2.216157704576954046e+01
1.733377557410715042e+01
5.502541975786789052e+00
2.993883518364095497e+00
4.936038603228299237e+00
4.007660222436347119e+00
3.514171445537195737e+00
2.953087751691962026e+00
5.811762291604250841e+00
1.474904107472252512e+01
8.684000182858276906e-01
7.759282167043529022e+00
3.684741551396842230e+00
6.688961269988885627e-01
9.011001047631920002e+00
2.223045683125598693e+00
8.216010717032864008e+00
2.375561348681478169e+00
1.617463351352675360e+01
4.334071885308648397e+00
1.315053070123422607e+01
3.158921893137473802e+01
1.250993798720353567e+01
3.409641506484195173e+00
2.024313068065760035e+01
4.608444925651649982e+00
4.301707019966125145e+00
2.493217617223653448e+01
6.961234949631706748e+00
7.297001145702833647e+00
9.885182439182596426e+00
6.408480024776632256e+00
5.956496151675783501e+00
9.852996524937887912e+00
5.569674942408786578e+00
6.824096637425223211e-01
6.063548547159855140e+00
1.251405901101884588e+01
2.218886704305715440e+00
4.993226585358130798e+00
9.642727398311341958e+00
2.862885519965058023e+01
8.247285407064847362e+00
8.878931256239765091e+00
1.085512175308274507e+01
1.487236865241003159e+01
1.799816091788773553e+00
1.984676262308065375e+01
1.974521580277295740e+00
8.970485713887320856e+00
1.359589974667502510e+01
8.050363985081967044e+00
9.439532073051312366e+00
8.550266968799672185e+00
5.319041154975060692e+00
2.785451313169745813e+00
9.312250724794855827e+00
3.333807693121233484e+00
1.638303703564527591e+00
5.019727570887172696e+00
9.201686401364487233e-01
5.437070610171945706e-01
3.323812539568640645e+00
1.215639338372118772e+01
8.303283974080713392e+00
3.063314900248347517e+00
4.565973190092302403e+00
9.353736775252874835e+00
3.627149646976017827e+00
1.681380667330483547e+01
8.010489898911744566e-01
5.990497888488227396e+00
7.324938716431474539e+00
4.282685636772746385e+00
3.508790731441013389e+00
7.663258010384110364e+00
2.192187751442506993e-01
7.023364098341118300e-01
2.446733699551087327e+00
1.161536995782207882e+01
3.613052547496446110e+00
7.961038330241246852e-01
9.471571342512120850e+00
6.556045401739655887e+00
2.159080984322083729e+00
8.811501106229098212e+00
5.909823259738492318e+00
6.456860342106859108e+00
2.267663538999832440e+01
4.036889535694002440e+00
1.929530287928320220e+01
8.905428153990325058e+00
1.097130435950075800e+01
1.360902301531973535e+01
4.494135763117339977e+00
4.926973377017355382e+00
1.896099703208864673e+00
1.405506380566491487e+01
9.642932323024817620e+00
1.403782733924997039e+01
5.937376978204208733e+00
1.413496901375808967e+01
1.360505691224984304e+01
1.402549697491380343e+01
4.104048267877613121e+00
3.134223150189855200e+00
5.611093818026595237e+00
2.287285744601532667e+00
9.546413753102953592e+00
7.571529266349319442e+00
6.049443434115219453e+00
8.319660991095092939e+00
6.731902614429039478e-01
1.944283310836497192e+00
2.786705593431573647e+01
8.609783014848451543e+00
9.241076562369572756e+00
1.089400487104537213e-01
3.428475597779183204e+00
5.267111241730155768e+00
1.733289838356515489e+01
2.835109228217185251e+00
1.653415841199908254e+00
7.645176151618241711e+00
3.930499790368725765e+00
1.665212197284011708e+01
2.489269408198770073e+00
7.162098870738864420e+00
9.496382088178490832e+00
5.833312584980555826e+00
1.406375177199628546e+01
2.220624518736892039e+00
2.708549077790224135e+00
1.269386747611824440e+01
1.177379409513583575e+01
2.917732391411609338e+00
8.422923028301289250e+00
3.340053239409918273e+00
2.935723000682087758e+01
1.501354864361440500e+00
4.903631546473516956e+00
8.030363705598524415e-01
2.033837632380504912e-01
1.181446841969366979e+01
9.298470001428922327e-01
1.318642048045520809e+01
7.248040377689264346e-01
5.783685842440205782e+00
2.109613207743374463e+00
8.155195791279393092e+00
4.061966639706677817e+00
9.045888216586494224e+00
1.308300003009207835e+01
6.398066405892832265e+00
6.668625821337460735e+00
8.933422440261605146e+00
1.199288430064591005e+01
3.858491872057022931e+00
1.111195276760007289e+01
5.869553630013697898e+00
1.240169619375252985e+01
1.323721377153621859e+01
5.054957530222838002e+00
6.685172623925170754e+00
1.869279916463121527e+00
2.927789002319838296e+00
5.722659570502511173e+00
1.082339369843660037e+01
2.332106684885133063e+00
1.767066176890217166e+00
1.532148006051937550e+01
1.283735708321132662e+01
1.562269642089152732e+01
3.770981315904375908e+00
1.527660361314025117e+01
2.397347618983122430e+00
1.936746353404520393e+00
1.218738219999487526e+01
1.353231729850769582e+01
1.206720049547704754e+01
4.481497321661448652e+00
1.158865397295498489e+01
5.352969297636509083e+00
7.840960990735013958e+00
4.442211462205618133e+00
8.905806722095654493e+00
6.287815537062496851e+00
1.580819404140357598e+01
1.475419841945380384e+01
7.933407438066230055e-01
8.623654038333476990e-01
