1.834802627563476562e-01
1.398032158613204956e-01
1.027101725339889526e-01
1.112445294857025146e-01
8.227019011974334717e-02
4.844860732555389404e-02
7.269439753144979477e-03
-3.553112037479877472e-04
1.102668270468711853e-01
1.055301502346992493e-01
9.508683532476425171e-02
8.127379417419433594e-02
6.533218920230865479e-02
1.997402869164943695e-02
9.479920566082000732e-02
-6.952774524688720703e-02
7.396174222230911255e-02
4.670501127839088440e-02
2.350249886512756348e-02
-1.129244118928909302e-01
2.523531317710876465e-01
5.576309934258460999e-02
9.055724740028381348e-02
3.101426549255847931e-02
1.895573884248733521e-01
1.657020002603530884e-01
1.384829636663198471e-02
-1.788488216698169708e-02
-9.609291702508926392e-02
1.336331814527511597e-01
-1.882332935929298401e-02
1.021910607814788818e-01
1.534522920846939087e-01
4.143640771508216858e-02
2.828311324119567871e-01
-4.380776733160018921e-02
-2.087802067399024963e-02
-6.444048881530761719e-02
4.480350017547607422e-02
1.339562535285949707e-01
1.266327053308486938e-01
1.708707362413406372e-01
9.206049889326095581e-02
1.933699846267700195e-01
3.262481838464736938e-02
-3.236296027898788452e-02
6.514615379273891449e-03
-8.083704859018325806e-02
2.429230660200119019e-01
8.995833992958068848e-02
7.568237930536270142e-02
6.930753588676452637e-02
-7.395917177200317383e-02
2.022377401590347290e-02
5.824093706905841827e-03
4.183335602283477783e-02
2.259511873126029968e-02
1.381062567234039307e-01
-1.756542176008224487e-02
-3.649351373314857483e-02
1.667238771915435791e-01
6.804718077182769775e-02
1.952353119850158691e-01
5.492666736245155334e-02
-7.017333805561065674e-02
6.980833411216735840e-02
6.217948347330093384e-02
8.153257519006729126e-02
-2.973981667309999466e-03
1.133530512452125549e-01
6.552735716104507446e-02
1.151438057422637939e-01
1.187520846724510193e-01
2.678542137145996094e-01
-7.246428728103637695e-02
6.939489394426345825e-02
2.104057520627975464e-01
2.274602949619293213e-01
2.543968856334686279e-01
4.292253851890563965e-01
1.080406382679939270e-01
4.754491150379180908e-02
-2.785438112914562225e-02
2.349835075438022614e-02
3.244098275899887085e-02
1.842658966779708862e-01
1.786005049943923950e-01
6.465415656566619873e-02
2.376200854778289795e-01
1.119481399655342102e-02
8.808148093521595001e-03
1.455029100179672241e-01
1.046161130070686340e-01
6.602367758750915527e-02
9.780304878950119019e-02
-2.922402322292327881e-02
-4.346800595521926880e-02
1.114481166005134583e-01
9.909608215093612671e-02
-1.042376365512609482e-02
-5.096760578453540802e-03
1.414341269992291927e-03
1.599196344614028931e-01
6.148335337638854980e-02
1.348383873701095581e-01
2.100281417369842529e-01
3.993384912610054016e-02
1.889031976461410522e-01
2.573304772377014160e-01
-6.719493865966796875e-02
-1.260761469602584839e-01
8.533667773008346558e-02
2.816576883196830750e-02
-1.856982562458142638e-04
1.066571250557899475e-01
4.168158397078514099e-02
-6.745293736457824707e-02
2.833786606788635254e-02
1.154323592782020569e-01
-8.611940778791904449e-03
1.284032911062240601e-01
-2.117740549147129059e-02
1.569987088441848755e-01
1.742021925747394562e-02
3.387901559472084045e-02
1.464320719242095947e-01
2.398884482681751251e-02
1.648594886064529419e-01
-2.246114797890186310e-02
2.863295078277587891e-01
1.984711736440658569e-01
1.060417816042900085e-01
8.296076208353042603e-02
1.714494526386260986e-01
2.391408756375312805e-02
8.416598290205001831e-02
-7.145801931619644165e-02
-2.465192787349224091e-02
2.666648849844932556e-02
1.257721632719039917e-01
2.214592844247817993e-01
1.851254254579544067e-01
4.288040474057197571e-02
-3.596094623208045959e-02
2.421571910381317139e-01
7.107630372047424316e-02
1.831824705004692078e-02
2.022188305854797363e-01
7.633484899997711182e-02
4.751738160848617554e-02
4.142299760133028030e-03
-3.833047300577163696e-02
1.873067580163478851e-02
1.592215001583099365e-01
6.979422271251678467e-02
2.353416942059993744e-02
-7.146026007831096649e-03
1.027663499116897583e-01
1.761099696159362793e-01
-6.108947098255157471e-02
-5.925757437944412231e-02
1.717101484537124634e-01
2.163147777318954468e-01
9.870820492506027222e-02
4.220665991306304932e-02
4.555295687168836594e-03
1.065870225429534912e-01
1.136116981506347656e-01
8.971917629241943359e-02
9.972903132438659668e-01
3.365470096468925476e-02
6.687261909246444702e-02
3.330494761466979980e-01
-5.797205865383148193e-02
-1.153363063931465149e-01
2.026893496513366699e-01
-1.037169620394706726e-01
5.857777595520019531e-02
1.627563089132308960e-01
2.546787820756435394e-02
1.801570504903793335e-01
1.002701446413993835e-01
1.320726722478866577e-01
8.881822228431701660e-02
-1.075436081737279892e-02
2.175123989582061768e-01
-1.844508200883865356e-02
1.686534136533737183e-01
1.254091877490282059e-02
-6.026287749409675598e-02
2.627936601638793945e-01
5.856859497725963593e-03
-1.130339223891496658e-02
-7.467523217201232910e-02
-1.229225937277078629e-02
1.342699825763702393e-01
1.407928857952356339e-02
9.448640793561935425e-02
9.433510154485702515e-02
1.639756858348846436e-01
-2.416722476482391357e-02
-1.068562269210815430e-02
1.742304265499114990e-01
1.423023194074630737e-01
-2.929613739252090454e-02
-1.508350968360900879e-01
5.054660607129335403e-03
-1.371117401868104935e-02
7.033485174179077148e-02
1.322276592254638672e-01
7.790615409612655640e-02
5.109526589512825012e-02
7.329827547073364258e-02
-1.204144675284624100e-02
2.087684720754623413e-01
1.925139427185058594e-01
1.938474476337432861e-01
2.334106527268886566e-02
2.351369112730026245e-01
7.922020554542541504e-02
1.173028945922851562e-01
1.191289052367210388e-01
1.689638346433639526e-01
-4.582431539893150330e-02
1.021567285060882568e-01
1.240691691637039185e-01
1.125812251120805740e-02
-5.679366737604141235e-02
2.132978886365890503e-01
1.593291908502578735e-01
2.359314709901809692e-01
1.067862845957279205e-02
-5.417248234152793884e-02
5.754321441054344177e-02
5.291774868965148926e-02
2.824329398572444916e-02
3.863099217414855957e-02
-3.181000426411628723e-02
5.372926592826843262e-02
9.995210915803909302e-02
1.005656719207763672e-01
1.675849556922912598e-01
4.021200165152549744e-02
-4.831897676922380924e-04
1.482371054589748383e-02
-1.400891505181789398e-02
4.793748632073402405e-02
-1.134186703711748123e-02
1.654125303030014038e-01
-2.657776512205600739e-02
9.475027024745941162e-02
2.952980622649192810e-02
7.100471109151840210e-02
-4.752224311232566833e-02
-7.053940091282129288e-03
3.321264684200286865e-02
-7.840664684772491455e-02
-5.407597497105598450e-02
1.443162113428115845e-01
4.358725249767303467e-02
-1.468270085752010345e-02
3.089118301868438721e-01
8.723736554384231567e-02
1.412296295166015625e-01
1.479746848344802856e-01
4.186774417757987976e-02
-5.388545617461204529e-02
1.221030130982398987e-01
1.704188436269760132e-01
-4.839171469211578369e-02
2.163256332278251648e-02
1.262577325105667114e-01
4.896351695060729980e-02
1.295273452997207642e-01
8.497209846973419189e-02
1.399035751819610596e-01
1.304297745227813721e-01
8.195269107818603516e-02
-1.140185520052909851e-01
2.376826405525207520e-01
9.823520481586456299e-02
-5.482304096221923828e-02
5.990170687437057495e-02
2.026548534631729126e-01
5.621891468763351440e-02
1.822376996278762817e-01
-7.013591378927230835e-02
1.617643833160400391e-01
8.809190988540649414e-02
7.550893723964691162e-02
-1.572718285024166107e-02
1.420191824436187744e-01
2.104401290416717529e-01
1.711051762104034424e-01
2.555178999900817871e-01
-5.488180741667747498e-02
1.177316233515739441e-01
4.791768267750740051e-02
5.539472401142120361e-02
1.249868571758270264e-01
1.533880084753036499e-01
1.256724745035171509e-01
7.208631932735443115e-02
-3.481354936957359314e-02
3.389516100287437439e-02
3.941301628947257996e-02
6.267517805099487305e-02
-3.086773119866847992e-02
9.553293138742446899e-02
-3.836980089545249939e-02
7.280114293098449707e-02
1.220795586705207825e-01
9.817275404930114746e-02
8.366519212722778320e-02
1.017531678080558777e-01
1.006083283573389053e-02
1.016375124454498291e-01
1.145214214920997620e-01
3.572201728820800781e-02
1.199094504117965698e-01
9.658846259117126465e-02
2.084204554557800293e-01
6.502596288919448853e-02
-7.173086702823638916e-02
8.054230362176895142e-03
-1.195732224732637405e-02
1.118988841772079468e-01
5.077027902007102966e-02
9.370774030685424805e-02
2.343644015491008759e-02
-5.086203664541244507e-02
3.102267161011695862e-02
-3.351398557424545288e-02
4.911322891712188721e-02
1.591735035181045532e-01
3.332694768905639648e-01
1.338070482015609741e-01
6.070075929164886475e-02
6.134391576051712036e-02
-1.350647769868373871e-02
1.483406685292720795e-02
2.893635928630828857e-01
1.466356813907623291e-01
1.522703170776367188e-01
-7.789663225412368774e-02
4.645179957151412964e-02
3.700686246156692505e-02
7.132116705179214478e-02
-1.198433116078376770e-01
1.286963671445846558e-01
-7.536420226097106934e-02
-7.438449561595916748e-02
5.128749087452888489e-02
1.562876254320144653e-02
6.997361034154891968e-02
-7.980280555784702301e-03
1.576465874677523971e-04
1.276573240756988525e-01
-3.753239288926124573e-02
3.831335529685020447e-02
-8.237201720476150513e-03
3.388589993119239807e-02
1.341928243637084961e-01
-1.563836075365543365e-02
4.235204681754112244e-02
-1.538934838026762009e-02
2.629850804805755615e-01
1.261852979660034180e-01
-9.639478288590908051e-03
-1.772155798971652985e-02
2.477078437805175781e-01
-3.486963361501693726e-02
1.484356168657541275e-02
1.362309455871582031e-01
9.221690893173217773e-02
-2.561770007014274597e-02
2.491251230239868164e-01
2.082911878824234009e-01
1.311579644680023193e-01
-8.046752959489822388e-02
1.082209274172782898e-01
1.350165307521820068e-01
8.154440671205520630e-02
1.405649632215499878e-01
5.886712297797203064e-02
2.613050639629364014e-01
8.368179947137832642e-02
9.393914043903350830e-02
1.855152100324630737e-01
2.136526405811309814e-01
3.233935311436653137e-02
-1.689452864229679108e-02
1.291264779865741730e-03
1.192100718617439270e-01
-5.841496959328651428e-02
-4.720888566225767136e-03
1.580787450075149536e-01
1.296426653861999512e-01
-2.442864887416362762e-02
8.710405230522155762e-02
-3.896328061819076538e-02
-5.345674976706504822e-02
-6.543600559234619141e-02
1.764410585165023804e-01
-1.548845879733562469e-02
2.487581968307495117e-01
2.682718634605407715e-01
2.514788508415222168e-01
-7.326841354370117188e-02
1.167550310492515564e-01
6.620119512081146240e-02
5.084471311420202255e-03
1.423446834087371826e-01
1.646287441253662109e-01
1.157084181904792786e-01
6.625726819038391113e-02
7.727691531181335449e-02
-3.092404454946517944e-02
7.811874151229858398e-02
-4.174333065748214722e-02
1.154541745781898499e-01
3.048129752278327942e-02
9.250446222722530365e-03
2.659580409526824951e-01
2.191540896892547607e-01
1.562671363353729248e-01
9.863512963056564331e-02
5.770181491971015930e-02
-1.124067977070808411e-02
2.008086144924163818e-01
1.165840923786163330e-01
2.828804403543472290e-02
7.960919290781021118e-02
7.162255793809890747e-02
8.504949510097503662e-02
1.299442350864410400e-01
-1.001235097646713257e-01
-1.290316722588613629e-04
1.374885290861129761e-01
5.713055655360221863e-02
4.361309483647346497e-02
-1.565487869083881378e-02
2.986737191677093506e-01
1.198948360979557037e-02
7.155141234397888184e-02
-1.257280702702701092e-03
-9.212264418601989746e-02
2.044240832328796387e-01
5.876060575246810913e-02
1.462526172399520874e-01
2.132061682641506195e-02
1.251828521490097046e-01
-8.715981990098953247e-02
7.171660661697387695e-02
-6.664478033781051636e-02
4.362275078892707825e-02
-1.761713251471519470e-02
2.149654552340507507e-02
7.098898291587829590e-02
6.304551661014556885e-02
1.589193195104598999e-01
1.459230575710535049e-02
2.722905017435550690e-02
-1.197709422558546066e-02
2.367165982723236084e-01
1.545033156871795654e-01
9.800749272108078003e-02
-9.112489223480224609e-02
1.186595708131790161e-01
1.236921325325965881e-01
7.077931612730026245e-02
2.678224444389343262e-02
1.030632629990577698e-01
4.987936839461326599e-02
9.892696887254714966e-02
3.709536790847778320e-02
-4.235445335507392883e-02
4.246525838971138000e-02
5.949289724230766296e-02
-6.379120051860809326e-02
1.673938482999801636e-01
5.663042142987251282e-02
5.564775690436363220e-02
1.100637465715408325e-01
1.805727630853652954e-01
1.681671440601348877e-01
1.578985005617141724e-01
2.114076167345046997e-02
2.520349435508251190e-02
9.297502785921096802e-02
2.282975614070892334e-02
6.996857374906539917e-02
2.246376574039459229e-01
2.767784893512725830e-01
-6.727572530508041382e-02
1.268898397684097290e-01
-1.094154734164476395e-02
1.038179323077201843e-01
1.869923621416091919e-02
1.236271113157272339e-02
2.994406782090663910e-02
-2.448988892138004303e-02
-1.605511642992496490e-02
-2.130113914608955383e-02
-4.566947743296623230e-02
1.011122837662696838e-01
5.619449168443679810e-02
9.077262878417968750e-02
4.976461082696914673e-02
1.938190758228302002e-01
5.665517598390579224e-02
2.703861296176910400e-01
7.319335639476776123e-02
1.338304728269577026e-01
9.777364879846572876e-02
4.249173775315284729e-02
-6.388738006353378296e-02
-6.457929313182830811e-02
1.181934773921966553e-01
1.508660912513732910e-01
-3.738985210657119751e-02
8.825938403606414795e-02
2.113256752490997314e-01
4.593985527753829956e-02
6.591267138719558716e-02
-4.862088710069656372e-02
1.787517517805099487e-01
2.386578172445297241e-01
6.250046938657760620e-02
9.361448697745800018e-03
5.511616915464401245e-02
1.291902810335159302e-01
-1.485449541360139847e-02
-5.939682945609092712e-02
-6.409358978271484375e-02
1.193019747734069824e-01
-3.149941191077232361e-02
1.023798584938049316e-01
5.021607130765914917e-02
1.770259737968444824e-01
7.461588084697723389e-02
1.851747035980224609e-01
-1.711313053965568542e-02
6.142676249146461487e-02
1.222096499986946583e-03
6.248789653182029724e-02
2.474728971719741821e-01
3.872900828719139099e-02
-6.157801300287246704e-02
-1.159330457448959351e-01
-5.508872494101524353e-02
-4.046898335218429565e-02
8.765751868486404419e-02
6.390786916017532349e-02
1.084247455000877380e-01
1.083728820085525513e-01
5.020835995674133301e-02
1.676672548055648804e-01
6.752556073479354382e-04
1.839040070772171021e-01
1.625497043132781982e-01
-1.693150401115417480e-02
-2.658367715775966644e-02
1.071696877479553223e-01
7.978548109531402588e-02
2.346518784761428833e-01
8.556731790304183960e-02
1.304790005087852478e-02
-5.932841077446937561e-02
5.925284326076507568e-02
6.711594015359878540e-02
2.991025336086750031e-02
2.249306142330169678e-01
1.218534857034683228e-01
5.287376046180725098e-02
1.677046716213226318e-02
7.362531125545501709e-02
-7.825922966003417969e-02
4.914834350347518921e-02
1.534584350883960724e-02
-5.609203130006790161e-03
3.663078881800174713e-03
4.488570615649223328e-03
1.022380143404006958e-01
-4.450940177775919437e-04
5.700404290109872818e-03
1.295180022716522217e-01
7.736753672361373901e-02
1.987734138965606689e-01
1.882709376513957977e-02
1.002299413084983826e-01
3.625553101301193237e-02
-7.973824441432952881e-02
-5.425481125712394714e-02
1.521394252777099609e-01
7.958614081144332886e-02
-1.263426523655653000e-02
3.533886745572090149e-02
-1.465667411684989929e-02
1.345770061016082764e-01
-1.212220266461372375e-01
4.215551167726516724e-02
9.976465106010437012e-01
4.191269725561141968e-02
1.135165020823478699e-01
-6.267691403627395630e-02
3.249430060386657715e-01
9.212394244968891144e-03
7.631761580705642700e-02
2.394756227731704712e-01
1.131022647023200989e-01
1.958721429109573364e-01
7.117515057325363159e-02
2.196666002273559570e-01
6.010286882519721985e-02
1.174320504069328308e-01
-6.905286572873592377e-03
6.353138387203216553e-02
1.902375817298889160e-01
3.192608058452606201e-02
5.275135859847068787e-02
1.484487950801849365e-01
-3.672532737255096436e-02
1.075837686657905579e-01
3.128328323364257812e-01
9.778223186731338501e-02
-1.011019945144653320e-01
3.494715690612792969e-02
1.465428341180086136e-02
-4.860590025782585144e-02
3.591244816780090332e-01
6.439363118261098862e-03
6.445983052253723145e-02
1.234966740012168884e-01
7.446594536304473877e-02
1.636327952146530151e-01
2.238943427801132202e-01
-3.730548545718193054e-02
9.732543490827083588e-03
7.594083249568939209e-02
1.455686390399932861e-01
5.382585898041725159e-02
7.570164650678634644e-02
1.020242553204298019e-02
-2.401991374790668488e-02
2.110738866031169891e-02
1.277474611997604370e-01
3.001348581165075302e-03
1.971679329872131348e-01
-7.661879993975162506e-03
9.255047887563705444e-02
3.751683235168457031e-02
-3.913570195436477661e-02
1.979836029931902885e-03
-1.136717498302459717e-01
3.819561004638671875e-02
-2.025272883474826813e-02
5.615466460585594177e-02
1.202278509736061096e-01
2.177127897739410400e-01
2.182876914739608765e-01
3.699060901999473572e-02
1.006000638008117676e-01
5.815939046442508698e-03
4.611369967460632324e-02
-2.477840520441532135e-03
1.694660484790802002e-01
-2.533523831516504288e-03
8.595281839370727539e-02
1.647648215293884277e-01
1.521552503108978271e-01
6.571254879236221313e-02
-2.673983387649059296e-02
9.808169305324554443e-02
2.308122664690017700e-01
1.878657191991806030e-01
-3.277783095836639404e-02
3.163444623351097107e-02
1.229832321405410767e-01
1.106175854802131653e-01
2.085533551871776581e-02
-6.220545247197151184e-02
1.336036920547485352e-01
-2.443390712141990662e-02
1.126267760992050171e-01
9.303142875432968140e-02
2.118481099605560303e-01
8.552347868680953979e-02
-7.183318957686424255e-03
-1.459672860801219940e-02
-5.374037846922874451e-02
2.106222659349441528e-01
-6.567543372511863708e-03
-3.476856276392936707e-02
9.654643386602401733e-02
8.998933434486389160e-02
-2.728841640055179596e-02
6.364830583333969116e-02
5.785099789500236511e-02
3.951232507824897766e-02
2.700503543019294739e-02
1.027306690812110901e-01
5.525156110525131226e-02
1.841823160648345947e-01
2.082999050617218018e-02
2.096413075923919678e-02
-9.324719198048114777e-03
-8.312276750802993774e-02
7.453534007072448730e-02
1.396731138229370117e-01
1.406061202287673950e-01
4.147015884518623352e-02
1.398002803325653076e-01
-2.428728714585304260e-02
-7.429289817810058594e-02
8.888749033212661743e-02
2.511410042643547058e-02
2.251654863357543945e-02
5.616665631532669067e-02
7.095521688461303711e-02
-8.141373097896575928e-02
-1.794547773897647858e-02
1.311359703540802002e-01
2.750283181667327881e-01
-4.361254721879959106e-02
1.396369636058807373e-01
6.904601305723190308e-02
1.619061455130577087e-02
2.065060660243034363e-02
-1.320853177458047867e-02
2.301201224327087402e-02
3.577613085508346558e-02
1.211446942761540413e-03
2.582372166216373444e-02
-3.453606404946185648e-05
1.950333863496780396e-01
-5.072701349854469299e-02
5.597885698080062866e-02
9.008342772722244263e-02
6.970937550067901611e-02
1.284339129924774170e-01
-4.854118451476097107e-02
-2.066745795309543610e-02
1.621000319719314575e-01
7.822713255882263184e-02
1.343547254800796509e-01
9.608118794858455658e-03
-5.135481804609298706e-02
1.314429491758346558e-01
1.473939120769500732e-01
1.097944080829620361e-01
2.677636444568634033e-01
1.642805784940719604e-01
5.397691950201988220e-02
8.765465766191482544e-02
-3.368293866515159607e-02
3.502606600522994995e-02
-6.742828525602817535e-03
1.492913514375686646e-01
9.334320574998855591e-02
-7.208233233541250229e-03
2.331462129950523376e-02
-5.222606472671031952e-03
4.787069046869874001e-04
8.218869566917419434e-02
-4.769204184412956238e-03
1.713528633117675781e-01
2.769743464887142181e-02
5.753471516072750092e-03
3.209161572158336639e-03
-1.107386052608489990e-01
-1.422679144889116287e-02
1.542811542749404907e-01
-5.747131630778312683e-02
8.080032467842102051e-02
3.494017198681831360e-02
7.309702783823013306e-02
3.769384324550628662e-02
-5.324519425630569458e-02
1.464873552322387695e-01
1.126724481582641602e-01
9.380713850259780884e-02
-4.772685642819851637e-04
7.359329611063003540e-02
-7.032673060894012451e-02
2.280775643885135651e-02
1.627256125211715698e-01
-4.568872600793838501e-02
4.921026527881622314e-02
-2.248949557542800903e-01
2.148978561162948608e-01
1.895186677575111389e-02
1.856826543807983398e-01
1.374392188154160976e-03
1.166789829730987549e-01
2.844496071338653564e-02
-6.516032665967941284e-02
-4.565450176596641541e-02
3.508855355903506279e-03
1.272830367088317871e-01
2.887636050581932068e-02
3.262478858232498169e-02
-1.670980267226696014e-02
-1.482711918652057648e-02
1.366087421774864197e-02
2.069241367280483246e-02
1.078010126948356628e-01
7.114546746015548706e-02
1.651414185762405396e-01
-8.767545223236083984e-03
7.111392170190811157e-02
-3.984029591083526611e-02
1.372450441122055054e-01
1.354972869157791138e-01
-2.339000999927520752e-02
1.905623823404312134e-01
7.983059436082839966e-02
1.011202484369277954e-01
-8.825750090181827545e-03
-4.586021229624748230e-02
1.211988702416419983e-01
9.094767272472381592e-02
1.315784733742475510e-02
4.208524525165557861e-02
-4.912194609642028809e-02
1.074182689189910889e-01
-4.980500414967536926e-02
2.101242728531360626e-02
1.957967877388000488e-02
2.492999657988548279e-02
1.431089937686920166e-01
2.081961035728454590e-01
6.591014564037322998e-02
1.669778078794479370e-01
8.167577534914016724e-02
-4.343065991997718811e-02
1.621221005916595459e-01
1.012709215283393860e-01
2.219074964523315430e-01
8.334176242351531982e-02
9.500790387392044067e-02
-7.053359877318143845e-03
1.089264601469039917e-01
9.897033125162124634e-02
2.304370515048503876e-02
4.477696120738983154e-02
1.141526326537132263e-01
1.110224425792694092e-01
-4.732672125101089478e-03
1.034310981631278992e-01
3.691719472408294678e-02
-8.417596668004989624e-02
6.980673223733901978e-02
9.006785601377487183e-02
-2.812779694795608521e-02
5.702938139438629150e-02
4.140180721879005432e-02
-9.070078283548355103e-02
1.772923469543457031e-01
-6.172237917780876160e-02
4.459925368428230286e-02
1.419886052608489990e-01
1.741950772702693939e-02
-7.820173166692256927e-03
2.350840717554092407e-01
-6.746093928813934326e-02
-1.658302918076515198e-02
-3.116189874708652496e-02
3.477581217885017395e-02
-3.509810194373130798e-02
-6.410865485668182373e-02
2.180090248584747314e-01
-5.349855637177824974e-04
5.222719907760620117e-02
-5.222047865390777588e-02
1.582662016153335571e-01
-5.293734371662139893e-03
3.825940936803817749e-02
8.268666453659534454e-03
-6.914567667990922928e-03
-3.379824757575988770e-02
1.304312050342559814e-01
2.193925231695175171e-01
4.573231935501098633e-02
2.262913733720779419e-01
7.730214297771453857e-02
1.411233097314834595e-01
-2.990400977432727814e-02
-5.338793620467185974e-03
1.693277433514595032e-02
2.542444765567779541e-01
-3.017193172127008438e-03
1.136404648423194885e-02
3.710046410560607910e-02
1.639770716428756714e-01
2.138857692480087280e-01
9.941019862890243530e-02
1.376196891069412231e-01
1.222683638334274292e-01
1.426798999309539795e-01
-6.215699017047882080e-03
