1.166984853146060175e+01
1.219155763616598520e+01
9.072662538822815037e+00
1.058031655351704003e+01
1.072484931045326384e+01
1.089117726598368208e+01
1.056630465280157161e+01
1.188455143460225827e+01
1.093340104661455214e+01
1.093508793823904846e+01
1.160780735185980639e+01
1.021862519559762106e+01
1.188177062614864887e+01
1.195880715182464904e+01
1.197973648843962557e+01
1.192490599894133041e+01
1.242241837503945767e+01
1.057201482715794505e+01
1.161169864743333058e+01
1.219316208876089291e+01
1.117403974296556513e+01
1.108258959812747158e+01
1.223421433293712823e+01
1.176636792120378949e+01
1.075541180045243905e+01
1.084770305239451993e+01
1.281643527644348168e+01
1.114400231918088302e+01
1.141588312330418908e+01
1.127051404085969644e+01
1.245109241086094265e+01
1.042250259589595096e+01
1.131306604367937574e+01
1.138907566519943693e+01
1.097471668672877954e+01
1.192822460016335562e+01
1.081841630327254755e+01
1.223145686381935349e+01
1.155769432797034391e+01
1.228209826033512186e+01
1.138766196100970163e+01
1.099212264901243863e+01
1.001241318799504931e+01
1.138919543922624911e+01
1.101134935412133409e+01
1.178580679934249709e+01
1.112540458555416656e+01
1.108698316106763571e+01
1.202939631076393923e+01
1.113563325351686473e+01
1.143767555673912995e+01
1.204784057372508066e+01
1.175360326284980772e+01
1.026387243603530663e+01
1.104812777240081445e+01
1.108511936956831256e+01
1.136166074222327538e+01
1.187298168880805527e+01
1.265566692750386935e+01
9.778437607675144250e+00
1.191047988112397249e+01
1.094795679409765832e+01
1.225171491627648912e+01
1.082925692268852025e+01
1.185429680512786810e+01
1.124390286778986336e+01
1.214582647310730046e+01
1.155834040248746675e+01
9.956360870383296202e+00
1.161772976609937125e+01
1.159820532454947006e+01
1.112976668861775842e+01
1.046707446833500654e+01
1.122440145075989903e+01
1.277207110114052746e+01
1.081687742022034016e+01
1.028519839215457132e+01
1.177912391593264196e+01
1.172600019243384395e+01
1.124059468761337222e+01
1.042401173409667514e+01
1.086736436099913483e+01
1.215144456609198365e+01
1.125696552522787997e+01
9.949174271068297770e+00
1.222500977068664341e+01
1.156404971364569612e+01
1.162570788640472941e+01
1.179289167915834469e+01
1.116734983081377308e+01
1.068015132323915140e+01
1.185662642780892639e+01
1.191203844163154812e+01
1.108067170839954763e+01
1.257955788940430963e+01
1.165198833943505186e+01
1.047545886483527156e+01
1.049621814157637623e+01
1.215412091505854697e+01
1.095116919628629404e+01
1.057959051908350467e+01
1.137047413156196995e+01
1.037612063353810221e+01
1.130299234313534740e+01
1.226298681882913222e+01
1.177142097447694624e+01
1.160750344379783883e+01
1.106858758359345352e+01
1.003678322368091891e+01
1.069166483628912268e+01
1.103594448680363627e+01
9.983331571039526509e+00
1.126793835319719683e+01
1.147856432409800576e+01
1.101568295075718495e+01
1.144109746613839995e+01
1.069481264728134917e+01
1.069406261541309355e+01
9.654325404969581470e+00
1.146854131319723535e+01
1.237363399811516906e+01
1.114231311050921214e+01
1.295648005138161274e+01
1.116702832469230700e+01
1.103522410922363051e+01
1.168437366043883330e+01
1.173643389803635273e+01
1.236077251515950692e+01
1.114720098580933261e+01
1.021919291830844223e+01
1.082255133750880738e+01
1.089054413473855476e+01
1.218325443278246389e+01
1.251579950932198315e+01
1.103911254987817259e+01
1.212757809331883330e+01
1.162448683396134186e+01
1.060245488085022281e+01
1.233246590986126989e+01
1.214521085494040520e+01
1.093609632089375516e+01
1.230998975759965575e+01
1.194973705983063539e+01
1.315271105338887914e+01
1.391737565162954304e+01
1.254611338125326725e+01
1.054803208015270322e+01
1.181364144384254367e+01
1.250200564381208679e+01
1.103455005348481954e+01
1.222769064004638828e+01
1.100637504778070586e+01
1.156402736291774325e+01
1.174686186309051550e+01
1.243057625615674056e+01
1.182373916916266054e+01
1.126061075249707599e+01
1.165102633377603780e+01
1.070742087929374264e+01
1.283680662759447699e+01
1.174360036623920500e+01
1.204195299882544568e+01
1.241573115973464958e+01
1.153946488091954059e+01
1.052680342423919768e+01
1.198619582707106268e+01
1.057032666333485516e+01
1.167495287318480202e+01
1.103502764245310885e+01
1.261554067972797277e+01
1.061091335032884153e+01
1.078491676169226920e+01
1.176780766647427434e+01
1.133958865958789985e+01
1.082751196849143227e+01
1.135744284843283758e+01
1.188285887537479368e+01
1.162444512836145449e+01
9.953057240384399762e+00
1.133293379812215029e+01
1.171878955625733809e+01
1.132460905383094563e+01
1.147944078413939728e+01
1.201819357216537121e+01
1.157950102408024406e+01
1.164772642631904098e+01
1.220052323734113742e+01
1.049038434072656756e+01
1.153806689887592540e+01
1.176559113577878612e+01
1.048462956769716570e+01
1.191685929085066320e+01
1.162759204059121743e+01
1.098820414019895608e+01
1.163834984956871743e+01
1.094199816688758986e+01
1.044672119834063295e+01
1.196136013197922132e+01
1.009672180800558472e+01
1.221393335755595011e+01
1.126921508547398076e+01
1.134715912603792809e+01
1.145467111114906267e+01
1.172079613105879226e+01
9.219583509761699602e+00
1.128439568039726737e+01
1.059952916291022085e+01
1.275464658252707650e+01
1.039117735975955981e+01
1.058631649976162947e+01
1.056223071809657021e+01
1.113657985087119151e+01
1.107677527520535321e+01
1.124064919954001596e+01
1.126473489552297202e+01
1.222162568132208627e+01
1.115647827563607031e+01
1.110416203079473618e+01
1.077906241367401918e+01
1.077636377939246159e+01
1.192817583312440100e+01
1.175156427303974560e+01
1.034073087668028634e+01
1.140226523817075410e+01
1.022989764849048910e+01
1.112860060775266824e+01
1.128837470730365311e+01
1.232770270426023096e+01
1.046872513817147343e+01
1.232734597764823192e+01
1.104621103814765704e+01
1.276765720263481008e+01
1.080574011456224071e+01
1.222954285626449966e+01
1.167620589592885771e+01
1.061078044626266426e+01
1.025967931477111961e+01
1.328297596007822001e+01
1.241079041057244936e+01
1.173855013964600502e+01
1.088814272553912410e+01
1.074073291824437426e+01
1.069734459070968846e+01
1.232981376815306085e+01
1.157383670590921554e+01
1.124685677662431615e+01
1.180930381221633674e+01
1.101630774546129565e+01
1.227171952428299484e+01
1.042072361266278513e+01
1.124852685976545530e+01
1.125486263249297281e+01
1.182387349781977903e+01
1.085980278165441604e+01
1.186715995370825283e+01
1.118412597509454898e+01
1.258928589224248284e+01
1.216096050977357024e+01
1.185414039382509443e+01
1.301909823026281998e+01
1.121550626417905150e+01
1.220976380362009373e+01
1.124228902388584395e+01
1.040774626429312200e+01
1.103108846323553394e+01
1.190864912062074943e+01
1.076378699933484562e+01
1.030263848506719704e+01
1.081303914452128367e+01
1.066435855429557833e+01
1.303996871318541650e+01
1.157432940642966201e+01
1.045395113780693030e+01
1.215744505034328959e+01
1.206977901675896625e+01
1.282688698390119875e+01
1.085283755401373007e+01
1.026861891068949006e+01
1.143426659095973008e+01
1.171395695272606829e+01
1.232031959524583264e+01
1.072615548439526201e+01
1.235209546287521043e+01
1.262409230844458463e+01
1.124668202213082679e+01
1.209267371987353101e+01
1.107014575657706068e+01
1.187648238758725938e+01
1.123187485330027791e+01
1.249913047203794747e+01
1.131081200307201406e+01
1.172569612440155495e+01
1.163391960789685342e+01
1.190816486075176961e+01
1.188908538224173306e+01
1.184038552179402082e+01
1.137270718084363530e+01
1.273474983982274722e+01
1.115309218316331297e+01
1.089046688530697615e+01
1.161842767704561652e+01
1.130216285275952615e+01
1.124455836267505227e+01
1.183291316370918089e+01
1.235398930915209803e+01
1.067875861770507662e+01
1.056550005566948691e+01
1.117592591225871423e+01
1.086942331315269072e+01
1.164178099131929756e+01
1.275758715929975295e+01
1.125754801725960874e+01
1.262996595802806077e+01
1.113691812682403004e+01
1.107661975762272277e+01
1.217531153293365520e+01
1.100312626324540943e+01
1.157954707038386211e+01
1.187188492582352062e+01
1.103877355648923420e+01
1.304831026334222344e+01
1.012439130318790781e+01
1.105651792109258125e+01
1.133757485184931468e+01
1.069129049156744671e+01
1.041033048798406924e+01
1.049845223303269748e+01
1.128681808145713994e+01
1.020134789269733844e+01
1.251344105675171470e+01
1.062714460737145217e+01
1.048151622885694145e+01
1.137132207173304721e+01
1.067902187051736007e+01
1.234694516657216390e+01
1.144696905232044770e+01
1.175417326449481692e+01
1.003561634236377387e+01
1.270747922042506772e+01
1.211355573258856211e+01
9.587383715936487860e+00
1.153847224435317642e+01
1.119205809561670506e+01
1.138176704998239330e+01
1.165173181868632035e+01
1.272791390737438455e+01
1.271993602371223986e+01
1.097210825377622712e+01
1.156746569839423699e+01
1.018875035797170803e+01
1.247772391503819378e+01
1.062190037456535130e+01
1.149294109672981179e+01
1.099932412520621838e+01
1.273326843035157552e+01
1.249149424192880176e+01
1.092248680518718018e+01
1.165123411312632129e+01
1.133368746572119257e+01
1.152311724544532723e+01
1.105674361452001975e+01
1.101567492869060949e+01
1.235950615100455963e+01
1.060567321087804338e+01
1.169228982513348924e+01
1.148645161388286162e+01
1.216245519050426971e+01
1.072638553666447514e+01
1.281490970067287627e+01
1.107423521554241219e+01
1.190285949968168389e+01
1.256512958187727236e+01
1.099986525333083875e+01
1.128058046439840290e+01
1.159892336294701920e+01
1.082671139437614016e+01
1.158680495718064840e+01
1.029812901116009805e+01
1.228908119413381250e+01
1.080076118743035352e+01
1.193376177098057234e+01
1.192769156507326755e+01
1.161050695095354968e+01
1.047777036839267240e+01
1.292919896285877357e+01
1.173913303116743911e+01
1.182250110376984331e+01
1.198173542952042681e+01
1.149712858551731109e+01
1.117140665669345445e+01
1.194988243158812402e+01
1.051695647343088247e+01
1.039231999610786339e+01
1.133312022815258580e+01
1.072613846863655773e+01
1.190636901439003204e+01
1.073466857682809561e+01
1.026495652236622291e+01
1.144293574604736641e+01
1.105675301860482307e+01
1.229459745107983082e+01
1.142801682740607916e+01
1.165999731649653093e+01
1.170175317976441498e+01
1.168733860163145799e+01
1.274156845650119330e+01
1.100104735847915727e+01
1.145418031314653007e+01
1.106953919181859192e+01
1.100755525926449963e+01
1.081206615309546848e+01
1.096611605787282961e+01
1.144488027447989609e+01
1.166162622359598267e+01
1.023304633488324633e+01
1.132877492547142317e+01
1.223170094518723339e+01
1.175246045495705793e+01
1.211573023574160324e+01
1.177812684738514726e+01
1.033200457557418694e+01
1.065902107238004781e+01
1.257113617328279354e+01
1.141585416212781645e+01
1.198873100285460502e+01
1.197279306099083307e+01
1.189698903629959048e+01
1.152556753940306677e+01
1.128834388332473715e+01
1.030536808506770008e+01
1.136625006745368438e+01
1.179170147993212225e+01
1.079158467826402301e+01
1.064330808984867893e+01
1.181865281400510170e+01
1.169418442929045199e+01
1.152643786042814966e+01
1.157450118127462346e+01
1.149505139541404475e+01
1.148840384557670369e+01
1.171916526074634746e+01
1.035512023886369803e+01
1.218722315873315232e+01
1.126391302134462435e+01
1.178581739151874430e+01
1.219742624011257703e+01
1.210571269752879964e+01
1.204733324028996577e+01
1.071142387829733167e+01
1.099912464398474476e+01
1.107986295003182242e+01
1.200303921385929051e+01
1.125124539812829205e+01
1.051165507640319419e+01
1.123006746763926067e+01
1.128482345850712498e+01
1.141468227572612726e+01
1.165152369538973787e+01
1.072971073865377534e+01
1.186793824121282448e+01
1.166850841644648362e+01
1.052941240489564834e+01
1.158577505901120475e+01
1.122705928502334594e+01
1.109002337594426990e+01
9.987429017605592207e+00
1.206766492768520038e+01
1.190674109358578825e+01
1.166781364791941300e+01
9.622768615899342848e+00
1.173760157289059336e+01
1.202039672828154160e+01
1.113557142852326010e+01
1.173017024178493628e+01
1.177294923436033969e+01
1.101644463704069921e+01
1.166002975934910779e+01
1.044205853082340951e+01
1.287580502169886998e+01
1.179593931577316113e+01
1.161083875221176953e+01
1.056654257559032395e+01
1.089317311976959601e+01
1.052499828018866701e+01
1.109198402537557371e+01
1.108748728610115108e+01
1.102411172835661723e+01
1.208417981512839390e+01
1.074362200375427356e+01
1.092783757912197196e+01
1.150011111596666247e+01
1.028391201987309422e+01
1.139634937713600316e+01
1.262791457606816792e+01
1.245819176392884842e+01
1.234230092207608109e+01
1.137178121299339928e+01
1.309547994432899110e+01
1.191092196498298073e+01
1.252118450165715657e+01
1.099037301294384861e+01
1.047545162352013470e+01
1.017837807446235665e+01
1.107072077752067329e+01
1.054246360347921829e+01
9.014513389997015125e+00
1.098251818449299577e+01
1.073497381487149127e+01
1.237800064459081817e+01
1.130375995149608137e+01
1.229156764079647068e+01
9.982517639140720433e+00
1.151630528261478759e+01
1.013515257676888304e+01
1.145169462078803591e+01
1.127029550177257633e+01
1.140776483691267984e+01
1.159040070257261590e+01
1.218233653970859365e+01
1.222216657843136289e+01
1.043024250108475748e+01
1.149491234980531651e+01
1.095878449344452932e+01
1.367756552054836661e+01
1.168070724909054370e+01
1.289553923413955516e+01
1.141790415826609539e+01
1.073798897563349719e+01
1.151185390851664003e+01
1.086177788992840476e+01
1.132472832180037159e+01
1.063237446790037666e+01
1.193348009986879177e+01
1.180906572826242851e+01
1.193808367010439575e+01
1.158650253200184821e+01
1.168039299315252855e+01
1.003601443477725219e+01
9.841980862288803422e+00
1.106413959193850793e+01
1.134159729652141735e+01
1.244183713714898332e+01
1.171439127535570002e+01
1.097063315709702991e+01
1.166287406478370414e+01
1.158273812430786087e+01
1.187499347437865005e+01
1.169639981361320658e+01
1.136408653200964025e+01
1.173701334701615018e+01
1.068418917112808764e+01
1.250519414311270516e+01
1.127328693135343940e+01
1.202657803248340507e+01
1.212988020180154969e+01
1.053410293243739027e+01
1.085556687469035353e+01
1.165805188768077905e+01
1.062573853079119779e+01
1.049086879332373634e+01
1.202983915913071478e+01
1.216017221132739401e+01
1.281495881558678285e+01
1.030393643346328147e+01
1.185873664519264281e+01
1.357486265154034477e+01
1.136752707275499930e+01
1.201730551003628200e+01
1.112490992177205840e+01
1.064240288740891494e+01
1.098817279543074044e+01
1.218172146404883449e+01
1.213344579551853286e+01
1.201931752993732694e+01
1.123544949928248649e+01
1.060164267159059825e+01
1.158809322544885845e+01
1.234878861990144649e+01
1.177616443406870594e+01
1.156197710532586953e+01
1.257746612610267256e+01
1.207515536384913624e+01
1.150745981757824232e+01
1.134726310729096888e+01
1.195490922481047136e+01
1.113269715362587142e+01
1.308458327589068482e+01
1.169089462008952296e+01
1.222428834936302877e+01
1.124264036177360460e+01
1.181664197752567347e+01
1.050290196788749597e+01
1.110932653370823608e+01
1.347564043371324161e+01
1.214853814758003026e+01
1.204630222557816133e+01
1.029503119141386058e+01
1.234292315368207760e+01
1.143631134610174627e+01
1.247981735770998490e+01
1.212110117149783761e+01
1.244238045194084386e+01
1.083969582634584583e+01
1.129300788883611695e+01
1.065071115793684697e+01
1.117966380112376079e+01
1.210327901423843500e+01
1.267278680303994065e+01
1.202281416907756117e+01
1.143678799020490189e+01
1.159098583046597675e+01
1.217805852100362429e+01
1.078176298866134886e+01
1.144725673152724177e+01
1.015763792410378485e+01
1.137187715965556656e+01
1.072593374157279200e+01
1.232973017423608297e+01
1.259029689346545844e+01
1.182809399114887228e+01
1.163636860435699205e+01
1.128298757026524513e+01
1.220845838749584011e+01
1.119059100830375186e+01
1.085178404798364404e+01
1.060293491935461496e+01
1.085255724480883721e+01
1.185142423886165020e+01
1.116326114805013070e+01
1.222780191446688747e+01
1.123964480829281065e+01
1.129113059453444912e+01
1.148057581729573862e+01
1.150934817548228040e+01
1.161383871958202540e+01
1.211453719158594744e+01
1.274656640562678156e+01
1.046645227690588165e+01
1.154339916787986375e+01
1.058871995220231099e+01
9.845086648940473140e+00
1.312312066276615319e+01
1.157193067620980109e+01
1.142747542578267606e+01
1.172766396098364794e+01
1.126080475148543414e+01
1.192158142398976040e+01
1.082641285809548570e+01
9.787685162237366399e+00
1.095144800382987604e+01
1.086499518142095511e+01
1.133602394221491672e+01
1.166157697809168958e+01
1.288612992667874835e+01
1.148387424468272222e+01
1.287702500006977679e+01
1.206788207923488265e+01
1.008321617831002293e+01
1.076338682759942778e+01
1.170439981119836226e+01
1.084561498616893971e+01
1.096284238140310663e+01
1.265661258077854789e+01
9.634743509086501234e+00
1.259843624137215201e+01
1.099414498218526148e+01
1.158463289453602485e+01
1.186712169399788408e+01
1.164929374304159637e+01
1.243924788683835914e+01
1.224755648772504735e+01
1.130410188749422673e+01
1.172089098905957627e+01
1.139300502645212987e+01
1.185279494137686562e+01
1.216247434075175526e+01
1.103141788653420541e+01
1.111743335563358848e+01
1.150516763167437162e+01
1.165531163275736759e+01
9.220452602247410923e+00
1.087469336156374311e+01
1.169152983638307397e+01
1.139668388469309868e+01
1.190991192865180892e+01
1.043031634113292405e+01
1.088557726763040279e+01
1.146104217052553231e+01
1.136684606280509868e+01
1.267957816924415049e+01
1.150149425515532542e+01
1.221286490277738856e+01
1.214270507867664328e+01
1.145227066185950093e+01
1.126936849255562656e+01
1.136041491997902853e+01
9.919154845449495994e+00
1.291318420441383985e+01
1.048557071027261145e+01
1.067241225636555235e+01
1.064518340429031618e+01
1.195425032501837315e+01
1.112462616342564026e+01
1.024836228517496117e+01
1.054914400863502522e+01
1.200430563008265317e+01
1.253154790683427855e+01
1.241040096062200604e+01
1.159809622930351480e+01
1.100700257065352616e+01
1.078687987506841317e+01
1.208960898677055873e+01
1.266240036635911892e+01
1.142502847439254410e+01
1.099440303100841021e+01
1.069320536851767223e+01
1.158228190000300195e+01
1.171149014883980755e+01
1.198404620460052605e+01
1.060422924414648982e+01
1.162032958129233329e+01
9.371832964321878734e+00
1.075486827200792028e+01
1.074372322719489148e+01
1.064242992652276421e+01
1.071580091475317786e+01
1.083263773072406266e+01
1.099258704778991458e+01
1.192691212972730952e+01
1.151806222810547453e+01
1.233509576342610004e+01
1.127657944869512363e+01
1.281649844452711484e+01
1.150211428110461753e+01
1.126213593860381224e+01
1.069536885774810919e+01
1.075957522054455673e+01
1.009866064270390851e+01
1.133721406846159496e+01
1.179241627821658689e+01
1.056419559319215473e+01
1.057686130530784396e+01
1.004501852573980436e+01
1.064703587454145683e+01
1.201308484174991520e+01
1.100243540379076279e+01
1.039636502608453661e+01
1.155706733291308552e+01
1.164318245160036192e+01
1.259169437979715944e+01
1.107017417732633646e+01
9.806493363668270291e+00
1.103875040080703940e+01
1.217871961615678522e+01
1.140618002488708527e+01
1.239039641612288101e+01
1.169640264496143089e+01
1.109565477413561752e+01
1.084340604107696215e+01
1.184392865101086301e+01
1.317956363110346452e+01
1.173108481174423723e+01
9.109185804401105813e+00
1.172114388932663154e+01
9.248251886690624701e+00
1.081413683096103284e+01
1.094714106244732221e+01
1.223168918615672318e+01
1.165764703154706616e+01
1.123002432219127655e+01
1.100424235978285381e+01
1.085693380727637525e+01
1.188938886115179727e+01
1.125516925415172409e+01
1.208661096400285651e+01
1.103360695635041999e+01
1.262470884000670246e+01
1.085057972210140598e+01
1.089993174456643210e+01
1.082580743175984317e+01
1.203054064340307328e+01
1.148985381740076051e+01
1.165897442850297239e+01
1.003438543739689059e+01
1.230997149703218518e+01
1.130763034814214762e+01
1.211481727803636588e+01
1.148746461570975796e+01
1.125614545679089495e+01
1.212969844115425389e+01
1.114552844097506679e+01
1.114618374207088003e+01
1.154637722438439162e+01
1.097912708895471745e+01
1.028075362289391492e+01
1.164124989949229416e+01
1.274017326855351229e+01
1.208719427002109192e+01
1.117030217278500714e+01
1.178168573449563539e+01
1.107871410898384390e+01
1.155430114569363376e+01
1.070894128756044417e+01
1.007852626871243196e+01
1.135303810739812391e+01
1.236918518652818300e+01
1.201148096420691935e+01
1.061265692847878661e+01
1.077246788908555786e+01
1.176078836147129003e+01
1.188080776920765302e+01
1.077433842371391925e+01
1.176159133092088815e+01
1.162701413395906869e+01
1.097714360232966690e+01
1.081422239909171878e+01
1.026388996701135525e+01
1.016049918943473607e+01
1.103608317606135536e+01
9.366376241674817749e+00
1.197029029036472281e+01
1.211476364571006137e+01
1.061489457037677120e+01
1.225619169954038234e+01
1.131211328525633064e+01
1.123523236724585672e+01
1.140581837409230026e+01
1.196990069751168306e+01
1.225436000852937823e+01
1.134548949729270895e+01
1.240702523226517684e+01
1.043715146171516039e+01
1.033542686285346868e+01
1.201140590905284888e+01
1.062870200391788877e+01
1.022385107097255741e+01
1.229319660745617426e+01
1.054986144702457018e+01
1.137907077913097709e+01
1.062992717249305663e+01
1.264688584215833878e+01
1.059805455598589674e+01
1.112905322923146301e+01
1.099010217906455722e+01
1.246941465765769763e+01
1.102822602121063333e+01
1.064130726151131512e+01
1.089798926196701601e+01
1.123644531451987660e+01
1.151544927830505394e+01
1.095777309889780504e+01
1.307331980243015401e+01
1.264663261833699792e+01
1.146948756248236911e+01
1.069886321857415368e+01
1.271368811818655331e+01
1.066759189435951782e+01
1.031275747113077479e+01
1.133807850331379186e+01
1.198739843320735687e+01
1.219590858298286307e+01
1.044616816314216479e+01
1.186087202143506403e+01
1.224344748803380156e+01
1.207882632573138970e+01
1.174180487951122664e+01
1.108064724765537257e+01
1.085674920119108577e+01
1.236224971076633494e+01
1.117207000299388397e+01
1.137002625981687309e+01
1.116798844127558432e+01
9.955621198021008311e+00
1.226339239937424175e+01
9.942525355545901888e+00
1.076789926627159133e+01
1.108949896128621582e+01
1.113089466624995616e+01
1.089166065558432095e+01
1.147096319610739634e+01
1.144268944505851771e+01
1.089658982808834331e+01
1.226308939247613417e+01
1.097003397180598760e+01
1.115099158437769589e+01
1.140796121206141045e+01
1.144951218714527741e+01
1.196318224690039322e+01
1.166760564132257727e+01
1.219145817884108141e+01
1.186951894565216747e+01
1.244217185537673309e+01
1.116263407683709374e+01
1.153737726356129478e+01
1.270837151910501461e+01
1.176518597610587058e+01
1.093726960356813294e+01
1.140821026349484590e+01
1.243992573556700165e+01
1.075042680645560189e+01
1.080221884890302420e+01
1.149796891539087795e+01
1.249882423789660812e+01
1.204781559792895429e+01
1.130346308319243676e+01
1.218016528557772915e+01
1.116394061691612194e+01
1.247801308599414760e+01
1.152139373650881282e+01
1.244195941384434256e+01
1.089723049296233448e+01
1.199217655795539272e+01
9.856657308649415583e+00
1.253446728465750581e+01
1.124134460054768603e+01
1.174989025754947924e+01
1.171385501449205258e+01
1.083149889354008799e+01
1.089987422275879858e+01
1.282036236204453239e+01
1.190649773545608880e+01
1.194202926254781083e+01
1.162201371424591123e+01
1.189182606913362683e+01
1.144406764573343338e+01
1.177630027789053990e+01
1.068182736902684660e+01
1.106829093696870103e+01
1.127023214289659592e+01
9.872303618474814968e+00
1.210299059479999073e+01
1.214580847949108033e+01
1.127479448147053631e+01
1.207032728102765695e+01
1.073171159325394619e+01
1.108603869025975364e+01
1.239065890770170242e+01
1.204300212954874638e+01
1.116920713885178884e+01
1.139411122830318668e+01
1.186496702158238925e+01
1.120905392681298984e+01
1.021022904064350989e+01
1.190230766261796980e+01
1.128192949997531791e+01
1.273817513168020277e+01
1.137937885880833200e+01
1.181936166839802560e+01
1.275691546250348374e+01
1.228136650768206195e+01
1.076142931111088075e+01
1.081990936679179427e+01
1.239708754973102600e+01
1.164751032675367526e+01
1.154023209511268355e+01
1.143345837899167172e+01
1.075252764423862040e+01
1.235767576596140138e+01
9.244458902740074535e+00
1.146911976674903499e+01
1.143843686352144395e+01
1.072467216828596115e+01
1.200288997203635510e+01
1.241678233007502818e+01
1.062224620833124433e+01
1.119741229175019903e+01
1.151740474230658151e+01
1.107499219350371966e+01
1.087320895793620679e+01
1.105325224906607673e+01
1.161418455420170481e+01
1.130416643229223439e+01
1.240221179344384517e+01
1.090278831970728923e+01
1.253579419538161766e+01
1.138359860231390108e+01
1.159430736747592050e+01
1.137991528735379632e+01
1.040875804100485347e+01
1.142013295040585419e+01
1.133265438468699493e+01
1.150276941239155803e+01
1.048452298599077182e+01
1.211667043234418628e+01
1.108952772367136141e+01
1.223364707730246259e+01
1.223898770294564464e+01
1.033935044358571709e+01
1.225777498032738144e+01
1.112880219717838060e+01
1.097129304524305837e+01
1.127550644909357480e+01
1.187325159902021277e+01
1.194831603315782154e+01
1.031617573015912548e+01
1.280942275836693867e+01
1.127461683195437736e+01
1.257037726533668298e+01
1.214544924929461800e+01
1.236562909732806226e+01
