7.907419145986352760e+00
1.048195319247663182e+00
2.025522874159689479e+01
1.480053881401660298e+01
1.411473091460860418e+00
1.464554724344379899e+01
2.251101352193328076e+00
6.885516269417712998e+00
5.284116647065804528e+00
1.063658095844698970e+01
1.542840624688428441e+01
4.976076023251655434e-01
7.951000765270197057e+00
3.739887769017729902e+00
3.421736082831372538e+00
1.287552266033810078e+01
2.604196673010364282e+00
2.400441379465825698e+00
4.338256591165920995e+00
4.988993596538307429e+00
4.552951359444520563e+00
4.381062043600433498e+00
5.730600170475197430e+00
4.184497580734029221e+00
4.236240441841000681e+00
3.270897082489190666e+01
5.328379910327381452e+00
8.172754757003151127e-01
4.183397270873398632e+00
5.427869282120960648e-01
6.277617042545815984e+00
1.247967267845819705e+01
1.643298185847390291e+00
7.451463646656932838e-01
3.281890618142431215e-01
1.002554200404129858e+01
5.433071313568877514e+00
7.336009956771274432e+00
4.203207236035790828e+00
1.055336015066189681e+01
3.571448856010338790e+00
6.497119721429950090e+00
1.970557978064023175e+01
4.701398935662009393e+00
8.993284812284446872e+00
3.008180475820508626e+00
2.978849752662156458e+00
9.074166770563234508e+00
1.442536899198035805e+01
1.172701753086706944e+01
6.302645013584472267e+00
1.665757793913042351e+00
6.145654380657125770e+00
8.788327687818696887e+00
1.338994749845904408e+01
1.882561413304399522e+01
1.293653210728817449e+00
3.183856166501068063e+00
5.969543584649247947e+00
1.287416392259603803e+00
6.276820050546839447e+00
1.865602318499115730e+00
1.803815969167215982e+01
1.759210181876703771e+01
3.113322821017491915e+00
8.525245519052829124e+00
1.010277902812764061e+01
5.395863395379119076e+00
5.482997108722147850e+00
3.790502931511571472e+00
5.140139205492662455e+00
7.079682742940383022e+00
7.348153053432723070e+00
2.522138796208995171e+00
6.462872469158292610e+00
1.932164523085251329e-01
1.450621475393954807e+00
2.555999723518274980e+00
4.958681956340193153e+00
3.958578890357069113e+00
3.841444400667676451e+00
5.337672636336989740e+00
5.210846582919897330e+00
8.628414289081550947e+00
8.966120293630694960e+00
5.194303830201096872e+00
1.507503193467896452e+01
6.972879342751387099e+00
3.242904565304626896e+00
3.155862735663526042e+00
4.706195650929792862e+00
3.966973355994153128e+00
5.685088321344214934e-01
6.677211914844687790e+00
4.411343784336651197e+00
1.428023077209385032e-02
3.732796646157312992e+00
1.596920435966622476e+00
2.245878006816720784e+00
5.500433392970882629e+00
3.888172062736916956e+00
4.173721843882063354e+00
4.853473570619177835e+00
1.009257153924814077e-01
2.086315533324397453e+00
8.612785495905107780e+00
7.522620371254910232e+00
1.370897465760078981e+00
4.484817670657113564e-01
2.447154765828413847e+00
3.565738052161790961e+00
1.499198280731993682e+00
4.901097057469741891e+00
6.854963159779639881e+00
5.501940160855667727e+00
6.007672184580990837e+00
2.328653454951841451e-01
2.677524975287615572e+00
7.118883022349206335e+00
5.159490972254382468e-01
7.606287514055026122e+00
1.013626344380854505e+01
1.031657781281359298e+01
5.030621291727182864e+00
5.527198692028557403e+00
8.318105082384077420e+00
9.448794545007785373e-02
5.273255101544577217e-01
7.478513874708270670e+00
6.493710440434687925e+00
7.322897619039141048e+00
8.204841054722605831e-01
6.173440541127405368e+00
9.878698852005897146e-01
1.733453828807782759e-01
8.148612341602328613e+00
9.227739522496797520e+00
6.791124646050052505e+00
8.087457242982830863e+00
5.057264489014085207e+00
2.262289226037890622e+00
4.200644625165205204e-01
5.753412633625447192e+00
6.160535359339263550e+00
8.912481116926510794e+00
6.064830699454662799e+00
1.448027258253982374e+01
1.976144414370264668e+00
5.258766386334941423e+00
6.987620869025144010e+00
8.930096792889422375e+00
1.668109948920974084e+00
5.150871244907838431e+00
1.008271222965753111e+01
7.398147051020043108e+00
5.214736619194318301e+00
1.098558285152926750e+01
1.160122060429966240e+01
6.020609306752074730e+00
2.921066179698901255e+00
1.001986114418130391e+01
3.284528193991252287e+00
4.663100330133342908e+00
1.969122138769730856e+00
6.217317247523002521e+00
3.093151359115223098e+00
4.813936067585502521e+00
3.151126621330859301e+00
1.040870745139183029e+01
4.762259102260367527e+00
3.265465265099007919e+00
6.372200822267911846e+00
4.131982300094474425e+00
8.508435335750479389e-01
1.003755074919649104e+01
3.420383966947927235e+00
6.367543805384745959e+00
4.560252202794411680e+00
1.481492324877561995e+00
7.671375996710385614e+00
7.825652493117732256e+00
4.926833859975697116e+00
2.094405441829083969e+01
3.502001774440796744e+00
4.402065448317634022e+00
2.398109029778495493e+00
2.718280997736806537e+00
3.045135681111946546e+00
9.705006150993957803e+00
3.783155992941807710e+00
1.412901454837188542e+00
9.423928949865214122e+00
1.103155217138739452e+01
1.335440758246946302e+01
9.910404792323456391e+00
5.987419138641076444e+00
6.720484072845049006e+00
1.634034837125139195e+00
6.202301568798147535e+00
5.359348546170559224e+00
1.948109557935997271e+00
2.098140491775999372e+00
2.399762766862641172e-01
3.567509928365424354e+00
9.953411839994982246e-01
2.603779235885137044e+00
4.825549418235545174e-01
1.501325672660540622e+00
3.692616626965573801e+00
1.054521682859399512e+01
5.392300057639061173e+00
8.190293274300380233e+00
1.273336276304510761e+01
4.323697871787608449e-01
3.059197406823053633e+00
7.377789623636080485e+00
8.643599553110554723e+00
1.350356210591919748e+01
9.808916862758906063e+00
4.328125685887905583e+00
4.964026182185286906e+00
1.531872868131357812e+01
6.634895734004255807e+00
1.279522539391365221e+01
3.142117182927565811e+00
4.464634602606053271e+00
1.394509074521543646e+01
1.243832819102938458e+01
8.559692415652893516e+00
2.864965541478232236e+00
9.144828018870784447e+00
2.063193029953056534e+00
3.735524934030995059e+00
7.871226472809865093e+00
6.494558891155039149e+00
5.525075013591550288e+00
1.304595976863056173e+01
5.512478284510743620e+00
4.666733503727273913e+00
2.688699909856461456e+00
4.282988749631030601e+00
1.393424708904509091e+00
5.020784091929802351e+00
2.107439943276047778e+00
4.505570323509704989e-01
3.011947318010029306e+01
4.400720295949966498e+00
1.282668023703227789e+01
5.671099367302549155e+00
1.737320608007233869e+00
1.090263018202168155e+01
3.518908604296441034e+00
1.508097461515370163e+00
4.176308995294581550e+00
6.072901034701759793e-01
7.511966301676128666e+00
9.204460869102598863e+00
1.808441096775455170e+00
9.767178725636172842e+00
4.791048192431280661e+00
6.070842902848631262e+00
2.465709277706165381e-01
5.054106497134555731e+00
9.029200131076073887e+00
1.616798221379552203e+01
8.923497566355976574e+00
7.214378055444226945e+00
4.946783879224176061e+00
3.956453952500422755e+00
1.059697190665831457e+01
8.200400873126818979e+00
5.229530752715147557e+00
5.197236647453347125e+00
8.226718539055728030e+00
7.133635866708130102e+00
3.871232397581460205e+00
2.549419316409240466e+00
1.155853488531994344e+01
1.189398589097491055e+01
7.792919478501132424e-01
1.942597955419935474e+01
8.279968491548805432e+00
1.124821067691124199e+01
4.712811727474882417e+00
3.244658541151304032e+00
3.325194347407788520e+00
6.133004574847270796e+00
1.195891896610648786e+01
4.663195673650108120e+00
8.570723472682917787e+00
1.138394580877953288e+01
6.297748087534069672e-01
3.992001338320394943e+00
4.371344298755264646e+00
7.346850997604306155e-01
2.387958238773167374e-01
4.199663176374435758e-01
1.839440703211214778e+00
1.013357687874133362e+01
3.425028932784510260e+00
9.501610276923036835e+00
2.407831751352730976e+00
1.003660549527208445e+01
1.264272631637770772e+01
1.025508004213433644e+01
9.030607563763586754e+00
1.830652980527853746e+00
4.418810082977477904e+00
1.104624444263739669e+01
2.636244733580860977e+00
4.446351109110450395e+00
4.315830977057760975e+00
1.123139098646382728e+00
3.083412079286438345e+00
3.356579010988042788e-01
5.452412848836247772e-01
8.028135570256157649e+00
2.676983276258952049e+00
1.190041707720787478e+01
1.868168762588406917e+00
1.201256702906351137e+01
3.935912698956300915e+00
6.236750789937787864e+00
1.031870045407311087e+00
6.803070699125574272e+00
8.468484313628861671e+00
3.441910560968627908e-01
1.498746972891587959e+01
1.298072516365127882e+01
4.129232344746955441e+00
1.096049031967320886e+01
9.611144505989992481e+00
6.699355259447449917e+00
2.150060809663119521e+00
3.434301214223654863e+00
3.949850141366442191e+00
1.011805420232928832e+01
5.513495570704843196e+00
8.390525525247478633e-01
6.329725904244900114e+00
6.373548510903882525e-01
2.910550702466751183e+00
1.082642918961254352e+01
6.349392933288032559e+00
1.171174081083396779e+01
7.389410493648756351e+00
5.770859745821899089e+00
3.043132855731464748e+00
1.562469774710478987e+00
3.487575720987988959e+00
8.023893659563112735e+00
6.536750669129695268e+00
2.002690493713121356e+00
9.231713143628766716e+00
7.227765381008542711e+00
4.984780277246938063e+00
2.754465268628373265e-01
2.494623358154996751e-01
6.513948276990834785e+00
4.540537793180217996e+00
2.789865012929822807e+00
8.251650942787561505e+00
1.080050632171252900e+01
2.781937577810961404e+00
7.682481478681362219e+00
3.573926370593819013e-01
7.749117065017216532e+00
2.993954095952831018e+00
6.198191361496674823e+00
3.718431035190323364e+00
2.146496065484871263e+00
6.753767410201140464e+00
2.627780699801680608e+00
1.254432461012862809e+01
8.593298622101565698e+00
8.864297360403712744e+00
1.610728439555327540e+01
3.065045004767234182e+00
5.482491065948245534e+00
7.582444468235666868e+00
1.528950424134802422e+00
7.854010118410712060e+00
2.896814263271152434e+00
7.177996515723837234e+00
7.800616824310464992e+00
5.067052249995279034e+00
1.625202204828128272e+00
1.546586455679572314e+00
5.991225585377416785e+00
4.964773223949866754e+00
5.873726161435899762e+00
1.857671023162169810e+00
6.236804261314474296e+00
8.652490984563042886e+00
2.615107498034979105e+00
1.087046666287236008e+01
1.409487203531568200e+00
1.689115834950381201e+00
2.794830055965861870e+00
6.023037664816413894e+00
2.905000232635387647e+00
1.059853316937280354e+00
6.237744764003664066e+00
1.876563543228331743e-01
1.126583719864848021e+01
6.217362785943598702e+00
1.860982214044286875e+00
1.296041411755273032e+01
9.956606778261608781e+00
2.993021613148054705e+00
5.870391957904319113e+00
4.771685739701814200e+00
8.875238523886583408e+00
1.915081909135758664e+01
1.106193599263246696e+01
2.159142834401456046e+00
5.107115336497279223e+00
2.566675210455457101e+00
4.301797875667121573e+00
7.399082151448714839e+00
5.428770768423941462e+00
3.597745483227014596e+00
7.010905794002786351e+00
1.255203413981040628e+00
6.439361303551950577e+00
6.809986733194188346e+00
7.376827596660818998e+00
1.886623369742387979e+00
1.664670381638199803e+00
7.395976827871957759e+00
4.151628342912265346e+00
7.340630907082916323e+00
7.453766178657213359e+00
4.585654998931664394e+00
1.684534064115495866e+01
1.137614446142272584e+01
7.759466186553763967e-01
7.215797439934116930e+00
5.960568147678909412e+00
2.837751045382759796e-01
7.419949378469397061e+00
7.295641552463290935e+00
6.561437208239505381e+00
8.937961734754569676e+00
9.484054679848371805e+00
2.966281719946781248e+00
1.253334950134808423e+01
3.244334576236053813e+00
9.574371463134294657e+00
2.267310808407891343e-01
6.542644649825591685e+00
4.276618586522663357e+00
4.704907757880543606e+00
1.072599945888232398e+01
5.578218323605217854e+00
2.503573662843524872e+01
3.366220270071177634e+00
2.246775884102428567e+00
5.521979498675126052e+00
1.904268816247166152e+00
5.258585899446740264e+00
4.108153280507514715e+00
6.866301868655754426e+00
4.024754232924015795e+00
2.387479371205781131e+00
6.459004867100946790e+00
6.001066017930602570e+00
9.989401767773971486e+00
9.221586806583298435e-01
4.414791307044486857e+00
1.666439751707827766e+00
2.190212345942453176e+00
1.360107121764290827e+00
1.138896470359078883e+01
9.959180732089210508e+00
1.703246346648711329e+00
4.134230245606864251e+00
7.822012803537536030e+00
4.391412090779132527e+00
1.932538073170142701e+00
9.685996266050926451e+00
3.872314227718613555e+00
6.670707342355541858e-01
1.182218711462117433e+00
2.641110458766806612e+00
4.542891944303375951e+00
3.523383389487253492e+00
2.632036359478242549e+00
1.608520444376093295e+01
9.338379004642320069e+00
3.966937526302165562e+00
4.551646195860111987e+00
2.182232515848943954e+00
9.659662374664336193e-01
8.823693094232334388e+00
8.088988677085779955e+00
3.710744348928906255e+00
5.273294594226338283e+00
3.583603850441683947e-01
3.538272246774122998e+00
5.811886136446480222e+00
2.039450745801048370e+01
8.853986373737965820e+00
6.485608521683648320e+00
1.650714001082984383e+00
2.620784208124560255e+00
1.233760035960535362e+01
4.113081983807578723e+00
2.522074714657615679e+00
1.688535674786140417e+00
2.342223689404808962e+00
6.322109806333772397e+00
1.174993637091876941e+01
1.395172721599123589e-01
1.087539758790037681e+01
1.037987690335934232e+01
9.412686533084764662e+00
2.071102850615506252e+00
4.551218629124157644e+00
8.965024649145687974e+00
6.389871041387780615e+00
2.206229777078450915e+00
4.834496189625686391e+00
1.622478402409806719e+01
7.239697998523412004e+00
5.032026760186033343e+00
1.298997628937995863e+01
6.291761980358300477e+00
3.492052863919956174e+00
9.276555527406324941e+00
1.417335302520730167e+01
2.504595215842191358e+00
6.837301388793417978e+00
1.365839657843939925e+01
5.753492959654089134e+00
3.964447973773878697e+00
6.725335067498427577e+00
1.370976522436288825e+01
1.358539038496742357e+01
4.346326610853359362e+00
5.192023484288331048e+00
4.554178117035978524e+00
2.587448224869087987e+00
4.032308973723876200e+00
5.151170343116375783e+00
8.699663924879711630e+00
2.165729301157707898e+00
4.284672135753164746e+00
6.303089882165989977e+00
6.845962268978455612e+00
5.557270796501747157e+00
3.324067470945105907e+00
2.658209874014862972e-01
3.990799035936657191e+00
5.181525949322393743e+00
9.627139870680576639e-01
3.699767497785955594e+00
8.252104027254480556e+00
1.230709678429814424e+01
1.755917210297493591e+00
1.238497417372413700e+01
1.061948561882364084e+00
3.904921460214578754e+00
4.564854733015553556e+00
4.270662980392961217e+00
7.785692962809630302e+00
8.034619499355645900e+00
4.175784066397099537e+00
6.001110124050294203e+00
1.447776171679861257e+01
4.682192666033946793e+00
7.491172081734786659e+00
6.936937687358735616e+00
1.159442080625983174e+01
2.425938216941847081e+00
9.494054093513870640e+00
1.878393995385224002e+01
5.678398563972150370e+00
1.699247653189023666e+01
2.284359988963104549e+00
5.565981189344910263e+00
2.795138040733993190e+00
2.430410056186771861e+00
2.849715758442810998e+00
5.531590906892899895e+00
7.379859325908795675e+00
3.959692871079694587e+00
6.062461965088962179e-01
4.041551066356386279e+00
1.097117227003478845e+01
1.117913869909138214e+01
1.625807596707718261e+01
1.063355134891400056e+01
1.022592618133888642e+01
7.001507336051549402e+00
6.905451073441312815e+00
9.546099214416022605e+00
6.676570162570784284e+00
1.877617181739222874e+00
1.546574084238990388e+01
7.614566995337234800e+00
7.151084716858973067e+00
1.855876215314870237e+00
1.201494953882352057e+01
