2.630633620867356370e+01
2.998787125138192877e+01
3.113249032462168131e+01
2.799661203484265570e+01
2.889075914055093719e+01
2.657903189514627584e+01
2.851423071610238225e+01
3.086717810437401255e+01
3.009189965262772049e+01
3.047895378042509051e+01
2.878032983185683946e+01
2.878203468944446897e+01
2.758990467781634948e+01
3.262144148412901501e+01
2.897344845021838822e+01
3.038692496030389378e+01
2.760072899971870797e+01
2.792256416885133419e+01
3.199288074697833650e+01
3.053238680937224814e+01
3.301905508766868280e+01
3.050148236538539592e+01
2.952389656425300402e+01
2.929598089458006527e+01
2.969179339081989255e+01
2.842442422092649679e+01
2.908752930479630905e+01
2.566544767689904560e+01
2.803143295793542578e+01
3.242364622596105761e+01
2.931532758751599133e+01
3.128695338760831746e+01
2.759416946488268252e+01
2.893568840461041702e+01
2.906635878151948660e+01
2.872713023841654589e+01
3.025314333334246797e+01
3.115717135225816747e+01
2.912138429942918449e+01
3.253970953329919524e+01
3.014446171157396392e+01
2.978694119842898758e+01
2.958267526016830118e+01
2.927515884260859025e+01
2.787855046755361954e+01
2.954621838480077045e+01
3.150027114927875971e+01
2.661542441090856315e+01
2.639749038909492285e+01
2.999999048378984767e+01
3.147093390243140831e+01
3.020814371830208245e+01
2.756114006578248876e+01
2.513976761930678805e+01
2.986019875873132889e+01
3.145108485385638275e+01
3.394405469206230208e+01
3.138422822374938548e+01
2.979441068143220406e+01
2.596311528755539655e+01
3.212068420693461235e+01
2.781802914934613113e+01
3.080218968168625082e+01
2.890464274335961647e+01
3.013588906869122042e+01
2.997723435612747878e+01
2.950051630814605730e+01
2.864842906666528677e+01
2.873637453059635050e+01
3.067275134952964422e+01
2.978931498824605839e+01
3.173365119780340038e+01
2.626513378631979023e+01
2.821962783591935420e+01
3.042917103506205478e+01
3.070925167105774634e+01
3.233723554056474114e+01
2.947411518744489811e+01
2.871043924189191188e+01
2.508031175708714500e+01
2.648084742738021902e+01
2.944266149489402906e+01
3.010524334821641546e+01
3.202109896861239235e+01
3.180046177180542344e+01
2.892478932750837117e+01
2.947200962353717912e+01
2.903051416182850986e+01
3.059675461636116722e+01
2.586311235315970691e+01
2.696069637968434307e+01
2.682808913645586202e+01
3.144768994105833926e+01
3.176592777427039849e+01
2.752810904355814614e+01
3.055903942837100828e+01
2.804245140826900240e+01
2.601550911439339586e+01
3.265939826198645335e+01
2.909385368216121748e+01
3.037709168910935631e+01
2.901748902281261522e+01
3.153770737267025481e+01
2.802502958237861463e+01
2.940718497244961682e+01
2.481238068826829135e+01
3.232368085469550323e+01
2.789838155046266266e+01
2.886011920715238688e+01
3.130230368307663014e+01
2.700269148846310685e+01
2.674687978859306980e+01
3.023224521618137928e+01
2.635525999626268856e+01
2.789465227593117902e+01
2.747094173162335906e+01
3.060410236396848305e+01
2.758896771058304864e+01
3.105838542021913540e+01
3.285347921117828918e+01
2.538038034529254361e+01
2.741343442108097506e+01
2.980050915330741645e+01
3.084598367494774607e+01
2.921516243109885735e+01
3.285819654041375770e+01
2.508390058937731482e+01
3.052246796251316852e+01
3.021702914783156046e+01
2.989548498870486171e+01
2.727412410891324868e+01
2.974196485452250371e+01
3.159739630265082155e+01
3.107146058310627268e+01
2.720631894712285259e+01
2.805975969902153011e+01
2.980821557549616685e+01
2.724869595564276636e+01
3.109002211680467553e+01
2.856437188780970260e+01
2.909818642004908185e+01
2.950684210793040663e+01
2.980846244347848639e+01
3.008187393290209855e+01
3.071745149423455246e+01
2.918321612559499911e+01
3.412496358154891851e+01
2.623919075936344214e+01
2.973698529672547508e+01
3.068858140830711179e+01
3.003275565152064175e+01
3.168389750597063781e+01
3.221281310126903463e+01
2.748486770520668188e+01
2.964432474825903086e+01
2.608474199563463003e+01
2.788364626629379828e+01
2.793607742944880812e+01
2.992643453473231929e+01
2.963014699912120165e+01
2.972024139608649662e+01
2.503481633353109714e+01
3.271918509012132148e+01
2.966105273251568875e+01
2.823435485072436890e+01
2.652751319175988698e+01
2.902950836599061546e+01
2.993465081558722574e+01
2.814716815112717541e+01
2.706692788112210479e+01
3.084279928202055387e+01
2.942580197082340376e+01
3.146157308347300585e+01
2.850566040826597813e+01
3.047836767702667515e+01
2.783760551735210242e+01
3.012540098943102862e+01
2.811843827939064511e+01
2.687857727094973015e+01
2.791732845758427217e+01
3.121494203322885852e+01
3.132099732664144653e+01
2.648837559936900021e+01
2.791981954829466872e+01
3.188644363074250521e+01
2.853187721224208317e+01
2.783306102803126691e+01
2.985601294514269100e+01
2.652534427648271276e+01
2.836094243199095644e+01
2.802666057716045245e+01
3.026306071239398321e+01
2.633423724272839195e+01
2.887361676622573370e+01
3.131745493548362091e+01
2.975371468949235876e+01
2.919030271430453993e+01
2.872313023784863617e+01
2.867793113616282952e+01
2.944204583955099963e+01
3.127794380763756976e+01
2.788409565607862461e+01
3.221618389694216233e+01
3.044121491931232981e+01
2.905654470036932224e+01
2.874229539532027644e+01
3.219096790365091465e+01
3.016066222681182651e+01
2.537363307646797850e+01
3.046214466499660034e+01
3.219159272594558274e+01
2.757421410191944489e+01
3.188704369575753006e+01
3.138031837236872690e+01
2.934997204447120112e+01
3.037412613624395163e+01
2.944672667253103882e+01
3.012185852028246913e+01
2.647207946351199936e+01
2.824489807333454650e+01
2.815389585325284827e+01
2.972028637431474607e+01
3.042235714295991400e+01
2.678416437198653099e+01
2.556435563396123456e+01
2.767582928077101911e+01
3.113888006452059543e+01
2.748291468452451980e+01
2.992629857597374610e+01
2.846459820135265062e+01
2.610600803269561254e+01
2.954817357947473155e+01
2.745104732254151969e+01
2.877455584129862487e+01
3.028074785385063095e+01
2.930930770079485015e+01
3.006202193170787140e+01
3.094964883739681127e+01
3.047394690063395117e+01
3.134187649034268475e+01
2.904372648290223324e+01
2.809452998921636535e+01
2.917053764556072082e+01
2.753846750608628469e+01
3.084692737497151072e+01
2.657335264418830079e+01
2.749899147101228181e+01
3.058314659210844155e+01
3.193258246967201330e+01
3.225635039882775601e+01
3.116823320731950275e+01
2.948754774093947972e+01
2.993864285578680651e+01
3.219615867168695900e+01
2.802275529335456028e+01
3.048197192414237477e+01
2.838917381821674013e+01
2.639294402150471441e+01
2.891208944610711029e+01
2.859558936470068247e+01
2.859732616613511880e+01
3.098366224289679494e+01
2.708170536870324696e+01
2.735862659585806611e+01
2.823316813211100040e+01
2.521889698788712053e+01
2.683050824748184482e+01
2.855821750179715579e+01
2.799502122625460387e+01
3.227779768919680947e+01
2.744650318996864158e+01
2.961730167636716260e+01
2.813488334171490024e+01
3.094634664475047359e+01
2.794735475643862088e+01
3.102978919453780549e+01
2.741986133740574516e+01
2.651644115845803640e+01
3.186878776034990324e+01
2.962386409569784007e+01
2.854441664515234223e+01
2.855638463386236126e+01
3.074818198452451767e+01
2.881965152573001276e+01
3.066748501671507654e+01
2.864146961996052454e+01
2.925698184476233976e+01
3.297634080447966909e+01
3.116834833801952698e+01
3.168839996505860057e+01
2.548379247784534130e+01
2.938166372455771125e+01
2.935440068667602276e+01
2.795863622327033227e+01
3.015604565126004388e+01
3.155513263966931348e+01
2.704320026111754416e+01
2.718019267646067050e+01
3.176947122524485323e+01
2.855912021408208901e+01
2.664339831575449580e+01
2.706366209796457767e+01
3.200064324662122317e+01
2.979858535522180318e+01
3.099986304092807998e+01
2.687939804167926994e+01
2.661978548490997554e+01
2.973897912638030050e+01
2.723958024145854395e+01
2.709099992454043004e+01
2.959211709285256475e+01
2.723507238681113307e+01
2.983269044171566975e+01
2.533212169783205425e+01
2.484578776286358348e+01
3.071674456260490516e+01
2.938046910867833716e+01
2.813299274624446156e+01
2.837740801153908166e+01
2.789850602966063420e+01
2.833179863301266721e+01
2.996679793293364824e+01
2.899988734163290616e+01
2.939088722594859959e+01
3.013926214984493157e+01
3.256603984193026946e+01
3.081817373477471023e+01
3.262859580922362568e+01
2.874708269420421303e+01
2.829582883989865749e+01
3.341298853577594485e+01
2.664592401546548572e+01
2.910500501058042033e+01
2.578252946846157911e+01
2.933929086511052375e+01
2.963189058668404741e+01
3.193183989503624076e+01
2.832291585993306526e+01
2.968288279903344673e+01
2.778396994101023409e+01
2.873563245475254035e+01
2.927101060390623388e+01
2.734562646943737008e+01
2.759296883521766830e+01
3.084254625866721611e+01
2.762331794274093255e+01
2.680842863357319672e+01
3.008149242706596027e+01
3.080242243327288065e+01
2.685729705847665372e+01
2.927977435197877298e+01
2.709625916318224270e+01
3.044811453754084241e+01
2.707555193279907968e+01
2.756914602493903388e+01
2.780600794656371377e+01
2.925792656488172128e+01
2.709626397514173846e+01
2.835438187362559148e+01
2.782826184097709898e+01
2.761010578885706579e+01
2.618402340841221942e+01
2.985483056750436859e+01
2.987483659758485643e+01
2.808872396292697005e+01
2.934693936884879406e+01
2.856317723216598736e+01
2.706914341433651927e+01
3.014601025068556339e+01
2.826535274016907451e+01
3.075239913516385215e+01
2.704124176846283234e+01
3.056554901088980714e+01
2.785085390654803206e+01
3.155465538644444123e+01
3.027895378547828287e+01
2.703770461036303985e+01
2.744710994535996562e+01
2.959515613232292353e+01
3.201041464724955432e+01
3.005804980154686490e+01
2.755317469287513887e+01
2.872372030341160709e+01
2.925465997379022909e+01
2.916895799907166165e+01
3.039652092054283372e+01
2.495224121676677953e+01
2.661827102325279881e+01
3.195713834752227100e+01
2.958909703837873906e+01
3.249110756271439726e+01
3.120550281304447182e+01
2.767171338598282659e+01
2.648891602282106916e+01
3.312846635912259785e+01
2.917915266873965052e+01
3.013813504500225804e+01
3.048046806109259776e+01
3.218973772456480731e+01
2.649808315160019845e+01
2.998369362753362211e+01
2.645789373776201714e+01
2.968061889673689180e+01
2.868025159330970197e+01
2.817446360467927136e+01
2.882086308636859329e+01
2.913488703539021074e+01
3.128891759051816734e+01
3.065090679087736802e+01
2.858563371061089953e+01
2.667380315763466925e+01
2.844748506807752264e+01
2.992645776532774704e+01
2.838325749049884195e+01
2.874359387711238512e+01
2.909046207127613215e+01
2.832811938096886095e+01
2.740941470989952933e+01
2.619031413327559576e+01
2.892445868994696312e+01
3.069775522675252333e+01
2.979113557138789758e+01
2.793382460505542753e+01
2.886845051623633296e+01
3.049090678509417529e+01
2.946977000597085095e+01
2.753647169845177700e+01
2.822906244019791799e+01
2.583018347735165321e+01
2.646832112980671781e+01
3.209784845654394303e+01
3.096982863592227275e+01
2.958454433137876194e+01
2.962737614158461241e+01
2.970028260779493934e+01
3.005652651082946747e+01
3.001645681856854608e+01
2.930362282110963434e+01
3.116024415572731598e+01
2.683437222942304246e+01
2.747417345198963190e+01
3.063176241960485768e+01
3.200183300757133509e+01
2.952015732741185872e+01
2.853817128344915233e+01
2.782227290351026383e+01
3.027573923680234813e+01
2.643762631356266724e+01
2.926584281745232374e+01
2.888555239490175808e+01
3.116396503581042765e+01
2.825277124008393770e+01
2.720615666953965572e+01
2.954480072781956679e+01
2.973600218552791574e+01
2.651721365133640163e+01
2.961050113299583941e+01
2.976002713073883044e+01
3.115557858737787456e+01
2.741191041249488336e+01
2.823412898064459498e+01
3.120878745046090685e+01
2.780398433547938097e+01
2.842428629133243589e+01
2.874573585608463233e+01
2.698688269483584889e+01
3.177402348018913969e+01
2.883092103004611673e+01
2.828134132100143816e+01
3.017022187365169827e+01
2.960510707968337130e+01
2.870700421441694061e+01
2.933482208793183688e+01
2.727169629450083477e+01
3.070926864948529555e+01
2.731599328883032740e+01
2.971509997380031010e+01
2.872217449648476162e+01
2.678943055983394927e+01
3.163263815738204698e+01
2.960310573770713916e+01
3.281704282413735285e+01
2.995306169706519839e+01
2.929456172214866783e+01
3.105591377326107860e+01
2.886536902094612245e+01
3.271679059185648697e+01
3.157454323524149231e+01
2.880841052909962130e+01
2.689877115732660684e+01
2.622119961422519907e+01
3.180935274690909509e+01
3.076074409737433868e+01
3.201697244258217978e+01
2.907981568880447654e+01
2.994350586303069406e+01
2.939088327411294799e+01
2.670738219306539918e+01
2.679563289424548955e+01
2.783122424119851601e+01
2.776109832983709680e+01
3.160483484179373903e+01
2.767890915216042202e+01
2.766925367323969098e+01
2.776777460826985688e+01
2.606746148939165408e+01
3.164015665118555276e+01
2.705200062481920398e+01
2.704935329101984820e+01
3.070883628222989614e+01
3.231193627508135791e+01
2.967136837525129778e+01
3.048548481777639196e+01
2.947297205816687793e+01
2.887655604464503512e+01
2.744740107462314072e+01
3.030701933270487558e+01
3.043317612629397928e+01
3.037223894916995093e+01
3.005025297624654002e+01
2.530144927673578081e+01
2.804313787600894159e+01
2.803942942451012499e+01
3.217496797290391441e+01
2.736895200929621907e+01
2.896561812538823943e+01
2.663108083824186778e+01
2.674731088673900814e+01
2.741124077093224898e+01
2.960128534428041647e+01
3.159953257262662873e+01
3.055528278865068614e+01
3.092664174532887245e+01
3.188717749806691160e+01
2.876700493267485825e+01
3.176153590314205744e+01
3.120354078534963449e+01
3.180962724580534484e+01
2.854847959537197255e+01
2.872716678315985916e+01
2.887711624090299978e+01
3.027250544783706232e+01
2.990683425175549459e+01
3.004883667213144705e+01
3.111312927113248605e+01
2.572739107932918401e+01
2.978026865424240555e+01
2.784597838146442683e+01
2.897390277114777390e+01
2.930493666336833058e+01
2.477354331143333255e+01
2.852299262849981432e+01
2.801204526836756870e+01
2.727405877990391758e+01
2.894635311158473812e+01
2.781977042205396344e+01
2.796422567898297729e+01
2.977148279533825104e+01
2.986595016324238472e+01
2.918041013815416562e+01
3.033889795782455678e+01
2.622388502938336075e+01
3.004731831143903875e+01
2.780815665497517841e+01
2.790061775352642215e+01
3.062205989387770089e+01
2.796935448501070454e+01
2.572551876703386853e+01
3.014295181091752696e+01
2.544829337116017243e+01
2.849890290427631712e+01
3.196513542163759425e+01
2.865646046566968153e+01
2.943900081874917873e+01
3.112597590739778397e+01
2.866683959072333820e+01
3.073553800309873196e+01
3.188699590390765337e+01
3.038889093389363083e+01
2.960198045448443693e+01
2.923540979372330995e+01
3.083744821330482111e+01
2.569235198407890763e+01
3.224204873731898147e+01
2.945507529297836768e+01
3.041376007758443478e+01
3.031902920423627990e+01
2.638342553150147296e+01
2.910919271052017976e+01
2.906221039692579566e+01
2.865514666227514340e+01
3.058441044844450829e+01
3.147517270265495526e+01
2.707636981678488652e+01
2.799578065024117635e+01
3.169607455078693548e+01
2.866604757486506116e+01
2.951418418895332607e+01
2.904258445347132778e+01
2.963374292104527186e+01
3.080136880117693821e+01
3.001883847403123795e+01
2.866402245287707728e+01
3.079834355793108713e+01
2.910938810417520628e+01
3.173066292582707248e+01
2.739456522645966174e+01
2.627329291745321171e+01
3.229230887991991494e+01
2.860981671895801171e+01
2.567581701526340510e+01
3.074499203764263200e+01
2.727026723429716881e+01
3.011267570111476033e+01
2.787142353601279510e+01
2.970637918782072617e+01
2.991656944321527689e+01
3.099648601218937216e+01
3.085051752359346011e+01
2.780464423235777716e+01
2.997434472712023990e+01
2.984273658014322805e+01
3.146668379755645617e+01
2.961394267135386471e+01
3.030658882728349113e+01
2.832995855691177312e+01
2.738967171628378239e+01
2.953591745482591691e+01
2.944011779527124872e+01
3.017175315845082650e+01
2.780908384634370734e+01
3.096645261079871503e+01
3.116159916010286679e+01
2.548092038548100646e+01
3.020100874675100044e+01
2.865224152821815196e+01
2.532986896675647870e+01
3.352053313016725156e+01
2.847052120248651619e+01
2.925997627554819047e+01
2.828009722706449125e+01
3.062797794797821993e+01
2.857899990966959436e+01
2.803453889694476686e+01
2.895680104719716397e+01
2.942945057869627590e+01
2.935855069184757582e+01
2.873739250151117375e+01
3.042621435491652093e+01
2.808228910314808502e+01
2.911554549563506811e+01
3.059778858213858399e+01
2.657512092413651672e+01
3.007612384707537956e+01
3.206192385099527087e+01
2.986600299309994355e+01
3.137281124549537381e+01
2.863809592104531987e+01
3.043182928341843763e+01
2.997619902870344433e+01
3.421267044964142201e+01
2.914676911701426221e+01
3.044483094431726045e+01
2.810838061196978188e+01
2.805639249399013480e+01
2.747385953272873138e+01
2.834690218386637284e+01
3.177903375697049881e+01
2.803771673679923992e+01
2.977893443366371429e+01
3.123690067251503777e+01
2.160227398315884884e+01
2.860011764679136803e+01
2.690939445969437926e+01
2.929938793365101546e+01
2.962609160739432568e+01
3.075810698494854734e+01
3.296240188267641713e+01
2.644692778858057736e+01
2.720701880265125538e+01
2.946395105069673903e+01
2.707833281802868086e+01
2.811538798440642850e+01
2.765941779615010532e+01
2.812240395080428712e+01
2.827582917577560195e+01
3.040130932774815165e+01
3.313910962888952838e+01
2.752409138480143369e+01
2.989542287306866797e+01
2.813066105381210846e+01
2.859516916089412319e+01
2.545182161046939129e+01
2.735479811700978559e+01
2.850934590938338431e+01
2.887424334017373440e+01
2.832336753628448633e+01
2.886501837510268587e+01
2.919744328343237072e+01
2.852713065307391105e+01
2.549489034468553328e+01
2.744207344183336517e+01
2.537516838088283322e+01
2.924268668548652528e+01
2.783357452713347158e+01
2.971423445010710296e+01
3.006992395170546573e+01
2.745774911143977448e+01
2.795041151691564707e+01
3.103485928516201398e+01
2.646044196511675750e+01
3.320676406357935662e+01
2.944266752662637288e+01
2.865928250889798434e+01
2.729353968957672905e+01
3.186712485284992624e+01
2.797653867994543830e+01
3.218975496089209543e+01
3.215551266886434689e+01
3.074966387968329329e+01
2.602471340070347594e+01
3.062515596295636655e+01
3.370099805017418504e+01
2.986532052361980760e+01
3.108165215042064844e+01
3.110306716257077042e+01
3.028630034587977349e+01
2.668960191697048501e+01
2.795797331513922401e+01
2.334945458433221432e+01
2.860436909386011806e+01
3.023116723992991695e+01
2.740118278781238104e+01
3.332081719665490738e+01
3.100320792765851152e+01
3.094074578210705795e+01
2.888486380624007310e+01
2.894493248327280099e+01
2.723728981237507085e+01
2.972550677545163467e+01
2.885630010436244675e+01
2.612110963266345465e+01
3.003251298683919046e+01
2.686718133070860048e+01
2.956938056870831844e+01
3.213843351880300503e+01
2.948410538733234887e+01
3.245387485364585700e+01
3.309440920302774458e+01
2.696539409391062136e+01
2.680101143407439679e+01
3.121910511148840328e+01
2.965449095028608895e+01
3.095424196068799105e+01
2.574641004549918222e+01
2.748527204239005783e+01
3.163809848024920868e+01
3.102857808657697092e+01
3.113754775686538423e+01
2.871813903750433994e+01
3.186345190284608009e+01
3.281025556185233683e+01
3.119138106402426658e+01
2.803060851054222624e+01
2.889466410293226772e+01
2.936747235119199928e+01
2.724771413943850362e+01
2.861676451461403659e+01
3.139671644868919032e+01
2.662454711849214917e+01
2.860544965710540666e+01
3.180116560753286592e+01
3.276375504579965536e+01
2.775534138565491915e+01
3.076328727389084605e+01
2.671775158830102015e+01
3.105518686320591115e+01
2.965794826554904873e+01
3.052711886338991576e+01
2.819444065255775200e+01
2.629382092657580472e+01
2.528393756212072319e+01
2.816828994742947856e+01
2.880343162764225085e+01
2.956760143476964942e+01
2.950885169293382759e+01
2.900328961989944432e+01
2.876005387170922489e+01
2.968541153322438930e+01
2.908629813744267167e+01
2.851144489365282908e+01
2.691801945291611986e+01
2.616736604051133952e+01
2.998299597660558646e+01
2.827347193490449939e+01
3.239312755739809546e+01
2.978052989595029487e+01
3.146714551180934194e+01
2.798889040377927273e+01
2.892313738468736162e+01
2.853401673966135377e+01
2.959673000303728685e+01
2.546549425730124838e+01
3.285061188398619691e+01
2.847117511552785274e+01
2.842858234373607473e+01
3.047510391651382378e+01
3.174305014632866673e+01
2.803798657222246504e+01
3.352453388716509153e+01
2.902660811908653926e+01
2.635797818256569158e+01
2.869705111439765588e+01
2.948575508639899567e+01
3.012678784777858709e+01
3.099228679565401379e+01
3.048138785590560218e+01
2.764805025496819013e+01
2.672326956255991703e+01
3.008919779760700663e+01
2.843979871907495749e+01
2.770277470739028303e+01
3.026725030679613226e+01
3.057640755034464775e+01
3.114062747128709319e+01
2.947999260049861547e+01
3.147675666478552259e+01
3.275850824605969791e+01
2.881782232322646564e+01
3.070601336900377021e+01
3.030578837980034734e+01
2.986326802827393578e+01
2.869479039516833296e+01
3.066253467884980566e+01
2.822944633216021160e+01
2.953581233750117008e+01
2.723213786943049186e+01
2.926181494903761404e+01
3.111403833737544744e+01
3.007034415840984920e+01
2.886251511178956619e+01
2.989146098109588223e+01
2.884131113306920824e+01
2.715977199438908229e+01
3.140719415326222119e+01
2.786476715492199574e+01
2.955605811116351589e+01
3.103547709568906399e+01
2.787170711654774991e+01
2.857848738757586560e+01
3.210078005246541011e+01
2.865451492607077810e+01
2.908370781296512675e+01
3.192934534627680065e+01
3.129143359928972146e+01
2.873260900644222460e+01
2.655931875633957162e+01
2.828223192014965903e+01
3.223012549607101818e+01
2.859432023962779468e+01
2.622216820243314928e+01
2.686579204791504338e+01
3.048836524871528653e+01
3.046607743249276723e+01
2.977448565805775971e+01
3.189978218771682705e+01
2.956602184156788482e+01
2.980085503444730222e+01
3.040661340073179630e+01
2.603723807114078781e+01
3.077069658792159501e+01
3.270272418370196732e+01
2.953788263993340735e+01
2.892400174750271447e+01
2.659768441328828104e+01
2.874866019761113023e+01
3.315581267694375356e+01
2.785332204321968774e+01
3.202762266777696709e+01
3.006136865412570103e+01
3.182783157852740175e+01
2.919266600370228204e+01
3.181461330411867294e+01
2.792660636646877492e+01
3.051786719218610600e+01
2.741443779496747979e+01
3.225804757661865096e+01
2.823185372527142079e+01
2.961822020332692418e+01
2.837601356895893900e+01
2.778118531474640562e+01
3.179701989175333310e+01
3.042824469394881959e+01
3.207554057845929663e+01
2.947072671400196597e+01
2.862136186485249567e+01
3.074472379897350649e+01
2.740129614905868749e+01
3.137543249122687072e+01
2.916807824252910919e+01
2.962692891812985962e+01
2.957677745241189271e+01
2.883467085919077633e+01
3.202940609539997041e+01
3.029284865084506251e+01
2.666471488027854164e+01
2.616041104977592724e+01
3.061215571065133290e+01
2.790302940942092036e+01
2.758230405867571378e+01
3.194280139986607026e+01
3.151043666290545175e+01
2.574443332866297141e+01
2.766477128124930118e+01
3.119525075539683812e+01
2.780146689634242207e+01
3.026287303707644938e+01
3.177089544358247153e+01
2.715466976879745076e+01
3.153871550698777071e+01
3.178201833462748382e+01
3.125648040608899336e+01
3.100649564617896914e+01
3.006936224945502900e+01
3.227706869598957695e+01
3.259669843021364244e+01
2.931318384775394392e+01
2.809138499905609621e+01
3.250914376964129815e+01
2.836091834805248979e+01
3.077014421167028146e+01
2.859462039402022526e+01
3.040044004146402656e+01
2.849735631238251798e+01
3.210486415328626464e+01
2.825286538901296041e+01
2.955079261756641529e+01
3.198703432489142529e+01
2.953398673788807827e+01
3.003322424398453094e+01
2.788155231038648196e+01
2.893684794048246900e+01
2.788275973730482704e+01
2.973851487662040682e+01
2.813811942400156596e+01
2.826359476570741336e+01
3.328111578398888071e+01
2.912113441123083746e+01
2.968626440391588162e+01
2.943962480108618607e+01
2.684494691576249892e+01
2.512725927574748397e+01
3.014337764835153521e+01
3.031516253243732351e+01
2.828240478390731738e+01
2.554647036184950082e+01
2.976555027121576913e+01
3.047124908290775380e+01
3.042656652819053775e+01
3.036345979568654485e+01
3.043884533198787423e+01
3.085876346856026231e+01
2.988014881074627738e+01
2.977810371551580815e+01
2.904983851284164231e+01
2.907243337470894318e+01
3.038209329652601909e+01
2.762534059923817864e+01
2.806288614135989334e+01
2.890531787820146548e+01
2.729660246265433798e+01
3.000250615514405084e+01
2.772304839988158776e+01
2.495441563830184251e+01
2.701473915944542981e+01
2.808972439221212269e+01
3.040827502201507926e+01
2.594152804691181302e+01
2.979993279945445650e+01
2.815845463233875279e+01
3.480492341490649721e+01
2.832414624036987405e+01
2.803723290626161102e+01
2.855868531133340582e+01
2.738381487271118075e+01
2.816870363195184623e+01
3.521614129913009350e+01
2.970156685764797899e+01
2.772343214575368009e+01
3.034347970430999197e+01
3.195523205583033288e+01
3.181845385282558070e+01
3.021041412118808012e+01
3.034903537345880409e+01
3.401804525317783856e+01
2.825615600549683037e+01
3.102192732402146547e+01
3.189375384922164258e+01
2.731995129349322227e+01
3.089479838430139580e+01
