1.110589131712913513e-01
7.020144909620285034e-02
9.139196872711181641e-01
2.507479190826416016e-01
4.259762912988662720e-02
8.317556977272033691e-01
2.475477010011672974e-01
2.177363336086273193e-01
2.109734341502189636e-02
1.335339844226837158e-01
3.456381261348724365e-01
2.143941074609756470e-01
1.042979434132575989e-01
3.064952194690704346e-01
5.221546068787574768e-02
3.635960817337036133e-01
1.676513999700546265e-01
-6.624279916286468506e-02
7.704816292971372604e-03
1.139594838023185730e-01
3.383540511131286621e-01
6.725899130105972290e-02
1.101388782262802124e-01
6.761509776115417480e-01
3.540425598621368408e-01
2.498630285263061523e-01
-3.162822499871253967e-02
-5.321288481354713440e-03
3.805293515324592590e-02
2.210754156112670898e-01
-1.123432442545890808e-02
2.514128573238849640e-02
2.080464959144592285e-01
9.860823303461074829e-02
4.793913662433624268e-01
2.973960340023040771e-01
6.303418278694152832e-01
-1.282375305891036987e-01
-5.043934285640716553e-02
1.210762187838554382e-01
7.387109100818634033e-02
8.203998208045959473e-02
2.729637622833251953e-01
5.798673033714294434e-01
8.017958700656890869e-02
9.657335281372070312e-01
9.455193579196929932e-02
2.251581996679306030e-01
3.308677375316619873e-01
2.506220340728759766e-01
8.060059696435928345e-02
9.503157436847686768e-02
3.738621622323989868e-02
4.951005578041076660e-01
1.519514620304107666e-01
2.335625737905502319e-01
1.294985264539718628e-01
6.074283644556999207e-02
-2.007155679166316986e-02
5.174565911293029785e-01
1.422766745090484619e-01
6.397258043289184570e-01
1.120968312025070190e-01
-8.037778735160827637e-02
2.776267752051353455e-02
8.188539743423461914e-01
3.034942746162414551e-01
2.220253050327301025e-01
4.691319912672042847e-02
4.908352196216583252e-01
2.126964926719665527e-01
1.862218230962753296e-01
2.786225378513336182e-01
2.746760547161102295e-01
8.436293154954910278e-02
6.134786456823348999e-02
2.416827380657196045e-01
3.093307614326477051e-01
3.146408796310424805e-01
4.557255208492279053e-01
2.061601728200912476e-01
1.506347507238388062e-01
-6.634370237588882446e-02
2.792242728173732758e-02
1.883601993322372437e-01
2.555000483989715576e-01
1.696326732635498047e-01
2.166900485754013062e-01
2.016107589006423950e-01
-1.144448965787887573e-01
3.276652395725250244e-01
3.435837477445602417e-02
3.038719892501831055e-01
9.540221095085144043e-02
4.478831291198730469e-01
8.189947903156280518e-02
-1.481601744890213013e-01
2.443383336067199707e-01
1.370540261268615723e-01
-3.910360112786293030e-02
1.603463441133499146e-01
5.681579932570457458e-03
4.473674595355987549e-01
-2.159246010705828667e-03
3.575286567211151123e-01
1.096450984477996826e-01
2.706183865666389465e-02
1.850078403949737549e-01
2.153766900300979614e-01
-5.865962803363800049e-02
9.530699998140335083e-02
2.641937136650085449e-01
8.740668743848800659e-02
2.565557956695556641e-01
1.391516774892807007e-01
-1.130804140120744705e-02
5.386186391115188599e-02
5.314600840210914612e-02
2.553645074367523193e-01
7.784269750118255615e-02
1.656218618154525757e-02
2.664717435836791992e-01
1.949584037065505981e-01
1.405862718820571899e-01
5.569443479180335999e-02
1.351293772459030151e-01
1.051503494381904602e-01
3.516916930675506592e-01
9.409931488335132599e-03
1.148518174886703491e-01
8.197810053825378418e-01
1.025696378201246262e-02
7.982566356658935547e-01
3.143898248672485352e-01
-3.541101142764091492e-02
2.172814309597015381e-01
-1.923287287354469299e-02
-9.510892629623413086e-02
1.214889362454414368e-01
4.074977338314056396e-01
1.515985727310180664e-01
8.287568390369415283e-02
1.051374673843383789e-01
1.579159051179885864e-01
2.214367389678955078e-01
9.473686218261718750e-01
5.233971476554870605e-01
2.013080120086669922e-01
2.673826813697814941e-01
9.069815278053283691e-04
4.024542272090911865e-01
2.425180226564407349e-01
3.799461573362350464e-02
1.055386811494827271e-01
2.182585000991821289e-01
7.977512478828430176e-02
2.315786778926849365e-01
1.926472969353199005e-02
-3.858099132776260376e-02
1.700060069561004639e-01
3.589029014110565186e-01
2.593306899070739746e-01
9.456019103527069092e-02
2.529032230377197266e-01
5.395577475428581238e-02
-8.866908401250839233e-02
2.166700512170791626e-01
7.299754023551940918e-02
1.638530194759368896e-01
9.708458185195922852e-01
9.403855353593826294e-02
1.690186262130737305e-01
6.651861071586608887e-01
-3.449215739965438843e-02
3.727166354656219482e-02
2.863388657569885254e-01
3.206134736537933350e-01
7.363399863243103027e-02
9.232623875141143799e-02
7.448461651802062988e-02
2.735130488872528076e-01
3.918638527393341064e-01
2.027583718299865723e-01
8.076988458633422852e-01
5.408017635345458984e-01
8.739719539880752563e-02
1.354960799217224121e-01
3.934870660305023193e-01
1.918008029460906982e-01
-9.769138693809509277e-02
4.486013054847717285e-01
-1.588433682918548584e-01
-1.016799267381429672e-02
1.060003638267517090e-01
1.215033382177352905e-01
5.345093086361885071e-02
1.332252770662307739e-01
8.222454786300659180e-02
1.875649839639663696e-01
5.772399157285690308e-02
5.243487283587455750e-02
-1.005449891090393066e-01
2.013093084096908569e-01
8.954312652349472046e-02
8.822321891784667969e-02
-1.048021912574768066e-01
1.206660419702529907e-01
2.130329161882400513e-01
2.520074844360351562e-01
1.158224120736122131e-01
1.551237851381301880e-01
5.634537339210510254e-01
3.381773233413696289e-01
-8.907760493457317352e-03
5.224977731704711914e-01
6.469671428203582764e-02
7.880808711051940918e-01
-5.297635123133659363e-02
1.356480568647384644e-01
5.950206890702247620e-02
1.664164066314697266e-01
1.174784600734710693e-01
6.588876843452453613e-01
1.395094543695449829e-01
5.959491431713104248e-02
7.199238538742065430e-01
1.778354048728942871e-01
1.459104008972644806e-02
1.736036688089370728e-01
2.476972639560699463e-01
2.240388244390487671e-01
3.001907467842102051e-01
-6.245245039463043213e-02
5.976154208183288574e-01
-5.840689316391944885e-02
3.349668905138969421e-02
2.000682801008224487e-02
6.100616604089736938e-02
7.078782916069030762e-01
1.747467815876007080e-01
4.302726387977600098e-01
2.221709042787551880e-01
1.044598445296287537e-01
3.240985050797462463e-02
6.849276274442672729e-02
1.097547933459281921e-01
-2.832258865237236023e-02
2.696955762803554535e-02
-5.774476099759340286e-03
-1.279081851243972778e-01
1.520339548587799072e-01
3.509417772293090820e-01
4.975641891360282898e-02
5.425897240638732910e-02
1.894623637199401855e-01
2.180103026330471039e-02
5.033434033393859863e-01
-1.110928058624267578e-01
8.892534673213958740e-02
4.809516668319702148e-02
1.188512817025184631e-01
3.295754492282867432e-01
1.282089650630950928e-01
2.694751024246215820e-01
1.383251976221799850e-02
-1.654624193906784058e-02
-1.266700178384780884e-01
1.809693723917007446e-01
1.989098936319351196e-01
6.495969295501708984e-01
7.375077158212661743e-02
2.227992862462997437e-01
1.194276288151741028e-01
7.720810920000076294e-02
7.472480833530426025e-02
4.762244522571563721e-01
2.548247277736663818e-01
3.716265782713890076e-02
-7.767621427774429321e-02
1.474414467811584473e-01
7.540473341941833496e-02
7.391135394573211670e-02
1.314313262701034546e-01
-1.002525910735130310e-02
7.293388247489929199e-02
2.240695953369140625e-01
4.870349168777465820e-02
6.087819337844848633e-01
1.295927464962005615e-01
2.382623031735420227e-02
4.971177875995635986e-01
1.080909296870231628e-01
2.092685103416442871e-01
2.662513256072998047e-01
2.137379944324493408e-01
1.161671504378318787e-01
2.006588131189346313e-01
7.223037630319595337e-02
8.430916070938110352e-02
1.895778626203536987e-01
4.791719317436218262e-01
4.118757247924804688e-01
4.253207147121429443e-01
7.395898699760437012e-01
2.086778869852423668e-03
1.120499223470687866e-01
2.349165827035903931e-01
-1.931243240833282471e-01
1.163452118635177612e-02
-3.120546229183673859e-02
8.699839934706687927e-03
2.233015149831771851e-01
9.067513048648834229e-02
-6.387452781200408936e-02
4.781801626086235046e-02
5.781302973628044128e-02
6.444424390792846680e-01
9.693750739097595215e-01
3.320724070072174072e-01
2.735657393932342529e-01
1.628192067146301270e-01
2.072560638189315796e-01
7.594354748725891113e-01
-5.152408406138420105e-02
1.133177895098924637e-02
-1.620070450007915497e-02
-2.455133944749832153e-02
5.516440421342849731e-02
1.544364988803863525e-01
9.423688650131225586e-01
3.125469386577606201e-01
1.720787435770034790e-01
5.653133988380432129e-01
-1.025913003832101822e-02
1.261265426874160767e-01
2.345498055219650269e-01
7.175492048263549805e-01
1.487774848937988281e-01
1.299398988485336304e-01
7.150708884000778198e-02
7.979710698127746582e-01
2.361673265695571899e-01
4.168560802936553955e-01
-7.741413265466690063e-02
-2.176603861153125763e-02
8.071251958608627319e-02
-1.039736066013574600e-02
1.647510230541229248e-01
2.533829212188720703e-01
1.160998195409774780e-01
-1.595207005739212036e-01
-1.261678244918584824e-02
3.507655113935470581e-02
1.211159825325012207e-01
8.655472099781036377e-02
1.182379499077796936e-01
5.252061486244201660e-01
1.806644648313522339e-01
-3.641725331544876099e-02
4.643172770738601685e-02
6.395415402948856354e-04
4.434576332569122314e-01
2.250434458255767822e-01
-3.693720698356628418e-02
7.848476171493530273e-01
-5.625132843852043152e-02
2.777605652809143066e-01
1.011942327022552490e-01
1.587020456790924072e-01
4.303607717156410217e-02
2.093866020441055298e-01
5.921489000320434570e-01
4.402227103710174561e-01
1.838459819555282593e-01
9.103826880455017090e-01
-1.759643666446208954e-02
3.005418777465820312e-01
2.254757583141326904e-01
3.683487474918365479e-01
-1.146759241819381714e-01
4.371100664138793945e-01
2.228928059339523315e-01
4.898767173290252686e-01
2.289270460605621338e-01
-1.921937800943851471e-02
5.355768203735351562e-01
5.176643282175064087e-02
5.917742848396301270e-01
6.844291090965270996e-02
2.955389022827148438e-01
3.914765119552612305e-01
1.345655620098114014e-01
2.083179950714111328e-01
1.704898476600646973e-01
-1.034207642078399658e-01
2.520677447319030762e-01
2.167749255895614624e-01
1.878953129053115845e-01
8.251794427633285522e-02
7.358495593070983887e-01
1.559469252824783325e-01
5.244139209389686584e-02
8.965309709310531616e-02
1.396514773368835449e-01
2.621548436582088470e-02
1.229596957564353943e-01
5.101320147514343262e-01
3.381499052047729492e-01
3.005383908748626709e-01
6.432967185974121094e-01
1.371476054191589355e-01
3.609195649623870850e-01
7.159017771482467651e-02
1.081830188632011414e-01
1.212224811315536499e-01
5.892006214708089828e-03
1.272409111261367798e-01
-6.150977313518524170e-02
2.591327764093875885e-02
1.447001397609710693e-01
1.601848192512989044e-02
4.928502067923545837e-02
1.353004425764083862e-01
2.842989265918731689e-01
6.014824509620666504e-01
2.927418611943721771e-02
3.105089962482452393e-01
7.027165293693542480e-01
3.423129022121429443e-01
3.542504906654357910e-01
1.569823324680328369e-01
1.172302290797233582e-01
6.735602617263793945e-01
3.166369795799255371e-01
-1.054583713412284851e-01
8.819361925125122070e-01
1.206780225038528442e-01
-1.112136095762252808e-01
2.009820193052291870e-01
5.302547290921211243e-02
3.713826537132263184e-01
1.699780225753784180e-01
3.167754113674163818e-01
8.759028464555740356e-02
2.062415629625320435e-01
1.595262885093688965e-01
5.788341760635375977e-01
1.644112868234515190e-03
1.544943004846572876e-01
5.811467021703720093e-02
-1.765550300478935242e-02
7.567133903503417969e-01
1.220848634839057922e-01
-1.774197816848754883e-01
9.067208319902420044e-02
4.953504074364900589e-03
8.228047937154769897e-02
4.391635358333587646e-01
3.889253735542297363e-01
6.906465888023376465e-01
2.223243266344070435e-01
2.751314826309680939e-02
5.238988623023033142e-02
3.552532941102981567e-02
4.606655240058898926e-01
3.792402148246765137e-01
1.437796652317047119e-01
-6.039285659790039062e-02
1.659054458141326904e-01
8.519646525382995605e-02
5.571571364998817444e-02
4.120055213570594788e-02
3.191650807857513428e-01
7.342506200075149536e-02
2.025949209928512573e-01
1.373844295740127563e-01
8.840454369783401489e-02
3.970108032226562500e-01
3.744286298751831055e-02
4.258045554161071777e-02
2.791975140571594238e-01
1.046859547495841980e-01
4.088616371154785156e-02
5.336183905601501465e-01
5.903871655464172363e-01
1.561905443668365479e-01
7.612361311912536621e-01
9.383162260055541992e-01
6.002599596977233887e-01
9.011412411928176880e-02
-4.572683479636907578e-03
1.441649198532104492e-01
1.360996663570404053e-01
5.881304144859313965e-01
1.506453454494476318e-01
4.249453917145729065e-02
1.105329208076000214e-02
9.426682591438293457e-01
3.352107107639312744e-01
1.217175126075744629e-01
1.581133008003234863e-01
-9.100148081779479980e-02
1.878924518823623657e-01
-6.668212264776229858e-02
3.689442574977874756e-01
9.747290015220642090e-01
4.323546886444091797e-01
1.027176827192306519e-01
2.598193287849426270e-01
1.661653965711593628e-01
6.944539546966552734e-01
3.355448842048645020e-01
7.811393588781356812e-02
2.172375470399856567e-01
9.253840893507003784e-02
-3.002873994410037994e-02
-1.367483939975500107e-02
-7.156749069690704346e-02
4.109370112419128418e-01
5.293357968330383301e-01
8.125079274177551270e-01
1.401329040527343750e-01
5.657328963279724121e-01
-4.049007594585418701e-02
-9.300483018159866333e-02
6.523081567138433456e-03
2.945296764373779297e-01
2.443742454051971436e-01
1.266300082206726074e-01
1.111323684453964233e-01
8.173639327287673950e-02
1.209896802902221680e-01
5.438703894615173340e-01
1.308973878622055054e-01
7.786653637886047363e-01
4.543467164039611816e-01
5.625101178884506226e-02
1.961603611707687378e-01
3.362028002738952637e-01
2.486947923898696899e-01
-4.984151199460029602e-02
1.279054880142211914e-01
6.204935535788536072e-02
1.107759699225425720e-01
-1.006850972771644592e-01
2.521113455295562744e-01
3.909135162830352783e-01
-3.347505815327167511e-03
1.489896923303604126e-01
6.773378700017929077e-02
-9.493932127952575684e-02
1.833802312612533569e-01
8.445636369287967682e-03
8.300054669380187988e-01
2.600378692150115967e-01
2.780167162418365479e-01
2.282204478979110718e-01
2.000467330217361450e-01
-2.008017897605895996e-02
-7.288600504398345947e-02
1.928580701351165771e-01
-1.157205784693360329e-03
6.214457377791404724e-02
3.253171145915985107e-01
1.027046516537666321e-02
5.896326303482055664e-01
5.407919287681579590e-01
1.429581493139266968e-01
-4.993643239140510559e-02
2.071162909269332886e-01
1.349395513534545898e-01
9.496356546878814697e-02
4.331221282482147217e-01
1.852766871452331543e-01
3.993142396211624146e-02
4.717438817024230957e-01
9.803138375282287598e-01
-9.041424840688705444e-02
-5.465891212224960327e-03
-8.353807777166366577e-02
1.192989423871040344e-01
-7.508321851491928101e-02
1.352221369743347168e-01
3.009602427482604980e-01
8.484967052936553955e-02
7.695688009262084961e-01
4.152594506740570068e-01
1.354296412318944931e-02
2.874559462070465088e-01
1.022563129663467407e-01
4.993349611759185791e-01
1.511876881122589111e-01
-4.728810861706733704e-02
-7.622773200273513794e-02
4.145801663398742676e-01
-7.189626246690750122e-02
-9.293893724679946899e-02
-1.675008982419967651e-02
-1.418371498584747314e-01
7.546031381934881210e-03
1.279428303241729736e-01
9.569746255874633789e-02
3.396677374839782715e-01
7.712818980216979980e-01
2.138271927833557129e-02
-2.138447761535644531e-02
3.094083368778228760e-01
4.645443707704544067e-02
6.833738833665847778e-02
2.355980426073074341e-01
6.393148750066757202e-02
3.874239921569824219e-01
1.396603137254714966e-01
1.721640974283218384e-01
-1.578205451369285583e-02
3.531122803688049316e-01
1.234203483909368515e-02
2.503394782543182373e-01
1.892704516649246216e-01
1.678102165460586548e-01
-2.262468263506889343e-02
1.304077059030532837e-01
6.402413249015808105e-01
2.947736978530883789e-01
1.911425739526748657e-01
1.737821996212005615e-01
1.147647276520729065e-01
3.851837515830993652e-01
6.368377804756164551e-01
3.264539316296577454e-02
2.804608345031738281e-01
4.083656668663024902e-01
5.507884174585342407e-02
4.317614808678627014e-02
2.762197703123092651e-02
1.228268593549728394e-01
2.883977591991424561e-01
6.626799702644348145e-01
1.183031499385833740e-01
2.086235443130135536e-03
2.784676849842071533e-01
1.504866927862167358e-01
3.268888592720031738e-01
6.551040336489677429e-03
1.714615970849990845e-01
-4.030682519078254700e-02
1.963348984718322754e-01
9.128475934267044067e-02
2.442052513360977173e-01
-6.757789105176925659e-02
5.080767273902893066e-01
9.188080579042434692e-02
-9.814492613077163696e-02
2.300888672471046448e-02
3.375374674797058105e-01
1.301040202379226685e-01
3.204488381743431091e-02
2.137061357498168945e-01
4.386677742004394531e-01
2.227283716201782227e-01
2.702081203460693359e-01
5.163403972983360291e-02
1.186108812689781189e-01
1.080806776881217957e-01
5.684539079666137695e-01
1.236341595649719238e-01
1.816611140966415405e-01
1.693035662174224854e-01
3.399308025836944580e-01
3.597356677055358887e-01
1.414944678544998169e-01
2.747859619557857513e-02
-2.695344388484954834e-02
8.037035912275314331e-02
6.243552565574645996e-01
5.053325295448303223e-01
8.997514098882675171e-02
7.443548180162906647e-03
1.547219306230545044e-01
2.020814418792724609e-01
4.547969251871109009e-02
3.529089689254760742e-02
2.048859298229217529e-01
-1.921708136796951294e-02
7.924605160951614380e-02
7.394426465034484863e-01
2.797598391771316528e-02
1.950820833444595337e-01
3.982804715633392334e-02
3.247506022453308105e-01
-1.523189153522253036e-02
2.212008088827133179e-01
-6.244364194571971893e-03
1.165089681744575500e-01
3.063443303108215332e-01
2.447674572467803955e-01
-3.504713624715805054e-02
1.438960433006286621e-01
1.511210650205612183e-01
3.682605922222137451e-01
3.245898485183715820e-01
-1.602960377931594849e-02
1.732345670461654663e-02
3.702940344810485840e-01
-5.028578639030456543e-02
6.836178898811340332e-01
1.849893182516098022e-01
-7.074961066246032715e-02
1.590830236673355103e-01
1.450278460979461670e-01
1.929308520630002022e-03
1.232080347836017609e-02
2.704415321350097656e-01
1.092808134853839874e-02
3.657060861587524414e-02
5.144156217575073242e-01
-5.848347768187522888e-02
9.501051902770996094e-02
8.982068300247192383e-02
2.199981659650802612e-01
1.378357112407684326e-01
-1.091580614447593689e-01
2.518351674079895020e-01
2.332104593515396118e-01
1.106426045298576355e-01
3.150395750999450684e-01
5.566603690385818481e-02
1.785066276788711548e-01
4.260174632072448730e-01
3.158613666892051697e-02
2.294555902481079102e-01
-5.786727182567119598e-03
2.134497016668319702e-01
1.609490215778350830e-01
7.221936713904142380e-03
1.272101551294326782e-01
-9.760776907205581665e-02
8.043972253799438477e-01
4.462441205978393555e-01
1.474798917770385742e-01
1.433200240135192871e-01
2.230031639337539673e-01
-3.244529664516448975e-02
8.901637792587280273e-02
1.416074484586715698e-01
8.055617660284042358e-02
5.513672158122062683e-02
-1.400887221097946167e-01
1.230734586715698242e-01
1.612758785486221313e-01
1.790194585919380188e-02
2.913984954357147217e-01
1.155680343508720398e-01
2.126701772212982178e-01
4.054925218224525452e-02
-1.227911263704299927e-01
1.949063688516616821e-02
3.037830293178558350e-01
2.017758637666702271e-01
6.091685593128204346e-02
1.700152754783630371e-01
1.308594495058059692e-01
2.285644114017486572e-01
1.184778437018394470e-01
5.097340419888496399e-02
3.687827661633491516e-02
1.617334596812725067e-02
1.130117028951644897e-01
6.962396949529647827e-02
-2.367707900702953339e-03
-1.410187482833862305e-01
3.435361683368682861e-01
-6.108655035495758057e-02
-3.616337850689888000e-02
6.068890914320945740e-02
4.919285178184509277e-01
-9.533870965242385864e-02
1.807973086833953857e-01
-3.129304572939872742e-02
1.267743855714797974e-01
2.585171759128570557e-01
6.404563784599304199e-01
-5.652685463428497314e-02
6.501030176877975464e-02
3.611348867416381836e-01
4.371147155761718750e-01
2.344899922609329224e-01
2.308955788612365723e-01
3.366355597972869873e-01
-1.663840413093566895e-01
2.859211266040802002e-01
3.211047053337097168e-01
1.782012432813644409e-01
1.501825898885726929e-01
2.278255820274353027e-01
7.472543418407440186e-02
-1.103856116533279419e-01
-2.989610843360424042e-02
1.483988314867019653e-01
5.715979933738708496e-01
9.372176229953765869e-02
8.496138453483581543e-01
3.165954649448394775e-01
-4.113251343369483948e-03
-3.868393972516059875e-02
-6.289012730121612549e-02
1.482871025800704956e-01
-1.299751270562410355e-02
4.604758620262145996e-01
8.738505244255065918e-01
8.528226017951965332e-01
2.859857492148876190e-02
1.452860534191131592e-01
2.117955237627029419e-01
6.262107752263545990e-03
6.448303461074829102e-01
3.466368094086647034e-02
1.368174552917480469e-01
-9.084465354681015015e-02
7.240812480449676514e-02
1.596814692020416260e-01
1.546246707439422607e-01
6.702863425016403198e-02
-1.117695942521095276e-01
1.204514652490615845e-01
1.685099452733993530e-01
1.505465209484100342e-01
7.833958417177200317e-02
-6.408868730068206787e-02
9.098452925682067871e-01
9.067323803901672363e-02
2.554564177989959717e-01
1.158838495612144470e-01
2.983141839504241943e-01
2.631999850273132324e-01
3.388113081455230713e-01
1.944869458675384521e-01
1.270180195569992065e-01
1.543848961591720581e-01
5.537262931466102600e-02
1.508521940559148788e-02
-4.273948818445205688e-02
5.209244415163993835e-02
2.125715315341949463e-01
-1.119512692093849182e-01
-5.001373216509819031e-02
2.113464176654815674e-01
2.400628775358200073e-01
1.508150994777679443e-02
9.210494905710220337e-02
1.736605167388916016e-01
1.997407674789428711e-01
1.359650343656539917e-01
7.350332289934158325e-02
-4.505790024995803833e-02
1.203768923878669739e-01
2.591223120689392090e-01
7.305147051811218262e-01
3.304942250251770020e-01
5.270980000495910645e-01
5.301608890295028687e-02
1.799340359866619110e-02
1.115937307476997375e-01
5.678623914718627930e-02
3.166383802890777588e-01
-1.265992224216461182e-02
6.309908628463745117e-02
3.959569931030273438e-01
4.170260508544743061e-04
-3.396433964371681213e-02
-7.590387016534805298e-02
7.448642253875732422e-01
1.001407299190759659e-02
1.005593761801719666e-01
5.728536099195480347e-02
1.752711534500122070e-01
4.906199499964714050e-02
9.588308632373809814e-02
5.151579901576042175e-02
4.034380614757537842e-01
-8.776063472032546997e-02
1.785120517015457153e-01
1.288426816463470459e-01
-2.935792692005634308e-02
4.463353753089904785e-01
3.728999793529510498e-01
1.587962061166763306e-01
4.427388906478881836e-01
3.149292767047882080e-01
-2.731902897357940674e-02
2.126215994358062744e-01
-4.966703429818153381e-02
1.491137742996215820e-01
2.541827857494354248e-01
2.243974804878234863e-02
4.612873122096061707e-02
6.701671332120895386e-02
2.159712165594100952e-01
-1.426095794886350632e-02
2.669348418712615967e-01
2.663728296756744385e-01
