3.289052844047546387e-01
8.039291203022003174e-02
3.393830955028533936e-01
4.084558784961700439e-01
3.682660683989524841e-02
2.385255694389343262e-01
1.135427057743072510e-01
-1.521307509392499924e-02
9.603591263294219971e-02
1.375890225172042847e-01
1.970103532075881958e-01
1.057671532034873962e-01
1.096159517765045166e-01
2.060409039258956909e-01
2.801001071929931641e-01
-1.356831379234790802e-02
1.619620472192764282e-01
6.432802230119705200e-02
1.040140315890312195e-01
4.133385792374610901e-02
3.412006795406341553e-01
2.046050131320953369e-01
1.242901459336280823e-01
9.036073833703994751e-02
1.748856604099273682e-01
2.191983163356781006e-01
-1.266749799251556396e-01
1.270110309123992920e-01
1.445877254009246826e-01
1.889945417642593384e-01
1.247929185628890991e-01
2.641707956790924072e-01
2.692846059799194336e-01
1.372963190078735352e-01
4.269102215766906738e-01
2.328932732343673706e-01
-6.245952472090721130e-02
-3.797066630795598030e-03
1.096818074584007263e-01
1.912005841732025146e-01
4.971335530281066895e-01
2.399781644344329834e-01
1.444752514362335205e-01
2.359867691993713379e-01
8.777567744255065918e-02
-1.919041574001312256e-02
9.741231054067611694e-02
1.876821042969822884e-03
3.385529220104217529e-01
2.222644686698913574e-01
1.078878119587898254e-01
1.678836718201637268e-02
-5.986898206174373627e-03
3.276951014995574951e-01
8.667710423469543457e-02
1.325087845325469971e-01
6.436832249164581299e-02
1.653611809015274048e-01
1.329710781574249268e-01
3.478598967194557190e-02
1.590349972248077393e-01
3.440743386745452881e-01
2.228676825761795044e-01
-1.543925702571868896e-01
1.588810980319976807e-02
1.044392287731170654e-01
1.401133090257644653e-01
1.743668913841247559e-01
2.447407245635986328e-01
-4.046406969428062439e-02
2.381748259067535400e-01
2.100361287593841553e-01
2.295447289943695068e-01
1.619794517755508423e-01
4.487322270870208740e-02
1.505672931671142578e-01
2.367454469203948975e-01
2.014038413763046265e-01
5.126355290412902832e-01
5.759683251380920410e-01
1.688959747552871704e-01
2.811625227332115173e-02
1.711651682853698730e-01
1.490523964166641235e-01
9.243111312389373779e-02
1.153720170259475708e-01
1.777494400739669800e-01
-3.447190672159194946e-02
1.285178065299987793e-01
4.318778961896896362e-02
5.601480603218078613e-01
2.589314579963684082e-01
5.367045477032661438e-02
2.466191202402114868e-01
1.991792768239974976e-01
1.539943218231201172e-01
9.440030902624130249e-02
2.168628871440887451e-01
1.116887703537940979e-01
1.985190510749816895e-01
1.128820329904556274e-01
1.102668642997741699e-01
1.635855436325073242e-01
4.703354462981224060e-02
1.660337597131729126e-01
-5.035222321748733521e-02
2.265063673257827759e-02
2.332593053579330444e-01
1.986348927021026611e-01
-1.527510210871696472e-02
-4.206909611821174622e-02
5.548660084605216980e-02
1.273132115602493286e-01
1.516037248075008392e-02
1.133648082613945007e-01
8.338719606399536133e-02
-1.616107821464538574e-01
1.392635703086853027e-01
2.434328198432922363e-01
-4.400582110974937677e-04
1.663695275783538818e-01
2.009326517581939697e-01
3.258791863918304443e-01
1.127834171056747437e-01
9.578476846218109131e-02
3.045616447925567627e-01
1.380103975534439087e-01
2.957034111022949219e-01
6.180606037378311157e-02
1.646469682455062866e-01
6.628333777189254761e-02
2.786297500133514404e-01
1.563818603754043579e-01
-4.650590941309928894e-02
5.318496003746986389e-02
1.395576298236846924e-01
3.970637917518615723e-02
1.360149532556533813e-01
9.411435574293136597e-02
-2.752312284428626299e-04
1.922488063573837280e-01
3.902396559715270996e-02
1.195934638381004333e-01
-7.241000980138778687e-02
1.304827779531478882e-01
1.560658663511276245e-01
4.916576296091079712e-02
7.683112472295761108e-02
9.950807690620422363e-02
-2.344638109207153320e-02
-1.708236783742904663e-01
4.907858557999134064e-03
1.468272954225540161e-01
-1.009257137775421143e-02
9.991639107465744019e-02
1.490065604448318481e-01
2.594006955623626709e-01
2.873550541698932648e-02
4.266991093754768372e-02
-3.772285208106040955e-02
4.259304329752922058e-02
3.565738201141357422e-01
2.432981319725513458e-02
1.941885352134704590e-01
1.439397484064102173e-01
1.538758426904678345e-01
7.774148881435394287e-02
2.121924459934234619e-01
1.058930065482854843e-02
1.282172054052352905e-01
1.101275905966758728e-01
8.186053484678268433e-02
4.205412864685058594e-01
2.725482732057571411e-02
-7.503227144479751587e-02
1.711871773004531860e-01
5.108272284269332886e-02
1.308476775884628296e-01
-1.132928486913442612e-02
-1.168953701853752136e-01
2.914963960647583008e-01
1.823380589485168457e-01
3.394244909286499023e-01
2.605329453945159912e-01
1.602076143026351929e-01
1.116982698440551758e-01
7.395192235708236694e-02
2.533406317234039307e-01
3.248823583126068115e-01
3.927802667021751404e-02
3.048851788043975830e-01
1.476865708827972412e-01
-1.272197663784027100e-01
1.892942003905773163e-02
1.780651696026325226e-02
2.036641985177993774e-01
1.638796478509902954e-01
1.079378090798854828e-02
1.597577631473541260e-01
1.767249256372451782e-01
9.949830919504165649e-02
1.658831983804702759e-01
7.425127923488616943e-02
1.538491845130920410e-01
-1.895670592784881592e-02
-3.347209421917796135e-03
2.094212323427200317e-01
1.664345115423202515e-01
1.093070209026336670e-01
1.775855422019958496e-01
1.308837532997131348e-01
5.053330212831497192e-02
1.388984769582748413e-01
9.456978179514408112e-03
1.894785612821578979e-01
2.352928370237350464e-01
1.671997904777526855e-01
9.731079638004302979e-02
5.600719526410102844e-02
1.726059615612030029e-01
2.169115841388702393e-01
2.937021851539611816e-01
2.400535196065902710e-01
-1.682279817759990692e-02
1.399401873350143433e-01
3.141212165355682373e-01
1.380199193954467773e-01
2.164853177964687347e-02
2.587172687053680420e-01
2.186837196350097656e-01
3.065031766891479492e-01
1.378625929355621338e-01
3.325594961643218994e-02
1.408781707286834717e-01
1.568321287631988525e-01
1.711887568235397339e-01
1.490096896886825562e-01
2.080906480550765991e-01
9.242022037506103516e-02
4.099985659122467041e-01
1.097786575555801392e-01
2.436682730913162231e-01
-2.021566182374954224e-01
-7.202237844467163086e-02
5.405675619840621948e-02
1.763305962085723877e-01
5.723703652620315552e-02
7.328334450721740723e-02
7.374578714370727539e-02
-3.396048024296760559e-02
8.898580819368362427e-02
1.941990107297897339e-01
5.074150115251541138e-02
8.584005385637283325e-02
9.513986855745315552e-02
2.410223931074142456e-01
6.032207235693931580e-02
-2.203079760074615479e-01
8.537284284830093384e-02
2.852568961679935455e-02
1.250431388616561890e-01
1.974938064813613892e-01
1.032315045595169067e-01
2.737045586109161377e-01
2.451922371983528137e-02
-3.855475038290023804e-02
-7.093204557895660400e-02
1.982066780328750610e-02
1.718395948410034180e-01
1.922896355390548706e-01
2.144865691661834717e-03
2.206223160028457642e-01
1.322506815195083618e-01
3.662754222750663757e-02
-1.063419505953788757e-01
1.083631515502929688e-01
1.936073452234268188e-01
2.249730229377746582e-01
-1.227430719882249832e-02
1.819739192724227905e-01
3.838586509227752686e-01
-5.469207838177680969e-02
1.988650411367416382e-01
1.470657885074615479e-01
1.475506573915481567e-01
-5.138856824487447739e-03
7.251973450183868408e-02
7.818327844142913818e-02
2.146925330162048340e-01
1.559558361768722534e-01
1.099457368254661560e-01
-3.396947309374809265e-02
3.452660441398620605e-01
2.048507779836654663e-01
2.603746354579925537e-01
2.091700136661529541e-01
1.587545573711395264e-01
2.151044905185699463e-01
-4.304464906454086304e-03
1.455482393503189087e-01
3.037080466747283936e-01
-1.419647037982940674e-01
1.086663734167814255e-02
1.749339550733566284e-01
1.344392895698547363e-01
1.004779711365699768e-01
1.255308687686920166e-01
-7.724023610353469849e-02
1.268555223941802979e-01
1.371597349643707275e-01
6.237886380404233932e-03
7.879311591386795044e-02
9.241510927677154541e-02
5.258282646536827087e-02
-1.185098662972450256e-02
1.745255589485168457e-01
1.031312346458435059e-01
2.565146386623382568e-01
1.895831674337387085e-01
2.376465797424316406e-01
1.410042196512222290e-01
3.442968726158142090e-01
2.687257826328277588e-01
-7.260825019329786301e-03
8.625160157680511475e-02
1.354007869958877563e-01
4.947344958782196045e-02
2.968345582485198975e-01
6.311045587062835693e-02
4.498688876628875732e-01
2.898060679435729980e-01
1.921362578868865967e-01
7.251918315887451172e-02
1.563601046800613403e-01
2.045834809541702271e-01
3.233065903186798096e-01
1.811839491128921509e-01
1.921109706163406372e-01
1.030895188450813293e-01
3.071524761617183685e-02
2.084638774394989014e-01
2.887114286422729492e-01
1.514320522546768188e-01
3.244290649890899658e-01
-1.986868679523468018e-01
5.966089293360710144e-02
1.344536840915679932e-01
7.874845713376998901e-02
-1.234378218650817871e-01
1.030524745583534241e-01
5.707386508584022522e-02
1.521311700344085693e-01
1.055084764957427979e-01
1.222972422838211060e-01
2.561480402946472168e-01
2.185319960117340088e-01
1.015370562672615051e-01
1.341591626405715942e-01
-5.832609161734580994e-02
1.473703533411026001e-01
1.329228729009628296e-01
-3.292136592790484428e-03
-4.180099070072174072e-02
-1.269154101610183716e-01
5.622339248657226562e-02
1.095989532768726349e-02
4.658083617687225342e-01
7.321326434612274170e-02
2.332123667001724243e-01
1.615049093961715698e-01
8.263591676950454712e-02
2.447096109390258789e-01
6.930531561374664307e-02
9.634881466627120972e-02
2.439148873090744019e-01
2.516775578260421753e-02
1.255417801439762115e-02
1.662362664937973022e-01
2.854182124137878418e-01
2.937934175133705139e-02
2.217523753643035889e-01
-1.000526323914527893e-01
1.229119151830673218e-01
1.532588452100753784e-01
-5.457834340631961823e-03
2.486448884010314941e-01
-3.994862735271453857e-02
1.994216740131378174e-01
2.241664677858352661e-01
3.241219222545623779e-01
1.358301192522048950e-01
1.741060018539428711e-01
7.915585488080978394e-02
1.174441725015640259e-01
-8.365138620138168335e-02
1.786963492631912231e-01
2.546456456184387207e-01
1.651682704687118530e-01
1.039892137050628662e-01
1.292061656713485718e-01
2.394471764564514160e-01
2.682707905769348145e-01
1.200839877128601074e-01
3.166081309318542480e-01
3.675192221999168396e-02
1.491934806108474731e-01
2.347182780504226685e-01
3.653208613395690918e-01
1.778019405901432037e-02
3.838646709918975830e-01
1.977596729993820190e-01
1.097208037972450256e-01
3.346717655658721924e-01
9.247921407222747803e-02
1.857886016368865967e-01
7.017926871776580811e-02
2.234219610691070557e-01
-1.650935225188732147e-02
1.513375192880630493e-01
1.268548965454101562e-01
2.522219717502593994e-01
2.041025310754776001e-01
2.073225080966949463e-01
2.227295041084289551e-01
4.541528820991516113e-01
1.397872418165206909e-01
-1.781272143125534058e-02
1.563858240842819214e-01
5.424421653151512146e-02
1.949561685323715210e-01
1.602279096841812134e-01
4.486639425158500671e-02
2.326771058142185211e-02
8.949251845479011536e-03
2.688558772206306458e-02
5.305588617920875549e-02
2.356008738279342651e-01
2.375300973653793335e-02
1.193073242902755737e-01
3.395820260047912598e-01
9.361975640058517456e-02
4.449041560292243958e-02
2.033101618289947510e-01
1.769468635320663452e-01
1.047146990895271301e-01
4.064637720584869385e-01
-7.199267297983169556e-02
3.630838394165039062e-01
1.849152743816375732e-01
-6.181813310831785202e-03
-1.251558959484100342e-01
-1.360986474901437759e-02
1.014278531074523926e-01
1.691632568836212158e-01
6.210239231586456299e-02
2.986010909080505371e-02
1.422644704580307007e-01
1.122341826558113098e-01
1.803481727838516235e-01
4.492556303739547729e-02
6.189145147800445557e-02
8.091079071164131165e-03
7.273089140653610229e-02
-1.413644757121801376e-02
2.538145482540130615e-01
2.637731432914733887e-01
5.221953243017196655e-02
4.410751536488533020e-02
2.063525468111038208e-01
2.769547700881958008e-01
3.063263297080993652e-01
4.572860524058341980e-02
2.418038696050643921e-01
-6.226891651749610901e-02
2.363235503435134888e-01
2.638209462165832520e-01
5.204577744007110596e-02
1.208399757742881775e-01
1.962992995977401733e-01
-5.001987144351005554e-02
1.799653321504592896e-01
1.837072223424911499e-01
-7.919241674244403839e-03
3.638417422771453857e-01
2.309017926454544067e-01
2.100611329078674316e-01
2.143444865942001343e-01
8.132570981979370117e-02
1.870652288198471069e-01
2.163772284984588623e-01
1.412662118673324585e-01
1.580756157636642456e-01
3.666206598281860352e-01
1.012779623270034790e-01
-3.187218680977821350e-02
6.407431513071060181e-02
2.120913565158843994e-01
1.824035346508026123e-01
5.687644705176353455e-02
1.783554404973983765e-01
-1.652099005877971649e-02
6.920953840017318726e-02
-1.536993384361267090e-01
-3.535408526659011841e-02
3.530522063374519348e-02
1.207377538084983826e-01
5.413376539945602417e-02
1.048186570405960083e-01
2.787947356700897217e-01
1.433815956115722656e-01
2.430903315544128418e-01
2.698082029819488525e-01
1.866509169340133667e-01
1.078932881355285645e-01
1.624735295772552490e-01
1.275620609521865845e-01
-9.491223096847534180e-02
1.311252713203430176e-01
6.205360218882560730e-02
1.949350088834762573e-01
3.016561642289161682e-02
2.833335399627685547e-01
1.454517245292663574e-01
1.173038259148597717e-01
9.047233313322067261e-02
-7.036733627319335938e-02
2.050377875566482544e-01
3.966760337352752686e-01
2.374229431152343750e-01
1.477223336696624756e-01
1.675033122301101685e-01
3.456323146820068359e-01
7.249301671981811523e-02
-5.186524987220764160e-02
-6.402382999658584595e-02
2.222857996821403503e-02
6.055146083235740662e-02
1.691796034574508667e-01
8.512677252292633057e-02
6.851582974195480347e-02
1.383562982082366943e-01
1.771765649318695068e-01
8.330763131380081177e-02
3.703042492270469666e-02
1.193950995802879333e-01
1.991533190011978149e-01
1.799221932888031006e-01
6.974261719733476639e-03
1.619326770305633545e-01
-6.674229167401790619e-03
1.178080290555953979e-01
1.121665313839912415e-01
1.432130038738250732e-01
3.301714360713958740e-02
6.605355441570281982e-02
1.868877708911895752e-01
3.836700692772865295e-02
2.233838737010955811e-01
-7.515806704759597778e-02
2.908263802528381348e-01
2.991775572299957275e-01
-2.713053859770298004e-02
2.921237349510192871e-01
2.659559249877929688e-01
-1.852364987134933472e-01
2.962079048156738281e-01
1.341533809900283813e-01
1.547876447439193726e-01
1.622309535741806030e-01
1.313975006341934204e-01
1.193909719586372375e-01
5.911072343587875366e-02
2.440951466560363770e-01
4.522100836038589478e-02
-9.815593808889389038e-02
1.241838186979293823e-01
1.785408407449722290e-01
1.473213583230972290e-01
1.837678849697113037e-01
1.183449253439903259e-01
1.938945502042770386e-01
1.395261287689208984e-01
4.201912134885787964e-02
7.561419159173965454e-02
-5.052477866411209106e-02
1.018391773104667664e-01
9.841369092464447021e-02
4.142627865076065063e-02
1.679102927446365356e-01
-4.318997263908386230e-02
8.320899307727813721e-02
1.326667517423629761e-01
-1.488273739814758301e-01
-4.124036431312561035e-02
3.584992587566375732e-01
1.213734969496726990e-01
5.254038795828819275e-02
4.759934917092323303e-02
-3.314541652798652649e-02
1.609930843114852905e-01
3.979003429412841797e-02
1.183036342263221741e-01
1.738705635070800781e-01
-2.255547642707824707e-01
1.096957996487617493e-01
-5.444400478154420853e-03
1.191787645220756531e-01
1.301163136959075928e-01
-5.176850128918886185e-03
2.622800767421722412e-01
2.739591300487518311e-01
3.075762987136840820e-01
5.768377333879470825e-02
2.050479315221309662e-02
3.850399702787399292e-02
2.951226830482482910e-01
2.527990639209747314e-01
1.843816041946411133e-01
1.892953068017959595e-01
1.886815428733825684e-01
1.560497730970382690e-01
1.495987325906753540e-01
1.693916022777557373e-01
1.591731011867523193e-01
2.926604449748992920e-01
1.933857649564743042e-01
-5.086323618888854980e-02
1.855560690164566040e-01
1.491982936859130859e-01
2.029134929180145264e-01
3.178945183753967285e-01
8.491075783967971802e-02
1.104190573096275330e-01
4.370494186878204346e-02
2.216498702764511108e-01
8.546158671379089355e-02
3.605449795722961426e-01
2.704540491104125977e-01
8.467890438623726368e-04
2.434110268950462341e-02
2.553314864635467529e-01
1.445249170064926147e-01
1.333710402250289917e-01
-3.813159465789794922e-02
5.339359119534492493e-02
5.908844992518424988e-02
4.396225214004516602e-01
1.856195628643035889e-01
3.195258677005767822e-01
-2.691608108580112457e-02
8.957926183938980103e-02
7.703417912125587463e-03
1.145917177200317383e-02
1.407290399074554443e-01
-6.649062037467956543e-02
1.612863540649414062e-01
-1.478512287139892578e-01
1.716801524162292480e-01
8.006901293992996216e-02
2.763388454914093018e-01
3.624741137027740479e-01
9.020195901393890381e-02
1.349041759967803955e-01
9.363751113414764404e-02
1.657117307186126709e-01
6.331175100058317184e-03
1.304962635040283203e-01
2.324978560209274292e-01
1.730000525712966919e-01
1.705564409494400024e-01
1.977928727865219116e-01
2.234172224998474121e-01
1.227456107735633850e-01
1.146149039268493652e-01
6.031952500343322754e-01
1.204915642738342285e-01
2.404892295598983765e-01
8.323109894990921021e-02
-2.257617749273777008e-02
1.258899420499801636e-01
1.584695093333721161e-02
2.185632139444351196e-01
1.793511360883712769e-01
1.352538913488388062e-01
2.703087776899337769e-02
2.326795905828475952e-01
7.436963170766830444e-02
3.680930137634277344e-01
2.193287611007690430e-01
6.065623369067907333e-03
4.268938302993774414e-02
1.099568381905555725e-01
1.041518375277519226e-01
1.647512018680572510e-01
9.406844526529312134e-02
2.720546424388885498e-01
1.932273209095001221e-01
-3.634871169924736023e-02
1.912477910518646240e-01
-8.494370430707931519e-02
7.750085741281509399e-02
1.713438630104064941e-01
1.215627864003181458e-01
2.427789419889450073e-01
-2.706584148108959198e-02
6.331829726696014404e-02
1.641650795936584473e-01
2.122992649674415588e-02
9.198126941919326782e-02
1.035958155989646912e-02
2.376456744968891144e-02
1.710268557071685791e-01
5.288012698292732239e-02
7.475187629461288452e-02
-2.641453966498374939e-02
3.043376803398132324e-01
5.229369178414344788e-02
2.313587367534637451e-01
9.858699142932891846e-02
2.279409207403659821e-02
6.823080778121948242e-02
-7.395535707473754883e-02
2.286786288022994995e-01
3.550246357917785645e-01
5.333296209573745728e-02
1.936811953783035278e-01
6.461520493030548096e-02
1.463097035884857178e-01
1.512558199465274811e-02
1.374301314353942871e-01
6.570007652044296265e-02
7.477200031280517578e-02
1.118299514055252075e-01
1.587286293506622314e-01
-1.085154712200164795e-01
2.358340919017791748e-01
-6.289909128099679947e-03
3.448237180709838867e-01
2.585033774375915527e-01
1.894159018993377686e-01
2.214357852935791016e-01
1.865164786577224731e-01
-9.088508784770965576e-02
9.058114141225814819e-02
7.013960927724838257e-02
2.060112208127975464e-01
-2.018482536077499390e-01
-4.343225434422492981e-02
2.249946743249893188e-01
1.988440304994583130e-01
1.589546650648117065e-01
8.849152177572250366e-02
1.504781991243362427e-01
2.023764848709106445e-01
1.111955270171165466e-01
-7.077191956341266632e-03
7.675590366125106812e-02
9.700055420398712158e-02
1.757914423942565918e-01
3.433107435703277588e-01
2.050765007734298706e-01
1.407920271158218384e-01
8.903396083042025566e-04
8.292605727910995483e-02
7.587715238332748413e-02
2.906385958194732666e-01
1.613283455371856689e-01
1.416538357734680176e-01
-5.420193448662757874e-02
1.054642722010612488e-01
-4.570681974291801453e-02
1.249272674322128296e-01
2.624087631702423096e-01
2.142619574442505836e-03
1.568095833063125610e-01
2.175735384225845337e-01
1.495585292577743530e-01
6.809744238853454590e-02
8.868541568517684937e-02
7.434020191431045532e-02
4.042303264141082764e-01
7.881931215524673462e-02
2.440006136894226074e-01
1.687898114323616028e-02
-4.375524073839187622e-02
1.092396602034568787e-01
8.878485113382339478e-02
3.216140568256378174e-01
1.648796051740646362e-01
-2.516013383865356445e-01
2.901023030281066895e-01
1.389617770910263062e-01
1.965129971504211426e-01
2.788292244076728821e-02
2.528507411479949951e-01
2.662866115570068359e-01
5.400806292891502380e-02
1.011212021112442017e-01
1.417042464017868042e-01
2.219481915235519409e-01
2.508345544338226318e-01
1.502673476934432983e-01
1.414972096681594849e-01
1.300658583641052246e-01
2.225203514099121094e-01
2.375789135694503784e-01
2.745784223079681396e-01
1.076487451791763306e-01
6.911048293113708496e-02
1.567593067884445190e-01
1.071052625775337219e-01
7.898994535207748413e-02
7.301361858844757080e-02
1.554642915725708008e-01
1.552778929471969604e-01
3.404441475868225098e-01
-4.308427497744560242e-02
1.125061884522438049e-01
-2.022192254662513733e-02
1.988991498947143555e-01
2.885986566543579102e-01
3.057573437690734863e-01
5.668857321143150330e-02
5.959012731909751892e-02
2.153398692607879639e-01
5.281623080372810364e-02
9.838475845754146576e-03
-8.234141767024993896e-02
2.525321245193481445e-01
-3.212618082761764526e-02
4.699115455150604248e-02
2.807231247425079346e-01
2.167108654975891113e-01
2.372900247573852539e-01
2.412047982215881348e-01
-1.040186062455177307e-01
1.747308671474456787e-01
3.598751723766326904e-01
6.415466219186782837e-02
6.340461969375610352e-02
3.897907212376594543e-02
-1.024033036082983017e-02
2.319639623165130615e-01
8.022234588861465454e-02
1.301598697900772095e-01
2.847850918769836426e-01
1.798710040748119354e-02
3.315389454364776611e-01
7.278790324926376343e-02
1.164263859391212463e-01
1.691333055496215820e-01
3.204644918441772461e-01
1.494909077882766724e-01
1.503657400608062744e-01
1.227641478180885315e-01
1.708803474903106689e-01
1.952022314071655273e-01
5.015010014176368713e-02
3.335010111331939697e-01
2.171114683151245117e-01
3.905699849128723145e-01
1.222803369164466858e-01
1.644752174615859985e-01
2.117805182933807373e-01
2.853964567184448242e-01
-5.935905873775482178e-02
1.677525639533996582e-01
8.619888871908187866e-02
1.338628381490707397e-01
4.069061577320098877e-02
7.917452603578567505e-02
8.538054674863815308e-02
1.129930391907691956e-01
1.640610545873641968e-01
1.829243823885917664e-02
1.585049480199813843e-01
1.174388825893402100e-01
1.549547612667083740e-01
1.152301114052534103e-02
2.829161882400512695e-01
-7.933644205331802368e-02
2.781141698360443115e-01
2.712508141994476318e-01
1.697515100240707397e-01
4.276960492134094238e-01
3.358513414859771729e-01
2.231121063232421875e-01
1.980861276388168335e-01
2.917294800281524658e-01
1.761388331651687622e-01
3.557621240615844727e-01
1.278998851776123047e-01
4.880633577704429626e-02
3.574520647525787354e-01
1.223391368985176086e-01
2.031246721744537354e-01
6.336442381143569946e-02
2.469385415315628052e-01
2.082183063030242920e-01
4.743959754705429077e-02
2.098861187696456909e-01
