5.631222671937030633e+00
5.777260625564949237e+00
4.142345177721316496e+00
3.785024132458217672e+00
4.477430771535629184e+00
6.385430844542276496e+00
4.861986156821319405e+00
5.614158822000089977e+00
5.106272286881796241e+00
6.432667580655547113e+00
5.047169091612659031e+00
4.971655342906720954e+00
5.325608446858019818e+00
4.534483380354452642e+00
5.209434449833039160e+00
6.925005902419070658e+00
6.267285183757501876e+00
7.349538466499454969e+00
7.225372383343880323e+00
6.210735752824616540e+00
5.140049192899564190e+00
5.501372118720667004e+00
5.682376738186484033e+00
5.516997481325543795e+00
5.779972158357518097e+00
6.226173150317896088e+00
5.888453616742135743e+00
4.918330924918751457e+00
6.653210597516332037e+00
4.602854724561577626e+00
5.670825558886091855e+00
5.700718304311948259e+00
5.114241045371673344e+00
6.168620621345842103e+00
4.748480128605317319e+00
5.069129774523385201e+00
5.485052193926003739e+00
6.640664886840036196e+00
4.806545425056842902e+00
5.129145066001919773e+00
4.915155452113619816e+00
5.112629319584668153e+00
5.561411243165580665e+00
5.688524708505847904e+00
5.027133545733778242e+00
4.967359937355343646e+00
5.308165394382342583e+00
5.173535158365714537e+00
3.786636427608049527e+00
5.460700468568559174e+00
5.524934757278681552e+00
7.520066575495301997e+00
6.128537212447786153e+00
4.480367148924101706e+00
5.236978185104690375e+00
5.583263958578520203e+00
6.497449195790120591e+00
4.777879506895492234e+00
5.885656501162578991e+00
5.236346781732022393e+00
5.079810047368089165e+00
5.095076977318187872e+00
5.633881961281390183e+00
6.707441853685161881e+00
4.993426120319096384e+00
5.436156079374872441e+00
5.944583224456709836e+00
6.206168489870781180e+00
6.170483267200253863e+00
5.746877251190502633e+00
6.495066698523598525e+00
6.504051553639230931e+00
5.187843156941731593e+00
7.355062202365013846e+00
5.955020553537668349e+00
5.636351717253097249e+00
5.946594302356891681e+00
4.803344703601016619e+00
4.105998880414508001e+00
5.787065444263524761e+00
4.934489207722732473e+00
2.929942793198514916e+00
6.714266980713167854e+00
5.349413068371209334e+00
6.203250836406300373e+00
5.331311551522378345e+00
5.601385878193952728e+00
6.173053166239070855e+00
5.508158483559294716e+00
5.001656306954965991e+00
5.821487570894244179e+00
5.432818885089127470e+00
7.054786218383071628e+00
5.599200235973998296e+00
6.794676138874889304e+00
5.374615265520127139e+00
5.459603775980229834e+00
4.547515261304276635e+00
4.461430012459435268e+00
5.813252723255962096e+00
4.938535818817927137e+00
4.931528096830519736e+00
4.969002984473527285e+00
5.915950086031391386e+00
6.361496307719560761e+00
5.400010989390894522e+00
6.451466582139824268e+00
7.028586563921861874e+00
4.278518162938725666e+00
5.666431053239900706e+00
7.475829106695068837e+00
5.791476904995074726e+00
3.802120297341609945e+00
4.961358954506688512e+00
6.317835474388719952e+00
4.838370604895534832e+00
5.547774293630839182e+00
6.507717017666466930e+00
4.805838166177334614e+00
5.299210659357103559e+00
6.279056253930360043e+00
6.995974195632253867e+00
6.632339865889140818e+00
4.998681114906988299e+00
4.680076856079645964e+00
5.410008572193644838e+00
5.445870890605768011e+00
5.696872486247123391e+00
5.749316681921778027e+00
3.688158219714252173e+00
4.177762674860916015e+00
5.986699966892198077e+00
5.874828513002516850e+00
6.281875919881639625e+00
5.757396782614811137e+00
5.452578727820204030e+00
5.241496680695004962e+00
4.600749434586155928e+00
4.723631920764221448e+00
4.193257808075513182e+00
6.328122274481168930e+00
5.868954125142257894e+00
5.493399861242836302e+00
7.137678239456278106e+00
5.777770114330668783e+00
5.162715071317440341e+00
5.063285601453901386e+00
5.752994927540794556e+00
6.247379905932888278e+00
7.247545424595873698e+00
5.545168409875953941e+00
5.346954402992980526e+00
7.418996456492670255e+00
6.808031509106889700e+00
4.491194459813613094e+00
6.316801694501794628e+00
5.930436364781165537e+00
5.600484567410592085e+00
5.131683222651099108e+00
6.413634792600084289e+00
5.453115470716817903e+00
6.146139852033704720e+00
5.641269212965243973e+00
5.523207573471065501e+00
5.815921958836720584e+00
4.650165386730749972e+00
5.536183038346941920e+00
3.712668225910160213e+00
4.719243550040031820e+00
5.825778039782256279e+00
4.782646215510989229e+00
5.527384399126733072e+00
5.172230218205819519e+00
5.444316649531650398e+00
5.329232829748152156e+00
5.288166350896853274e+00
5.977283373681492762e+00
5.954938999282222589e+00
5.255962852852868572e+00
5.751700798653472724e+00
5.307457854518587759e+00
6.081985335256037573e+00
4.939912811891067790e+00
5.611866972232672168e+00
5.927255671838759454e+00
5.779524915293001719e+00
5.421513954851801209e+00
4.526838369772189452e+00
5.545241108608750302e+00
4.686023498112209751e+00
7.191597497044189602e+00
4.672295908658663066e+00
4.479173901745616249e+00
3.547024285409023925e+00
4.707357590404895653e+00
5.016633424900226679e+00
4.479707804798275461e+00
5.572345391741297504e+00
4.493886707036994110e+00
5.980074324034368338e+00
6.312928528143776141e+00
5.144400257614132776e+00
5.173011053350788480e+00
5.717577323648408871e+00
5.493203216615627937e+00
6.991503424345565598e+00
5.596183523121438519e+00
6.276223088034266873e+00
4.535445317384161790e+00
5.643191478144575335e+00
5.873844086605004122e+00
5.692625449934889836e+00
3.884088800889355486e+00
6.338839944355786571e+00
5.287906715416344383e+00
5.573557561453553078e+00
4.998748507235606375e+00
6.280523169591128330e+00
5.640672279077943330e+00
6.958208604676667797e+00
6.322576730677603507e+00
5.272882480408003225e+00
4.941934301651881967e+00
3.699485781917034366e+00
6.347296504671268380e+00
4.302138408189732921e+00
5.458038045903672142e+00
4.794036418998716798e+00
4.131434486846440990e+00
7.583104298908570406e+00
5.297296369137749927e+00
5.164405623028149428e+00
4.933444166324200353e+00
5.930759642358903072e+00
4.666764227271541721e+00
5.340633391382691109e+00
4.759387234246569953e+00
5.988462749637011306e+00
5.312849858778789347e+00
5.644588111454114099e+00
5.411460641209037803e+00
4.329659713483811956e+00
4.203819619334539404e+00
6.091236531500290319e+00
5.350139017634864658e+00
5.548727357118147019e+00
5.217421246174744454e+00
4.214617471114928904e+00
5.609451266651247714e+00
6.149534033978661718e+00
5.415593139823703162e+00
5.098510224001308266e+00
5.549322336198287076e+00
5.012188853533781518e+00
4.561467117965285034e+00
6.379614322089076417e+00
6.092731862343046423e+00
7.361989923091763366e+00
4.783404245111234410e+00
6.377165542758887362e+00
4.150503375913878301e+00
6.789061088541272326e+00
4.775329954572328006e+00
5.110387574068032457e+00
5.483633649975839575e+00
4.698090247634769234e+00
5.016900862717474041e+00
5.232237690913969175e+00
5.331586134235679175e+00
4.861720845550027370e+00
6.342675702441428420e+00
5.040927134672989141e+00
6.046672104895478128e+00
4.525211408196023299e+00
4.579912573962436895e+00
7.709951903992349642e+00
6.290068205896859332e+00
5.119901139531370049e+00
4.941055388940504223e+00
6.600169415355169988e+00
6.036515302113735437e+00
6.242474294238862242e+00
6.781838848963166022e+00
6.471639761268011881e+00
6.589249818622360699e+00
5.845087461089659264e+00
5.337268916420538467e+00
5.638918736169271639e+00
5.014532205276847954e+00
5.598771150111117478e+00
5.995880556636788761e+00
6.025464586343718842e+00
5.929349727113322643e+00
4.042046311744075915e+00
6.115008106791639086e+00
6.418410684846046266e+00
6.138182833311693010e+00
6.275904291486141595e+00
5.824136292232623191e+00
4.300205582283501471e+00
5.166411687790521512e+00
5.643605383739308756e+00
4.740391418663874035e+00
5.555097982724070071e+00
5.904446343462725011e+00
5.006478151334689208e+00
6.961140134037689720e+00
5.812261084935421707e+00
4.445659648856131518e+00
5.478300881353521667e+00
7.390684791617905702e+00
7.241334627413783309e+00
5.925298803671164904e+00
6.973413889312982228e+00
6.210260707953324300e+00
4.960721207370800911e+00
5.355047719127163930e+00
4.865480209904139208e+00
5.611784321544980081e+00
5.230767496565580821e+00
7.449788067106483780e+00
5.539787168262677142e+00
5.395312412984804240e+00
6.178362413453329260e+00
4.112921553734255831e+00
4.964099166364861482e+00
5.435124139817133937e+00
4.586115890026658093e+00
5.514944328389276507e+00
5.553710286006594998e+00
5.435504211594122559e+00
4.474822735146909203e+00
6.470512371894057146e+00
4.581721679842819306e+00
5.243312912597982489e+00
7.482547031433144369e+00
4.674458783433082409e+00
4.230432883552902368e+00
7.151147938235030921e+00
5.103758027701980282e+00
4.744501256110409848e+00
5.489279502996787130e+00
4.794857208038010299e+00
4.713906642932798263e+00
5.494691839861451932e+00
6.384928430863014093e+00
6.496025166425724251e+00
5.817507563494685563e+00
6.061741982550883812e+00
4.112036417074778072e+00
5.060816075233986133e+00
3.225872297556314106e+00
4.584074179300194452e+00
4.756804567789355787e+00
6.116339052888184469e+00
5.940290441323045734e+00
5.820124171883015229e+00
6.477112240375110019e+00
6.429251189643652609e+00
6.911772136354828788e+00
7.358853599230003262e+00
4.886105052716461117e+00
5.967458478329641380e+00
5.644685638048811072e+00
3.983782543416888089e+00
4.835300823688887917e+00
4.801592705134445360e+00
5.779475684907030342e+00
6.037847443584331231e+00
5.207021277886887844e+00
4.734613790082373264e+00
5.872582223607619056e+00
5.964553351630307532e+00
5.920846064068493675e+00
7.313954485893163771e+00
4.893965022136094412e+00
5.338542700668156726e+00
5.030900808933943757e+00
7.119682970171940184e+00
5.542207832449712157e+00
4.915750385828459024e+00
5.020912970291459665e+00
5.223449117157108468e+00
5.089614644524789178e+00
7.452894498841764914e+00
5.886477818521171912e+00
5.782223501397037779e+00
7.396500670555489876e+00
4.840506722351977764e+00
6.477250877295081644e+00
5.425464815824082798e+00
5.213881148195555149e+00
5.744477416900943822e+00
4.160609365935046711e+00
5.453206341121355827e+00
4.583391074162744161e+00
4.621046123030047248e+00
5.281939897291499264e+00
4.285384701834869858e+00
4.557369785146362595e+00
4.613189279581186852e+00
6.368938061361848924e+00
5.906445988941174008e+00
5.262398203748086978e+00
5.403756769818914840e+00
5.424165925272809829e+00
5.445053286533621417e+00
5.985152909565531587e+00
5.552131889298252077e+00
5.405513800012985648e+00
4.514460546996616586e+00
5.089877786868274967e+00
4.642904520161324378e+00
5.497208703188409373e+00
5.576729966809603312e+00
5.968010359358695283e+00
5.961404380963646332e+00
5.360113294164099429e+00
5.234543644201694157e+00
4.828162627711656718e+00
4.800470541090757770e+00
4.677458490722123052e+00
5.349350359700572710e+00
4.723787012633601456e+00
5.553045931966528848e+00
5.603664410088804004e+00
6.116906374682668179e+00
6.761077317302292222e+00
5.269934161859812782e+00
5.142375904251539787e+00
5.582135960892578019e+00
5.115469736439679060e+00
4.890497606062432112e+00
4.647472387745781752e+00
6.096891013280353988e+00
6.547752010892686769e+00
5.990359786133987896e+00
6.104442216266955157e+00
4.889771858253784131e+00
5.673186254874122980e+00
4.682499224997095588e+00
4.847655807841172226e+00
6.160233226641547155e+00
6.408979591210317572e+00
6.248196340057745601e+00
4.978438740239704785e+00
7.513377166930412798e+00
4.963149235617916766e+00
4.361326694354607625e+00
5.177086328748424116e+00
6.782093494300436731e+00
6.390549414043825038e+00
5.892326202519894807e+00
5.053100354788395698e+00
5.136711240174707704e+00
6.041910887905466154e+00
4.187722964363275402e+00
5.893727008603198314e+00
4.858280340669296926e+00
5.801668969791260011e+00
4.865806752934092039e+00
5.286669543571498764e+00
5.248787865047335188e+00
4.643781286311594592e+00
4.222483746500164337e+00
4.595503690753422354e+00
4.715496706738797172e+00
6.137523782595467381e+00
5.778078319743931601e+00
3.582652241515725144e+00
5.466185459209620845e+00
6.718144181756175115e+00
4.570801513088534662e+00
6.081961819806941172e+00
5.257265628975117622e+00
5.174613190773850846e+00
4.000016546314377308e+00
4.944512921375181946e+00
7.548823507141607436e+00
6.077254153687482230e+00
4.710471811874635151e+00
6.346223755980819448e+00
4.610403826032515973e+00
6.006340364328427661e+00
5.979636798130484543e+00
6.133406040788993430e+00
4.336710473100935381e+00
6.172514188251365219e+00
5.392609275596222496e+00
5.467725682876046100e+00
5.349006727600804645e+00
5.608541820313127424e+00
6.246144589120024015e+00
5.688052538266654246e+00
6.357030533498579494e+00
6.610913191942546341e+00
6.551096821053659980e+00
6.673543559982286766e+00
5.355085880439202306e+00
5.487012437416180610e+00
5.170846928142847965e+00
6.074247532070601530e+00
3.860963374788378477e+00
7.000104417174423332e+00
6.698219927785083350e+00
5.014776772375553193e+00
5.587863541478509610e+00
5.421841157990807680e+00
5.982628263239156752e+00
4.898255421240493845e+00
7.425260093728796029e+00
5.720056126376372951e+00
4.729031029933830510e+00
5.248842705443693468e+00
5.723821685743468279e+00
4.939497376483496183e+00
5.046102092820050622e+00
4.114973460499181002e+00
5.975401444243354732e+00
6.218632876129893461e+00
4.640964734661141122e+00
6.194228145644127714e+00
4.108578576367221125e+00
4.948106567932386568e+00
6.144071997696551435e+00
6.396043793663539923e+00
6.656152091491120970e+00
6.020597919709777202e+00
5.305130717776515681e+00
4.885179494547305268e+00
3.852694951358804687e+00
5.889593425664272353e+00
5.158184571096120941e+00
5.610271026598264044e+00
6.893865166125414667e+00
6.529374566892868437e+00
6.599375672257702163e+00
4.231582584116086565e+00
6.147772471349481016e+00
4.433532751894882828e+00
4.337681005358041908e+00
6.979508466841722658e+00
5.389415860907361022e+00
4.876893201769260777e+00
6.589359485075338085e+00
7.845290137824200372e+00
6.914095905287274135e+00
5.211726005173614062e+00
6.616125352264388582e+00
3.990949550044781802e+00
6.158797982043113350e+00
6.454638462934092047e+00
6.169700510971490637e+00
5.333620861777361277e+00
4.581689084974607695e+00
4.269922345276284226e+00
5.977596516242678071e+00
5.740417501544684775e+00
6.169310557793550309e+00
3.427334067411768270e+00
6.861693961076307247e+00
5.204949692629559088e+00
6.461257876442133785e+00
5.216308237757465882e+00
5.751626452405770529e+00
6.687654754613181041e+00
6.997347375890685228e+00
5.556465635714478601e+00
6.025411289248480351e+00
6.629522374823972442e+00
6.237682449738390922e+00
4.863667339046753746e+00
4.330102969926218570e+00
5.058833404892637553e+00
4.554086960410088203e+00
4.839008285454282188e+00
5.884321692513267088e+00
5.597997236909195706e+00
4.383388713138163695e+00
6.224343854472176751e+00
6.237898834409469906e+00
6.196140287959506665e+00
6.608666578799030411e+00
4.932203545784725307e+00
6.383980846968194456e+00
5.840989966795060440e+00
6.356785956487768452e+00
7.225053164520383042e+00
4.129602131899878792e+00
6.342240054374071789e+00
4.990762134142016748e+00
5.437638153730581791e+00
4.981584183913397190e+00
6.671392088383345964e+00
2.974960165151363078e+00
5.334427928172949862e+00
7.562181552526066497e+00
5.616985968544614849e+00
6.725674685922060192e+00
5.049111867427924061e+00
6.497891138864806848e+00
6.279422562415937215e+00
5.166467500429014592e+00
4.467881580362888627e+00
5.306281412123833086e+00
4.799758831107211243e+00
6.082983929316837290e+00
6.489169924599264228e+00
5.574639165679005082e+00
4.352831114990102890e+00
4.361617496730860744e+00
5.010649207872489797e+00
5.002235035043502975e+00
5.043240850430555255e+00
4.289720641040450921e+00
4.878180684439819004e+00
4.890921655839185256e+00
5.854982816135510859e+00
4.439226424043768660e+00
5.902033397280893823e+00
5.610348628698615059e+00
5.970073043743369112e+00
6.976024922504702630e+00
4.470967883641121077e+00
6.090210649149312871e+00
6.829389600734907084e+00
5.454949228274453610e+00
5.594396303494836964e+00
6.205852014894172264e+00
7.630690102029136668e+00
5.791131119101700975e+00
5.373472539806009252e+00
4.008773925123565007e+00
3.319480227118686955e+00
6.433652178632408791e+00
6.197725072966375315e+00
5.610311994642837696e+00
5.374837018509608377e+00
4.318598445782419581e+00
4.395472387527283864e+00
6.134148922809742110e+00
7.102909370519569165e+00
5.803008454679835282e+00
6.012510166065546890e+00
5.861376238024512020e+00
4.571897771975215186e+00
4.326014150297079475e+00
6.286497179768856469e+00
4.741717692515213578e+00
5.216112260677251200e+00
4.994685136496126887e+00
4.040000222404160901e+00
5.407987662356822156e+00
5.726744573755201628e+00
5.630212163345831300e+00
5.060944842634934382e+00
4.620421486971669545e+00
4.805509775129038985e+00
5.016646956064750640e+00
4.936221590398941927e+00
4.425888424864501403e+00
6.872806928969009022e+00
5.716078717196254821e+00
4.279319568209253077e+00
6.129048690911836239e+00
4.698379378739159229e+00
5.525607749273017788e+00
4.485785142894714639e+00
7.023134401676842664e+00
4.620958861752249014e+00
4.691732694326153918e+00
6.586008350120233779e+00
6.125505251256553763e+00
5.428682608331167891e+00
4.805389991288648410e+00
5.613076644447934527e+00
4.954387949757848020e+00
5.826967083824589722e+00
6.335913835524644711e+00
5.360820179347054015e+00
5.812276136222136458e+00
6.019104257221666643e+00
6.260202401526939298e+00
5.291426009605941339e+00
6.861126227575980785e+00
6.108912605029027887e+00
5.374180856263368611e+00
4.915380442933310334e+00
5.934469902346379833e+00
4.607268041245617951e+00
4.641804921436524012e+00
4.879741945018668758e+00
5.455137592473344732e+00
5.098828920668483811e+00
4.609802452129210693e+00
5.778095945465308247e+00
3.890593276750027307e+00
5.656356362477115596e+00
6.373046740626395312e+00
5.351069555342449213e+00
4.945380195274836410e+00
5.928490700547931702e+00
4.690324262421779800e+00
4.869010895606418643e+00
5.933561909906426735e+00
5.173829640921383088e+00
6.076860054846260795e+00
4.534496263164362162e+00
4.928067357964440731e+00
6.100601591377319721e+00
6.004501699444877438e+00
6.184821902193633036e+00
5.537638322549176984e+00
5.201911382822634877e+00
5.946132563149343575e+00
6.002355295331876839e+00
6.269967182523493499e+00
5.345815459884656562e+00
5.934152009250868609e+00
4.669967637412446138e+00
4.786926722825302072e+00
5.463138395612078924e+00
5.338577398210217595e+00
6.436363531406529503e+00
6.055561340207431087e+00
4.827691805091215649e+00
4.798369181912275572e+00
6.585012264596048048e+00
5.909957191202287241e+00
6.058150266136509643e+00
5.409969332770197425e+00
5.099694069024914178e+00
5.852724102880046964e+00
5.863224283655218194e+00
5.637602752789415028e+00
5.810617944609151486e+00
5.259329303353199592e+00
3.467627727572903940e+00
6.647819852622096626e+00
6.982218157895631272e+00
5.202915451849049688e+00
4.297220094189960093e+00
5.118035992601483564e+00
4.339713021238448931e+00
5.714809632264831407e+00
5.008964390396505095e+00
4.823256435010357279e+00
5.378835079711142164e+00
5.863551539342647168e+00
5.526436647794957580e+00
6.704095127239652285e+00
4.907205536984234229e+00
5.084432174499330159e+00
6.165896800050838067e+00
4.693501973409449413e+00
7.897824357964089437e+00
4.894724333930254190e+00
5.459796672084949343e+00
4.895740202609254688e+00
5.160520626348887419e+00
6.580838603089310013e+00
6.215961779740203141e+00
4.208946929981389751e+00
3.803364418413521353e+00
4.529036581712536425e+00
5.970029347674544518e+00
6.593976864835662255e+00
7.709046733055992640e+00
4.364521762548307926e+00
5.419120816181615119e+00
6.744428789365644050e+00
6.503775351494407886e+00
5.356761530577582420e+00
5.136448599837181384e+00
4.211601020369985626e+00
4.303348970910604088e+00
6.525474523800183668e+00
5.230789358063810290e+00
4.054144131723846911e+00
5.205605963643545664e+00
5.869608079433217718e+00
4.647217186292277979e+00
6.056132239644433035e+00
3.204977471400176192e+00
4.594410259392886609e+00
5.754581392320957001e+00
5.661898665517123952e+00
6.285818557311530164e+00
6.172515778457380087e+00
5.464652942165238336e+00
5.301587386048916883e+00
6.778851710253204210e+00
6.177468074199039094e+00
5.537267084207980083e+00
3.453943186630578310e+00
6.486672601658740156e+00
6.205405294025609919e+00
3.879171515432629391e+00
5.123797760613594043e+00
5.242441656740990830e+00
5.630752305523350820e+00
7.003587272506991646e+00
5.017186173643941594e+00
5.742008583007225830e+00
5.746571208292895250e+00
7.447167384811093527e+00
3.440833688871829832e+00
4.798366885612172617e+00
4.584301683545655592e+00
5.750401257714276682e+00
5.172346237508733680e+00
5.556694715864348488e+00
5.008928699205550394e+00
5.717698083835675682e+00
4.434353765082645005e+00
4.188596156128697956e+00
5.690392944616047721e+00
5.658242543588666962e+00
4.332011767049270823e+00
4.523544723568956094e+00
5.613978820484109455e+00
5.112992940281951171e+00
6.161346381520606208e+00
5.548820886783288664e+00
4.998609888476660323e+00
5.967780257994579785e+00
5.623336275132349904e+00
4.693757163519561182e+00
6.316338563313721899e+00
5.297373277955799153e+00
5.275611963627348189e+00
5.220191765318335619e+00
4.772278145177276443e+00
5.254718173070267895e+00
3.818499098488837173e+00
4.747951526667654853e+00
5.898308860778295859e+00
5.758505032432572612e+00
5.568661592346987987e+00
4.494792936497941760e+00
4.075490179341036523e+00
6.030351768877313390e+00
7.818061177879674695e+00
5.963691255765081856e+00
5.711200089095071597e+00
5.666374926665953105e+00
4.757669992502068901e+00
5.230089758530296784e+00
5.292370897058537693e+00
5.703136168120661154e+00
6.027436869766604310e+00
6.948029713463720114e+00
7.216459651078968029e+00
4.933942936072325480e+00
4.913014430315405967e+00
4.303449317222792558e+00
5.709767481324449001e+00
5.348700764730612178e+00
5.623044091710911907e+00
5.922988316886765858e+00
6.345696333429292402e+00
4.426761750731953882e+00
6.155406478632511558e+00
4.585353465904420389e+00
5.597432381052489525e+00
6.652128890716827669e+00
4.719547315422985889e+00
3.542474386113697360e+00
5.935374618943334291e+00
4.858720468453142871e+00
4.965259066624097883e+00
4.660644558257952319e+00
3.342574256681734024e+00
5.246210235533552257e+00
4.891683516617036709e+00
5.413352838801397837e+00
4.105104773264013573e+00
4.868965618651168725e+00
6.251479692807102140e+00
3.806790525409699644e+00
5.522901791574589048e+00
4.541350126259496633e+00
5.352283619247731217e+00
5.796342832633724740e+00
4.862814313007490341e+00
6.233419179377725605e+00
6.285685253680445506e+00
7.377369603578262769e+00
5.213124170950638181e+00
6.446146195324384820e+00
6.531921773098142481e+00
4.981453422235365913e+00
6.209053390600839606e+00
4.896756933453406013e+00
5.037739619569528315e+00
5.563509600470784022e+00
4.785471689310882404e+00
5.416585800972080200e+00
5.138026837844344996e+00
5.208124821728992160e+00
4.659586530494805423e+00
5.343455454050614506e+00
5.323902547094331972e+00
5.766465546864981029e+00
4.061256887666304216e+00
5.240530619851742067e+00
5.934313134509410226e+00
6.109458446494183015e+00
7.305614306526133639e+00
5.102576011476895879e+00
4.307222286903390263e+00
5.724306982488127638e+00
4.966877782048507051e+00
4.969469106891490462e+00
6.061129579324743943e+00
4.598777870761543873e+00
5.350226177499821212e+00
4.955185029728487400e+00
5.008924173759101706e+00
6.513704500161344946e+00
3.991554247033036962e+00
5.929784843269681360e+00
3.706039589349190866e+00
7.489387344125062462e+00
5.417623314594416151e+00
4.599613262376911926e+00
5.260351464172059011e+00
5.578150453691121058e+00
6.522080102622259901e+00
5.144932365161134058e+00
4.948062277171494827e+00
7.342377650315683901e+00
5.576751767434817708e+00
6.586969768972871009e+00
5.653970476453237026e+00
5.326403344331626322e+00
5.507333881771860895e+00
7.143569749586135664e+00
7.490461288998012002e+00
4.701048559390052617e+00
4.954625808511291751e+00
5.621823612924525371e+00
4.661034471321135797e+00
4.724009198159214939e+00
4.461215009059650960e+00
5.600081544921327037e+00
5.680123785821044713e+00
6.055137982353076431e+00
5.774627332967645188e+00
4.601639167409349085e+00
4.767261491829209774e+00
6.686438085148265209e+00
6.169688326467404060e+00
6.007118433195612894e+00
5.311113163289804540e+00
6.302483325993599728e+00
5.250400724746055126e+00
7.051900059371787322e+00
4.959900993152231763e+00
5.130734951210354389e+00
5.923482512577984416e+00
4.918353730727020867e+00
5.832167485243975769e+00
5.106147685942622694e+00
6.500891345398834176e+00
6.231207126136573571e+00
5.783672313416930777e+00
4.869117668261943699e+00
4.529599909716334416e+00
5.730050200731932719e+00
5.204678738801012727e+00
5.337143185790416133e+00
5.135151376969473880e+00
5.143302189707335437e+00
6.650872803919372522e+00
5.394243164865403450e+00
5.471079095262982861e+00
5.742362181978562852e+00
5.218355096171016783e+00
7.154073017263566925e+00
4.299980145053281966e+00
5.530892193554745262e+00
6.643959084994396136e+00
5.897150393428202797e+00
5.128365140725294147e+00
6.697890724761975001e+00
5.597162749511507940e+00
4.679213426160671929e+00
4.745103547071847672e+00
6.134457915642471448e+00
5.466016925745874389e+00
6.136819583830352087e+00
6.340519303303398857e+00
6.344478557990790968e+00
4.858155793481516938e+00
7.088427832312048871e+00
4.617917743834580868e+00
5.638570548327689558e+00
7.716706050631276348e+00
6.439734614426734893e+00
