1.510001420974731445e-01
1.373773217201232910e-01
5.151553079485893250e-02
1.842642575502395630e-01
-1.093959622085094452e-02
2.011431753635406494e-01
1.027115527540445328e-02
-5.335093662142753601e-02
1.642874330282211304e-01
6.580358743667602539e-02
-4.935380071401596069e-02
1.187497600913047791e-01
1.670898050069808960e-01
-5.415138229727745056e-02
1.939702965319156647e-02
-6.792789697647094727e-02
1.887008547782897949e-02
-1.810492761433124542e-02
3.332208469510078430e-02
-8.692227303981781006e-02
2.319494187831878662e-01
-2.271460741758346558e-02
5.228311568498611450e-02
-2.012493647634983063e-02
2.927982807159423828e-01
2.340103387832641602e-01
8.222668548114597797e-04
5.323681980371475220e-02
-6.838079571025446057e-05
1.405662000179290771e-01
1.144730113446712494e-02
3.921851515769958496e-02
2.403012961149215698e-01
5.190490279346704483e-03
2.719731032848358154e-01
-6.201907247304916382e-02
-8.417945355176925659e-02
-1.156050935387611389e-01
-8.033271878957748413e-02
9.771395474672317505e-02
2.212677597999572754e-01
1.379061192274093628e-01
1.211530566215515137e-01
1.272809952497482300e-01
-1.039139833301305771e-02
-2.353902719914913177e-02
4.802927002310752869e-02
-1.055024862289428711e-01
2.948215305805206299e-01
-2.989229559898376465e-02
1.173719242215156555e-01
6.988327950239181519e-02
1.397875370457768440e-03
1.941644102334976196e-01
-4.361217841506004333e-02
-3.295431379228830338e-03
8.361440151929855347e-02
2.128138244152069092e-01
-1.392890363931655884e-01
3.485777229070663452e-02
1.534374654293060303e-01
6.609027087688446045e-02
1.096969768404960632e-01
1.280243992805480957e-01
-4.112451896071434021e-02
2.228058278560638428e-01
7.274886220693588257e-02
7.987631857395172119e-02
9.032593667507171631e-02
3.304374590516090393e-02
-5.444557219743728638e-02
2.182194590568542480e-01
1.875382810831069946e-01
2.009124010801315308e-01
4.563076794147491455e-02
2.294352650642395020e-02
2.111725360155105591e-01
1.582807153463363647e-01
1.917653977870941162e-01
3.861861824989318848e-01
1.260192692279815674e-01
-3.460849821567535400e-02
-8.745461702346801758e-02
3.891224507242441177e-03
-4.108045250177383423e-04
1.483174860477447510e-01
1.577009856700897217e-01
1.980186998844146729e-01
2.342966347932815552e-01
2.968479879200458527e-03
-8.777514100074768066e-02
1.395157724618911743e-01
6.373240798711776733e-02
7.155486941337585449e-02
1.585317850112915039e-01
-7.361529767513275146e-02
-3.504911810159683228e-02
1.281881779432296753e-01
1.985794901847839355e-01
3.118481114506721497e-02
1.997260405914857984e-04
1.179151907563209534e-01
1.314621269702911377e-01
-4.165764898061752319e-03
1.549726724624633789e-01
1.736739128828048706e-01
-5.968584492802619934e-02
4.044290259480476379e-02
1.588667333126068115e-01
-2.041717246174812317e-02
-1.093994677066802979e-01
3.052122890949249268e-02
1.211932580918073654e-02
1.091151498258113861e-03
8.066334575414657593e-02
1.420124899595975876e-02
2.157056704163551331e-02
8.019033074378967285e-02
8.266867697238922119e-02
3.841678425669670105e-02
8.051277697086334229e-02
-5.169087648391723633e-02
1.585651487112045288e-01
-1.536303386092185974e-02
1.963155576959252357e-03
1.112733259797096252e-01
-5.558137781918048859e-03
1.709682494401931763e-01
-8.211887907236814499e-04
2.478914409875869751e-01
1.317023485898971558e-01
1.350982338190078735e-01
1.128965839743614197e-01
2.298067212104797363e-01
-2.732777595520019531e-02
-6.262084841728210449e-02
-2.068904228508472443e-02
-6.482502818107604980e-02
9.450144320726394653e-02
5.080555751919746399e-02
1.597663462162017822e-01
1.928273886442184448e-01
-1.011491566896438599e-02
-1.133049950003623962e-01
2.024221569299697876e-01
1.024621427059173584e-01
5.824964027851819992e-03
2.308096587657928467e-01
1.324187517166137695e-01
1.065287180244922638e-02
1.316760778427124023e-01
-3.621194511651992798e-02
8.901647292077541351e-03
1.624876707792282104e-01
9.210609644651412964e-02
3.186924383044242859e-02
1.440025307238101959e-02
8.746542036533355713e-02
6.908998638391494751e-02
-1.537771988660097122e-02
-6.803527474403381348e-02
1.981392800807952881e-01
1.436543911695480347e-01
6.619338691234588623e-02
1.059372797608375549e-01
2.598208934068679810e-02
5.687945708632469177e-02
3.790378943085670471e-02
1.673576538451015949e-03
1.646823883056640625e-01
4.648393392562866211e-02
1.566544324159622192e-01
2.374679595232009888e-01
-7.921075075864791870e-02
-1.056934073567390442e-01
1.213360354304313660e-01
-4.933812841773033142e-02
-6.986166350543498993e-03
1.267662942409515381e-01
-3.386384621262550354e-02
1.798775494098663330e-01
5.587469413876533508e-02
2.681051380932331085e-02
1.887828111648559570e-01
-5.479555204510688782e-02
2.317771613597869873e-01
6.124024838209152222e-02
1.261879354715347290e-01
1.000114995986223221e-02
1.341983559541404247e-03
2.078260928392410278e-01
4.791555926203727722e-03
3.423276171088218689e-02
8.134400099515914917e-02
-2.287105098366737366e-02
1.734796315431594849e-01
-3.461778536438941956e-02
1.077684611082077026e-01
1.162058264017105103e-01
2.435328364372253418e-01
4.712592437863349915e-02
-4.167504236102104187e-02
1.980342119932174683e-01
9.942560642957687378e-02
-1.153378337621688843e-01
-1.175496876239776611e-01
-5.174826830625534058e-03
-5.365816503763198853e-02
1.308250278234481812e-01
1.209798380732536316e-01
5.649407207965850830e-02
1.466937810182571411e-01
2.001305669546127319e-01
-4.115979745984077454e-02
2.981166243553161621e-01
6.981169432401657104e-02
2.072484642267227173e-01
-2.936580590903759003e-02
2.056844234466552734e-01
2.124054878950119019e-01
2.043294310569763184e-01
8.447017520666122437e-02
1.478735208511352539e-01
1.836540759541094303e-03
1.141800507903099060e-01
6.951303780078887939e-02
5.051949247717857361e-02
1.786979660391807556e-02
2.161422967910766602e-01
1.311057806015014648e-01
2.846842110157012939e-01
-6.221787538379430771e-03
-7.501130551099777222e-02
8.914669603109359741e-02
1.472889538854360580e-02
8.377164602279663086e-02
6.435227394104003906e-02
-4.798783734440803528e-02
1.761926114559173584e-01
1.848111003637313843e-01
8.494523912668228149e-02
1.003147214651107788e-01
8.986782282590866089e-02
3.956775739789009094e-02
2.443790622055530548e-02
7.549065630882978439e-04
-9.377794712781906128e-02
-2.987955138087272644e-02
8.972752839326858521e-02
-8.963230997323989868e-02
-1.549734827131032944e-02
1.718477457761764526e-01
6.112662702798843384e-02
-4.104007780551910400e-02
-9.391300380229949951e-02
2.543554455041885376e-02
1.413758751004934311e-02
-5.817263945937156677e-02
1.509877741336822510e-01
1.006676480174064636e-01
1.136100292205810547e-01
2.698363363742828369e-01
7.408550381660461426e-02
1.290455311536788940e-01
1.425798386335372925e-01
-4.657647386193275452e-02
-7.610364258289337158e-02
2.275458872318267822e-01
2.075117677450180054e-01
-2.999249473214149475e-02
1.261882949620485306e-02
9.147116541862487793e-02
1.035367920994758606e-01
8.000796288251876831e-02
1.266212016344070435e-01
2.740302681922912598e-01
1.248018518090248108e-01
1.432311832904815674e-01
-7.890795916318893433e-02
2.490662187337875366e-01
2.535474300384521484e-01
-9.913054108619689941e-02
4.525664821267127991e-02
1.370489746332168579e-01
-6.367120426148176193e-03
1.796771287918090820e-01
-1.148740202188491821e-01
-7.456552982330322266e-02
1.204246208071708679e-01
1.547179520130157471e-01
-5.765875056385993958e-02
1.572930365800857544e-01
3.071851730346679688e-01
3.218203783035278320e-01
1.014534085988998413e-01
-4.552231729030609131e-02
-6.272218655794858932e-03
6.596430391073226929e-02
1.575680077075958252e-01
1.583983749151229858e-01
1.476103961467742920e-01
5.208243057131767273e-02
1.828019917011260986e-01
7.807178795337677002e-02
6.405124068260192871e-02
4.847135394811630249e-02
-1.747134607285261154e-03
3.363723307847976685e-02
4.056938365101814270e-02
-1.189523562788963318e-01
6.882517039775848389e-02
8.552646636962890625e-02
5.312077328562736511e-02
1.677248626947402954e-02
-8.988255634903907776e-03
-4.681292921304702759e-03
1.743255406618118286e-01
1.030614525079727173e-01
1.091126259416341782e-02
1.328393667936325073e-01
7.919025421142578125e-02
1.501511037349700928e-01
8.406665176153182983e-02
-3.285484015941619873e-02
5.653232336044311523e-02
7.870465517044067383e-02
1.388088315725326538e-01
-4.393785819411277771e-02
2.158949151635169983e-02
1.281368434429168701e-01
7.732865959405899048e-02
1.031413376331329346e-01
5.192711576819419861e-02
-2.345069497823715210e-02
8.730668574571609497e-02
2.951493561267852783e-01
1.076780259609222412e-01
-5.423013865947723389e-02
1.037159338593482971e-01
-3.090943768620491028e-02
9.485442191362380981e-02
2.282962948083877563e-01
1.389137953519821167e-01
6.539011001586914062e-02
-3.755895793437957764e-02
5.179818347096443176e-02
2.856231108307838440e-02
4.436824098229408264e-02
-1.201687604188919067e-01
2.607175409793853760e-01
2.730158902704715729e-02
-1.968070864677429199e-03
2.251012809574604034e-02
1.935052312910556793e-02
6.125185266137123108e-02
3.761999681591987610e-02
1.709796488285064697e-02
2.084995061159133911e-01
-6.587830185890197754e-02
1.586506515741348267e-02
1.999879069626331329e-02
2.388810925185680389e-02
1.894147098064422607e-01
-7.358209043741226196e-02
7.525400817394256592e-02
5.622583441436290741e-03
2.241857349872589111e-01
4.617385193705558777e-02
5.849186331033706665e-02
3.368052467703819275e-02
2.989647686481475830e-01
8.785825967788696289e-02
-2.355120331048965454e-02
4.825006797909736633e-02
-8.696255832910537720e-02
-3.454934433102607727e-02
2.196492999792098999e-01
3.067325353622436523e-01
9.400351345539093018e-02
-2.399823255836963654e-02
1.433621495962142944e-01
4.739395901560783386e-02
6.727303564548492432e-02
1.569218784570693970e-01
7.086739689111709595e-02
2.535254955291748047e-01
-2.545690536499023438e-02
3.349589556455612183e-02
2.607908546924591064e-01
3.001211285591125488e-01
4.830597713589668274e-02
-3.896972164511680603e-02
5.486266221851110458e-03
-7.268419954925775528e-03
-7.336806505918502808e-02
4.520842805504798889e-03
2.404954731464385986e-01
7.692164927721023560e-02
1.057812720537185669e-01
9.311770647764205933e-02
1.263553556054830551e-02
-6.413925439119338989e-02
1.850284449756145477e-02
1.144712641835212708e-01
-1.066530793905258179e-01
1.642298549413681030e-01
3.115913569927215576e-01
1.981633752584457397e-01
-1.642776769585907459e-03
3.037769496440887451e-01
3.811375424265861511e-02
3.298626095056533813e-02
1.663995683193206787e-01
1.795583814382553101e-01
2.071145027875900269e-01
-1.911080442368984222e-02
7.888167351484298706e-02
-3.361045196652412415e-02
1.020298525691032410e-01
7.896512746810913086e-02
1.577329039573669434e-01
-6.335917860269546509e-03
-3.436868265271186829e-02
2.166826277971267700e-01
2.132668495178222656e-01
1.897091418504714966e-01
1.629291772842407227e-01
2.405652543529868126e-03
1.783783733844757080e-02
2.568660378456115723e-01
1.034086570143699646e-01
6.044318899512290955e-02
2.254159748554229736e-02
-5.638064350932836533e-03
-4.217857494950294495e-02
1.330593079328536987e-01
-6.353379040956497192e-02
-1.654659509658813477e-01
1.386365741491317749e-01
4.301330447196960449e-02
4.533066600561141968e-02
-5.528816208243370056e-02
2.921109795570373535e-01
9.091896563768386841e-02
6.403963267803192139e-02
6.139644980430603027e-02
-9.456089138984680176e-02
1.574022024869918823e-01
4.952589515596628189e-03
1.095950752496719360e-01
-2.328006178140640259e-02
1.355902254581451416e-01
-5.079942289739847183e-03
-4.344327747821807861e-02
9.977319277822971344e-03
5.295562557876110077e-03
7.624748349189758301e-02
8.466301858425140381e-02
3.499393537640571594e-02
-3.018820472061634064e-02
6.517895311117172241e-02
7.543735951185226440e-02
4.809049889445304871e-02
2.927914261817932129e-03
2.796956300735473633e-01
1.612105667591094971e-01
4.456087574362754822e-02
2.555293403565883636e-02
6.421139091253280640e-02
1.368729025125503540e-01
1.602983176708221436e-01
1.348924487829208374e-01
-2.070426009595394135e-03
-1.074551865458488464e-01
1.363037377595901489e-01
1.037906333804130554e-01
-9.203232824802398682e-03
4.372430220246315002e-02
-7.097110897302627563e-02
-8.065845072269439697e-02
2.139545381069183350e-01
1.013750433921813965e-01
7.317107915878295898e-02
1.670731604099273682e-01
1.697917878627777100e-01
1.456858664751052856e-01
1.351572126150131226e-01
4.796862974762916565e-02
7.254686206579208374e-02
1.331580877304077148e-01
8.778429590165615082e-03
1.501218415796756744e-02
1.967339962720870972e-01
1.142949461936950684e-01
-7.072960585355758667e-02
4.764168336987495422e-02
-3.785558789968490601e-02
5.942049995064735413e-02
9.608205407857894897e-02
1.080992817878723145e-01
5.449998751282691956e-02
-8.672316558659076691e-03
1.634156145155429840e-02
-3.959750290960073471e-03
-4.598827287554740906e-02
5.999432504177093506e-02
4.552086815237998962e-02
7.651897519826889038e-02
-6.472144275903701782e-02
8.725764602422714233e-02
1.263293921947479248e-01
2.530259191989898682e-01
5.565449222922325134e-02
3.700667619705200195e-02
1.013136133551597595e-01
8.701459737494587898e-04
8.306535333395004272e-02
-1.500599682331085205e-01
9.249942004680633545e-02
1.668077707290649414e-01
-5.345531553030014038e-02
9.399450384080410004e-03
1.419228166341781616e-01
6.614874303340911865e-02
-1.072570495307445526e-02
-1.069838553667068481e-01
1.484802961349487305e-01
1.309513151645660400e-01
1.028266400098800659e-01
-1.592579483985900879e-02
-1.127864792943000793e-02
2.209293097257614136e-02
-2.776438929140567780e-02
-7.926603779196739197e-03
-5.717976763844490051e-02
1.013503149151802063e-01
2.053437195718288422e-02
2.006155252456665039e-01
-2.941878139972686768e-02
2.204203456640243530e-01
2.546308636665344238e-01
1.994009315967559814e-01
-1.047264859080314636e-01
3.068148531019687653e-02
-7.210854440927505493e-02
-3.145759925246238708e-02
5.457299575209617615e-02
-7.318124920129776001e-02
-7.857645303010940552e-02
-7.498473674058914185e-02
-1.196175292134284973e-01
-6.163561344146728516e-02
7.832670956850051880e-02
-4.183757677674293518e-02
1.235559880733489990e-01
1.080665886402130127e-01
-9.314005821943283081e-02
2.177323997020721436e-01
-2.919965423643589020e-02
5.584028735756874084e-02
1.643022596836090088e-01
-4.577431082725524902e-02
-3.328251186758279800e-03
1.136843189597129822e-01
1.161048859357833862e-01
1.965253353118896484e-01
1.136610507965087891e-01
-1.646978966891765594e-02
-3.236191719770431519e-02
-6.256393622606992722e-03
7.803019881248474121e-02
2.188479155302047729e-02
2.705706954002380371e-01
5.374799668788909912e-02
7.544213533401489258e-02
2.719238772988319397e-02
4.012051969766616821e-03
-6.618110090494155884e-02
1.817683875560760498e-01
2.268050611019134521e-02
1.548024453222751617e-02
-4.320340976119041443e-02
5.096303764730691910e-03
1.747298836708068848e-01
-5.776347965002059937e-02
-7.571946829557418823e-03
1.601866632699966431e-01
-2.152480185031890869e-03
2.667600214481353760e-01
1.528145000338554382e-02
1.005356311798095703e-01
1.335237920284271240e-01
-9.637410752475261688e-03
-8.450459688901901245e-02
3.979174792766571045e-02
-1.792404800653457642e-02
-9.166902163997292519e-04
-4.138163477182388306e-02
-1.109192594885826111e-01
-1.729432493448257446e-02
-2.946426719427108765e-02
3.783843712881207466e-03
1.535367071628570557e-01
-4.298510402441024780e-02
8.520265668630599976e-02
5.032253265380859375e-02
2.122112661600112915e-01
-1.771738752722740173e-02
9.802603721618652344e-02
1.545750051736831665e-01
1.026714742183685303e-01
2.137351632118225098e-01
-5.454941466450691223e-02
1.711106151342391968e-01
-3.492984920740127563e-02
2.350024878978729248e-01
-4.454096406698226929e-02
2.239704579114913940e-01
2.184878885746002197e-01
2.391446940600872040e-02
5.581876728683710098e-03
1.525660008192062378e-01
2.084262669086456299e-02
2.018028348684310913e-01
2.643847167491912842e-01
5.911954492330551147e-02
-8.743324130773544312e-02
-2.849260112270712852e-03
-4.701883345842361450e-02
2.223939076066017151e-02
3.321778774261474609e-01
-6.566424667835235596e-02
2.323164418339729309e-02
7.949879765510559082e-02
1.080649271607398987e-01
1.554340273141860962e-01
1.793138980865478516e-01
7.245854288339614868e-02
-4.293306544423103333e-02
-5.034686625003814697e-02
2.076878547668457031e-01
5.258651077747344971e-02
1.547300815582275391e-02
3.382105380296707153e-02
-1.977817527949810028e-02
4.546161741018295288e-03
2.043704241514205933e-01
4.141821339726448059e-02
7.926094345748424530e-03
-6.536687165498733521e-02
1.193661913275718689e-01
4.190483316779136658e-02
-9.339482337236404419e-02
1.053053652867674828e-03
-5.469889938831329346e-02
-3.059724345803260803e-02
-7.582290470600128174e-02
1.198244914412498474e-01
1.430877745151519775e-01
3.077977001667022705e-01
2.534227967262268066e-01
1.857254803180694580e-01
1.624958664178848267e-01
-2.419206872582435608e-02
4.498840309679508209e-03
-5.804634094238281250e-02
1.324606221169233322e-02
-3.294908627867698669e-02
1.248851493000984192e-01
1.846405714750289917e-01
1.546501517295837402e-01
2.393092364072799683e-01
-9.189558774232864380e-02
4.133375361561775208e-02
2.001723796129226685e-01
1.056862398982048035e-01
5.707405507564544678e-03
5.828307475894689560e-03
5.606685299426317215e-03
1.255395561456680298e-01
2.217602916061878204e-02
-5.166137218475341797e-02
2.174511849880218506e-01
1.670954190194606781e-02
1.545796692371368408e-01
1.413823068141937256e-01
1.845779716968536377e-01
1.023286357522010803e-01
-4.077888559550046921e-03
1.630351692438125610e-01
-7.708267867565155029e-02
1.580971181392669678e-01
4.665016755461692810e-02
-7.189911603927612305e-02
6.605613976716995239e-02
7.320901006460189819e-02
-8.839783817529678345e-02
1.002961844205856323e-01
5.444055050611495972e-02
6.912072002887725830e-02
3.068703599274158478e-02
5.492869764566421509e-02
1.023573800921440125e-01
2.112899571657180786e-01
4.875828698277473450e-02
4.217917844653129578e-02
-3.624257817864418030e-02
9.494949877262115479e-02
8.769090473651885986e-02
9.702976047992706299e-02
1.136438101530075073e-01
1.180171314626932144e-02
1.344299763441085815e-01
3.637598082423210144e-02
-2.328965999186038971e-02
8.603509515523910522e-02
3.068936639465391636e-04
3.470362164080142975e-03
6.673191487789154053e-02
7.661107927560806274e-02
3.209914779290556908e-03
1.532506644725799561e-01
7.031562179327011108e-02
1.794756650924682617e-01
4.056860134005546570e-02
2.271905690431594849e-01
1.026668469421565533e-03
8.887912333011627197e-02
-4.561418201774358749e-03
-3.776578605175018311e-02
1.149431169033050537e-01
1.313487589359283447e-01
-1.429503038525581360e-02
4.304994270205497742e-02
-3.747274354100227356e-02
1.463501006364822388e-01
-1.412834972143173218e-01
9.653470665216445923e-02
1.299037784337997437e-01
5.234823375940322876e-02
7.322673499584197998e-02
-1.380514539778232574e-02
6.312453001737594604e-02
1.129787191748619080e-01
-1.109391264617443085e-02
7.565196603536605835e-02
-5.998838320374488831e-02
-2.794707380235195160e-02
1.628444045782089233e-01
1.809021830558776855e-01
1.012437194585800171e-01
2.019700855016708374e-01
1.749322861433029175e-01
1.192150637507438660e-01
2.369067519903182983e-01
-7.438159734010696411e-02
-1.881527341902256012e-02
-3.794160485267639160e-02
1.597900539636611938e-01
6.495604664087295532e-02
2.240893058478832245e-02
1.110936049371957779e-02
-6.471267342567443848e-02
-1.360417529940605164e-02
7.781380414962768555e-02
-3.222474083304405212e-02
5.514419078826904297e-02
6.669117510318756104e-02
-1.211481448262929916e-02
1.388389989733695984e-02
-3.388844430446624756e-02
-5.232943221926689148e-03
1.597185432910919189e-01
-2.939776703715324402e-02
5.067315325140953064e-02
1.980202645063400269e-02
1.534145884215831757e-02
6.709816306829452515e-02
-1.251889169216156006e-01
2.328437119722366333e-01
1.390508711338043213e-01
1.033368408679962158e-01
5.482720956206321716e-02
8.718189597129821777e-02
-8.867403864860534668e-02
9.468149393796920776e-02
9.886788576841354370e-02
-3.430077061057090759e-02
8.051344752311706543e-02
-1.967510581016540527e-01
2.443156577646732330e-02
1.273000240325927734e-01
1.160862669348716736e-01
2.303092740476131439e-02
1.651917397975921631e-01
7.769772410392761230e-02
-1.097511351108551025e-01
-9.857769124209880829e-03
-1.458439417183399200e-02
1.057682931423187256e-01
6.039368733763694763e-02
6.948372721672058105e-02
-1.298613101243972778e-02
3.033504076302051544e-02
-8.409497141838073730e-02
1.142470072954893112e-02
1.060848608613014221e-01
3.373403334990143776e-03
1.342455483973026276e-02
5.437535233795642853e-03
1.471317410469055176e-01
7.709138095378875732e-02
2.141943871974945068e-01
2.122856229543685913e-01
-3.335027024149894714e-02
1.084893867373466492e-01
8.133435994386672974e-02
1.897623576223850250e-02
-1.079071015119552612e-01
-5.276159197092056274e-02
1.847989112138748169e-01
2.388346493244171143e-01
-8.685358613729476929e-02
-1.993796601891517639e-02
1.929681748151779175e-02
1.963894814252853394e-01
-4.932149499654769897e-02
-8.128703385591506958e-02
-4.202752932906150818e-02
-8.462618291378021240e-02
1.237660348415374756e-01
1.995165497064590454e-01
3.195519745349884033e-02
2.013542950153350830e-01
7.286732643842697144e-02
2.893947064876556396e-02
2.482365630567073822e-02
1.035098955035209656e-01
1.906868815422058105e-01
1.533230841159820557e-01
1.772065758705139160e-01
-8.796108886599540710e-03
2.094214558601379395e-01
1.368729174137115479e-01
-5.998877435922622681e-02
1.746680401265621185e-02
7.334169745445251465e-02
2.280426323413848877e-01
-4.217401891946792603e-02
4.732185974717140198e-02
1.249289978295564651e-02
2.925701066851615906e-02
1.283839195966720581e-01
1.338913291692733765e-01
-1.448235270800068974e-04
1.819442212581634521e-01
-1.226604543626308441e-02
-5.629161838442087173e-03
1.729428172111511230e-01
6.681483238935470581e-02
-3.493624506518244743e-03
1.628831475973129272e-01
2.085394784808158875e-02
-1.210614740848541260e-01
1.845615804195404053e-01
-8.884093910455703735e-02
3.796942159533500671e-02
-1.001460477709770203e-01
3.642115043476223946e-03
5.467672366648912430e-03
3.642525151371955872e-02
2.957405447959899902e-01
-6.176400929689407349e-02
3.143526241183280945e-02
-2.065949514508247375e-02
1.225895658135414124e-01
2.639318816363811493e-02
-3.764124959707260132e-02
-8.769968524575233459e-03
-4.901607334613800049e-02
1.123479101806879044e-02
8.969786018133163452e-02
2.244624048471450806e-01
5.144451558589935303e-02
1.897132098674774170e-01
1.584705412387847900e-01
2.873637527227401733e-02
2.517491579055786133e-03
1.570690721273422241e-01
-6.878594309091567993e-02
2.338576167821884155e-01
7.322899252176284790e-02
1.175137236714363098e-03
-2.467860653996467590e-02
1.726338267326354980e-01
1.323148012161254883e-01
-3.116399981081485748e-02
4.601972922682762146e-02
6.265230476856231689e-02
9.722577780485153198e-02
1.587704569101333618e-02
