1.755090653896331787e-01
1.081895753741264343e-01
1.017571091651916504e-01
3.264008760452270508e-01
2.209611833095550537e-01
2.427757978439331055e-01
-8.964695967733860016e-03
-6.913214921951293945e-02
1.306397169828414917e-01
5.685700848698616028e-02
6.204980611801147461e-02
5.780221149325370789e-02
1.708309799432754517e-01
1.095959097146987915e-01
-2.812926471233367920e-02
-9.884763509035110474e-02
8.922684937715530396e-02
1.256013810634613037e-01
1.109476666897535324e-02
5.672452598810195923e-02
2.113371938467025757e-01
3.649637475609779358e-02
1.108479574322700500e-01
1.099676191806793213e-01
8.866623044013977051e-02
1.207233294844627380e-01
-7.647264748811721802e-02
9.618585556745529175e-02
9.833568707108497620e-03
1.686669513583183289e-02
2.625912427902221680e-02
1.041970551013946533e-01
2.229832559823989868e-01
1.062843427062034607e-01
2.756919264793395996e-01
-2.842713613063097000e-03
7.697430998086929321e-02
-4.294736310839653015e-02
-1.116731613874435425e-01
9.606129676103591919e-02
4.101906716823577881e-01
2.411377578973770142e-01
2.974112033843994141e-01
5.528341606259346008e-02
1.867358982563018799e-01
1.242738440632820129e-01
1.367887407541275024e-01
6.554431468248367310e-02
2.748586237430572510e-01
2.102104425430297852e-01
2.901167795062065125e-02
1.246222257614135742e-01
-6.320916861295700073e-02
1.425563450902700424e-02
1.326992213726043701e-01
1.573221683502197266e-01
8.511610329151153564e-02
1.735258400440216064e-01
-5.130999535322189331e-02
8.234422653913497925e-02
6.684919446706771851e-02
9.688793122768402100e-02
2.135626524686813354e-01
-6.013496965169906616e-02
5.474257469177246094e-02
2.325240373611450195e-01
8.125255256891250610e-02
1.118723005056381226e-01
-4.517172276973724365e-02
-1.271474510431289673e-01
1.731908172369003296e-01
7.974004000425338745e-02
1.964400261640548706e-01
1.142192259430885315e-01
1.322091072797775269e-01
8.513887971639633179e-02
3.169666528701782227e-01
1.943364888429641724e-01
3.445181250572204590e-01
3.292954564094543457e-01
3.230994939804077148e-01
1.474503278732299805e-01
3.270463272929191589e-02
-8.288089185953140259e-02
1.937295198440551758e-01
1.800952702760696411e-01
1.604883074760437012e-01
1.333107892423868179e-02
3.517957329750061035e-01
-1.778416521847248077e-02
-4.703730344772338867e-02
-3.639455884695053101e-02
1.817582547664642334e-01
1.404369473457336426e-01
2.353033870458602905e-01
8.412358351051807404e-03
-4.719023033976554871e-02
8.900866657495498657e-02
9.157753735780715942e-02
-1.641510799527168274e-02
-7.610681932419538498e-04
2.702895551919937134e-02
5.996443703770637512e-02
3.861314058303833008e-02
2.134829759597778320e-01
1.588229387998580933e-01
1.670382171869277954e-01
6.530165672302246094e-02
1.400588750839233398e-01
2.552277781069278717e-02
-1.171116977930068970e-01
1.123925074934959412e-01
3.817937895655632019e-02
1.833876669406890869e-01
1.954573243856430054e-01
1.210271492600440979e-01
-1.108065713196992874e-02
5.689945444464683533e-02
1.145317405462265015e-01
6.051874160766601562e-02
1.379799246788024902e-01
1.351171284914016724e-01
1.790784597396850586e-01
6.177604570984840393e-02
-8.509458974003791809e-03
2.592571079730987549e-01
5.688090808689594269e-03
1.890634447336196899e-01
3.661152441054582596e-03
9.373315423727035522e-02
1.400347799062728882e-01
4.479149356484413147e-03
1.037632524967193604e-01
6.367390602827072144e-02
3.996131941676139832e-02
-3.617056412622332573e-03
8.392636477947235107e-02
7.733589410781860352e-02
8.621557056903839111e-02
2.277211099863052368e-01
1.437441706657409668e-01
1.465444713830947876e-01
2.210407331585884094e-02
9.025228023529052734e-02
-6.265520304441452026e-02
1.108393818140029907e-01
7.105170190334320068e-02
1.899876445531845093e-01
-1.946797966957092285e-02
-3.744808584451675415e-02
-1.031546965241432190e-01
2.127854079008102417e-01
1.300165951251983643e-01
1.809647530317306519e-01
3.468354791402816772e-02
1.166682615876197815e-01
1.943183094263076782e-01
1.792098879814147949e-01
3.884674981236457825e-02
1.623045094311237335e-02
-4.072295501828193665e-02
2.272745817899703979e-01
1.899382919073104858e-01
2.741240561008453369e-01
8.718404173851013184e-02
-4.241965338587760925e-02
2.938040904700756073e-02
1.246305331587791443e-01
-2.169073373079299927e-01
6.490570306777954102e-02
1.278763413429260254e-01
5.472136661410331726e-02
1.443995982408523560e-01
3.650037199258804321e-02
-3.380132466554641724e-02
1.502681076526641846e-01
-1.386977825313806534e-02
9.621082991361618042e-02
6.638713926076889038e-02
1.504184752702713013e-01
2.295051217079162598e-01
2.546688020229339600e-01
6.922768801450729370e-02
1.224507167935371399e-01
2.148039788007736206e-01
1.430017203092575073e-01
1.869168132543563843e-01
1.047707945108413696e-01
1.045817434787750244e-01
-9.394168853759765625e-02
2.651680111885070801e-01
-2.348400652408599854e-02
-7.677286863327026367e-02
9.753630310297012329e-02
-4.630266502499580383e-02
-1.037628576159477234e-02
4.235509783029556274e-02
1.726908534765243530e-01
1.910078525543212891e-01
1.899864822626113892e-01
-1.186564192175865173e-01
1.639860421419143677e-01
7.197374105453491211e-02
6.835724413394927979e-02
2.637553261592984200e-03
-1.266019940376281738e-01
9.816217422485351562e-02
4.834427312016487122e-02
1.691484749317169189e-01
1.193738281726837158e-01
8.526325225830078125e-03
-4.765816964209079742e-03
4.964220151305198669e-02
4.746053740382194519e-02
2.052668035030364990e-01
7.328291982412338257e-02
2.053419351577758789e-01
-3.827109560370445251e-02
2.731222510337829590e-01
-3.347974270582199097e-02
1.552253067493438721e-01
3.416227102279663086e-01
1.610222458839416504e-02
-4.210733994841575623e-02
1.788905858993530273e-01
7.666312158107757568e-02
2.955794036388397217e-01
1.366890072822570801e-01
4.021287858486175537e-01
1.610446423292160034e-01
1.824861615896224976e-01
8.343380689620971680e-02
3.148572146892547607e-02
-7.787138968706130981e-02
1.971932053565979004e-01
-1.104583777487277985e-02
-4.968713968992233276e-02
4.129374772310256958e-02
1.539741642773151398e-02
2.852771580219268799e-01
-3.322190791368484497e-02
1.131833717226982117e-01
-4.787896946072578430e-02
3.302226774394512177e-03
1.464053243398666382e-01
1.431529819965362549e-01
1.094414070248603821e-01
6.582902371883392334e-02
2.200037986040115356e-02
5.665859952569007874e-02
-5.615114793181419373e-02
1.527089774608612061e-01
1.148410513997077942e-01
3.884001448750495911e-02
4.397365078330039978e-02
3.826439380645751953e-03
3.057812750339508057e-01
-1.267280615866184235e-02
1.397613435983657837e-01
1.414373368024826050e-01
3.114340268075466156e-02
6.416849792003631592e-02
2.146029919385910034e-01
3.408352136611938477e-01
5.242590978741645813e-02
1.222149953246116638e-01
2.172085456550121307e-02
1.419752836227416992e-01
9.740384668111801147e-02
2.220712415874004364e-02
-7.509496808052062988e-02
2.430444657802581787e-01
1.046906709671020508e-01
1.276806741952896118e-01
1.193469315767288208e-01
1.516849398612976074e-01
1.240835152566432953e-02
6.288795173168182373e-02
1.454809308052062988e-01
2.375206351280212402e-01
2.167748846113681793e-02
-4.661324247717857361e-02
-7.449440658092498779e-02
2.360928207635879517e-01
1.612137258052825928e-02
7.914048433303833008e-02
7.039179652929306030e-02
7.480425387620925903e-02
3.248561620712280273e-01
1.737282574176788330e-01
1.799429804086685181e-01
2.530843317508697510e-01
1.449539214372634888e-01
3.703630268573760986e-01
1.349218040704727173e-01
2.681738436222076416e-01
2.274877578020095825e-01
7.739521563053131104e-02
1.303834319114685059e-01
2.367962896823883057e-01
6.781271100044250488e-02
1.864556670188903809e-01
-1.402940452098846436e-01
1.651745140552520752e-01
5.626744590699672699e-03
-8.271424472332000732e-02
1.479883939027786255e-01
-7.295085489749908447e-02
2.081454545259475708e-02
-1.236235350370407104e-01
-2.008716110140085220e-03
3.612655401229858398e-02
2.735959887504577637e-01
2.196504473686218262e-01
8.616245537996292114e-02
1.320697460323572159e-02
1.565020680427551270e-01
1.220180913805961609e-01
1.813213378190994263e-01
3.115809261798858643e-01
1.225710436701774597e-01
1.392453461885452271e-01
9.348283708095550537e-02
1.604652255773544312e-01
1.744210869073867798e-01
-1.012469604611396790e-01
3.327784538269042969e-01
1.953285336494445801e-01
-3.191436454653739929e-02
2.386222779750823975e-01
2.577082253992557526e-02
2.706944644451141357e-01
1.658318564295768738e-02
7.309983670711517334e-02
3.299011886119842529e-01
2.469071149826049805e-01
2.538797557353973389e-01
3.120079636573791504e-01
2.529834210872650146e-02
-9.365446865558624268e-02
2.677221298217773438e-01
3.522198498249053955e-01
5.652549490332603455e-02
3.670965880155563354e-02
-1.108495146036148071e-01
1.520432233810424805e-01
-3.255008487030863762e-03
1.505211442708969116e-01
2.633928880095481873e-02
5.557843297719955444e-02
9.838858246803283691e-02
1.002904027700424194e-01
1.997024714946746826e-01
9.456934779882431030e-02
1.342342793941497803e-01
-1.036708131432533264e-01
-5.169855058193206787e-02
1.813170313835144043e-01
3.320549055933952332e-02
-7.822164148092269897e-02
-1.168543174862861633e-01
1.683083921670913696e-01
1.201819032430648804e-01
6.624417006969451904e-02
-1.197739541530609131e-01
1.692156493663787842e-01
4.437341094017028809e-01
1.760010868310928345e-01
2.043703198432922363e-01
5.368790775537490845e-02
2.940616309642791748e-01
1.651238054037094116e-01
-6.047966703772544861e-02
2.826338112354278564e-01
3.203179836273193359e-01
4.736698418855667114e-02
2.801791429519653320e-01
3.386964499950408936e-01
-4.754271823912858963e-03
5.572311207652091980e-02
1.494696736335754395e-01
-3.992446884512901306e-02
2.390739619731903076e-01
2.881321907043457031e-01
1.587085723876953125e-01
3.135775029659271240e-01
1.571172326803207397e-01
1.754169762134552002e-01
1.525382846593856812e-01
3.930585086345672607e-02
2.840092033147811890e-02
3.114968724548816681e-02
1.470060786232352257e-03
-1.112840487621724606e-03
6.702838838100433350e-02
9.562492370605468750e-02
1.256499290466308594e-01
4.639252424240112305e-01
1.395137794315814972e-02
2.406393885612487793e-01
3.148338943719863892e-02
-4.767073690891265869e-02
1.847108826041221619e-02
1.943445056676864624e-01
-1.602561175823211670e-01
2.266310155391693115e-01
3.882091045379638672e-01
3.708526194095611572e-01
2.311716228723526001e-01
1.468863487243652344e-01
4.200890660285949707e-02
1.377730518579483032e-01
2.673205137252807617e-01
1.417988687753677368e-01
1.652977429330348969e-02
9.687091410160064697e-02
1.436147391796112061e-01
1.908657103776931763e-01
1.688977479934692383e-01
3.045894205570220947e-02
2.510941922664642334e-01
2.166324406862258911e-01
5.660635232925415039e-02
1.816449761390686035e-01
2.341920137405395508e-01
5.791355296969413757e-02
3.026484847068786621e-01
-6.795673072338104248e-02
4.871218651533126831e-02
1.632479578256607056e-01
2.639037072658538818e-01
1.281852126121520996e-01
2.153795361518859863e-01
-6.781205534934997559e-02
8.296505361795425415e-02
2.421073913574218750e-01
1.448448598384857178e-01
-5.556477978825569153e-02
1.301301717758178711e-01
3.078164905309677124e-02
5.663502961397171021e-02
2.941203676164150238e-02
3.560021817684173584e-01
8.107225596904754639e-02
2.208729684352874756e-01
1.535567492246627808e-01
-1.189256086945533752e-01
-1.789346896111965179e-02
-1.339331082999706268e-02
4.907014593482017517e-02
-2.005711048841476440e-01
7.179674692451953888e-03
9.788894653320312500e-02
-1.180241554975509644e-01
3.210851550102233887e-02
3.625630587339401245e-02
3.465519845485687256e-01
1.090860739350318909e-01
1.454882919788360596e-01
-1.422681063413619995e-01
3.330231010913848877e-01
1.324933767318725586e-01
2.435472980141639709e-02
-8.794710785150527954e-02
2.375515252351760864e-01
1.164104342460632324e-01
-1.438005864620208740e-01
2.279805578291416168e-02
1.032108217477798462e-01
2.256460189819335938e-01
1.233174651861190796e-01
3.381503373384475708e-02
2.218674421310424805e-01
-1.790870795957744122e-03
6.322193890810012817e-02
1.348104029893875122e-01
-6.113248690962791443e-02
-1.757119083777070045e-03
2.976773977279663086e-01
-1.060770452022552490e-01
9.480696916580200195e-02
1.842681020498275757e-01
2.917324006557464600e-01
2.848239243030548096e-01
1.927764266729354858e-01
2.568863332271575928e-01
1.526440531015396118e-01
1.287986636161804199e-01
1.485188957303762436e-02
1.215131301432847977e-02
3.504066765308380127e-01
2.193149328231811523e-01
3.501317799091339111e-01
1.214768365025520325e-01
4.760025814175605774e-02
2.863272726535797119e-01
9.081211686134338379e-02
7.472255825996398926e-02
7.211491465568542480e-02
-2.125095576047897339e-03
2.223353236913681030e-01
-1.846659630537033081e-01
7.323259115219116211e-02
-1.910205483436584473e-01
1.018618270754814148e-01
3.406691551208496094e-01
2.719542682170867920e-01
1.988061219453811646e-01
8.982837200164794922e-02
8.741403371095657349e-02
7.304581999778747559e-02
2.680941820144653320e-01
1.652715355157852173e-01
1.258286982774734497e-01
3.265745937824249268e-01
1.124128326773643494e-01
-2.058965712785720825e-02
-3.237837180495262146e-02
2.223793864250183105e-01
1.579120159149169922e-01
1.567965596914291382e-01
1.037721410393714905e-01
3.486212790012359619e-01
4.300347715616226196e-02
-8.541848510503768921e-02
6.019532680511474609e-02
3.246309459209442139e-01
2.779618203639984131e-01
5.358820408582687378e-02
3.809255361557006836e-02
-2.998678199946880341e-02
7.654780894517898560e-02
1.286110430955886841e-01
-9.294200688600540161e-02
-2.175996825098991394e-02
1.776611804962158203e-02
8.887234330177307129e-02
3.734917044639587402e-01
1.096773222088813782e-01
-2.679148875176906586e-02
1.532250642776489258e-01
1.015263199806213379e-01
6.971966475248336792e-03
3.911067172884941101e-02
1.828587353229522705e-01
8.945194631814956665e-02
4.207460284233093262e-01
4.983898997306823730e-02
1.597522944211959839e-01
6.119747459888458252e-02
3.576019406318664551e-01
-7.344666123390197754e-02
7.345611602067947388e-02
1.622854620218276978e-01
1.579907089471817017e-01
1.764607131481170654e-01
1.374619305133819580e-01
1.462907344102859497e-01
1.636503487825393677e-01
2.531520128250122070e-01
1.788720339536666870e-01
2.515045106410980225e-01
1.592846661806106567e-01
3.094271123409271240e-01
7.792083173990249634e-02
2.907410264015197754e-01
5.531605705618858337e-02
-4.449061676859855652e-02
-4.971707239747047424e-02
-5.705911666154861450e-02
1.805059313774108887e-01
4.215497896075248718e-02
2.066895663738250732e-01
2.367596924304962158e-01
-1.718946173787117004e-02
1.342695355415344238e-01
2.966760993003845215e-01
1.316368281841278076e-01
1.046415418386459351e-01
1.281336992979049683e-01
-4.228651896119117737e-02
-1.222716495394706726e-01
9.194371104240417480e-02
2.748146057128906250e-01
-7.467733323574066162e-02
-5.085310339927673340e-02
3.410059213638305664e-01
6.018421053886413574e-02
2.564878761768341064e-01
6.156079471111297607e-02
4.145419597625732422e-02
1.427849680185317993e-01
-2.678325027227401733e-02
8.746906183660030365e-03
2.871965765953063965e-01
4.883397743105888367e-02
9.245901554822921753e-02
1.623128913342952728e-02
9.210873395204544067e-02
2.334638386964797974e-01
-8.245032280683517456e-02
7.888273149728775024e-02
1.326991319656372070e-01
-1.557623893022537231e-01
-3.282650932669639587e-02
8.030150830745697021e-02
3.472706079483032227e-01
9.257680922746658325e-02
6.194801256060600281e-02
3.105205893516540527e-01
1.240643635392189026e-01
8.524814248085021973e-02
-1.062781661748886108e-01
5.296556651592254639e-02
-6.977874785661697388e-02
2.743276581168174744e-02
-3.180644288659095764e-02
1.683487743139266968e-01
1.192486360669136047e-01
2.215133756399154663e-01
-3.806808218359947205e-02
2.784660756587982178e-01
3.604208827018737793e-01
2.351338714361190796e-01
2.079229950904846191e-01
-4.353954643011093140e-02
1.660048663616180420e-01
9.737914055585861206e-02
-3.052392899990081787e-01
7.972301542758941650e-02
4.246473014354705811e-01
-6.376850605010986328e-02
4.897449910640716553e-02
1.100678518414497375e-01
1.788514703512191772e-01
1.867819577455520630e-01
1.599239557981491089e-01
6.026718020439147949e-02
1.041438952088356018e-01
2.364982664585113525e-02
1.951790302991867065e-01
1.038782745599746704e-01
3.340278863906860352e-01
-5.732410401105880737e-02
1.831832677125930786e-01
3.488644026219844818e-03
3.949402570724487305e-01
7.550631463527679443e-02
1.421199738979339600e-01
-7.485885173082351685e-02
1.483818739652633667e-01
6.563189625740051270e-02
7.430601865053176880e-02
-2.756091533228754997e-03
-3.686188906431198120e-02
8.323436602950096130e-03
-1.933416426181793213e-01
2.528227865695953369e-01
2.566623389720916748e-01
1.919101774692535400e-01
4.373466074466705322e-01
1.010838299989700317e-01
1.237315237522125244e-01
-1.419017165899276733e-01
6.162279844284057617e-02
1.043765917420387268e-01
1.718514114618301392e-01
-7.747897505760192871e-02
1.809973418712615967e-01
3.183850273489952087e-02
9.299032390117645264e-02
2.407309114933013916e-01
9.705782681703567505e-02
1.111568063497543335e-01
1.944973021745681763e-01
1.251032650470733643e-01
5.150362104177474976e-02
8.258971571922302246e-02
2.939357757568359375e-01
2.748669087886810303e-01
-4.107110947370529175e-02
4.646889492869377136e-02
-2.212257124483585358e-02
7.934276759624481201e-02
2.866251170635223389e-01
-8.912201039493083954e-03
1.239172965288162231e-01
1.270620673894882202e-01
1.555588096380233765e-01
3.472233712673187256e-01
1.410307139158248901e-01
2.071262001991271973e-01
7.258441299200057983e-02
2.138335704803466797e-01
1.610370129346847534e-01
2.451380938291549683e-01
5.194929987192153931e-02
1.776884794235229492e-01
1.523333042860031128e-01
7.187153212726116180e-03
2.352563887834548950e-01
2.033092081546783447e-01
8.374688029289245605e-02
1.088563799858093262e-01
-3.592780232429504395e-02
9.234583377838134766e-02
1.277358382940292358e-01
-1.961955130100250244e-01
1.172084882855415344e-01
6.638174504041671753e-02
1.663782894611358643e-01
1.836435943841934204e-01
8.490147441625595093e-02
-5.561310332268476486e-03
-1.153506413102149963e-01
1.897293888032436371e-02
5.810718238353729248e-02
1.228464171290397644e-01
1.912454068660736084e-01
-8.042997121810913086e-02
8.252902887761592865e-03
-8.793926239013671875e-02
2.249453216791152954e-01
2.075374275445938110e-01
6.408669799566268921e-02
1.984860599040985107e-01
-5.078111961483955383e-02
5.534361302852630615e-02
8.461606502532958984e-02
1.538965851068496704e-01
5.256402865052223206e-02
1.520836502313613892e-01
-6.051697302609682083e-03
1.728984713554382324e-01
5.062986910343170166e-02
4.109197109937667847e-02
-4.900285601615905762e-02
6.494220346212387085e-02
2.415849119424819946e-01
1.315738074481487274e-02
2.465214282274246216e-01
8.138000220060348511e-02
-9.549436718225479126e-02
2.044133692979812622e-01
-7.772882282733917236e-02
6.988105922937393188e-02
4.935980960726737976e-02
3.252577781677246094e-02
1.226409077644348145e-01
1.181828677654266357e-01
6.091946363449096680e-02
2.468475699424743652e-01
9.936720132827758789e-02
-2.809393778443336487e-02
3.285476565361022949e-02
-2.963684871792793274e-02
-1.154003590345382690e-01
-6.622865796089172363e-02
3.159103393554687500e-01
2.752255201339721680e-01
1.255426835268735886e-02
3.968236222863197327e-02
-1.410761028528213501e-01
-5.417550727725028992e-02
3.902313113212585449e-02
5.347570776939392090e-02
3.554657846689224243e-02
9.557173401117324829e-02
-7.547625899314880371e-02
-1.320775598287582397e-01
-6.365895271301269531e-02
3.478164970874786377e-01
2.592187225818634033e-01
7.621869444847106934e-02
4.207427427172660828e-02
2.486408650875091553e-01
1.155603304505348206e-01
5.229333881288766861e-03
-7.405467331409454346e-02
2.087053507566452026e-01
2.910596877336502075e-02
3.754982724785804749e-02
8.100544661283493042e-02
3.434485197067260742e-01
-1.523242681287229061e-04
1.002719923853874207e-01
7.610317319631576538e-02
3.453622758388519287e-02
2.118087708950042725e-01
-1.562554948031902313e-02
1.270967423915863037e-01
2.053288221359252930e-01
9.502330422401428223e-02
-8.571895211935043335e-02
3.320448398590087891e-01
1.135992854833602905e-01
5.129056796431541443e-02
6.268660072237253189e-03
2.779854536056518555e-01
1.793468296527862549e-01
3.882815316319465637e-02
1.352541334927082062e-02
1.462257057428359985e-01
-1.427766978740692139e-01
1.051244214177131653e-01
4.412184003740549088e-03
1.705410331487655640e-01
4.213444143533706665e-02
1.843366026878356934e-01
7.066198438405990601e-02
1.179440617561340332e-01
2.430365979671478271e-02
1.110834628343582153e-01
1.610553115606307983e-01
2.664119191467761993e-02
2.761469185352325439e-01
2.386905625462532043e-02
8.136876672506332397e-02
-1.427731812000274658e-01
5.558541044592857361e-02
2.754926914349198341e-03
2.524943947792053223e-01
1.425900161266326904e-01
7.839040458202362061e-02
2.108412235975265503e-01
-4.235749319195747375e-02
2.425458282232284546e-01
-4.817880690097808838e-02
2.385316649451851845e-03
7.919704169034957886e-02
2.133611887693405151e-01
2.833044230937957764e-01
1.839229017496109009e-01
2.220170646905899048e-01
1.921767145395278931e-01
-5.711463745683431625e-04
2.494558542966842651e-01
1.680732369422912598e-01
6.195128336548805237e-02
1.724129356443881989e-02
9.179816395044326782e-02
-1.174259260296821594e-01
7.230303436517715454e-02
2.755297124385833740e-01
2.422739192843437195e-02
6.417080014944076538e-02
3.297491371631622314e-02
2.134583443403244019e-01
5.078733712434768677e-02
-1.581802219152450562e-02
1.921276152133941650e-01
2.057738602161407471e-01
4.863631725311279297e-02
1.477035135030746460e-01
-2.798676677048206329e-02
7.720421254634857178e-02
8.090448379516601562e-02
-8.622733876109123230e-03
1.278348416090011597e-01
8.294032514095306396e-02
1.407551318407058716e-01
2.903812825679779053e-01
1.240715533494949341e-01
7.011866569519042969e-02
3.205241858959197998e-01
4.453277587890625000e-02
6.977033615112304688e-02
3.253369033336639404e-02
-1.408004015684127808e-01
-3.950679302215576172e-02
1.380728837102651596e-02
2.743756771087646484e-01
1.604322940111160278e-01
-1.440497487783432007e-02
1.112779155373573303e-01
7.855807989835739136e-02
2.464522570371627808e-01
2.582080066204071045e-01
2.651928663253784180e-01
1.924360990524291992e-01
-8.457405865192413330e-02
5.508194118738174438e-02
5.568588897585868835e-02
1.254266947507858276e-01
1.535754948854446411e-01
3.753718733787536621e-01
1.422567963600158691e-01
1.387838721275329590e-01
1.044130846858024597e-01
9.761478751897811890e-02
3.601527214050292969e-01
6.733978539705276489e-02
2.264922112226486206e-02
1.122860312461853027e-01
-1.181318890303373337e-02
2.524410933256149292e-02
1.832456737756729126e-01
3.422988653182983398e-01
7.854226976633071899e-02
9.747981675900518894e-04
2.749079279601573944e-02
