8.139418043167298222e+00
6.140542105515518045e+00
9.260435302908888389e+00
6.133788336196515978e+00
7.573439192776079132e+00
8.444313004591080585e+00
4.406772456919672010e+00
1.150861856850785436e+01
9.718664694698061268e+00
7.099579845872000305e+00
9.451724379392432596e+00
5.131712729034663134e+00
1.014071352517412983e+01
7.429314387915124662e+00
5.507786753965992155e+00
7.141386191903412950e+00
7.332582548234952036e+00
7.844371544822906550e+00
9.030202387680793308e+00
8.062632412087426204e+00
9.162611661158960530e+00
4.478110685425565229e+00
7.671488243208522739e+00
3.356153150542140917e+00
6.056017979624561676e+00
7.023751830445426947e+00
4.373073531101054456e+00
9.379313781295888219e+00
7.283118750461889945e+00
8.471185216825906750e+00
9.134495741146388070e+00
4.782510276876196009e+00
7.887726532357487663e+00
5.672060704739027237e+00
8.066213051142584689e+00
8.411720259743775685e+00
4.766552683609827312e+00
8.582068523686832151e+00
6.427348230553747932e+00
7.712765616770579591e+00
5.305287994592099210e+00
5.956799028630143766e+00
1.045623200899380834e+01
1.224403906987047996e+01
6.391695188483553558e+00
1.010341208094623866e+01
2.510811945647478893e+00
7.123355194180785332e+00
6.590580396964542231e+00
7.041254298727150029e+00
7.017381709930079481e+00
5.170244748879022190e+00
9.435801859565692951e+00
3.754142806993263193e+00
5.475241003809985685e+00
9.076273936362781569e+00
6.568107570057729383e+00
7.226345016396525267e+00
9.781580821951253668e+00
6.600055120949813059e+00
8.499385771014686952e+00
9.356671003738926018e+00
4.812138072580580683e+00
1.152689158696744620e+01
7.182764871904490533e+00
1.003053965357908872e+01
5.326473348713331113e+00
9.296772548423390958e+00
4.569679514215247984e+00
9.606673998017049243e+00
8.541841240593383233e+00
6.618512768678848524e+00
6.280118659459994035e+00
7.978939378517403647e+00
4.431843605390218599e+00
6.999758663407684267e+00
7.383628776816963502e+00
6.741843642486353261e+00
8.889205987803649123e+00
7.061060364832227876e+00
8.074254932954330499e+00
1.236038610051906872e+01
5.306272664291255658e+00
8.470671848024494466e+00
6.983200091051525504e+00
8.067610786570833525e+00
5.776709697517333986e+00
5.749865610404013339e+00
5.409246128996108460e+00
7.534306172423701042e+00
7.870185743095263753e+00
9.916436962700517554e+00
6.195115532465504060e+00
6.808442796982425271e+00
8.701854844015878498e+00
1.037947002317584655e+01
8.663121578106608212e+00
3.683457172267470270e+00
1.000119518638694238e+01
6.897092936285653231e+00
6.614359924115895240e+00
1.110357177528496564e+01
1.061981011256449925e+01
7.946452240907239783e+00
8.640505128918841038e+00
5.351949916949260810e+00
7.456739974521893188e+00
5.414378469845223307e+00
7.210050898045955670e+00
9.473328138005939536e+00
5.998721969130961895e+00
7.030437160982702771e+00
7.909204692882945587e+00
8.860207570399103005e+00
8.573458634704733683e+00
4.907886183376756861e+00
9.013413709483366176e+00
8.150041484686960658e+00
1.071800132383373594e+01
6.727335841046924614e+00
8.503434019770544694e+00
4.164208254257641961e+00
5.652325709704825840e+00
3.968481996938388878e+00
5.782134304136006264e+00
1.280076809328007492e+01
5.927211926180331325e+00
5.909489921414815328e+00
9.716976742949766432e+00
7.140616141943511685e+00
6.078638250916211128e+00
3.281319710667637501e+00
5.027296285728997560e+00
5.527842898652232329e+00
6.237171090434119769e+00
6.085546691857983248e+00
6.844922829415502896e+00
7.477055072383410383e+00
9.334493421678562441e+00
5.942845431561716296e+00
5.759790225235767558e+00
1.107548402736559900e+01
5.840116627340236732e+00
8.298696665233585179e+00
7.890209509107490859e+00
9.165034267335713025e+00
6.638981824703942713e+00
3.848361560642555634e+00
5.684969249973123695e+00
7.348001105830132218e+00
7.384624114846402243e+00
9.064999557085229753e+00
6.992506287589827174e+00
5.589186855745322369e+00
6.934346449650488076e+00
8.389603075730867943e+00
5.029318520555376537e+00
1.915414604197835269e+00
3.433811240980512380e+00
9.334195549363871081e+00
7.219567226949240357e+00
5.313490087981045384e+00
5.556968545497645628e+00
7.712021061074499251e+00
7.263187051534548466e+00
8.426974282208670175e+00
7.790839374394120220e+00
4.991819853957311537e+00
4.454904487762171961e+00
8.769422062174403010e+00
4.697561031658067598e+00
4.611225755435232720e+00
5.506045818002123227e+00
4.133711455718093397e+00
8.134349756998854986e+00
1.053962691080654857e+01
9.089141905494926732e+00
6.012938124750483837e+00
7.972744427425378255e+00
5.239456064446499362e+00
4.149413113562477662e+00
7.406416806044982870e+00
7.158932207049020668e+00
5.107624252793342201e+00
1.040757705434424807e+01
7.104905755775336118e+00
5.525955182605901683e+00
5.750684628547119814e+00
6.561830999732375602e+00
5.180705644287151301e+00
6.290556953007301999e+00
7.352814380130197947e+00
1.041656624404277842e+01
2.821010354265254705e+00
7.374566748462298094e+00
5.329732768815190980e+00
5.076659335667806694e+00
8.456199203118348606e+00
7.980181859985731485e+00
7.249257467801180965e+00
6.179771592528338964e+00
6.778926735961444017e+00
3.575619675156016086e+00
9.123170309511179354e+00
8.671413469280311759e+00
8.509233216905203179e+00
4.736189730407334153e+00
3.857271507322282744e+00
5.922508803211232298e+00
6.676081098411196457e+00
1.338714669721285055e+01
8.171511027191904475e+00
6.512567264910201104e+00
8.399129343776529311e+00
1.179902154511286305e+01
1.126654973769195323e+01
6.008158042355176143e+00
5.637561720209741445e+00
6.851705054038454534e+00
6.436977165265566292e+00
8.843208208093564338e+00
6.162825515439887880e+00
8.906939927224907905e+00
4.477185173837278320e+00
5.571607127675648918e+00
5.262557816063780258e+00
9.488835046786926242e+00
5.280478269105804756e+00
6.625136144763242640e+00
7.477777484382059470e+00
7.164710252137513891e+00
5.962121220791759768e+00
1.109827940614352926e+01
7.362283237663032942e+00
5.992595399389981203e+00
6.640169973301407680e+00
4.055883261761128900e+00
6.566017508760128685e+00
6.976091843673931869e+00
4.032060911353154253e+00
8.079513452863377410e+00
1.057121785835888694e+01
6.674245891807958131e+00
6.214617220209282422e+00
8.851853925175483084e+00
8.415786403969015339e+00
2.423319587751378901e+00
4.025860031705448705e+00
6.449565561148940418e+00
8.519162391326847938e+00
6.174982767221806057e+00
4.670938619260640579e+00
3.979442036216050305e+00
9.619366910610279930e+00
5.750169793842945687e+00
5.119550868127169529e+00
5.264105107776564374e+00
6.556774020631854327e+00
7.685369558799682643e+00
9.146937186599197744e+00
5.005023594675425791e+00
7.068023301981614992e+00
7.792672049169587112e+00
7.440048654946452622e+00
9.021488946450014978e+00
6.197175623713831349e+00
3.464926194425575812e+00
5.714517984398909789e+00
5.410580305176202032e+00
5.284228442475466636e+00
5.464736818637072169e+00
1.051985585481358498e+01
4.891947283266682156e+00
7.905464292706457563e+00
4.308719115154979740e+00
7.952131168115851523e+00
7.526367448682934835e+00
4.211736714813581806e+00
5.664299753778147206e+00
7.463702012109656891e+00
8.752839792546849296e+00
9.348556356898145125e+00
1.258133459430939993e+01
5.324816957489523439e+00
5.570682108384192865e+00
6.626538574815811877e+00
1.146628909884964642e+01
6.435690843604123579e+00
1.135141696086616925e+01
7.761540151842375224e+00
7.696192017644810868e+00
3.686527800428764934e+00
8.372424633193652710e+00
8.795516833264303003e+00
7.367343843199479103e+00
9.253510475587297890e+00
6.116908809326897511e+00
7.891460312054705106e+00
7.951223473766716232e+00
8.625097597170510610e+00
5.551602475469358033e+00
3.821613401295691936e+00
6.527247701162926852e+00
2.489101671692254047e+00
7.066056948483256051e+00
7.461834486704661096e+00
9.106176009817877670e+00
8.648412662796335582e+00
9.803245651639260316e+00
4.806898663723459642e+00
8.514649364541584831e+00
8.956285033683720087e+00
5.621856721577785265e+00
5.898203946502902362e+00
4.861542120962002222e+00
8.447829254134063603e+00
4.499019635421084296e+00
7.827008409918722265e+00
7.784533967331699778e+00
9.809383718122646201e+00
5.206886538260810049e+00
7.171485117869293546e+00
7.523729045500973101e+00
3.610652987080487542e+00
9.934666208032679080e+00
7.009314349996799365e+00
8.819079873490013100e+00
6.036428470274794122e+00
1.133630566262239370e+01
9.212094068250289425e+00
8.651527864956808145e+00
8.241971544445020115e+00
5.587715782219844662e+00
4.196919497350511286e+00
8.697289782756982390e+00
7.799644839965953480e+00
1.000574810166941653e+01
7.054366758568707318e+00
8.461566433617447203e+00
5.710399713498137686e+00
1.316903635802829875e+01
7.297624915758128772e+00
5.164702107278907661e+00
8.501482210076765966e+00
5.841426267231432767e+00
4.890162683435097968e+00
6.709335751631436473e+00
6.455566586510740557e+00
3.241382127255257206e+00
4.084037785397344855e+00
6.298000620059427845e+00
5.070152048539211975e+00
8.804991339854218779e+00
6.756655396444898543e+00
6.056122462518127136e+00
5.831628492106511352e+00
8.122662059204893481e+00
5.528569055069025850e+00
6.004770317178465433e+00
6.968909603047245049e+00
5.597797239685375459e+00
4.990261430520207320e+00
8.383514590737920713e+00
8.818724445057659622e+00
6.292668971419447921e+00
5.488677501207353870e+00
5.832665823132002103e+00
6.337775774031896958e+00
7.450246414104462644e+00
8.324967245819424377e+00
9.107650041319782730e+00
3.948999176042198300e+00
5.841029068610436248e+00
7.801906972216926306e+00
8.109710362234912040e+00
3.218164114698387923e+00
1.067595746864862427e+01
6.910470293980836232e+00
7.493943233312775121e+00
7.715646421283523182e+00
7.362184033877809952e+00
9.685652548702854858e+00
8.893995079821632288e+00
6.741017441200295224e+00
8.754794806567714360e+00
5.960408377641885025e+00
6.379937627551489854e+00
6.607463152308914012e+00
7.924963866785424749e+00
7.211844794411951476e+00
4.067907615070527783e+00
5.363863338125373303e+00
5.641762542779636291e+00
2.721725059815747638e+00
7.812651006155577171e+00
7.036363478512332570e+00
8.734843273452874257e+00
5.805799505743697964e+00
7.000065276975249162e+00
8.172328771091876831e+00
7.301613813669634467e+00
9.878009257430536039e+00
6.918260879442673428e+00
6.260261533484370311e+00
3.038280975905415904e+00
6.220483243453736932e+00
6.054212610057976285e+00
4.586981803034262839e+00
1.244843344156206655e+01
6.781856533119354324e+00
6.381652046073536866e+00
6.108891523139151403e+00
1.101078596121620379e+01
5.699597384003864065e+00
5.087005586826967907e+00
5.315317303467587351e+00
8.251112089157361495e+00
3.712345291186326612e+00
4.978401026743712876e+00
7.900952735491670431e+00
6.702590658051959416e+00
4.791063547002245571e+00
1.088002856947107055e+01
6.851283148982735938e+00
9.256137073115484171e+00
6.786742561304857091e+00
5.109102118199627895e+00
6.480338895806412758e+00
5.998589208113761728e+00
2.057797873414913603e+00
8.959615577924516572e+00
7.773738919683593096e+00
5.304840645474531158e+00
6.354739149624585970e+00
9.465929719432176981e+00
1.269101892999291614e+01
8.090806983646874784e+00
5.584885325881762341e+00
6.308675312585820372e+00
4.824913402606449964e+00
3.467977852128947713e+00
9.874740645335327471e+00
4.927613722684762720e+00
6.128994286803982838e+00
4.988959206661080614e+00
1.037687450951478496e+01
5.302447152925791052e+00
5.408258549518446756e+00
7.690509412813087309e+00
4.965814359993563798e+00
6.692205830993070315e+00
3.883755110862775251e+00
6.344164191211882908e+00
3.843931726510654734e+00
6.658371348863244776e+00
6.143615951750235560e+00
6.213737526408031009e+00
7.167809528476029257e+00
6.418454062334201460e+00
8.559598909433079328e+00
7.095197662349269407e+00
9.277232466482752571e+00
5.245662846047254746e+00
3.433989905046436864e+00
4.980158631021156523e+00
1.197840612485097012e+01
1.132399297843221397e+01
9.375522934284571619e+00
6.560039235042793848e+00
6.513913123329991173e+00
5.752133024343511813e+00
6.338679087130726586e+00
4.118591319761327085e+00
1.005709739231031286e+01
8.654292808086736954e+00
6.281334385042937285e+00
3.026937197807880509e+00
6.966348448981230845e+00
6.833821496665629880e+00
1.280027113414661599e+01
6.867985985390236081e+00
6.456697312428912205e+00
8.178162564160412984e+00
8.556369628739487254e+00
8.300602438814184580e+00
3.295277407163517580e+00
1.030186960881321134e+01
8.424509481910041231e+00
6.133378657134008094e+00
3.280792045877774843e+00
5.618707869612491912e+00
6.971021545100557049e+00
6.832835345735593258e+00
6.336877275568518542e+00
7.283447496667506904e+00
3.644522752136099442e+00
5.695325985600977248e+00
4.656392638363063163e+00
7.604354763799850758e+00
6.580412304946055890e+00
5.181899455906141760e+00
4.558065351741507953e+00
4.710865674282579185e+00
1.056366077776301537e+01
7.736178984274720172e+00
5.170466790578040595e+00
5.143326603709580169e+00
8.329819273478218378e+00
2.944353758596164106e+00
7.048142551838755487e+00
5.869502806544956819e+00
6.685544896916074897e+00
1.034530950669661209e+01
1.006337142641346460e+01
7.541657193336940068e+00
7.327959573399739135e+00
8.299188751006472131e+00
6.092661389888635703e+00
1.079115622491524817e+01
6.350518223749576308e+00
7.534155377559867972e+00
8.181553077632276683e+00
7.062015530116529050e+00
1.099135479992502873e+01
7.558514563110189322e+00
7.968900422239014070e+00
6.015491518009102201e+00
6.545129364479226552e+00
7.170466593943964462e+00
6.198606406591211204e+00
7.788170899788671164e+00
6.592797220809802461e+00
3.541455569213361798e+00
7.529477320757264280e+00
1.058556410529438985e+01
5.336993159917315488e+00
9.350566558445359888e+00
6.795825216531709678e+00
3.623321707558993854e+00
5.815337117958525148e+00
1.324475460414387307e+01
8.979847633337637802e+00
5.259856093955847633e+00
6.638649654180749593e+00
6.662278447685392457e+00
5.842903569022036336e+00
7.138302896313619250e+00
4.099743191012573895e+00
5.902102547359320717e+00
7.871343182145958295e+00
8.084162551749392023e+00
7.761127996196461432e+00
4.912678466155050216e+00
5.122820538805093804e+00
4.580517478650663499e+00
7.907000141828144812e+00
8.790451814080775250e+00
6.640714387917236117e+00
8.605282163055322897e+00
6.366654484315116491e+00
6.950560956342225261e+00
7.055415848347459828e+00
4.537250260472585950e+00
6.666631569814326141e+00
7.354273800205838540e+00
4.970390312407446665e+00
7.098449561496047444e+00
5.320396064479396614e+00
6.044442983288437432e+00
4.840087271363207932e+00
1.016552566480667252e+01
5.398060713815535649e+00
3.654539438346902092e+00
7.682368521057745703e+00
6.086520611934174596e+00
5.695153715290409480e+00
3.662686015408043172e+00
6.652608298405719545e+00
4.039066521723320591e+00
7.618970989860053500e+00
6.721811652948757931e+00
3.952263832616667472e+00
4.350825153137718004e+00
4.530601294718609395e+00
8.810687871298130247e+00
6.048208803752645579e+00
4.104701587177672195e+00
9.056921130069799375e+00
9.710629625993096425e+00
6.522253372999789356e+00
4.941619296448252818e+00
6.143557361219082580e+00
4.738481484301813040e+00
7.083200030859551966e+00
5.463190727665824475e+00
9.802954262933567975e+00
6.089070123866922479e+00
4.797848483327653568e+00
7.673964009199618630e+00
6.731630758114498292e+00
6.993736638618710977e+00
4.915210290624223433e+00
9.444342557725684983e+00
6.779238640848657127e+00
7.388175705138952054e+00
7.101766472258216112e+00
4.066880727296209308e+00
9.523602753904382823e+00
8.644163432644509371e+00
7.515894821790356062e+00
8.929103676698135317e+00
1.087644111886714882e+01
7.872798306286910908e+00
7.225322287786477560e+00
4.777303721998317876e+00
3.894773593020646629e+00
9.147017856476511000e+00
7.299939811055219607e+00
7.695671269000988524e+00
5.566689217977431881e+00
5.939665853181812949e+00
6.700547497525500162e+00
1.469275128798465424e+01
1.004984579546388090e+01
5.654019534727532381e+00
8.505169199496664945e+00
3.396118933827596553e+00
9.028696904342275786e+00
4.946307061924805737e+00
2.738396810833270578e+00
1.067675667789608696e+01
6.100120433335373349e+00
8.452052683429279512e+00
9.599491767121143937e+00
6.064106749859017320e+00
6.721423514065000049e+00
6.024862266633134844e+00
8.898235255628140550e+00
4.027052207907320103e+00
5.748000793877629633e+00
8.181976246235112882e+00
4.658639309483444180e+00
7.253514919286492280e+00
5.460325330676282007e+00
9.847452467269642185e+00
6.657619697980693196e+00
5.698179856026960088e+00
6.514214037570335236e+00
7.310021436040085696e+00
8.431243691974147580e+00
4.574961416895641619e+00
8.737048595471566870e+00
8.967735537570394655e+00
6.206675082817861622e+00
1.196469875558655716e+01
6.048340926895975578e+00
8.334744702199184729e+00
3.999509997162767672e+00
6.680993981279683247e+00
8.458813791626173639e+00
8.364304208965407383e+00
9.258186147948974209e+00
1.028859213804692985e+01
6.417153533688310318e+00
1.371931965837960909e+01
1.050030721960586000e+01
6.466512786089002596e+00
8.394163244113702405e+00
7.346531789708466320e+00
6.807808966017275587e+00
9.811844894480197254e+00
8.371457637203116420e+00
7.626569488939549224e+00
6.129761178836951707e+00
5.993940264490946745e+00
6.047627437842304943e+00
9.808439245962375708e+00
8.933229577144876643e+00
6.471084356079397359e+00
5.671185284591521381e+00
5.357604912912338868e+00
3.959533298956137148e+00
9.940932135070628561e+00
8.390314540359877782e+00
7.225865110484122944e+00
7.359616991533267871e+00
7.452586905764596814e+00
6.964269880727427697e+00
6.357698279636212924e+00
9.673162229565621217e+00
6.821084088895591258e+00
7.282820031764519086e+00
8.231581585341540830e+00
6.974634749458139105e+00
3.905680420555750487e+00
1.010427822832634348e+01
9.278024995109515061e+00
7.260869460464788538e+00
7.916120796000217119e+00
5.669201253345671709e+00
7.505042600373495354e+00
5.712272636788456204e+00
7.771037306100978981e+00
7.668921715637532444e+00
6.859572370098841354e+00
6.309149643521859474e+00
3.705661570881574995e+00
6.109477060309050245e+00
6.871702452351295953e+00
1.075667244960104441e+01
8.758863706140784799e+00
7.690156730520194550e+00
6.118588248880103997e+00
5.308179640250164866e+00
5.584402003416166771e+00
7.933284978560819489e+00
7.205319072629925437e+00
4.531275130105386850e+00
5.984495021605174436e+00
7.440685883057656547e+00
9.210191618827137106e+00
8.711908285805261443e+00
6.850973709262640376e+00
5.445880602147103566e+00
6.155943848520850636e+00
8.195467593716474042e+00
1.075737858820953718e+01
1.162860626554580712e+01
5.703984890916601991e+00
5.603852123031897392e+00
6.440866859507966780e+00
7.316657785240574086e+00
8.418397976301362107e+00
9.097695791643419128e+00
3.861479413722025633e+00
6.933964531048242286e+00
3.011451568223952435e+00
4.733772873981243023e+00
7.154793666431426225e+00
9.304546961391755744e+00
7.989964204743739806e+00
5.697277313113820796e+00
7.828328291314369025e+00
3.089534652292976524e+00
6.046565723465357145e+00
7.513689273171150873e+00
8.726105271554422060e+00
5.933669305043863140e+00
6.772965268156087681e+00
3.767748697784619072e+00
6.685054869620637774e+00
4.375871596193116275e+00
6.738270787030998576e+00
6.608058301758344300e+00
5.516642098346077105e+00
5.017966992689961714e+00
8.550622158183758259e+00
5.909090267324962120e+00
7.446092761679470762e+00
6.586673587127355844e+00
7.736841616887565110e+00
7.486914333435075619e+00
7.123060888964262816e+00
5.813503129117942869e+00
6.162730754113307619e+00
1.181299954355399784e+01
5.523331609092649863e+00
8.132200618624093380e+00
9.551104741941388809e+00
4.539846876171887757e+00
7.904073815198954911e+00
7.807060402142653288e+00
5.554228237436956483e+00
9.996467755828170709e+00
4.905053856788784472e+00
6.239678793349124675e+00
6.099909957230673641e+00
5.851262065279320801e+00
9.236706254670700389e+00
1.170513899420267023e+01
7.056499280591290280e+00
5.825031631599564719e+00
4.370333993798409367e+00
6.061019929215367696e+00
4.063407170632995502e+00
7.582305263065712175e+00
6.520232718940845551e+00
2.167282895678479093e+00
7.906996610644343448e+00
4.793092245996597889e+00
6.033302699751399878e+00
7.594254433727652298e+00
7.070151217299408763e+00
5.243080953391162424e+00
6.341608567787198503e+00
1.142243210420978450e+01
8.723679276045416486e+00
7.476824890792729050e+00
6.681760827851382700e+00
6.143184528797427824e+00
6.035190790173426301e+00
4.618574721047354892e+00
7.817637037116591081e+00
9.054277997221248597e+00
3.898378693883237656e+00
6.607232714288399755e+00
1.075858393751276054e+01
1.057381016346909242e+01
6.903327697743737446e+00
6.555444342024656201e+00
3.276206288050459214e+00
6.999482017218421781e+00
7.394498825484592253e+00
6.464699248131003273e+00
7.380536978555363170e+00
9.188740489569250158e+00
6.653109831791900852e+00
4.777080027496239722e+00
6.796852006100294830e+00
7.564151626963377950e+00
4.694884792033347409e+00
4.986709940661521401e+00
7.369020189016580957e+00
7.375386376888216411e+00
6.631586118287952303e+00
8.295487525363018477e+00
5.862713564525587451e+00
7.118542044718596529e+00
3.598465350227802784e+00
4.519283799836805393e+00
7.040377454159065351e+00
7.181412268938698773e+00
6.517533585509934113e+00
7.618591650722937203e+00
7.573950471608868362e+00
5.564171887130408223e+00
8.844728116978041399e+00
3.967576477075880348e+00
4.080429293763646825e+00
9.790021401406773904e+00
4.929578739420728439e+00
5.450055108617678279e+00
4.687398028071868339e+00
9.105261488072306619e+00
8.494201800880295750e+00
6.555049744610220941e+00
4.586948257873785018e+00
7.899874150434977871e+00
9.620304301438622474e+00
5.985642293705556227e+00
4.166793024311886029e+00
7.803117598428118029e+00
6.899697497821148495e+00
1.084191682896489795e+01
7.635340400012162299e+00
7.832286245728256269e+00
5.952691264997134191e+00
9.204436217740481041e+00
1.137191671648456825e+01
7.213685123023586776e+00
4.672153931673674876e+00
1.115343278870725818e+01
1.152026192066925780e+01
3.846856195762434094e+00
3.388124223114586275e+00
1.150332271522169059e+01
4.193272849978252559e+00
5.242217291787250488e+00
6.097641314882430663e+00
5.207835558750612215e+00
6.039535853669619314e+00
5.619218681765258516e+00
7.547795871332417583e+00
5.596707692546940116e+00
7.122388376537688082e+00
8.596397535964994674e+00
1.502123061514118341e+01
9.412524999969397399e+00
1.044910465963578616e+01
7.780728275623199686e+00
7.830289176948549645e+00
5.633936390663379257e+00
7.116998906276155168e+00
5.500313779687845184e+00
4.293013353853126546e+00
9.047222252757274319e+00
1.187923827152886780e+01
5.876083631615648173e+00
7.391831955506401819e+00
6.248527952589679302e+00
4.828774989735949319e+00
7.495566137232422932e+00
6.170084168317006679e+00
8.003390503963837332e+00
4.460412797726974965e+00
7.765265205394386250e+00
7.425485152307894410e+00
7.864169598123892158e+00
5.824536102350914568e+00
8.595608420144339235e+00
6.613118193518221055e+00
8.093956748279012459e+00
4.871817691936316308e+00
8.039459009070627715e+00
7.200647634357920879e+00
9.685297555317831097e+00
6.725333689560266670e+00
9.633618822060945774e+00
5.263791384132861850e+00
4.763832708743262145e+00
9.662145665815778273e+00
6.303168732279806008e+00
4.142910554281680646e+00
4.856374085541157903e+00
8.975549621089093932e+00
4.162376290511639709e+00
8.825230028903469304e+00
8.952347857394011399e+00
4.398160530843051141e+00
7.980962727024157211e+00
8.104258363138290733e+00
7.509110752431599423e+00
5.390327842094635002e+00
1.045668921849444111e+01
6.380105515808735639e+00
1.079632918820130350e+01
7.638885936802210175e+00
8.146058003131594560e+00
1.111136068630820084e+01
9.979315834396476959e+00
5.936387631145517041e+00
6.124716884409735052e+00
4.523753314891740374e+00
5.908178154753639610e+00
6.688259547973799179e+00
4.657381903079373942e+00
6.961773919713270864e+00
7.220269568248428804e+00
6.453374813170545288e+00
3.027366040471441977e+00
8.814089474495707677e+00
6.420741581620157845e+00
6.161372989355361263e+00
9.346778156553568806e+00
6.324407244214801160e+00
7.954089617672920554e+00
5.590658946404546192e+00
7.804009874784054723e+00
8.939833133059929438e+00
1.115818529025417227e+01
8.349054112602262379e+00
4.621022058398176036e+00
4.335819400053958717e+00
9.837269547902481648e+00
7.342284852152442198e+00
2.308920360751595791e+00
7.518659959006919635e+00
5.627073567528887210e+00
4.596167973314123856e+00
7.752392309218112842e+00
6.717233613207679532e+00
6.808841737692770124e+00
9.139138794203217842e+00
7.335303235240570707e+00
5.050880404549824121e+00
6.874440339105835740e+00
6.917575915203906689e+00
8.862067502714895184e+00
6.364296813012014553e+00
6.392412798626994075e+00
4.653569609598894097e+00
7.658312036699632230e+00
5.634583802803497576e+00
4.793204330573693106e+00
7.642269394834033669e+00
6.929190263117727788e+00
5.697650496031862133e+00
4.860344155073374139e+00
9.044480146769805273e+00
7.639016234873685640e+00
1.030777289608655067e+01
7.458437692350096349e+00
5.796487086264160205e+00
8.999865619051435672e+00
4.412119574207251205e+00
7.537317049907620969e+00
8.022716575411132922e+00
6.227074265651474150e+00
9.438084238069890830e+00
7.647757596991445084e+00
8.083888204612089012e+00
1.088700322538276133e+01
7.071597484352319718e+00
5.320420017558523007e+00
4.296203138007151701e+00
6.030908260980190505e+00
7.283113535195803401e+00
5.016002750811860977e+00
7.088433216641949919e+00
8.635773648619309739e+00
