1.042721394021079639e+01
3.688648502186906986e-01
3.766306678129459407e+00
8.617147968988350115e+00
1.341673005674676489e+01
3.131737476034390966e+01
7.332373713933964865e+00
1.443537090320900340e+01
7.098660488798999246e+00
1.116480986905966510e+01
2.768984641411224956e+01
8.957071136211782303e+00
9.873686303709654055e+00
1.612077095796103876e+01
9.223393278683081675e+00
1.490366591712911237e+01
4.961162993155385781e-01
2.155854662765213980e+00
1.054043515343595416e+00
7.681316425779739276e+00
9.444631216305342747e+00
5.363212251153373522e+00
3.160074047902513783e+00
7.073384038124757467e+00
2.304492920495516017e+00
1.424576270571837888e+01
4.513336973189050916e+00
3.029944678888524257e-01
8.556518454966720810e+00
3.826719388157663104e+00
1.177341052180712389e+01
1.769103510961380721e+01
3.290860828637773849e+00
4.652635610793861787e+00
1.852248535579366617e+01
1.046600651324089348e+01
1.614726151596354597e+01
1.583181438496100490e+01
7.126771962017893536e+00
1.567569486229949938e+01
2.835858607589315517e-01
2.130782173606353691e+00
4.364972095371436822e+00
4.171815264769769271e+00
4.264840257209129959e+00
1.418861872105932953e+01
8.085754083703829975e-01
7.088661880488906775e+00
2.653951830708443893e+01
1.003521639412395672e+01
2.291505957153614403e+01
1.088392025236584004e+01
1.327439985808198841e+01
4.302988686353400816e+00
3.547113780490668233e+01
2.032755878721789955e+01
1.138585230762609202e+00
1.757454563605819642e+00
1.813570760351247557e+01
4.470561003930576538e-01
1.628333737869386955e+00
6.234866378924688313e+00
1.145079965413714795e+01
2.004904519869204194e+01
1.278232821833494848e+00
9.995906486591934481e+00
2.835641612327238903e+01
9.939240535186646852e+00
1.946599923819667666e+01
6.051316773983309361e+00
9.647171448427144469e+00
1.397504177769762812e+01
6.049813606159859525e+00
1.895909686982558284e+01
1.982235666171193955e+00
3.715401832253290682e+00
1.752583792601258184e+00
1.655069801130073515e+01
5.436092819304478851e+00
1.021026544381957724e+00
7.635649663811452381e-01
4.727586386169778443e+00
1.024216514016283419e+01
5.236380631727165502e-01
9.765977231092147548e+00
1.333473321999072070e+01
2.200603424223968219e+01
3.535039025969927362e+00
2.943452658208679518e-01
1.220679402365816024e+01
1.077367354405183697e+01
5.397529514317888300e+00
9.278603742037132562e-01
8.938257031810245223e+00
1.479991841592275259e+00
1.142214166620609539e-01
4.556068255728612293e+00
6.020849394217610673e+00
1.988529801695090971e+00
9.645859747720059829e+00
9.763760557567984222e+00
6.578492578002253843e+00
8.193241572891240665e+00
3.190210443743284330e+00
4.959849662558426964e+00
1.270255042149153191e+00
5.226742134036356013e+00
1.096017132885190293e+01
1.485722264082613764e+00
2.078986328707828957e+00
3.869565015726068591e+00
2.021394583505257359e+01
9.887124370666890982e+00
6.987752324492372935e+00
8.477976962956862650e+00
1.004277300477333235e+01
4.943365018534508493e-01
9.995371052307948645e+00
1.753344425680224816e+01
1.269910120153113908e+01
1.609574947390522226e+01
1.442076747612922283e+01
2.097355106389743540e+00
6.686803191747484831e+00
3.649716925686559588e+00
1.359604485206215507e+01
3.550331174419584901e+00
3.206825767150566886e+00
1.348877925364775621e+01
7.353125546910000310e+00
1.342576423515747486e+01
4.656538219838453063e-01
4.140863065702257373e+00
4.351474160233741451e+00
1.079294196025115937e+01
1.511088570444678503e+01
1.153438504571946055e+01
1.565974435622244876e+01
2.839293016362115729e+00
2.058148049760728515e+00
5.085525251122731127e+00
4.412413568617858495e+00
1.878384464000579568e+00
5.503169236999996272e+00
6.652664593707012131e+00
5.292647558508597250e+00
6.826756377007619392e+00
7.237160041672102695e-01
7.745765398076318142e+00
4.147268563920436080e+00
8.304752601220080521e+00
1.538799467083234518e+01
1.292186971713770305e+01
5.392736823697155124e+00
1.802032057133975584e+01
2.221455770469844104e+00
1.117628457598112579e+00
1.420423201423919757e+01
1.022745928447259756e+00
1.336591773357745616e+01
1.867644470409926782e+01
1.187604494378403430e+01
1.015554483074911829e+01
5.245684699799053163e+00
8.948368526789234778e+00
1.940045345013802880e+00
8.213168440604437848e+00
3.390318496021870853e+00
1.024895404327576420e+00
6.685782507289276255e-01
1.888033386248466883e+01
5.321522717646350209e+00
1.186566822717865399e+00
3.902422723084762346e+00
1.767025164980187668e+01
8.377504909375216968e+00
1.295937509498606843e+01
1.498937068495527658e+00
9.264467894503788159e+00
1.225668886062642393e+01
9.707498062700093300e+00
1.704824058447041324e+01
2.109580868714165547e+01
1.109602375637021021e+00
5.142191823206067269e+00
3.626388330272003468e+00
1.875605332269690839e+00
1.203752264611301293e+01
2.160549629144504635e+01
1.367305315615629979e+01
9.336060549167017442e+00
1.038194311471483822e+01
2.900702387806349947e+01
7.054824494521233724e+00
1.793928217010233439e+01
1.353979138401176385e+01
1.875022032730904797e+01
1.187800431209347529e+01
1.404630165605892600e+01
1.408914055453810121e+01
9.696012101574400077e+00
1.214318265860776735e+00
6.056544445669883814e+00
2.021674175731190815e+01
1.837595335346653869e+00
6.628420384809824206e+00
1.218229325842636435e+00
5.982892044850804947e-01
1.082255824662889765e+01
1.451707833139751536e+01
6.325150772746024330e+00
1.999294030414704437e+01
1.304793020577097629e+01
6.142920283956385674e+00
3.805345013200960747e+00
1.954130032714222409e+01
1.494055566881682573e+01
7.804795400647337011e+00
8.912754614098511441e-01
5.841478059571743486e+00
6.774905845569176854e+00
2.594007534516362057e+01
8.936122281660324518e+00
1.103673300334215135e+01
8.507977224899921254e+00
4.202107203467091878e+00
6.039166641260941937e+00
2.121749461763374711e+01
6.671550389932404457e+00
2.659975036096681733e-01
2.099449217465432938e+01
4.649983561044628289e+00
1.762771187687510377e+01
1.845988222774710419e+00
1.014628103318036523e+01
9.208470078747502896e+00
1.871316483782802464e+01
2.134227224065873507e+00
1.575045674140583429e+01
5.350353948152641870e-01
4.482397251080605827e+00
1.276067956888067734e+01
6.922223767545125028e+00
1.397813310864921377e+01
6.943366774316972467e+00
2.533477112376183271e+01
1.704012321438163724e+01
2.378882115794256347e+00
1.171219316083750250e+01
1.652262285467130809e+01
1.018435520309689046e+01
5.538566576365314020e+00
4.349356813000971655e+00
2.220467329909848964e+00
2.003822582615341119e+01
1.280443606659027544e+01
6.439395536775655238e+00
3.454376821730378744e+00
2.105340266564073914e+01
7.138564280223730130e+00
8.514152791038595680e+00
3.315498858212311273e+00
2.852030406324885359e+00
2.045771701310822621e+01
2.662797833317114993e+01
8.986156441536865103e+00
7.907780195163844006e+00
9.040846644866197934e+00
8.701142932553773690e+00
7.492668519378275604e+00
1.000111095081603985e+01
3.215971198422709421e+01
2.375586443860119967e+00
1.633229804190599488e+00
5.111221686272743980e+00
9.185652963753252465e-01
4.945518568752733657e+00
2.544217623053912192e+01
9.240427249741246740e+00
1.015419158588822768e+01
1.237059488187913203e+01
1.416740869640910105e+01
2.297398213421020330e+01
1.350836892417615864e+01
2.866577573617747010e+00
3.313793315152913976e+00
3.860221134396824016e+00
2.480556005457278701e+01
6.124160768484534501e+00
1.317465555338001026e+00
2.268675701381236820e+01
3.752291614187488911e+00
2.974203143657950577e+00
8.405778521982156803e+00
3.167239695788651943e+00
2.807456130358803925e+00
6.848818860331527425e+00
7.794960360611009165e+00
1.253019544442097377e+01
2.126675052186719128e+01
8.931636796056549699e+00
1.306056355685790704e+00
1.473511540975519907e+01
2.305824164732638071e+00
1.093045598980164357e+01
1.194801508089832787e+01
3.408203759080739914e+00
5.646508343063955770e+00
1.371533065531332696e+01
1.468625297168398269e+01
6.176308098971405869e+00
4.385748275301559751e+00
2.279267432439961549e+00
8.339193727250457044e+00
9.166287670761471773e+00
3.794478878970664493e+00
9.454938736454323589e+00
3.453746269863136931e+00
6.750689308210620077e+00
2.211296273097349285e+01
1.303456917026429451e+01
9.196634727580924817e+00
6.086477845257802777e+00
1.194176198795917632e+00
2.310390994351130267e+00
1.744575823553609339e+01
4.565628527669449710e+00
2.170818048986558679e+01
1.061795918724804721e+01
8.231970714330522298e+00
5.660076607638491630e+00
1.492890097227665969e+01
9.359368279557186199e+00
4.876082606315909729e+00
5.641893933295089703e+00
1.803125364104364303e+00
1.294122053029875730e+01
6.169640598796149789e+00
9.666393420580545737e+00
1.652728483896835243e+01
4.262666105875128064e-01
8.445591450972539604e+00
5.449958781342330916e+00
3.293027156134094469e+00
2.045815546808700347e+01
2.471541345078161100e+01
6.278154563293140811e+00
9.910619895511135979e+00
2.042081414232573167e+00
1.043502260954199734e+01
9.972140248057966616e+00
8.715390723684418361e+00
3.319175636062024815e+00
6.818696293184886237e+00
6.593157170671581468e+00
2.238217750530607120e+00
1.245587192291161749e+01
5.697582632920334511e+00
1.083184241833581574e+01
5.253217260570691494e+00
3.706996011597639473e+00
1.983653223831110068e+01
1.423064991697792792e+01
3.813812570021624992e+00
1.050375500649557026e+01
6.389696502533041667e+00
7.818876002959707527e+00
9.152466442507448008e+00
1.198777845546224263e+01
8.993553193048345662e+00
7.124942314360446893e+00
1.032688025505978047e+01
6.560189443203787718e+00
5.023033832932958909e+00
1.457760876715328946e+00
4.459260277213572543e-01
1.025320879472787539e+01
2.372706409451941667e+00
1.118598213257805085e+01
7.452836015787278612e+00
2.287209850829878821e+00
1.884014111689338833e+01
1.179334315185550652e+00
2.247207457968924516e+01
7.177739968974417017e+00
5.888372806249951630e+00
4.449038075878201326e+00
3.395814727115392007e+00
1.236328375287897074e+01
1.609821298448925120e+01
3.762979429109617246e+00
1.589211035831153040e+01
1.001700983085610375e+01
1.164886153936119051e+01
2.317454825856039236e+00
1.485790804476370575e+01
1.156073004262038628e+00
9.191920748715988410e+00
5.523629076716752628e+00
9.025020000812595811e+00
6.707927316941689533e+00
4.398901382569462726e+00
1.043106753886353211e+01
3.653000096022720466e+00
1.573482492679256417e+01
7.897222298062532175e+00
1.188260506543454476e+01
3.450412556290854749e+00
3.089776877053575177e+01
7.639464382842295898e+00
1.336185828146680166e+01
5.197107993564398676e+00
2.655319547292714244e+00
6.601796420077983285e+00
1.405582486115138785e+01
1.289743775594155117e+01
4.395851254185587642e+00
4.206742981359292734e-03
6.110434853222407980e+00
4.087181946907901264e-01
7.788468131393214477e+00
1.725409106157756334e+00
4.612609103200107086e+00
5.921338299661118576e+00
9.513428036058042991e+00
1.617966560833549394e+01
8.875367132402429693e-01
4.453463735711667759e+00
4.410562230436155140e+00
1.944064532302694825e+00
5.630995890197762144e+00
3.633549971712193294e+00
1.695746394862403861e+01
9.011313635673905864e+00
2.475569713003838501e+01
8.817047969474216984e+00
2.250520034472450082e+00
9.991362669819805475e+00
2.805398128879859065e+00
1.256531968407888833e+00
3.381615410369509966e+00
1.072768235573126283e+01
1.660554943673726669e+01
3.011658998904213291e+00
1.095423205768867447e+01
6.284691473910951620e-01
7.287843907868619908e+00
3.021763204853627816e+00
1.642770055233575022e+01
7.092750944180342465e+00
1.242291701607010523e+01
9.221446996301175147e+00
7.531071584491085602e+00
1.316204088986962439e+01
1.944243870981179256e+01
6.377795744640320841e+00
2.817452726750600878e+00
1.476961754983678965e+01
3.614794345587707625e+01
1.067257460173080430e+00
2.216423863519650084e+01
5.545788865533581635e+00
1.403257610164554192e+00
1.718066751193455488e+01
5.948250637164848698e+00
2.212011469060379909e+01
1.291578441145332690e+01
1.114353331117766110e+01
7.398154085208534347e+00
5.499652024162465125e+00
6.311040549167259428e+00
8.874337529867459828e-01
7.630309714081692007e+00
3.276782759253183741e+00
2.921065742149874911e+00
2.771066633285566905e+00
3.221869475940882577e+00
4.867375887052269867e+00
4.135882907816981202e+00
4.784894631214770655e+00
2.862763586722428588e+00
1.640001795494604764e+01
9.406444279021453525e+00
1.874603022207240177e-01
1.664561685056337836e+01
1.326757560015390247e+01
8.032772245195857863e+00
8.259643382403790923e+00
1.583613427696361420e+01
1.194805843443483440e+01
6.547246455783348296e+00
2.492800140309094470e+00
5.143516720220899785e+00
1.993565673759570611e+00
6.658264609881554996e+00
1.169136325905819618e+01
3.553025417364000571e+00
5.360492975475808386e+00
2.814301792676060288e+00
2.163772938970892667e+01
1.853353514980468830e+01
1.946072990733539143e+01
7.509179267283826675e+00
3.857476582667483278e+00
7.680306434176417341e+00
1.329994884894757146e+00
7.002467950114333206e+00
6.050090445998348443e+00
3.704451196741425090e+00
7.476106114582291795e+00
2.777839390295905986e+00
8.651130460938928124e+00
2.015697392064732796e+01
1.638758584868314117e+01
8.408165879219305694e+00
3.067583347809716976e+00
2.377456953791662286e+01
9.800778740006490963e+00
1.227257262054051346e+01
6.180499666340748099e+00
1.143639901597852138e+01
1.188067407527630737e+00
6.456099635575160534e+00
2.339335740575428346e+01
7.522106515946270777e-01
3.236977963626588739e+00
2.406704777018375552e+01
3.040446969927070597e+01
9.807133306856139043e+00
8.993620471414386364e-01
8.134376822080262581e-01
3.965344201294887849e+00
8.524701560200332651e+00
9.056173917459007683e+00
1.387036015128249389e+01
1.942581169018901210e+00
5.259817182790311740e+00
1.894905979630366444e+00
3.660420060000674880e+00
6.414626087887554284e+00
4.257423969307058131e-01
3.501315561089097805e+00
7.823159700487704704e+00
1.596460928426925463e+01
1.152375128278177385e+01
8.764657400397396714e+00
1.331405276390874981e+01
5.990315924180664275e+00
2.232089504186054174e-01
1.841913717808097095e+00
1.059379601002329707e+01
1.299690533862649744e+01
6.615418360580287427e-01
1.718148114101821022e+01
3.036622924270408141e+00
4.547873257272865288e+00
8.012625656504464899e+00
8.369291616012301205e+00
1.715137543024485112e+01
7.103046650791101868e+00
5.117522064915886126e+00
6.407488308213669548e+00
8.363328955933658548e+00
1.219748142770514931e+01
1.401388400890907882e+01
1.501632803960540841e+01
9.076860714036550704e+00
6.429626430402286097e+00
4.701310691578185263e+00
6.392844253582409486e+00
1.108031240204956580e+00
1.534917579389984965e+01
4.038758763051336409e+00
3.033491219060747923e+01
4.190551712104117144e+00
6.545736186791461186e+00
1.148548937676558523e+01
4.856459027960514874e+00
1.119308657597848189e+01
8.878647364285235710e+00
2.324841095801832402e+00
8.119061536412068847e+00
2.747206460336166334e+00
1.380307596059873987e+01
1.355261404430009264e+01
7.515510240042974743e+00
1.413089495869345180e+00
4.738824760872633490e+00
1.371938872051627234e+00
1.290317608539196748e+01
1.010732567317090691e+01
7.071677931497383440e+00
8.740052714906139997e+00
1.891402866503737012e+00
1.446149888806327510e+01
1.968009666095815291e+00
6.237945768205326758e+00
1.682808199676841365e+00
1.799876894370913050e+01
2.061022842944930744e+01
1.070794892764123141e+01
1.600340917894975590e+01
1.113836942940328756e+00
1.037419202483207137e+01
