8.241251111030578613e-01
8.176751136779785156e-01
8.294100165367126465e-01
8.230739831924438477e-01
8.942481279373168945e-01
8.725743293762207031e-01
7.711023092269897461e-01
9.255760908126831055e-01
8.628897666931152344e-01
7.287248373031616211e-01
7.225488424301147461e-01
8.850609064102172852e-01
6.700634360313415527e-01
4.389094710350036621e-01
8.492490649223327637e-01
8.933087587356567383e-01
6.341544389724731445e-01
5.935829281806945801e-01
9.123438000679016113e-01
7.883459925651550293e-01
7.021616697311401367e-01
7.705010175704956055e-01
8.481483459472656250e-01
7.948817610740661621e-01
9.119318127632141113e-01
4.126629829406738281e-01
6.618905663490295410e-01
4.542511403560638428e-01
9.209346175193786621e-01
5.984653830528259277e-01
5.580450892448425293e-01
6.495528221130371094e-01
6.561446785926818848e-01
4.858488440513610840e-01
6.931297779083251953e-01
4.572246968746185303e-01
7.559794783592224121e-01
6.886705756187438965e-01
9.151130318641662598e-01
5.235934257507324219e-01
5.289315581321716309e-01
3.869591057300567627e-01
9.214324951171875000e-01
9.191879630088806152e-01
6.947302818298339844e-01
8.972936272621154785e-01
9.101401567459106445e-01
8.135260939598083496e-01
9.225394129753112793e-01
9.227499961853027344e-01
8.733197450637817383e-01
6.472898721694946289e-01
5.333346128463745117e-01
9.022833108901977539e-01
9.341467022895812988e-01
9.104910492897033691e-01
6.748925447463989258e-01
9.210872054100036621e-01
9.239664077758789062e-01
7.334059476852416992e-01
6.037865281105041504e-01
9.149261116981506348e-01
9.541194438934326172e-01
5.996118187904357910e-01
5.872697234153747559e-01
6.573425531387329102e-01
5.329154729843139648e-01
7.197700142860412598e-01
3.016876578330993652e-01
6.884995698928833008e-01
6.445633172988891602e-01
5.826866030693054199e-01
8.373607397079467773e-01
5.685604214668273926e-01
7.592033743858337402e-01
5.916690826416015625e-01
9.223302602767944336e-01
7.851759195327758789e-01
6.318335533142089844e-01
7.042333483695983887e-01
5.450469851493835449e-01
8.036050200462341309e-01
8.338517546653747559e-01
6.484984755516052246e-01
7.971183657646179199e-01
4.330357909202575684e-01
2.616980969905853271e-01
8.847824931144714355e-01
6.335680484771728516e-01
7.798716425895690918e-01
4.192803502082824707e-01
9.338946938514709473e-01
8.479747772216796875e-01
6.129096746444702148e-01
8.572561740875244141e-01
9.146202802658081055e-01
5.974852442741394043e-01
7.441056966781616211e-01
7.070990800857543945e-01
5.657413005828857422e-01
8.214077353477478027e-01
5.720396041870117188e-01
6.486759781837463379e-01
5.852007269859313965e-01
8.914586305618286133e-01
7.045367360115051270e-01
6.268064379692077637e-01
3.534946441650390625e-01
8.803744912147521973e-01
2.753345966339111328e-01
6.362872719764709473e-01
6.478342413902282715e-01
5.927746295928955078e-01
7.570244073867797852e-01
6.510946154594421387e-01
7.049886584281921387e-01
5.487985014915466309e-01
5.774693489074707031e-01
7.150265574455261230e-01
9.216944575309753418e-01
6.408812403678894043e-01
7.242853045463562012e-01
8.330203294754028320e-01
6.571049690246582031e-01
7.483881115913391113e-01
2.704682946205139160e-01
9.289887547492980957e-01
8.139939904212951660e-01
9.138635993003845215e-01
5.553663372993469238e-01
5.026549100875854492e-01
3.528113663196563721e-01
7.744274735450744629e-01
7.363144159317016602e-01
8.623418807983398438e-01
4.185232520103454590e-01
6.583217978477478027e-01
8.153541088104248047e-01
5.651184916496276855e-01
6.516840457916259766e-01
4.104717373847961426e-01
8.560032248497009277e-01
8.988991379737854004e-01
7.923768162727355957e-01
7.988299727439880371e-01
8.832125663757324219e-01
5.393427610397338867e-01
8.355633616447448730e-01
8.149933218955993652e-01
5.500672459602355957e-01
8.428425192832946777e-01
8.430493474006652832e-01
7.843539714813232422e-01
6.533883213996887207e-01
8.787059783935546875e-01
4.633994996547698975e-01
5.037329792976379395e-01
7.696692943572998047e-01
7.380147576332092285e-01
6.151375174522399902e-01
5.638351440429687500e-01
9.004688262939453125e-01
8.675442934036254883e-01
6.632860898971557617e-01
5.632511377334594727e-01
5.760095715522766113e-01
7.081866264343261719e-01
7.550975084304809570e-01
4.205855131149291992e-01
9.693120121955871582e-01
8.908933401107788086e-01
5.030813217163085938e-01
6.720302700996398926e-01
9.030855298042297363e-01
5.285324454307556152e-01
5.737332105636596680e-01
6.169792413711547852e-01
9.375100135803222656e-01
8.361891508102416992e-01
7.857604026794433594e-01
5.536403656005859375e-01
5.883814096450805664e-01
2.564641237258911133e-01
4.770029783248901367e-01
8.040381073951721191e-01
9.136238098144531250e-01
5.846170783042907715e-01
7.827149033546447754e-01
8.547086119651794434e-01
5.457947254180908203e-01
8.763394355773925781e-01
9.168328046798706055e-01
7.651441693305969238e-01
5.376078486442565918e-01
8.830052018165588379e-01
6.506938338279724121e-01
8.266363739967346191e-01
7.739675641059875488e-01
4.994669556617736816e-01
8.989667296409606934e-01
6.627380251884460449e-01
5.717720389366149902e-01
9.107048511505126953e-01
7.547075152397155762e-01
4.185547530651092529e-01
6.060340404510498047e-01
6.975772976875305176e-01
6.410461068153381348e-01
4.598507881164550781e-01
5.748659372329711914e-01
8.960702419281005859e-01
9.276762008666992188e-01
9.141219854354858398e-01
8.526194095611572266e-01
7.163941264152526855e-01
9.595299363136291504e-01
5.144199728965759277e-01
7.807028889656066895e-01
5.663820505142211914e-01
9.212917089462280273e-01
8.913842439651489258e-01
7.118369340896606445e-01
8.529564738273620605e-01
9.005782008171081543e-01
4.198437631130218506e-01
7.180514931678771973e-01
9.290068149566650391e-01
4.666662514209747314e-01
7.772400975227355957e-01
5.427143573760986328e-01
7.280605435371398926e-01
7.088125348091125488e-01
3.361778855323791504e-01
5.602963566780090332e-01
7.530081868171691895e-01
7.341185212135314941e-01
8.136724233627319336e-01
5.221432447433471680e-01
7.883747816085815430e-01
8.688196539878845215e-01
9.652730822563171387e-01
9.223668575286865234e-01
9.202807545661926270e-01
6.412499547004699707e-01
7.955870032310485840e-01
9.152781963348388672e-01
3.367810845375061035e-01
7.661001086235046387e-01
9.319496154785156250e-01
7.622426748275756836e-01
6.611064076423645020e-01
5.748797655105590820e-01
7.526715397834777832e-01
9.340562224388122559e-01
6.780661940574645996e-01
9.123477935791015625e-01
5.797415375709533691e-01
3.658944666385650635e-01
8.692678213119506836e-01
8.387126922607421875e-01
8.552497029304504395e-01
8.219388723373413086e-01
5.234786868095397949e-01
7.283748984336853027e-01
6.586760878562927246e-01
7.164623141288757324e-01
5.233074426651000977e-01
8.287604451179504395e-01
6.400964260101318359e-01
6.355021595954895020e-01
5.639908909797668457e-01
9.376184940338134766e-01
5.598539710044860840e-01
5.214269757270812988e-01
9.337375760078430176e-01
9.091714620590209961e-01
6.365379691123962402e-01
6.891303658485412598e-01
7.728810310363769531e-01
6.897509694099426270e-01
6.246324181556701660e-01
7.565088868141174316e-01
7.570554614067077637e-01
9.110230803489685059e-01
6.400992274284362793e-01
7.776585221290588379e-01
8.398822546005249023e-01
6.101807951927185059e-01
9.111857414245605469e-01
8.149789571762084961e-01
4.955490231513977051e-01
7.591945528984069824e-01
5.866982936859130859e-01
6.783024072647094727e-01
8.705024719238281250e-01
5.713199377059936523e-01
5.340340137481689453e-01
5.466187596321105957e-01
9.185486435890197754e-01
5.866914987564086914e-01
6.184569597244262695e-01
7.819412350654602051e-01
5.762572884559631348e-01
2.176764905452728271e-01
8.961204886436462402e-01
7.896474599838256836e-01
6.195311546325683594e-01
7.911380529403686523e-01
8.848597407341003418e-01
6.205969452857971191e-01
6.209790706634521484e-01
9.100388288497924805e-01
9.045048356056213379e-01
3.268119990825653076e-01
5.208245515823364258e-01
9.074282050132751465e-01
8.212733864784240723e-01
7.996413707733154297e-01
3.948074877262115479e-01
6.357421875000000000e-01
3.814881742000579834e-01
7.356315851211547852e-01
7.565225958824157715e-01
7.726483345031738281e-01
6.230599880218505859e-01
8.510690927505493164e-01
9.107878804206848145e-01
7.813109755516052246e-01
5.534118413925170898e-01
8.349793553352355957e-01
7.190436124801635742e-01
4.797105193138122559e-01
7.579818964004516602e-01
8.734478950500488281e-01
7.278326749801635742e-01
8.041140437126159668e-01
7.115234136581420898e-01
6.528189182281494141e-01
6.574600934982299805e-01
8.799774050712585449e-01
9.618155956268310547e-01
7.495861649513244629e-01
8.556521534919738770e-01
3.402628004550933838e-01
7.572406530380249023e-01
7.052621841430664062e-01
5.364639759063720703e-01
9.255178570747375488e-01
6.352388262748718262e-01
6.412281990051269531e-01
8.362841606140136719e-01
7.613272666931152344e-01
6.305613517761230469e-01
6.194008588790893555e-01
4.845620393753051758e-01
8.886547684669494629e-01
4.116406738758087158e-01
5.329878330230712891e-01
9.253984093666076660e-01
9.342320561408996582e-01
5.713411569595336914e-01
4.559086263179779053e-01
8.735411763191223145e-01
9.309100508689880371e-01
5.980448126792907715e-01
7.233516573905944824e-01
9.365364313125610352e-01
1.787321716547012329e-01
4.969845712184906006e-01
4.626251161098480225e-01
7.780516147613525391e-01
8.846181631088256836e-01
4.223447740077972412e-01
8.548186421394348145e-01
6.750140786170959473e-01
7.941602468490600586e-01
9.293321967124938965e-01
7.156988978385925293e-01
5.835012197494506836e-01
5.687587857246398926e-01
4.522728919982910156e-01
7.455212473869323730e-01
7.657136917114257812e-01
7.935488224029541016e-01
8.311565518379211426e-01
8.567028045654296875e-01
9.056245088577270508e-01
5.840256810188293457e-01
9.237365722656250000e-01
8.042297959327697754e-01
4.698805212974548340e-01
6.827588677406311035e-01
4.729144573211669922e-01
9.311718344688415527e-01
6.966155171394348145e-01
9.077165722846984863e-01
8.743728995323181152e-01
6.103401780128479004e-01
6.448966264724731445e-01
8.433701992034912109e-01
8.558696508407592773e-01
7.374143004417419434e-01
2.478671669960021973e-01
8.898197412490844727e-01
6.304014325141906738e-01
5.094774961471557617e-01
7.951757311820983887e-01
6.029760837554931641e-01
6.155689954757690430e-01
7.811562418937683105e-01
7.211250662803649902e-01
7.960284948348999023e-01
9.326262474060058594e-01
7.982233762741088867e-01
9.169899225234985352e-01
7.068891525268554688e-01
7.309278845787048340e-01
5.869014859199523926e-01
9.095602035522460938e-01
7.590277791023254395e-01
9.309630990028381348e-01
5.361243486404418945e-01
5.968977212905883789e-01
9.198680520057678223e-01
3.367661237716674805e-01
8.698331713676452637e-01
6.343261003494262695e-01
4.405356347560882568e-01
8.648468255996704102e-01
5.568923950195312500e-01
3.653478324413299561e-01
4.190380871295928955e-01
7.853584289550781250e-01
8.550429344177246094e-01
2.599528133869171143e-01
6.558513045310974121e-01
5.357031822204589844e-01
7.908803224563598633e-01
7.502998709678649902e-01
7.789074778556823730e-01
7.161077260971069336e-01
6.593679785728454590e-01
9.184615015983581543e-01
9.242238402366638184e-01
9.373723268508911133e-01
6.637837886810302734e-01
5.807761549949645996e-01
7.413623929023742676e-01
9.107114672660827637e-01
9.218374490737915039e-01
7.447152733802795410e-01
8.849465250968933105e-01
7.633541226387023926e-01
3.739627897739410400e-01
6.301264762878417969e-01
9.256517291069030762e-01
6.813452839851379395e-01
8.158488869667053223e-01
4.009784460067749023e-01
9.163279533386230469e-01
9.147403836250305176e-01
-1.349397236481308937e-03
6.023959517478942871e-01
1.425552815198898315e-01
8.513261079788208008e-01
8.557706475257873535e-01
9.073029160499572754e-01
-7.405982911586761475e-02
9.416331052780151367e-01
4.703162014484405518e-01
9.152100682258605957e-01
7.560935020446777344e-01
4.281884729862213135e-01
8.745149970054626465e-01
7.331488132476806641e-01
9.294674396514892578e-01
8.423656225204467773e-01
8.022843003273010254e-01
4.383735954761505127e-01
6.767062544822692871e-01
7.559980154037475586e-01
5.487362742424011230e-01
8.321158885955810547e-01
7.538536190986633301e-01
9.107310175895690918e-01
6.173585057258605957e-01
9.492093920707702637e-01
5.406344532966613770e-01
9.249272346496582031e-01
7.211681604385375977e-01
7.411442399024963379e-01
7.462404370307922363e-01
9.274221062660217285e-01
9.050931930541992188e-01
9.063000082969665527e-01
8.933365345001220703e-01
6.006345748901367188e-01
9.145890474319458008e-01
5.515060424804687500e-01
5.783136487007141113e-01
2.380558401346206665e-01
4.447226524353027344e-01
8.537564277648925781e-01
7.937498688697814941e-01
8.836114406585693359e-01
6.985772252082824707e-01
8.195814490318298340e-01
8.081625103950500488e-01
7.026991844177246094e-01
6.391701698303222656e-01
7.762060761451721191e-01
8.428558111190795898e-01
6.856986880302429199e-01
7.642993330955505371e-01
9.219298958778381348e-01
6.682317852973937988e-01
8.961076736450195312e-01
9.158174395561218262e-01
7.092866897583007812e-01
6.524161100387573242e-01
6.236794590950012207e-01
5.379667878150939941e-01
7.167832255363464355e-01
7.496185898780822754e-01
7.628195285797119141e-01
8.774258494377136230e-01
7.596078515052795410e-01
5.363147854804992676e-01
9.253077507019042969e-01
8.197585940361022949e-01
7.678966522216796875e-01
6.686851978302001953e-01
6.971970200538635254e-01
9.349399805068969727e-01
6.924275159835815430e-01
5.885386466979980469e-01
9.267501235008239746e-01
6.416721940040588379e-01
8.219766616821289062e-01
6.217713952064514160e-01
9.104120731353759766e-01
8.589323759078979492e-01
4.483112096786499023e-01
6.698576807975769043e-01
8.042437434196472168e-01
7.738917469978332520e-01
7.309259772300720215e-01
9.044389128684997559e-01
8.422925472259521484e-01
7.607781887054443359e-01
6.598957777023315430e-01
4.100812375545501709e-01
6.570695638656616211e-01
4.948973953723907471e-01
6.934217810630798340e-01
9.191128611564636230e-01
9.220634102821350098e-01
9.194833040237426758e-01
8.121845126152038574e-01
8.347724676132202148e-01
9.014669656753540039e-01
1.573524028062820435e-01
9.390680789947509766e-01
5.385114550590515137e-01
7.954656481742858887e-01
6.475248336791992188e-01
8.189680576324462891e-01
9.299948811531066895e-01
9.055279493331909180e-01
9.323076009750366211e-01
6.087801456451416016e-01
4.422472119331359863e-01
6.842121481895446777e-01
6.333017945289611816e-01
9.264836907386779785e-01
9.190741181373596191e-01
7.409052252769470215e-01
8.172851800918579102e-01
6.468901634216308594e-01
8.621440529823303223e-01
8.253110051155090332e-01
8.535744547843933105e-01
5.311040282249450684e-01
7.361615896224975586e-01
4.101951420307159424e-01
8.492069244384765625e-01
7.253075242042541504e-01
2.458814382553100586e-01
7.336859107017517090e-01
7.136254906654357910e-01
7.260044813156127930e-01
6.845230460166931152e-01
9.179217815399169922e-01
9.182660579681396484e-01
7.976567149162292480e-01
9.101973772048950195e-01
8.976716995239257812e-01
3.309855461120605469e-01
6.430382132530212402e-01
4.661241173744201660e-01
3.350190818309783936e-02
3.740018904209136963e-01
9.635564088821411133e-01
6.256083250045776367e-01
6.772333383560180664e-01
5.594584345817565918e-01
7.524020671844482422e-01
6.859629154205322266e-01
8.313471674919128418e-01
6.964751482009887695e-01
9.280011653900146484e-01
6.855054497718811035e-01
8.868598341941833496e-01
2.379221618175506592e-01
1.874168664216995239e-01
8.017050027847290039e-01
6.982002854347229004e-01
9.036378264427185059e-01
7.108421325683593750e-01
8.750898241996765137e-01
6.522410511970520020e-01
3.883404731750488281e-01
5.293223261833190918e-01
8.352426886558532715e-01
6.168480515480041504e-01
5.641988515853881836e-01
7.506545782089233398e-01
5.871859788894653320e-01
6.956874728202819824e-01
8.934811949729919434e-01
9.284083247184753418e-01
7.648304700851440430e-01
9.162259101867675781e-01
5.965118408203125000e-01
7.726858854293823242e-01
9.258223772048950195e-01
2.717219591140747070e-01
5.212572813034057617e-01
8.303632140159606934e-01
6.704185009002685547e-01
9.343965053558349609e-01
8.911820650100708008e-01
8.747092485427856445e-01
8.812996745109558105e-01
7.354035377502441406e-01
5.416927933692932129e-01
9.201393127441406250e-01
4.335136413574218750e-01
8.669673800468444824e-01
9.143053293228149414e-01
8.715916275978088379e-01
7.912285327911376953e-01
6.085748672485351562e-01
9.262176156044006348e-01
3.036510348320007324e-01
7.615538835525512695e-01
9.355238080024719238e-01
9.123435020446777344e-01
9.198112487792968750e-01
7.968009114265441895e-01
7.757703065872192383e-01
9.155318140983581543e-01
4.840790033340454102e-01
8.992699980735778809e-01
8.929396271705627441e-01
4.293829202651977539e-01
7.211166620254516602e-01
9.000089764595031738e-01
7.887395024299621582e-01
8.621544837951660156e-01
6.354163289070129395e-01
7.485295534133911133e-01
7.806878089904785156e-01
6.608809232711791992e-01
6.815823912620544434e-01
9.164922237396240234e-01
8.047006130218505859e-01
7.733821868896484375e-01
7.278980016708374023e-01
9.153233766555786133e-01
6.605995893478393555e-01
6.677739024162292480e-01
9.419512152671813965e-01
1.520832777023315430e-01
4.188153743743896484e-01
8.043454885482788086e-01
9.573312997817993164e-01
4.658951759338378906e-01
8.470964431762695312e-01
6.615449190139770508e-01
9.289649724960327148e-01
9.059713482856750488e-01
9.186585545539855957e-01
4.588721096515655518e-01
9.208701848983764648e-01
9.265606999397277832e-01
9.229391217231750488e-01
6.874392032623291016e-01
5.357032418251037598e-01
7.285052537918090820e-01
8.356593251228332520e-01
6.381579637527465820e-01
9.267570376396179199e-01
6.636481285095214844e-01
9.020776748657226562e-01
5.254389047622680664e-01
5.073329806327819824e-01
8.689543604850769043e-01
8.146696686744689941e-01
8.535282015800476074e-01
6.767210960388183594e-01
9.323061704635620117e-01
5.567002296447753906e-01
6.903753876686096191e-01
8.098720312118530273e-01
9.271026849746704102e-01
6.401987671852111816e-01
6.930928230285644531e-01
3.417677283287048340e-01
4.007016420364379883e-01
7.937715053558349609e-01
4.317313134670257568e-01
7.292069196701049805e-01
9.155225753784179688e-01
8.921359777450561523e-01
9.356108903884887695e-01
6.057924032211303711e-01
7.201123833656311035e-01
7.848497629165649414e-01
9.359749555587768555e-01
7.479463815689086914e-01
9.129380583763122559e-01
6.892015933990478516e-01
9.101464748382568359e-01
7.688340544700622559e-01
8.906749486923217773e-01
6.904963850975036621e-01
7.544031143188476562e-01
8.309231400489807129e-01
9.039324522018432617e-01
5.756381154060363770e-01
6.333351731300354004e-01
6.755807399749755859e-01
5.800974965095520020e-01
6.651646494865417480e-01
3.285600841045379639e-01
8.404284119606018066e-01
9.202724099159240723e-01
8.561285138130187988e-01
8.683867454528808594e-01
8.136709928512573242e-01
5.455991625785827637e-01
7.701335549354553223e-01
7.413948178291320801e-01
8.363972902297973633e-01
9.213207960128784180e-01
4.227813184261322021e-01
9.163307547569274902e-01
6.684372425079345703e-01
8.713185191154479980e-01
7.256261706352233887e-01
6.881768107414245605e-01
8.413637280464172363e-01
9.264039397239685059e-01
8.548228740692138672e-01
9.237701892852783203e-01
5.759405493736267090e-01
5.800549387931823730e-01
6.812178492546081543e-01
5.084505677223205566e-01
9.167140126228332520e-01
7.444773912429809570e-01
5.907417535781860352e-01
8.424850106239318848e-01
9.209330677986145020e-01
7.657858729362487793e-01
4.776105582714080811e-01
5.675461888313293457e-01
7.772209644317626953e-01
8.248914480209350586e-01
8.975505232810974121e-01
7.269954085350036621e-01
9.269998073577880859e-01
7.555494308471679688e-01
9.146852493286132812e-01
6.443370580673217773e-01
7.659117579460144043e-01
8.102598190307617188e-01
5.911553502082824707e-01
6.614941954612731934e-01
7.694154977798461914e-01
7.382670640945434570e-01
8.075217604637145996e-01
7.866964936256408691e-01
4.776454865932464600e-01
6.437274813652038574e-01
8.922956585884094238e-01
5.633378028869628906e-01
7.363016605377197266e-01
8.852452635765075684e-01
8.214114904403686523e-01
8.011720180511474609e-01
6.395371556282043457e-01
8.930276632308959961e-01
5.750203728675842285e-01
3.532990515232086182e-01
9.746326208114624023e-01
6.286075711250305176e-01
6.926441192626953125e-01
9.074398279190063477e-01
5.918610692024230957e-01
9.015714526176452637e-01
6.653727293014526367e-01
8.792456984519958496e-01
6.193991303443908691e-01
8.676265478134155273e-01
7.530763745307922363e-01
6.536465287208557129e-01
9.207657575607299805e-01
7.415124177932739258e-01
9.282718896865844727e-01
3.735576868057250977e-01
8.779346346855163574e-01
5.669958591461181641e-01
7.462010383605957031e-01
4.761861860752105713e-01
5.724422335624694824e-01
3.320168852806091309e-01
8.666509985923767090e-01
5.998858809471130371e-01
4.889107048511505127e-01
8.424666523933410645e-01
7.303238511085510254e-01
5.615467429161071777e-01
5.884982347488403320e-01
6.242892146110534668e-01
9.491733312606811523e-01
6.867292523384094238e-01
9.231225252151489258e-01
9.246156215667724609e-01
9.117164015769958496e-01
8.108749985694885254e-01
7.065166234970092773e-01
7.028103470802307129e-01
7.703548073768615723e-01
9.279218912124633789e-01
7.348257899284362793e-01
8.934203386306762695e-01
9.069292545318603516e-01
9.093849658966064453e-01
6.115952134132385254e-01
7.148408293724060059e-01
6.294441819190979004e-01
7.311733365058898926e-01
5.442097187042236328e-01
9.314875006675720215e-01
7.939224839210510254e-01
6.525303125381469727e-01
7.821769118309020996e-01
7.226955294609069824e-01
2.597284130752086639e-02
8.848801255226135254e-01
7.298986315727233887e-01
8.401736021041870117e-01
9.301805496215820312e-01
6.547354459762573242e-01
8.867825269699096680e-01
5.549558997154235840e-01
9.070550799369812012e-01
7.725963592529296875e-01
7.173956036567687988e-01
8.553809523582458496e-01
5.089752078056335449e-01
8.610122203826904297e-01
6.952823400497436523e-01
4.713060557842254639e-01
6.973270177841186523e-01
5.915263891220092773e-01
7.807732820510864258e-01
7.970272898674011230e-01
8.063660264015197754e-01
5.493603944778442383e-01
6.207180023193359375e-01
7.720578312873840332e-01
8.671551346778869629e-01
7.485358119010925293e-01
7.632758617401123047e-01
6.055715084075927734e-01
9.647709131240844727e-01
9.082314372062683105e-01
9.041380882263183594e-01
9.232618808746337891e-01
6.434273123741149902e-01
8.155163526535034180e-01
5.740609169006347656e-01
9.044489264488220215e-01
5.628522038459777832e-01
6.243641376495361328e-01
9.234804511070251465e-01
6.086192131042480469e-01
9.304512143135070801e-01
