4.180323141601795633e+00
5.309317138897976740e+00
4.420685141391321515e+00
5.236978367398465117e+00
4.029868479591006469e+00
4.293878471194439328e+00
5.477435599217843176e+00
5.216009097906984415e+00
4.549653087340257862e+00
4.858286097246674373e+00
4.382043947788592853e+00
4.365558769536998618e+00
4.892949283606282229e+00
4.392872535584357863e+00
4.703337180980316390e+00
4.791159723038416196e+00
4.933735997345961799e+00
4.507021121895840921e+00
4.866494092350799328e+00
4.564743530944127770e+00
5.006393572590243757e+00
5.200781507258160907e+00
5.190879617231221488e+00
4.910864152992062692e+00
5.154132772022395059e+00
4.631262433616691432e+00
4.498488916491418799e+00
4.532378720628166491e+00
5.075353348484258120e+00
5.460227469195010563e+00
4.738351269744319971e+00
5.206257840492761524e+00
4.968431773738505086e+00
4.147824926067533724e+00
4.799810568410606493e+00
4.925675224698020216e+00
5.083150274793258205e+00
4.568012906958061059e+00
4.474227543180727018e+00
5.255118998918097972e+00
4.586760841385697951e+00
4.153009355885714626e+00
4.810915047544341405e+00
4.051053514289681523e+00
4.401441131484250313e+00
5.442393601353615828e+00
3.910352762970334961e+00
4.730182650438328196e+00
5.096594506292765558e+00
3.852038467330118010e+00
5.346391223965277995e+00
5.131408784176279880e+00
5.292840761516670156e+00
4.947022709662379114e+00
4.304189601200634208e+00
4.967955080249573996e+00
4.886285375885194959e+00
4.480812926773599436e+00
4.933438524997685981e+00
4.567064835769339304e+00
5.272534662579245079e+00
4.260539952895865845e+00
4.724145378328016953e+00
5.043161421698087565e+00
5.445692838042330841e+00
4.849291262373283118e+00
4.912399895888930779e+00
4.535666277384626355e+00
3.693096504388893031e+00
4.773924568062499318e+00
4.981100884015592811e+00
5.069427118307531899e+00
4.515967159532815245e+00
5.579618892257555807e+00
4.574425675910610778e+00
4.695256742301470609e+00
4.225354876775550217e+00
4.919262122384915337e+00
4.832665896152392726e+00
4.119317224424916546e+00
4.018093720926426471e+00
4.445744418576385470e+00
4.888570119205779996e+00
5.214613158831824968e+00
4.624915764782670635e+00
4.768043902358303221e+00
4.527939527506454453e+00
4.740588347088851684e+00
4.489877789085115367e+00
4.162743019451814241e+00
4.496630422960752327e+00
4.014830257058512153e+00
5.830186417421060696e+00
4.961004212902571986e+00
4.940055092801499903e+00
3.942201404897399453e+00
4.683469153535630092e+00
4.181379768801352093e+00
4.885636139632778097e+00
4.418347644141556785e+00
3.654698673626510352e+00
5.186104103273216026e+00
3.718059795377507637e+00
4.317288464731437791e+00
5.204095595831319976e+00
5.517932022629422839e+00
4.475569381528168300e+00
5.429387881880105127e+00
4.263674078099930931e+00
4.255042059551173317e+00
6.094527100510418904e+00
4.076467047700031543e+00
4.841341621752468072e+00
5.132680087606769526e+00
4.794870588932117705e+00
4.764574603110268036e+00
4.587930305135929920e+00
5.256366274845563069e+00
4.546655543480350836e+00
3.837669073175524748e+00
4.540295385063821243e+00
4.602054522596712438e+00
4.813806317750486841e+00
5.209241181538613930e+00
4.670299318942077171e+00
4.440910988119123104e+00
4.646326879815440236e+00
5.283342596984808459e+00
4.520412417388788739e+00
4.088365635255388320e+00
4.155339677983183044e+00
4.748802417667936204e+00
4.644870377990591770e+00
5.787186983977948174e+00
4.906048758630820572e+00
4.217386088179045700e+00
4.357492902288017333e+00
4.398854100985568394e+00
5.024829071854440166e+00
4.865588543260432886e+00
4.569523958371200401e+00
4.674700571135754323e+00
4.797791755921658741e+00
5.320356584816762435e+00
5.051951254068066000e+00
5.643618564915209745e+00
4.420436119893733640e+00
4.996759643082051561e+00
4.933923469403846518e+00
4.627339128993051887e+00
5.112437890805535901e+00
4.968399395231060112e+00
5.028065342175880303e+00
4.913278832757521641e+00
4.957622119193046295e+00
5.138219489151459207e+00
4.499173089437373818e+00
4.570170278065427638e+00
4.182729314497343864e+00
5.636197018266670966e+00
5.189547198423542618e+00
5.190286262817956242e+00
4.884566206533414778e+00
5.403182662523398072e+00
4.585001754244783179e+00
5.328435165653639061e+00
5.159915222188852901e+00
5.130274728841223819e+00
4.612264107013338332e+00
4.399741244135320528e+00
3.614894816280135981e+00
4.254858127713747606e+00
5.135486615396454901e+00
5.014862711552626529e+00
5.133692476042627462e+00
4.431068735821640736e+00
3.990416523196762544e+00
4.439825195405510350e+00
4.766551133939022300e+00
4.723191878542357003e+00
4.689695829691900464e+00
4.432208623864045904e+00
4.326292837599344132e+00
3.841328432465656917e+00
5.261879247807333293e+00
4.879756879399575809e+00
4.479000698072572284e+00
4.449663714729792829e+00
5.151455359501263764e+00
4.427668727796384651e+00
4.814737622039532816e+00
4.703021960344305086e+00
4.911794408530997913e+00
3.475539873275943048e+00
3.994252521120708277e+00
4.818657542998694865e+00
4.109796372012045396e+00
4.868603092241572838e+00
4.696739424357623705e+00
5.517450672251628774e+00
5.016325980082561031e+00
4.595403296090115219e+00
4.596285003025276872e+00
5.288538529549013489e+00
4.306207393219818158e+00
3.980157259631597721e+00
4.979335031104357157e+00
5.442693780972668094e+00
4.682555861796259045e+00
4.840369647205350567e+00
4.588982021984110204e+00
4.876371265759820162e+00
3.966489804876468739e+00
4.904836215273385314e+00
4.723888874470349997e+00
5.383890399732364607e+00
4.296468000771762163e+00
5.275872753232798473e+00
4.233510096957060043e+00
5.267772098243061585e+00
4.870411888010712786e+00
4.778356622129701137e+00
4.734353505081170255e+00
4.852410168903955601e+00
5.025303515681030397e+00
3.794674531735349188e+00
5.121503886766499924e+00
5.459817037132191686e+00
3.634835771635891444e+00
5.834656553183300787e+00
5.131679357873926151e+00
5.286015742730622691e+00
4.699331573215531854e+00
4.645105761575117675e+00
4.425116194130757741e+00
3.788364560639915446e+00
4.894890596369786628e+00
5.222271964841771918e+00
4.499184135406889773e+00
4.886835966671461584e+00
4.500568595717510334e+00
5.232021860228623922e+00
4.295645558274780562e+00
4.599209281879388378e+00
5.281407048473578669e+00
4.433174757112995579e+00
4.705112206421712351e+00
3.392386440433102557e+00
5.527386106379683639e+00
5.114464291113874239e+00
4.287916983210653399e+00
5.292789709899312633e+00
4.716062592766966155e+00
4.641262140063446395e+00
4.151175647600574337e+00
4.061249720158021326e+00
5.092439329263291015e+00
5.281525490764790831e+00
4.718392260382522352e+00
5.203720939841685045e+00
4.370586147114690512e+00
6.513657688882332764e+00
4.772008084022503205e+00
4.244171115534419059e+00
5.138460643601506561e+00
4.896491354349192804e+00
5.061070540536609208e+00
4.960879494785416455e+00
5.395928685604475028e+00
5.419848516679807382e+00
5.022299169688885456e+00
4.496137751738503496e+00
4.937383078529153480e+00
5.140315359236568682e+00
5.589839965904769947e+00
5.901289323789368879e+00
5.486366587575516540e+00
5.201995001259512641e+00
4.983978193678675339e+00
4.927232247723842384e+00
5.435428159921537272e+00
5.060433628976287679e+00
5.421356543506327341e+00
5.104859437536799938e+00
4.951618942547009183e+00
4.499014352173642095e+00
4.932019451226391737e+00
5.663700342516179376e+00
4.680110796722930289e+00
5.638920107735404308e+00
4.588132165518725714e+00
4.140016984036728687e+00
5.538832011782188758e+00
4.321743726910000305e+00
4.788797406128191270e+00
5.757478201685332309e+00
4.361824340489362406e+00
5.058035435827281212e+00
4.223439153793059120e+00
5.148954464829526678e+00
4.121224922245073863e+00
4.377301030368553114e+00
4.683528098906485582e+00
5.268112554047869267e+00
5.735633626834182763e+00
4.380064278835600788e+00
4.283351417744337475e+00
5.409115194272527738e+00
4.682548204104289624e+00
5.043607764614613131e+00
4.773567963316086349e+00
4.174119923110420238e+00
5.988517189754850811e+00
5.575609915542067085e+00
5.277115798960334558e+00
5.530836952237899062e+00
5.525874800950809629e+00
4.854972566062475181e+00
4.834000587903967805e+00
4.765269103689119490e+00
6.208334764616360246e+00
4.179273302993910200e+00
5.460883162680263858e+00
4.798215697766625709e+00
5.512692733835603320e+00
4.017807560779698584e+00
4.346111904884300436e+00
4.623043705483601329e+00
4.598981040755367289e+00
5.142485327887414748e+00
4.546136205248916262e+00
4.760766166685884926e+00
5.335254549733711826e+00
4.247763980694274188e+00
5.130188032608907100e+00
4.124424581069881413e+00
4.563771276874379446e+00
4.344091995938556217e+00
5.812066650134858570e+00
5.032170350900903699e+00
5.315224043017234834e+00
4.960476277027781933e+00
4.460233233624160576e+00
5.094688335729790296e+00
4.424664455803458019e+00
5.655367053098881769e+00
4.995792294208263762e+00
5.158567801613617831e+00
5.424319592736646989e+00
4.374961082888776609e+00
5.404245849391569045e+00
4.376187999053986033e+00
5.405162664469536971e+00
4.824215283347193406e+00
5.152568918082173433e+00
5.023057658299322270e+00
4.765702931313152924e+00
5.656917745805141173e+00
4.884915155100808093e+00
5.135748484552106419e+00
5.070024610283756950e+00
4.983400925703123541e+00
4.661784475730895494e+00
4.777974333506648463e+00
5.076747424076061499e+00
4.638764130588153733e+00
5.243905867272939503e+00
5.627436107157889111e+00
5.335720825351350172e+00
4.649641957617161481e+00
4.976057483583299579e+00
5.243068749639267168e+00
4.297481408083131171e+00
5.220682410018375741e+00
5.706376088451667883e+00
4.072686368759680597e+00
4.928385302527371614e+00
4.636794782076182564e+00
4.913590337764818017e+00
4.540553774035802626e+00
4.878785561878518529e+00
5.711071344552765439e+00
5.855511419474385804e+00
3.564665665469850531e+00
3.694724293096796064e+00
4.280552780061965379e+00
4.620861752931609168e+00
5.843703743285425745e+00
4.083616788556098776e+00
5.606181628646595527e+00
4.761639102866462636e+00
4.234673637769018839e+00
4.643808035687310820e+00
5.867682957589238413e+00
4.376874033357990079e+00
4.878827800988348784e+00
4.037436645665044566e+00
4.821687300808034315e+00
4.389321060673985642e+00
5.599424082056635221e+00
4.321816306951150821e+00
5.044523022465867257e+00
5.210852909873905148e+00
5.128294059219777878e+00
4.814249684116711947e+00
4.437715851387107335e+00
4.388491075608997427e+00
4.877679597950643320e+00
4.288575583212918652e+00
5.425391602679533243e+00
4.707272736286940429e+00
4.968915098383188678e+00
4.921070501064997771e+00
4.289175538193997106e+00
4.584988730295862069e+00
5.237019927048304879e+00
5.091332079877258998e+00
5.361107190642489861e+00
4.781802745345038907e+00
5.019803313268065281e+00
4.346646655542850901e+00
4.105798143626862462e+00
4.920113149870267044e+00
4.130311042758250117e+00
6.238920937647702836e+00
4.658830372591709512e+00
5.139900383406803996e+00
4.975718746478923649e+00
4.738332455804940224e+00
4.884903741222355045e+00
4.381863707243078387e+00
4.411444021203560162e+00
4.468882867282707672e+00
4.286535725332685232e+00
5.344544761248291032e+00
5.226151877289862746e+00
5.694274716507118583e+00
5.588270268356196446e+00
4.219657882971568519e+00
4.908426683723444484e+00
5.105527556228077302e+00
4.514451022325226326e+00
4.645106633431974608e+00
4.044596361054444422e+00
4.783349121273237969e+00
4.632698581295271900e+00
5.018309339677586856e+00
4.474508598270711346e+00
4.946021956375767026e+00
4.980154408840718361e+00
4.339457427050035676e+00
4.421634304107109337e+00
4.821965761241491677e+00
4.883699396627535272e+00
4.083446015273464624e+00
4.865552901829944155e+00
5.082413385098522696e+00
5.260927783885387399e+00
4.864957356261158772e+00
5.073949780281913569e+00
5.161923924860388091e+00
4.976709417685288628e+00
5.197247657613575988e+00
4.559851138717056607e+00
4.618655736677528267e+00
5.078171110342037053e+00
5.087695527916882732e+00
5.415887341371615982e+00
5.264456854832880062e+00
3.843258079861761711e+00
5.826136417318016569e+00
5.148078435613066439e+00
5.190734942537157615e+00
4.202928865586699203e+00
5.190743845979145732e+00
4.279429280105786937e+00
6.134138971385675099e+00
4.746003566432217546e+00
5.207607074493716404e+00
5.460128115063176857e+00
4.419581816340633296e+00
4.891842306065608881e+00
4.779632615092851644e+00
4.602023054031097793e+00
4.317167857507244300e+00
4.881677724040625499e+00
6.052286664162237706e+00
6.381349002696317108e+00
4.448371872529962801e+00
4.578976182127562744e+00
5.429149261970325213e+00
5.450411783151509759e+00
5.015269495800967370e+00
4.549959447208147267e+00
4.941602403924480136e+00
4.912068301942489335e+00
4.709023854228078676e+00
5.475534457506268105e+00
4.797989562498343297e+00
5.701418793607651025e+00
5.171144817514640835e+00
5.768556218681569092e+00
4.727714750551367473e+00
4.683953082974863236e+00
4.693015862621550127e+00
3.826041736911403923e+00
5.185799983025409787e+00
5.488851904181228036e+00
5.386629934840954093e+00
3.815488404172469483e+00
4.830224212304575993e+00
4.847421748243699646e+00
5.759295357869739007e+00
4.007693407798461394e+00
4.392379873344736119e+00
4.940372763870736428e+00
5.008810226582038894e+00
4.484836207370221040e+00
5.595793202761456087e+00
5.508697579584961090e+00
4.313158132331381012e+00
4.723888447849776462e+00
4.585555132979115989e+00
5.289969093518486432e+00
5.237369381383210509e+00
4.913589874283318615e+00
4.550985008282054878e+00
5.469383622156009039e+00
4.919469506384433366e+00
5.031043047208424213e+00
5.096778626952763958e+00
4.466091547336160872e+00
4.736366508199377989e+00
5.735234398425895996e+00
5.727623100849247528e+00
4.941375788067031039e+00
4.957273595056692628e+00
4.593758701265209687e+00
5.035411664711114454e+00
4.641311187418621920e+00
4.748387822573989503e+00
4.569721068657998764e+00
4.910044338955253274e+00
4.283132644789711563e+00
5.163370858337635205e+00
5.184568854136205829e+00
4.801922381455812960e+00
4.686468840668665869e+00
4.442401298741915916e+00
5.157968417495276015e+00
4.568774804275427037e+00
5.634033820889856159e+00
5.912728115466487466e+00
5.056362282696228228e+00
4.522700343250507515e+00
5.106361526733034673e+00
5.345708819551947322e+00
5.006460629946772656e+00
4.006126039896271251e+00
4.197979643727543397e+00
4.820434546184047875e+00
5.340134119348122432e+00
5.324245262838652515e+00
4.683527092715189077e+00
5.474678467135319693e+00
5.986941668763266833e+00
5.706212317071376994e+00
4.672652424435974616e+00
4.897050711215229057e+00
4.322235891807823194e+00
4.075339882582064810e+00
4.790507307121717240e+00
5.074535491771484885e+00
3.986236862679391368e+00
4.020666867894347796e+00
3.597453744374083495e+00
4.878772079144361840e+00
4.866503451490855170e+00
5.017650063013001649e+00
5.461711089040886868e+00
5.805837985596109974e+00
5.502283526673887870e+00
4.704528399899155389e+00
4.643304446896004301e+00
4.522905475353277360e+00
5.213657873745851212e+00
4.280617518788740306e+00
5.018931946666275401e+00
4.362269262888826660e+00
4.841575848143048866e+00
4.765096249763201008e+00
5.320445349778839983e+00
5.036179129781683805e+00
5.162212048146274768e+00
4.082950978987551771e+00
5.327219089562642118e+00
4.695901842493107381e+00
5.060722264762914868e+00
5.814057475593043200e+00
5.623255230300990171e+00
5.111596495715887478e+00
5.202378295733767644e+00
5.442761070096368670e+00
5.294230320945706225e+00
5.530037049523437886e+00
5.467458525499263366e+00
4.398012693376213811e+00
6.055137238446413939e+00
5.063832916816780383e+00
4.933648527149745888e+00
4.060611054753346494e+00
5.131390368771208799e+00
4.549811014287893585e+00
5.184775823080408408e+00
4.714760423162058345e+00
4.750394733349452281e+00
4.016134683580900422e+00
5.506671881509726418e+00
5.389168777320263004e+00
4.237032385609853513e+00
4.832256379440361904e+00
4.620453641148396962e+00
5.431827262926666400e+00
4.530064826368000119e+00
4.338999355580401840e+00
5.431951848534264826e+00
4.835885672507204802e+00
5.082232501815877157e+00
4.420230967921634502e+00
5.713733257968645951e+00
4.883551473582011582e+00
5.517538260415082441e+00
5.190868374975589283e+00
4.343273169275739143e+00
3.978832691545322486e+00
5.424169568950140352e+00
4.843774527277521891e+00
4.971281907165224112e+00
3.981577960190547216e+00
4.449757263511695982e+00
4.216404676329443824e+00
5.375219747098962664e+00
5.798038966185359300e+00
4.929327346359197115e+00
4.849818390852844274e+00
4.300877696305972719e+00
4.870104687159536816e+00
5.141489563177330524e+00
4.806654301604012858e+00
4.972085159653858000e+00
4.818514283411028387e+00
5.202463048063218132e+00
5.042082276389945328e+00
4.367270985819878604e+00
5.258164411042563380e+00
5.947561108506453920e+00
4.667548562570789095e+00
4.392135182271747595e+00
5.116771872562098977e+00
4.732135410677089205e+00
3.999184602929691135e+00
4.871587149709981190e+00
5.055026923571107389e+00
4.516961010674612531e+00
4.962757182190564720e+00
5.625163829026603501e+00
4.687446766204840465e+00
5.101812781285856246e+00
5.465503923016571619e+00
4.980460048663414518e+00
5.557791769135534743e+00
4.911305016409786894e+00
4.904360319657093292e+00
3.976068336588073127e+00
4.759591389412373807e+00
4.133945334743751587e+00
5.167022146840743346e+00
4.941702576136988156e+00
4.811965880528500605e+00
5.265337782351980245e+00
3.997675208675469438e+00
4.897032480296674706e+00
5.875475255198499447e+00
5.739692461400546009e+00
4.819073994638849889e+00
5.372438192637114973e+00
5.066178307524452862e+00
5.749868842630434962e+00
4.794664291581239191e+00
4.931374200039627453e+00
4.823455254351489252e+00
5.109928679046673139e+00
5.082562909928243222e+00
4.799587667481924669e+00
5.185993238710853603e+00
5.558037700574518070e+00
4.285077968501890489e+00
5.241934858827026922e+00
4.898354414635720744e+00
4.064677238070872001e+00
4.511529536456680312e+00
5.454656685546056316e+00
4.369164965579413362e+00
4.564541766269381462e+00
3.972364057957949779e+00
5.477713604477156828e+00
5.077522386747792993e+00
4.627421553315500091e+00
4.529939035856343388e+00
4.902405981853006800e+00
3.957259271695608316e+00
4.181401465071964196e+00
5.902745369084616556e+00
4.950820722574995614e+00
4.486436419048611235e+00
5.599603900445677240e+00
4.216269095994478633e+00
4.152537893767317634e+00
4.195820245603148813e+00
4.796481037598659292e+00
4.500465288587236046e+00
5.404472286648053903e+00
4.814311605685558604e+00
5.458390256169772137e+00
4.945788610724315859e+00
4.582786190769161827e+00
5.320716733553434885e+00
4.691271939632199128e+00
5.065723299627467924e+00
5.717094111025715186e+00
4.631903257603910085e+00
4.988118617087733853e+00
4.785922935306622605e+00
4.591629005112510598e+00
5.446122105243103029e+00
4.628102322655505141e+00
4.489270455613555200e+00
4.316131116907192755e+00
4.993676057246796418e+00
4.718104323034962633e+00
5.109979699749335857e+00
4.185723909786863928e+00
4.393795854329428430e+00
4.380444922759274995e+00
5.458998500204614857e+00
4.665629273978566971e+00
4.458683479817810991e+00
6.341633074020895044e+00
4.801846173270313045e+00
5.939708251942414918e+00
4.782669169320259428e+00
3.708079033223985466e+00
4.471625150060537734e+00
4.380635100436095719e+00
4.723252069922566854e+00
4.836822684722675625e+00
3.719287074823028227e+00
4.963661366357730031e+00
5.129079622191536458e+00
5.349677604035621314e+00
6.069817709250300730e+00
5.056204603985062107e+00
4.144484760472784579e+00
5.053532475004690383e+00
3.556191851505745127e+00
5.340863980241381093e+00
5.537320282982851616e+00
5.362985498578891175e+00
5.216354208398559678e+00
4.230580585443890484e+00
6.384923346562362489e+00
4.761650251580949345e+00
4.014971389940165558e+00
5.528187289690531969e+00
5.134825458153213340e+00
5.008223392581323097e+00
5.571143791592083616e+00
4.069514390046036212e+00
4.515166317752161262e+00
4.141734658428696925e+00
4.285882606227820801e+00
4.534344465638705302e+00
5.792922695845715175e+00
3.959861330529315104e+00
4.984203808437004390e+00
4.754583410778214336e+00
5.586816551065170167e+00
5.288886173632455723e+00
4.358278626052592308e+00
4.939561632338685726e+00
4.848519711979575320e+00
5.612022846052701297e+00
5.243827030091566144e+00
5.374522274273451750e+00
3.982471998896766507e+00
5.306187005283256930e+00
5.414380684471093552e+00
4.688042233535012926e+00
4.464679093479889005e+00
4.942487549098903976e+00
4.526985399846852332e+00
5.892367181405985477e+00
3.766656293460103111e+00
4.872980020837734294e+00
5.473892633206662417e+00
4.645323879747859763e+00
4.504832577087618084e+00
3.683425672269764473e+00
4.438576125206060929e+00
5.179093195810263950e+00
4.840458936455572569e+00
4.166230113093432941e+00
4.522300148324532643e+00
5.449905533714294315e+00
4.230642574101294073e+00
4.899534099692513855e+00
4.482783541370001679e+00
4.322547511511230844e+00
4.619843362466403036e+00
4.516595003989398727e+00
4.924765537583745356e+00
5.796725968646337712e+00
4.535158336703268844e+00
4.799323098365876561e+00
5.471762696260532799e+00
4.730046833347950397e+00
4.925025707454621759e+00
4.328755237862640826e+00
4.977802555538101359e+00
5.233267321572330211e+00
4.551577845906753517e+00
4.964044868495137486e+00
5.052241339343067850e+00
5.363904407012863196e+00
4.341269936821445796e+00
3.812182422473334498e+00
5.071814531871154941e+00
4.584481611780604204e+00
5.535824894332206370e+00
4.937013395746983946e+00
4.565318350712864515e+00
4.385125152422936878e+00
4.720280148803256637e+00
4.659287842841514760e+00
5.089818894411530792e+00
3.970122445867785288e+00
4.421396166714332665e+00
5.362734863014301467e+00
4.591537139415157398e+00
4.990609952636811286e+00
4.645638958996439527e+00
4.955250161419321842e+00
5.125952563863322098e+00
4.872936351044260483e+00
3.732432701983072310e+00
5.423496403358928575e+00
4.961257906554257247e+00
4.767517622515296871e+00
5.031280509408948554e+00
4.593320156638346141e+00
5.695982618550299748e+00
4.619635158395029251e+00
4.786344127554865935e+00
5.591011141722547428e+00
5.269621295404211203e+00
5.464221770074246365e+00
4.632231776378990418e+00
4.166370986717847558e+00
4.365714003496327322e+00
5.302803717060132094e+00
5.334379004609050234e+00
5.403615272187950680e+00
3.456538131386633683e+00
4.568189982204356347e+00
4.053325033966206803e+00
4.515686679430622519e+00
4.878306288173665628e+00
4.213658860706729570e+00
4.400406150378886494e+00
4.440057745652910448e+00
4.424869200003953118e+00
3.671689330340602631e+00
4.577453606587572388e+00
5.160914347084920806e+00
5.180044673202963246e+00
5.045357342957383473e+00
4.017454520685411090e+00
5.433967468826085501e+00
3.935167636860045892e+00
5.478500199394406245e+00
6.109545550436998873e+00
5.655119651646993262e+00
4.204791196862979419e+00
4.032405266947785449e+00
4.796614280627479410e+00
5.564787562911777563e+00
4.764573412526059037e+00
4.503827411636611266e+00
4.983796040963964558e+00
5.142738911747466446e+00
5.150810921638544926e+00
5.211095014441565532e+00
5.080757391565875025e+00
4.315183816095090386e+00
4.718910736416157548e+00
4.667771982788636365e+00
5.113350020037926491e+00
5.007751157546280751e+00
4.987573375306828538e+00
5.260943399937620057e+00
4.097967786311377481e+00
5.976767174411420136e+00
4.165033945758513489e+00
4.785221389090619226e+00
4.665626563616859457e+00
5.005993635695621613e+00
4.203644865703402900e+00
4.462557152598109589e+00
5.045950032399220575e+00
5.505598097971004634e+00
5.737180086946753299e+00
5.506055083188917010e+00
4.873049345824262524e+00
4.646885692699835424e+00
4.978256251712289249e+00
4.388972593313904547e+00
4.651098092712302901e+00
4.665683225447420313e+00
5.124020194261136751e+00
4.823149315335633958e+00
4.416874518919567727e+00
5.534158715351918723e+00
4.547749019382682611e+00
4.710399131303434572e+00
5.203510079983186820e+00
4.614875620587861604e+00
4.900250592896550295e+00
5.376742395166560939e+00
5.055642788251923037e+00
4.997684376545759477e+00
4.378889127229293798e+00
4.123715091871129168e+00
5.224060082421166484e+00
4.416887520261000510e+00
4.278200609077024374e+00
4.323550172694599958e+00
4.972569893684470443e+00
5.646263015067346736e+00
5.200959052162162699e+00
5.303120092272374464e+00
4.942614542978281733e+00
4.964340296598588331e+00
4.877182241500964466e+00
5.158719478588013274e+00
4.140763027143003150e+00
5.231093749646820612e+00
4.826917351500327413e+00
5.250815903826520525e+00
4.310823044453495179e+00
5.486350916085399376e+00
5.565866851579528429e+00
4.475166259992706230e+00
4.540728568878928506e+00
5.339085846785068590e+00
5.345199912753646032e+00
5.014383612287891978e+00
5.201507452211371785e+00
4.994362998060055681e+00
4.794781635721023783e+00
5.293357313264731800e+00
5.778721842524787711e+00
4.893850826212176486e+00
5.719153697655003477e+00
5.652326193633899543e+00
4.595395104748488890e+00
5.605854831968374086e+00
4.583843562067090538e+00
4.717322316651968883e+00
5.285767178428828039e+00
5.944870276036069434e+00
5.296754070773460832e+00
4.958519365549886260e+00
5.234955761745501590e+00
4.164593298422158973e+00
4.569943250521908418e+00
4.573044000748289761e+00
5.219561099479800959e+00
4.413438227085445753e+00
6.053267387078907547e+00
4.806238920856428010e+00
4.874771119879246939e+00
5.956786018497722601e+00
5.580379032376020731e+00
4.978933079719925381e+00
5.487251474910085136e+00
5.058820145205461749e+00
5.848563727029024939e+00
5.498353264965839315e+00
4.763512960727114276e+00
5.445533279688217654e+00
