3.814409367669932038e+01
3.952519749780159941e+01
3.778135035451193602e+01
3.866409405419847189e+01
3.936702045082235912e+01
3.921729804873401548e+01
3.885840524790342698e+01
3.923372127083567307e+01
3.807253436000584657e+01
3.837302835696551995e+01
3.829917638315161099e+01
3.854529613587618542e+01
3.960161849669962919e+01
3.840915602580978572e+01
3.887024621523764267e+01
3.863251933377063807e+01
3.932827344292937966e+01
3.834675235507551605e+01
3.927996589410760464e+01
3.991847950028223835e+01
3.788559276529745290e+01
3.882949279296440892e+01
3.855529825024083124e+01
3.910820884948496001e+01
3.903101240125457849e+01
3.931694632476472862e+01
3.883596442433582752e+01
3.843863085239496513e+01
3.859507155321948346e+01
3.948917238440814970e+01
3.889379572334905077e+01
3.888371713873902280e+01
3.947541550656359277e+01
3.941219139833066976e+01
3.860488209245402658e+01
3.987512550967195324e+01
3.967956682863756157e+01
3.901119052118949071e+01
3.869012200300068116e+01
4.000432964316914308e+01
3.854093496090930415e+01
3.837703265429784238e+01
3.943268465611207318e+01
3.846303923468596508e+01
3.914834179948052650e+01
3.936675608057376508e+01
3.855311587082933045e+01
3.913737954463373114e+01
3.912906050309047856e+01
3.858660641732289776e+01
3.900724678160786851e+01
3.945771931951003353e+01
3.900837947283584128e+01
3.827073382699911264e+01
3.805795880874536863e+01
3.849091159199031864e+01
3.832763471716734216e+01
3.911664197754166139e+01
3.994210842955484964e+01
3.774436257860833877e+01
3.945831300174214817e+01
3.936652411127321471e+01
3.927647362704337297e+01
3.876722148098041032e+01
3.861170209566019906e+01
3.860716430017895817e+01
3.927737862916279710e+01
3.806667346676007213e+01
3.914021820083112146e+01
3.908353245760986283e+01
3.962693909173658824e+01
3.909544534609378985e+01
3.907254459284617099e+01
3.789074816785090860e+01
3.890666060132222981e+01
3.951826612213330492e+01
3.846796554622030584e+01
3.994618176623480821e+01
3.955198333658035637e+01
3.974865990543508332e+01
3.947727962232416843e+01
3.896414812452048437e+01
3.869301430154994392e+01
3.826333390644143861e+01
3.867632340986529016e+01
3.949174676229750958e+01
3.976375444124371938e+01
3.954045759601286392e+01
3.961551916863901113e+01
3.875622476785446935e+01
3.841489043546301474e+01
3.795816806926067954e+01
3.919954788651768496e+01
3.846556053490783000e+01
3.987068083412839314e+01
3.863216103050317685e+01
3.839282284427699921e+01
3.961961180909339220e+01
3.816120886971928172e+01
3.890651099641751642e+01
3.881160389601970451e+01
3.908142780847879294e+01
3.869004958609962586e+01
3.948620918483567266e+01
3.941320008696282429e+01
3.896255932038937431e+01
3.975442175370508124e+01
3.926795672058219822e+01
3.923921771508290846e+01
3.754785926373257610e+01
3.882520517552673311e+01
3.848210075541456376e+01
3.992064529161727648e+01
3.823833643206885569e+01
3.853173301674242879e+01
3.942669230843623751e+01
3.882540863923763652e+01
3.916423593951724769e+01
3.728623055365547856e+01
3.947335676018122541e+01
3.869148723306999216e+01
3.859860281260760928e+01
3.947044303699036760e+01
3.843121653105085045e+01
3.836234999213849761e+01
3.867815733091914154e+01
4.042640795803907139e+01
3.955242381536503160e+01
3.892536398273713161e+01
3.733977817496327845e+01
3.850676511503160526e+01
3.750183471462742091e+01
3.935007872579878807e+01
4.119157206192948451e+01
3.806189306797282512e+01
3.916271792638350746e+01
3.896708359330676785e+01
3.770964921388024749e+01
3.890173537887993405e+01
3.992209476832690029e+01
3.806088566469527024e+01
3.892635690550159211e+01
3.933486193960684574e+01
3.988178188816935688e+01
4.008224958515263125e+01
4.005223362768292361e+01
3.962804214705992223e+01
3.868387757259085191e+01
4.041852355649959350e+01
3.827542742425018218e+01
3.904242529445651400e+01
3.798168344598332169e+01
3.829498105026507204e+01
3.773826574302449188e+01
3.884340470226279507e+01
3.915545205753399216e+01
4.024982790481939787e+01
3.930085084447537014e+01
3.878976990432792604e+01
4.061858438697752405e+01
3.882092391393170061e+01
3.841436074033838821e+01
3.832816002667453148e+01
4.000559689821968590e+01
3.888052226947282008e+01
3.894680813881004156e+01
3.890620737291332176e+01
4.006523161363569585e+01
3.857229462470809267e+01
3.925286225019929987e+01
3.811845825103971208e+01
3.826992717456017346e+01
3.879953363537050137e+01
3.839023600522683921e+01
3.845903971728654369e+01
3.978777715627339262e+01
3.828792707564306852e+01
3.996690001712731544e+01
3.796128949414144671e+01
3.946780799354736757e+01
3.813522985750267935e+01
3.876093163079863757e+01
3.887137706107832003e+01
3.926477850951180670e+01
3.922219508307337321e+01
3.890467577832440327e+01
3.841922094204276306e+01
3.966698973853608123e+01
3.859258882027704374e+01
3.773546310269929194e+01
3.891860327019001176e+01
3.994747622218864791e+01
3.984700389243327123e+01
3.787726175216648272e+01
3.918342257128279016e+01
3.990452548071998962e+01
3.866638587779717540e+01
3.926556864626744670e+01
3.949626440756376411e+01
3.895541187417435225e+01
3.928103251819315034e+01
3.934295391379848184e+01
3.751162513322601910e+01
3.949244249928574391e+01
3.887954601167523805e+01
3.986746146081647169e+01
3.787571079174461630e+01
3.965824099884479637e+01
3.900273024791601273e+01
3.839524042915276425e+01
3.821452291519390343e+01
3.885154957666454578e+01
3.804835794489999046e+01
3.787103251850898289e+01
3.733992040186722505e+01
3.884291794744834903e+01
3.933010062962823383e+01
3.941192422655055339e+01
3.858366017494454070e+01
3.844751959146910281e+01
3.934893154928833781e+01
3.952957297088259025e+01
3.875666373078978211e+01
3.987199657372645589e+01
3.953017350668488206e+01
3.876097919106735645e+01
3.829942682787353192e+01
3.985545067445111300e+01
3.818236826299560960e+01
4.034481702897518574e+01
3.865533928024372301e+01
3.945163634491213855e+01
3.948889228721624534e+01
3.944756797001755189e+01
3.883351875304399670e+01
3.870223635012082042e+01
3.842289716103775277e+01
3.930569649948052557e+01
3.970894790450411449e+01
3.942403149035559551e+01
3.971753644515894877e+01
3.941986664880956681e+01
3.834986220899403975e+01
4.008187627465892433e+01
3.972874915712724686e+01
3.819599859796357322e+01
3.712448409863714005e+01
3.797065558740845859e+01
3.893199865518118230e+01
3.815720823992713662e+01
3.880526024120506889e+01
3.876087623211810751e+01
3.815801451042511871e+01
3.724521167429414703e+01
3.975791996921600457e+01
3.848949255831084315e+01
3.860632448637827707e+01
4.050719131992846656e+01
3.950833284232631826e+01
4.090631866333251310e+01
3.798284672643814019e+01
3.889123505138665848e+01
3.954241472457609774e+01
3.920251034871962048e+01
3.785182266753870550e+01
3.859666132480921874e+01
3.780592191362349297e+01
3.816917810628375918e+01
4.064617239163531792e+01
3.902009539225630164e+01
3.908450267303520320e+01
3.839611475238226745e+01
3.817991303619702848e+01
3.955162821381953364e+01
3.869077130745021975e+01
4.039708283590603344e+01
3.845924749504352036e+01
3.876218082002758791e+01
3.922396539235813862e+01
3.930849099010729475e+01
3.923958531497933677e+01
3.935022855819991605e+01
3.896037095551241691e+01
3.894612265470391321e+01
3.834073122449195381e+01
3.944352606091913316e+01
3.872497845475578515e+01
3.960598232268016261e+01
3.852837381335893951e+01
3.897173064028540779e+01
3.893400903166984506e+01
3.913188241683913304e+01
3.868390427584092350e+01
3.901649178504288784e+01
3.919419289468338974e+01
3.803865141666456395e+01
3.911640469358519567e+01
4.028394112040916752e+01
3.835409434697068320e+01
3.945921268185272623e+01
3.906775129691809667e+01
3.930484621972611592e+01
3.893370663688007483e+01
3.876284581133632656e+01
3.855732934729415717e+01
4.004854836579572464e+01
3.886799564120918404e+01
3.817618993372902025e+01
3.854195760547528948e+01
3.932996323335667199e+01
3.983939369169329581e+01
3.903584630623522855e+01
4.069464008487196338e+01
3.939164214373634820e+01
3.855281964059759758e+01
3.852258814096473571e+01
3.944281119368182686e+01
4.074180460003821480e+01
3.900572322486873134e+01
3.868936802626128468e+01
4.056242459224645103e+01
3.789298235032356388e+01
3.923596439019161153e+01
3.832308325473098876e+01
3.923902283637609401e+01
3.952812316816012839e+01
3.878908154072330916e+01
3.830969408900173079e+01
3.850699232055516319e+01
3.940700068035817338e+01
3.803443594660204496e+01
3.956630390556215104e+01
3.882849325479674718e+01
3.831190058861147207e+01
3.957142705466492316e+01
3.916657218149914854e+01
3.926399089972094458e+01
3.799366984820746040e+01
3.896923995334029200e+01
3.857831966176563299e+01
3.798890273304856180e+01
3.912852340598107759e+01
3.818963022438915544e+01
3.822881855443518617e+01
3.957358423273522163e+01
4.033561047224256413e+01
3.949799861037196536e+01
3.873596708412408418e+01
3.708094407210228383e+01
3.935374822342321721e+01
3.877632416282251882e+01
3.875390408716532420e+01
3.958241365621919527e+01
4.008475859882178582e+01
3.971887638837608137e+01
3.848417371216206107e+01
3.740352065315200747e+01
3.838272468853783437e+01
3.903878244147085752e+01
3.837292397192143056e+01
3.937992427246659588e+01
4.027019378679327843e+01
4.071483076874348939e+01
3.935440388606529893e+01
3.871554589964714665e+01
3.796308677346754479e+01
3.929136282004038350e+01
3.911644213037968854e+01
3.879872552011330811e+01
3.832418294920446300e+01
3.900981131145553604e+01
3.894715773470515074e+01
3.956982387005500357e+01
3.817427820727990451e+01
3.987388022256595832e+01
3.989018504201287385e+01
3.836156444971332746e+01
3.827564478564057282e+01
3.924180230165818273e+01
3.865788804059130968e+01
3.896429271781742187e+01
3.983487746548516384e+01
3.942300762953242810e+01
3.830767096388940729e+01
3.916548713771917534e+01
3.820556357992374075e+01
3.817784487897243650e+01
3.880027143772293385e+01
3.835806557763054059e+01
3.716542076785034254e+01
3.845939989223267474e+01
3.814832465321608623e+01
3.930065173831433611e+01
3.898623881166886918e+01
3.711498322844861519e+01
3.966528476473089171e+01
3.862608090678814676e+01
3.832489854330607670e+01
3.981505815268417336e+01
3.845198966811497598e+01
3.897632317238088007e+01
3.892338781652988189e+01
3.981846607866710031e+01
3.945493718332100030e+01
4.031152373813723955e+01
3.946364521436945694e+01
3.846833474183201673e+01
3.899472016362841487e+01
3.949477881800197565e+01
3.808795354224567120e+01
3.848973616981000134e+01
3.795931249231713878e+01
3.947926280999084980e+01
3.932647147908546259e+01
3.849648985134002288e+01
4.010509964425281026e+01
3.949816684536891387e+01
3.943968073331708979e+01
3.737379349377461324e+01
3.820608609977574588e+01
3.690450464029419209e+01
3.795954629575835781e+01
3.919676677263269937e+01
4.002352030398152039e+01
3.851108258525238881e+01
3.890337169061658784e+01
3.958017288633880781e+01
3.926834188811588433e+01
3.894005992877955435e+01
3.769861657385403220e+01
3.849415127825331240e+01
3.888970227304049132e+01
3.986951133246205359e+01
3.930985692102776596e+01
3.854748697186305151e+01
3.951523374111133080e+01
3.908200526597364899e+01
3.972541611073364720e+01
3.848365352521472005e+01
3.881704782026640999e+01
3.910121864613291365e+01
3.805076507795936180e+01
3.860448161946883516e+01
3.975786972680149489e+01
4.089226509809505927e+01
3.874608345243910179e+01
3.875963968982588170e+01
3.800457124774022333e+01
3.750338548154118712e+01
3.815493077077013595e+01
3.893879262473777203e+01
3.915099224068064387e+01
3.855141481915735113e+01
3.897922231825694439e+01
3.859666015817323625e+01
3.856184746122502816e+01
3.918485877138744655e+01
3.907041476745787634e+01
3.871748595724419317e+01
3.981275858713471649e+01
4.019810611665486277e+01
4.044282451452017568e+01
3.876923968146918753e+01
3.877544333111243446e+01
3.934345200312377244e+01
3.856629025502969910e+01
3.800752672453573666e+01
3.906522810056592476e+01
3.938895309958584079e+01
3.663879633966799076e+01
3.896772906688520521e+01
3.975815666025969364e+01
4.018478467073937566e+01
3.852923103996926102e+01
3.891141607901905530e+01
3.973927977766352626e+01
3.979927800282251127e+01
3.837491327042229017e+01
3.969120687247206547e+01
3.766445290254161193e+01
3.852126150147268646e+01
3.926292677999050085e+01
3.811855358644530867e+01
3.939620392586763842e+01
3.889190812663783703e+01
3.788707063037107048e+01
3.872545271073472861e+01
4.033285147592530961e+01
3.780954487667975172e+01
3.975189069774315698e+01
4.014674922342612717e+01
3.816390812542779543e+01
3.863001338476438207e+01
3.759465791178168104e+01
3.938663380060524588e+01
3.880932890519482470e+01
3.968288038114711469e+01
4.064271665716495363e+01
3.874762898323126592e+01
3.964951991174459778e+01
4.009863793599154036e+01
3.965538882110399754e+01
3.815659797132595088e+01
3.826400618889222471e+01
3.942219320191322396e+01
3.763495410278711262e+01
3.831071250760376756e+01
3.950275367645924973e+01
3.895197116904774504e+01
3.906298467525231644e+01
3.890735918955541450e+01
3.826399542318423386e+01
3.895098968755684865e+01
3.724482098271094088e+01
3.917064906385008527e+01
3.833157541492619913e+01
3.813607649872176353e+01
3.960477724160807611e+01
3.872559872729613062e+01
3.926273673172469358e+01
3.751286937092577034e+01
3.927754919120408772e+01
3.935860998487316920e+01
3.969763673510216506e+01
3.838011111337736025e+01
3.889491581086373628e+01
3.837163456680467988e+01
3.977902382015912508e+01
3.891111202665511115e+01
3.862135172418548024e+01
3.975597358472271736e+01
3.848313120892861861e+01
3.873654967169953522e+01
3.907688082484433778e+01
3.878744111516218851e+01
3.834370958360494086e+01
4.048052861141702152e+01
3.789506786338727551e+01
3.910317351783034923e+01
3.906977149782163394e+01
3.854681184001189109e+01
3.931044886175878617e+01
3.734953486665648370e+01
4.003229301609562185e+01
4.000470776395557237e+01
4.048340066803933723e+01
3.891560729767049054e+01
3.903451062028228336e+01
3.730727447645540451e+01
3.887081738965395772e+01
3.950922281548672288e+01
4.065776120022043472e+01
4.059462171495098914e+01
3.869829598591810083e+01
3.889177779151200554e+01
3.855975401563005533e+01
3.917342229181254254e+01
3.872538378700326689e+01
3.857083707373017489e+01
3.891425360556442570e+01
3.829999000688759025e+01
3.939597143611661778e+01
4.009065281780534917e+01
3.772296510963739991e+01
3.824741198297457601e+01
3.989938754360252915e+01
3.864453249433473303e+01
3.875803081878731149e+01
4.052915213240869008e+01
3.875202940688724595e+01
3.885766256942227415e+01
3.958941133404622548e+01
3.906012893620751925e+01
3.908137449942928754e+01
3.832793501864312447e+01
3.923427487328432761e+01
3.929128063920989433e+01
3.946070269573078093e+01
3.928898935489588951e+01
3.962758153252256221e+01
3.768867110302068824e+01
3.986536428911221464e+01
3.888742953848126405e+01
3.974204906384321134e+01
3.763506542843644098e+01
3.898332608862145321e+01
3.882062831647889567e+01
3.962554758444056091e+01
3.887455022960415363e+01
3.932695577816951271e+01
4.038448515905022163e+01
3.885056922079018449e+01
3.890551430893788165e+01
3.852065149333985516e+01
3.856920653090973872e+01
4.024627957635706110e+01
3.766010143461929260e+01
3.897051321034884808e+01
3.877781835735075333e+01
3.728072671290885864e+01
3.784480804156248723e+01
3.961279440605704849e+01
3.901498689622647476e+01
3.897575739703351871e+01
3.843893368005884525e+01
3.758762959894478684e+01
3.970739058304281599e+01
3.951522875190499917e+01
3.895652386234316111e+01
3.875887617668449536e+01
3.980882096839633277e+01
3.820919393557813493e+01
3.895171601747914281e+01
3.842697929977121873e+01
3.785802173594100850e+01
3.905472714420416480e+01
3.740629517223577949e+01
3.925859290640087096e+01
3.890607034700025935e+01
3.984911817525647137e+01
3.963970129315526236e+01
3.889281015165273914e+01
3.856370794617002673e+01
3.975992049616185398e+01
3.906116147505885294e+01
3.756770569397559711e+01
4.004458889605803051e+01
3.872309381007150364e+01
3.914506014041730708e+01
3.998923612983817577e+01
4.083780292776692988e+01
3.912978256313081005e+01
3.909771212064809731e+01
3.760381186826214162e+01
3.918102689907906466e+01
4.035975397364094874e+01
3.983965381637416669e+01
3.870056851464960346e+01
3.901328841254494506e+01
3.816865756635037599e+01
3.845621143145581300e+01
4.023784371675537130e+01
3.845377079869948034e+01
3.854227186596781962e+01
3.818349470323747141e+01
3.821952089076328463e+01
3.846984584098891702e+01
3.833669712013492159e+01
3.878300371840881411e+01
3.917975671654474468e+01
3.891588836029912102e+01
3.926394050459681750e+01
3.905246724951926041e+01
3.978915206815848649e+01
3.821672238035512947e+01
3.889871531364497770e+01
3.839417959208613240e+01
3.859548712625019107e+01
3.839681207284821340e+01
3.942449472008139821e+01
3.778275860953366561e+01
4.002406744655308302e+01
3.966928071946504986e+01
3.933354539994861909e+01
3.920492935099698428e+01
4.002525584194777508e+01
3.914460391624184155e+01
3.838466034473698585e+01
3.913832399393660211e+01
3.983476280527428059e+01
3.901159346381485449e+01
3.818329520482534178e+01
3.866805596667835943e+01
3.995566414256651200e+01
3.842753051153161437e+01
3.922378255616527554e+01
3.830659847637694781e+01
3.863901769045234147e+01
3.819671519210555743e+01
3.905824033062689438e+01
3.839831980298614411e+01
3.888931629369881193e+01
3.911582142503228710e+01
3.919957375493628149e+01
3.934766108981269639e+01
3.818497100976679803e+01
4.010987838501984015e+01
3.848400411065735938e+01
3.908922841450507235e+01
3.882340207246494401e+01
3.912415132593834954e+01
4.053655713011605854e+01
3.877506611696858130e+01
3.889063574072454088e+01
3.761362611722779548e+01
3.877013050788165316e+01
3.910981204746630624e+01
3.969357290740867228e+01
3.984639485604090936e+01
3.913734335533526121e+01
3.744107837531052496e+01
3.946183927780768386e+01
3.916960222295018923e+01
3.985583107408920256e+01
3.782040041292988519e+01
4.050633279683602694e+01
3.942769055631805486e+01
3.888240317680528335e+01
3.900258552408641322e+01
3.826093662901786985e+01
3.832522392326029603e+01
3.839504361201731086e+01
3.832748684584074539e+01
3.959499584571638309e+01
3.933442054858485903e+01
3.841877138222441346e+01
3.688628938491456921e+01
3.851653689976799910e+01
3.934678471323866233e+01
3.844330449098480784e+01
3.878080592270216442e+01
3.825107191297897202e+01
3.963624040554353911e+01
3.762067711804915149e+01
3.894431559675366827e+01
3.758158242773995994e+01
3.970212275953797132e+01
3.928341649063888497e+01
3.824276168423534017e+01
3.960879400587219124e+01
3.965856526085908484e+01
3.896860229254654229e+01
4.004985233660013932e+01
3.892711525233154646e+01
3.915206680917115989e+01
3.876552150901601124e+01
3.806485541073750767e+01
3.846474410126639754e+01
3.845185180462542718e+01
3.945115611063499017e+01
3.947837741271725065e+01
3.967439761731388614e+01
3.867515912677442458e+01
3.911762047627917838e+01
3.906403509090234394e+01
3.829488202801596941e+01
3.822843602679034092e+01
3.943165481111542903e+01
3.838929379746812032e+01
3.957585891137946277e+01
3.847763524334964558e+01
3.806149047640494132e+01
3.901705731443824021e+01
3.950364489424212167e+01
3.780910924168693299e+01
4.007035079935219812e+01
3.908930170172992291e+01
3.898745335338983153e+01
3.859469107673282906e+01
4.004189249432213416e+01
3.987813711436855613e+01
3.887099028349913254e+01
3.942558103919273549e+01
4.037900778404792135e+01
3.806891605961480707e+01
3.851357587163391116e+01
3.902765032829734793e+01
4.008340847380861760e+01
3.783834776080465190e+01
3.994321207268384910e+01
3.998976673530582104e+01
3.811520694121243480e+01
3.921746141464872437e+01
3.994395980689473902e+01
3.877721852302215666e+01
3.956357244398684969e+01
3.894749644390186205e+01
3.818395861609641173e+01
3.795078882416589039e+01
3.842526988226254048e+01
3.877480170648173896e+01
4.018264759129353081e+01
3.910806930942392512e+01
3.902748213222469076e+01
3.958055541216313600e+01
3.986962636100059854e+01
3.958008304267781341e+01
3.838168293481077598e+01
3.971727444342455726e+01
3.947304950286098801e+01
3.777165998679349457e+01
3.990482381036946435e+01
3.965682635813707435e+01
3.933470059764662352e+01
3.740246234165037009e+01
3.793074903682679633e+01
3.908396878518509965e+01
3.697833735818273482e+01
3.909364671388347290e+01
3.883245861328101967e+01
3.777607839508780074e+01
3.906690734526165443e+01
3.843558038261676302e+01
3.844739047088548745e+01
3.876515460702301397e+01
3.948060537533838499e+01
3.968868079429086748e+01
3.725334295020228836e+01
3.935618053148507300e+01
3.866043865608364172e+01
3.872335222832200685e+01
3.892488939684537996e+01
3.842656809168945387e+01
3.800110469385334255e+01
3.783171300236146095e+01
3.990708483291920317e+01
3.798197744554832411e+01
3.822351888296390143e+01
3.800516738587764820e+01
3.796185504832310187e+01
3.930055028545361751e+01
3.903589039138346095e+01
3.903949332459838217e+01
3.872943371672253221e+01
3.817235450905516814e+01
3.852257100204661100e+01
3.932136397369301761e+01
3.782039710841341673e+01
3.955808939463820906e+01
3.764587351017413397e+01
3.884971470827069595e+01
3.871747053767140301e+01
3.762266387931347822e+01
3.965863224879359450e+01
3.868241344940486925e+01
3.811038328496267980e+01
3.956061984271131848e+01
3.957376064669700355e+01
3.971648261020308723e+01
3.909303152470391751e+01
3.918989627066545722e+01
3.866426252310745326e+01
3.793058706930753488e+01
3.790710612549600000e+01
3.787717515901592691e+01
3.991004140000308809e+01
3.919731996805587926e+01
3.837098578508401658e+01
3.848349067773252585e+01
3.891805915689752027e+01
3.894766558649796906e+01
4.002038781249692789e+01
4.055760746543252537e+01
3.786933104880682066e+01
3.941025988161408833e+01
3.894574615284103913e+01
3.871494343545120387e+01
3.861758418837468554e+01
3.898845627751272502e+01
3.857785480343716955e+01
3.940948349688579100e+01
3.908042472676411450e+01
3.889734614005322300e+01
3.978817964231504334e+01
3.867526545516350467e+01
3.909276632626929171e+01
3.892256479128403157e+01
3.889457967386349679e+01
3.854373446849742635e+01
3.954002388584441974e+01
3.861646114971346577e+01
3.843768253067841556e+01
3.824833702450531803e+01
3.796710705938474462e+01
3.844079448244175268e+01
3.917799156316001330e+01
3.824819757930446684e+01
3.804936904552813814e+01
3.829653524873960180e+01
3.820332257744303917e+01
3.865233627895077717e+01
3.818091084145271452e+01
3.896869386765021659e+01
3.818066160092002548e+01
3.830897086629973103e+01
4.019803800539506256e+01
4.034970032394642914e+01
3.930911543018493859e+01
3.847379081499521192e+01
3.963273591045953737e+01
3.915126621183746636e+01
3.842102244422935087e+01
3.937957286714846816e+01
3.846543226770629076e+01
3.884860744106551067e+01
3.900065740847870188e+01
3.855342255482956659e+01
3.848030727608747270e+01
3.929905700887699993e+01
3.859221143679751265e+01
3.932570060729218397e+01
3.857689306234851045e+01
3.806749231737924788e+01
3.837200595136327763e+01
3.875680105841995982e+01
3.871667273492300154e+01
3.962690650584908525e+01
3.902220480564339056e+01
3.863484344327550701e+01
3.878841667284562078e+01
4.017132113997449494e+01
3.887080745316760044e+01
3.869131279317505090e+01
3.898105345139197908e+01
3.901097465985626656e+01
3.898569528077467083e+01
3.869425093058702458e+01
3.774759005835502279e+01
3.971262961392225321e+01
4.089688166683936288e+01
3.982682845784225378e+01
3.932985388206836319e+01
3.855340819336907998e+01
3.915600954579957005e+01
3.881044453527782423e+01
3.899628175386469309e+01
3.873439897900920670e+01
3.888895897612189856e+01
3.867633909803266334e+01
3.783341832750221556e+01
3.935200651515821590e+01
4.006753480832459502e+01
3.920592862065199569e+01
3.908015914971964122e+01
3.783593508171995268e+01
3.846801902743107604e+01
3.820770586304416128e+01
3.960304255749342417e+01
3.879981223894100850e+01
3.884213632727512078e+01
3.885831108192324734e+01
3.855685120173366442e+01
3.779740439300958599e+01
3.809828045023806453e+01
3.864892767770689375e+01
3.805346488181081099e+01
3.790248793315475240e+01
3.828700169296027411e+01
4.005185421914115551e+01
3.844726163589903933e+01
3.891818544568992166e+01
3.925884031085722370e+01
3.874025206842036795e+01
4.074386572505401460e+01
3.900121208461298039e+01
3.845023009291244875e+01
3.868208843423342813e+01
3.882042812835755541e+01
3.794650519050722437e+01
3.765935443659833481e+01
3.926283245742273920e+01
3.833325318389128711e+01
3.848838117427174410e+01
3.788626805347382742e+01
3.866911684371086722e+01
3.809900895234626717e+01
3.903109071341123837e+01
3.940233619944939392e+01
3.951308859400457862e+01
3.835717932530020136e+01
3.873868857628213647e+01
4.061353016216053646e+01
3.870446687439068967e+01
3.878221917961155896e+01
3.912902639451160525e+01
3.985672250536716632e+01
3.878040277635561495e+01
3.859694872890305106e+01
3.826149868527416942e+01
3.888558502225572511e+01
3.839648639304163424e+01
3.873761934670445584e+01
3.772907192424297307e+01
3.997804012266580997e+01
3.936996062964820453e+01
3.830643316505576479e+01
3.893530531196215350e+01
3.896111584451823973e+01
4.015969981266669464e+01
3.952306272443518509e+01
3.788150779126307555e+01
3.977302432839989166e+01
3.817328268508212830e+01
3.852361708861650413e+01
3.920226881734203772e+01
3.982994107092611813e+01
3.929152126200626327e+01
3.995921003246093761e+01
4.004253202577376669e+01
3.843714300594932354e+01
