1.710437432634156263e+00
1.303988589495973793e-01
9.534299938756282122e-01
1.196425090076570497e+00
1.898154987846937036e+00
3.004712169540206812e+00
3.996194547054838786e-01
2.829333193799635104e+00
2.099972295420150736e+00
1.181099291340173219e+00
1.564252316091255368e+00
1.286530620711458628e+00
8.116888087286091569e-01
3.047903995961468215e+00
1.426119649094618191e+00
1.370386058618089153e+00
1.940878602848557843e+00
2.991702687170623154e+00
1.037736095453364982e+00
2.576736131008508845e+00
1.469531080427930902e+00
1.930368778073917158e+00
1.370192452900871771e+00
2.102326194045609942e+00
1.060348325913912815e+00
2.036290194889871952e+00
5.403546712395171925e-01
1.223042537277744923e+00
4.123499004425322800e-01
1.676140269028050467e+00
1.400165389409860905e+00
5.241916039337926048e-01
1.661949956303993003e+00
1.866308121925559282e+00
2.425248130601247887e+00
1.548091004691191097e+00
6.788142138783969104e-01
1.667824802137606754e+00
9.506604620815481965e-01
1.643855880408572778e+00
3.188610385205278508e+00
1.097103848592279718e+00
1.323692087556994190e+00
1.030322373273458991e+00
1.158358676879021276e+00
1.584443202781042226e+00
8.321148759637017056e-01
2.312498742761148307e+00
9.094748839335905499e-01
3.067448677241180199e+00
7.738704732616508153e-01
1.414411503930991465e+00
1.557843247572372469e+00
6.828883641567117246e-01
2.174050275540842847e+00
1.491195470008908730e+00
1.410021422250948175e+00
2.610435278983882057e+00
1.322983718098050376e+00
1.742532496424791910e+00
1.898765387234472968e+00
1.264040398749589844e+00
1.568932664594847370e+00
2.305247844267656721e+00
2.241413273327653055e+00
1.866782490051058341e+00
2.211154586332605643e+00
1.780866131842919975e+00
1.073070121006386435e+00
1.156055891272242730e+00
1.579618048495603722e+00
2.846413935660994987e+00
9.857874240428021739e-01
2.213826971073722394e+00
1.318932679685782317e+00
3.104952893958731419e+00
1.888261274322098116e+00
2.263556073078691000e+00
1.756123925258093577e+00
1.538890587014129840e+00
3.220435539483530896e+00
1.151627617082939148e+00
1.172163647633041927e+00
1.457926960281032747e+00
1.375523911918301145e+00
1.052319587604674478e+00
2.161759689396936857e+00
1.516870870875885124e+00
2.079202313189575158e+00
1.794227896014697121e+00
1.266132420963922200e+00
2.254104971659280920e+00
1.957907235812039959e+00
1.408946859706817989e+00
2.291976767054352049e+00
1.726744539803240608e+00
3.781937918044138147e+00
8.927469622996543341e-01
2.804384477059539638e+00
1.086872777061051787e+00
2.580965028653781967e+00
2.362787338317486885e+00
1.920994028142004151e+00
2.685032421265784564e+00
2.005700765272598218e+00
6.390316798326061143e-01
2.027562644578407625e+00
1.760581851132184683e+00
2.415165545267163427e+00
1.792443663125994346e+00
1.605053992470252489e+00
5.167690286837466340e-01
1.261944661831398307e+00
2.253046621127520410e+00
5.498591417257550074e-01
1.999510599905576225e+00
1.904472809646445164e+00
2.408440552650239486e+00
2.855382296582690493e+00
1.147225756054193635e+00
1.007016579267598466e+00
7.025827228020019577e-01
1.074291781358473585e+00
1.629577102928577936e+00
2.427080264201238791e+00
6.900151594914963882e-01
1.448721252622751976e+00
1.456868471757601924e+00
5.345582456046155118e-01
1.554896025073503552e+00
1.552868452470292260e+00
1.413888132372657980e+00
2.261277736321738452e+00
2.440294273248962309e+00
1.830940729527414712e+00
1.463704847734270453e+00
1.012560477460590525e+00
1.808032256076953503e+00
2.329138839448035458e+00
2.203816691707279229e+00
1.860536984817419359e+00
1.889749817821802624e+00
1.016920120877835787e+00
2.202391104932254873e+00
1.260899688496445625e+00
1.160573413299078815e+00
1.398139487758450317e+00
1.001171579258917532e+00
1.060145761608217052e+00
2.462987035885229492e+00
2.206432277846859691e+00
9.191644614811362857e-01
2.503317505298185974e+00
1.115532953661685367e+00
9.854685103211295871e-01
2.602821632670345942e+00
1.468298328037211053e+00
5.629014553639677398e-01
1.065740743292508785e+00
3.254458109704608137e+00
1.929553830089169919e+00
1.792798466065102625e+00
1.406975335645840097e+00
1.807062530240181486e+00
2.113147184499631681e+00
1.380510293860067517e+00
6.037220175124186072e-01
2.494402705486354677e+00
7.384414758691522085e-01
1.251524046217044717e+00
1.239182758707838561e+00
5.627408730775206314e-01
1.227734288915220295e+00
2.310292321326336662e+00
2.148194771994550667e+00
2.144997600947428751e+00
1.606612640965058958e+00
1.953148963850983799e+00
1.250656852458013946e+00
2.582126265217411731e+00
1.708839495219327542e+00
2.330316494798828408e+00
4.393686123919627873e-01
1.485138852571287194e+00
2.444530434113362460e+00
2.427080975793921569e-01
2.142344454622501893e+00
1.599669939772619731e+00
9.439404725679254593e-01
1.939751439376647291e+00
1.468201919250607057e+00
1.652228320753752921e+00
2.787252993510722643e+00
6.161081078052608184e-01
1.723478977687985525e+00
7.051582652539382101e-01
1.586431656256620526e+00
1.342784899528187026e+00
8.904481088802820299e-01
4.934489601966338679e-01
1.262638007185258759e+00
2.024121269348432950e+00
1.781948254077607707e+00
1.912797285307319628e+00
2.418913823876945202e+00
2.141261883913543773e+00
1.637089313573489857e+00
7.935533117074117238e-01
1.901939111775535318e+00
1.534266996251123061e+00
2.357258842904246254e+00
2.404291507781989079e+00
2.096533018935438530e+00
1.395728401662247764e+00
1.612466422488252560e+00
1.529696895036837478e+00
1.571541307811989308e+00
3.079441519865911747e+00
3.711872022701001583e-01
9.964719116485892814e-01
2.585833411491713640e+00
2.148625234577218102e+00
1.213329782704902104e+00
4.523683389403216348e-01
7.555013792403036943e-01
1.775142949804092707e+00
1.431692888151173904e+00
1.029907083978073012e-01
2.019081156628833806e+00
1.956277771777616747e+00
1.780004561981527234e+00
3.654267855805646420e-02
1.176444461819965648e+00
4.630805736817266149e-01
1.263039902241349877e+00
1.603434497535116687e+00
1.766404727789783857e+00
1.576648102860354062e+00
2.712433960065367078e+00
2.285511391040976559e+00
3.385122181089775251e-01
1.904028452756584722e+00
9.528394113947059596e-01
1.761246343295296501e+00
2.481015224077296466e+00
2.387383008593181533e+00
1.658641560406468818e+00
9.797754428523337555e-01
1.293619401818669523e+00
2.562104162179113409e+00
1.339199981920005111e+00
1.437044277912214563e+00
1.486480688149486529e+00
1.906617248793761599e+00
1.183141941944675368e+00
2.473069702695794181e+00
8.488879347182313184e-01
2.035170781127606965e+00
9.731634073294094522e-02
2.372783261065111393e+00
1.807168591281035130e+00
8.545957483600268301e-01
1.253306162684784564e+00
1.686117759046058096e+00
1.263087954832661008e+00
2.509593323057655034e-01
2.129135884113678046e+00
1.209216015641253694e+00
2.238333771581187293e+00
1.358802162476069109e+00
2.291699973915922506e+00
1.724121944493982816e+00
2.327366297442295728e+00
7.746575209748756130e-01
9.144109122261007139e-01
1.919977904301353844e+00
2.302536347759745805e+00
6.694305749795048666e-01
1.488209614794062885e+00
1.907907102886755357e+00
2.502505548218492692e-01
2.118391885293967825e+00
1.980259552327366279e+00
2.134451839931769346e+00
1.177292943529268721e+00
7.691109507973074022e-01
1.438055579417445440e+00
2.438444576498086658e+00
1.360221261319721986e+00
1.976764697654483038e+00
1.321011837949093826e+00
1.122509105537431218e+00
9.670709930337871851e-01
2.675920928121708009e+00
1.323286081474413178e+00
7.338019054084771176e-01
1.377334146301774753e+00
1.044228892572807377e+00
2.605762636095699580e+00
8.508198216040374628e-01
1.955799582932263414e+00
9.967027441229291407e-01
1.488578778792913448e+00
9.881180358263645935e-01
1.204588698229444033e+00
3.526885757731194615e-01
2.491378115687794548e+00
1.115968625786380786e+00
2.773705801968508577e+00
1.954994632101186847e-01
7.487473964531108361e-01
1.654170560463096518e+00
1.202292413463481147e+00
1.315144229969834155e+00
1.417630084450531847e+00
2.364995280305847825e+00
1.777809783059884685e+00
1.495866991451858752e+00
1.591015015600607319e+00
7.819972327301825121e-01
5.986847217133852705e-01
1.292047330050325682e+00
3.299718823912680676e-01
1.760509815164533198e-01
2.279408221041313853e-01
1.762621105249084108e+00
2.119372253105170856e+00
2.370468844154883570e+00
1.876620627861022239e+00
1.139053525150625745e+00
2.026963305738093357e+00
1.886421258230945308e-01
1.590059263994068495e+00
1.211523424622534151e+00
1.619445215782749470e+00
2.569653054521106927e+00
2.683367280157029189e+00
2.065324656999694586e+00
8.355742917750834664e-01
1.783395575880463380e+00
2.218729831842045641e+00
1.550225088272855656e+00
1.391099633798132285e+00
8.504716293436392904e-01
2.059474662380618160e+00
2.101623434433307125e+00
1.979111100344522756e+00
1.941848425539829615e+00
6.206528457396228715e-01
1.601077507439128356e+00
1.649689738320077037e+00
2.333145113970851892e+00
2.400470223568246020e+00
2.184356589483523514e+00
2.432796409737094656e+00
1.944181667032180094e+00
1.780233643384482978e+00
1.688354492640530058e+00
8.622105007349100125e-01
9.349337519086420301e-01
1.672950993614673587e+00
1.758745237048048082e+00
1.161076634432920862e+00
1.242838678531260843e+00
2.513408525864585297e+00
1.139342038072332253e+00
6.118272231953475471e-01
2.965759570605035034e+00
2.191137674318665685e+00
2.159314256082778716e+00
1.820680728274865601e+00
9.560396128085877354e-01
1.518106747575090676e+00
1.352299176408651160e+00
1.439406234680926655e+00
8.161183915478477102e-01
1.015550851021736145e+00
1.220042330598298363e+00
1.463885939699498762e+00
2.326108793278001574e+00
1.430295192099258150e+00
2.172577849197211641e+00
1.428495503456895355e+00
2.248217142851808958e+00
1.425148311696498249e+00
1.568561669634066735e+00
1.425596671400712223e+00
2.259391494541712841e+00
1.806689560645801551e+00
1.091271172591374405e+00
6.788536003179044265e-01
1.519259580858486336e+00
1.281991762638688082e+00
6.453739392146851106e-01
2.238052044000533147e+00
1.760005370271180647e+00
1.865718676412422727e+00
1.890845996141549967e-01
1.597157598681694379e+00
8.816634679355807025e-01
1.168620337338426962e+00
2.651383285243289922e+00
1.816342818286391658e+00
1.559777630999353182e+00
1.876854939448195259e+00
1.537501353945157634e+00
1.564055172156856022e-01
2.300650220874115526e+00
2.093143869292972248e+00
1.624938198637497777e+00
1.573399096390803997e+00
3.455919983490937653e-01
2.405298870889246654e+00
1.833464849022269583e+00
1.627986252628975894e+00
2.432255764546380927e+00
8.076836329650223245e-01
8.617964105643270978e-01
5.920778192074735991e-01
7.996192723613406717e-01
1.829603948816972636e+00
4.925336924448285858e-01
1.618560339206616128e+00
1.389368760199589659e+00
8.449018424567947827e-01
2.234213858604135350e+00
1.857111858712700458e+00
1.539731641620531333e+00
1.749510607534022544e+00
1.004325223490006858e+00
1.699377198735148919e+00
1.155614190454429036e+00
2.730782274387518971e+00
1.843874453241701294e+00
1.656578592143774564e+00
1.941131474826786718e+00
2.772610856158399528e+00
1.155205029620100188e+00
1.771873889099017552e+00
1.092543613186670148e+00
1.742775033491801961e+00
1.477648152785353552e+00
1.532480131134617229e+00
2.192608954870216009e-01
1.545210392336384464e+00
2.926359721056996488e+00
1.552813794144519033e+00
1.688940959659863905e+00
1.684853676501669950e+00
2.319936732662632117e+00
1.576685639282034535e+00
1.616229761595891379e+00
3.148980142912852220e-01
2.750450403276829547e+00
4.082931625782460494e-01
3.176256178277599984e-01
8.134826117129714262e-01
2.055236418125817366e+00
2.504531613684124469e+00
1.463058958017674493e+00
8.162417663654049083e-01
1.572346240003344331e+00
2.163630231538908433e+00
1.484864014697731660e+00
7.199112368515973026e-01
2.078642195087863964e+00
1.483588136837350246e+00
1.115265030219943165e+00
9.015001347857013458e-01
1.454487410572852246e+00
1.866648860647387442e+00
1.691759645560596326e+00
2.211942942264261358e+00
2.010516334040434838e+00
1.736349677377035938e+00
7.914505724236544637e-01
6.034543666417213625e-01
2.036121630929125903e+00
7.665144312218233891e-01
2.627083741464557143e+00
1.103037025550167805e+00
2.151736071118091509e+00
1.575635063764814880e+00
1.944709638000672980e+00
2.286999527831598655e+00
1.768892472862410692e+00
1.940925004892807948e+00
1.056378883858468232e+00
7.523491592778268622e-01
1.711529832542980412e+00
2.161073221460303007e+00
2.191695019785734111e+00
1.260546370417693796e+00
8.581230927735004066e-01
6.691570358709372224e-01
1.056161780617237644e+00
1.354653129729905370e+00
7.693660515658614640e-01
1.434500464818550647e+00
2.237929039924653196e+00
2.295356420545466403e+00
1.318449394144944664e+00
9.552720820445619321e-01
1.943393792727525549e+00
2.567611164486318209e+00
1.373196592077042144e+00
2.328528855876063286e+00
1.389674246912957267e+00
1.317791678772832764e+00
1.039764507315982467e+00
2.033594368468858882e+00
1.430386250114433544e+00
3.068470998364575930e+00
2.372752599746926983e+00
1.797711148149193416e+00
2.507417025823982293e+00
2.012736088073725504e+00
2.951130957197762861e+00
1.478282975627817297e+00
8.432857784237987042e-01
1.912471495638835561e+00
1.872446653875154299e+00
2.179655045557006066e+00
2.284558310014296989e+00
1.530061677778824070e+00
2.083565373782481966e+00
1.494699873200353135e+00
1.691552733670957709e+00
1.600968118596707512e+00
4.894939468527763071e-01
7.322562654042957808e-01
1.558996121108758626e+00
1.142569993937022410e+00
2.874408888035397958e+00
1.383643500960029638e+00
2.269255405259510194e+00
2.125941732126328976e+00
2.070221665800996202e+00
1.412586818915545939e+00
2.212010760064161197e+00
1.445948362644417395e+00
4.500852126079103455e-01
4.634296955715929145e-01
1.569605526921521665e+00
1.948394808843581627e+00
1.807072683177585404e+00
1.402049223346443663e+00
1.368706022570637559e+00
4.280986325213176902e-01
2.973412395574429823e+00
1.199708417359912849e+00
2.347059735717554663e+00
9.601626195380347228e-01
1.134987565878142313e+00
1.809507742757790361e+00
2.702703438343329712e+00
8.999293732565160076e-01
1.068526041204898691e+00
2.207408091335046674e+00
5.853393755882611016e-01
1.118274748415641229e+00
1.929275870818024208e+00
2.034317657472648033e+00
8.728795302103707909e-01
1.466803625076984030e+00
1.178386886105126541e+00
2.181586491087093016e+00
9.782300196828583871e-01
1.514810889236678060e+00
1.481015731291741355e+00
2.059298947414001546e+00
1.705517841404913915e+00
1.994532786082231057e+00
2.920964766599501328e+00
1.135871183148585262e+00
7.064371910269823251e-01
1.560964851119943653e+00
7.343471535184766807e-01
1.133385477301561028e+00
1.990890380198097498e+00
8.498108921983513753e-01
1.379204327498322113e+00
2.723279234303025431e-01
2.508758466431054490e+00
1.770268223239760630e+00
1.884969262078032060e+00
6.934856508186924007e-01
1.609635273973151870e+00
2.003213430484479307e+00
8.894538286210571520e-01
1.546662042448589292e+00
2.204796435740123073e+00
5.115441609316336846e-01
1.377045814913306021e+00
1.681262120299554352e+00
2.620511919995182293e+00
1.403996372054209241e+00
2.001539871075297961e-01
2.025032600271502226e+00
1.787966636777780227e+00
1.891789094954511086e+00
1.334960228648260916e+00
8.393403372715292354e-01
2.173134997620577380e+00
2.599060123494130625e+00
2.108064581660892944e+00
1.259260870256745601e+00
2.223416749184944141e+00
1.238053449954207075e+00
1.386916935642185544e+00
8.083761413932621931e-01
1.496069832176662340e+00
2.184856004390431483e+00
1.245288331600339360e+00
2.628453149475648676e+00
2.430154545035668967e+00
1.392909183027275066e+00
2.456698325810679151e+00
5.403977161620923120e-01
3.720155347902701637e-01
1.593467277176110919e+00
1.822382664491137838e+00
1.048594823693753009e+00
8.683924566016651969e-01
1.806456299189777015e+00
6.537034419684361053e-01
1.544685862524193487e+00
2.771811888630582033e+00
1.634700432622256949e+00
1.359109056890329903e+00
1.428012404123061296e+00
1.781059125082265160e+00
2.825988509546302652e+00
2.057252881285020152e+00
1.219452202139185593e+00
1.360308472701242222e+00
1.978116809817762611e+00
1.444143145226635561e+00
1.472326488960575386e+00
2.812509856066220948e+00
1.977159634670818900e+00
1.183268689794488182e+00
1.135830308311712056e+00
1.907422450211764486e+00
1.873644608031746150e+00
2.017160027146345680e+00
2.158681658169081974e+00
4.031358808714016195e-01
1.683874356357839774e+00
2.095248919757646267e+00
9.091569493682761793e-01
1.550812136144745335e+00
1.193849100731449786e+00
1.380906701506285250e+00
2.140294974470659195e+00
1.942056659595544410e+00
2.020539711960623208e+00
9.692610201179534535e-01
7.548902305139403301e-01
2.300028506089633495e+00
2.778346932907323374e+00
4.139680387051972943e+00
1.608520200247703258e+00
1.542047190235351195e+00
1.439306182302781956e+00
1.775916648219006078e+00
7.392308175414388227e-01
1.569551967910246759e+00
2.519796108326169293e+00
1.783255211946016550e+00
1.917962858452884056e+00
4.444719202281067205e-01
1.201989146288410248e+00
1.209379929452595759e+00
7.212728588525250117e-01
3.269409545842813181e+00
2.474425464378872341e+00
7.122092997317284180e-01
8.121043879717297909e-01
1.378109027117696117e+00
1.728857362338290127e+00
1.099004623668133451e+00
4.633264904786381644e-01
1.620592904348335805e+00
1.629870675504635269e+00
2.338666720448307590e+00
2.199137291978713993e+00
2.137732405969338778e+00
1.389450047693939760e+00
1.708645552599449058e+00
5.823319913082805055e-01
1.103055140747497775e+00
1.042602629365379396e+00
1.450403349241914386e+00
1.084936276990594139e+00
2.661944810201447797e+00
5.575577255781289931e-01
1.860894489400115370e+00
1.511221892381795273e+00
1.861327999132688094e+00
2.542834798718121014e+00
2.093667499146398825e+00
1.213242101750694912e+00
2.503220902163358907e+00
2.572477170251100009e+00
1.113421310513109663e+00
2.983580030216698376e+00
7.779359849571805263e-01
8.466552478449519414e-01
2.831399666649353275e+00
1.816155955589248805e+00
2.304428273676484729e+00
1.971888340191965128e+00
1.862662691092980438e+00
8.139262571133371038e-01
2.927635856241680656e+00
8.652133597873457038e-01
1.791588002297736182e+00
1.777304826097482193e+00
1.791905037721980509e+00
4.095448738888834428e-01
1.655037209814242738e+00
1.675887279167121990e+00
7.807638414994652054e-01
1.230106514566695397e+00
1.540936037377814039e+00
1.881961474055295014e+00
8.033486248057046808e-01
1.503235140817128501e+00
1.420552027656946770e+00
1.413822542275538163e+00
1.946853557635280341e+00
1.518139720637732726e+00
6.904960677054206020e-01
2.166699228485831963e+00
2.763150443277372581e+00
1.516505715189586656e+00
1.265940805514671696e+00
2.029039457557191284e+00
9.008091672380464932e-01
1.713497137866374809e+00
1.004294683850205594e+00
2.082768142056791838e+00
8.777753928106828418e-01
2.706100728228840513e+00
1.836019683235573741e+00
1.041946417062989960e+00
2.134452482423543795e+00
2.725947113353856643e+00
1.309887659338599519e+00
1.503891371600626803e+00
2.061891893861838021e+00
2.211634272115980515e+00
1.649930813927533713e+00
7.694338170743393324e-01
1.376514298654879065e+00
2.918301860963062211e+00
2.632574205832374670e+00
2.856723970324745121e+00
2.952179249201916544e+00
2.641638420788909869e+00
1.429985577868579938e+00
2.216748364671928595e+00
1.403646370786206798e+00
1.494068890349541157e+00
2.634764832163290826e+00
1.614855323327581527e+00
1.474800902993862017e+00
2.565365422288000019e+00
2.013314124690090523e+00
1.624192333579178804e+00
2.262383515142177615e+00
3.116481154011707666e+00
1.854494138833685302e+00
1.881545640802335884e+00
4.672853302676983067e-01
1.448089032796420650e+00
2.137663639430981366e+00
1.374880862252927383e+00
5.736989319552903144e-01
1.679821001297855165e+00
1.897525812320825178e+00
1.227039043745953073e+00
3.168129158799014355e+00
1.807250952094512364e+00
1.229034652112447334e+00
5.739634823846226919e-01
1.048804735475827421e+00
1.781216825490822719e+00
8.652365053804005335e-01
6.174763109476156808e-01
8.780328074083875167e-01
6.368583270245387062e-01
1.731523807552039607e+00
1.014257881591578370e+00
1.027338079826223272e+00
1.012717010137438090e+00
7.739100687870396900e-02
1.034772011269680103e+00
8.503032370915456495e-01
2.460536367761689824e+00
1.013475129717693379e+00
1.624450447558884125e+00
2.913262694824166221e+00
1.962984594790568305e-01
1.423283195115895294e+00
1.781611813140533407e+00
2.148894775939541812e+00
8.847503027753493843e-01
7.561238244971075773e-01
2.239594786160021833e+00
1.456697269423984364e+00
1.296923252340317356e+00
2.465313143127750628e+00
3.313057973476310369e+00
1.457552830617660833e+00
2.204082338241001526e+00
2.518584635987760389e+00
1.353337714210781417e+00
2.608311308756095848e+00
1.212104692053359800e+00
8.660789707242443347e-01
1.958572920241133941e+00
2.115488008429857736e+00
1.696604436979158192e+00
1.166457673579788246e+00
1.117166755609145357e+00
9.895475289392456908e-01
3.520096494907665186e-01
1.202963984543910847e+00
1.013205990095468190e+00
8.335635871562993016e-01
1.720913100157736020e+00
4.256383261877563218e-01
1.755959822728446751e+00
1.201816838040786983e+00
2.599969222587065865e+00
1.649789925379231192e+00
1.932177046829422595e+00
6.772491215571952994e-01
2.304607041425546843e+00
1.919699884773212517e+00
2.269139845270692124e+00
1.654265508467501089e+00
1.605128426463438673e+00
1.650723486364395809e+00
4.744899460842836314e-01
2.093932742442894845e+00
2.158557854386717434e+00
2.227910016057494058e+00
1.312257941901803893e+00
1.978489650046229009e+00
8.633210318259589844e-01
2.807929455388637141e+00
1.701443877493929335e+00
2.183403662644725074e+00
1.445265418292648762e+00
8.873331351043292070e-01
1.134260871964188899e+00
9.472741641165043358e-01
4.234678330692582260e-01
2.642283085999270753e+00
7.159380877610985738e-01
1.206631781083467247e+00
1.962966982054399623e-01
1.700661271127984930e+00
1.662011179850096498e+00
1.396940738349528921e+00
1.693619731771796699e+00
1.235869606153058742e+00
1.583694448863259163e+00
1.826776850636833149e+00
8.848417245421912047e-02
9.186244366687951191e-01
1.025281178539791282e+00
1.382557231967523226e+00
3.132716132203638537e+00
2.041430422336043993e+00
1.894218168044428108e+00
7.521274081785771504e-01
3.376856873511271395e+00
2.490634692392726279e+00
1.788334028206790327e+00
1.805980278099147629e+00
9.272128496424015820e-01
1.554935646724062925e+00
9.338143560433886936e-01
8.676755171175575265e-01
1.523181114779415424e+00
1.301225435442605605e+00
1.129974164074896814e+00
1.698982029290508899e+00
2.054691909247913451e+00
1.368322294574579878e+00
1.586292555650737013e+00
8.886144710636716404e-01
1.639529143557435731e+00
2.732792407728758644e+00
1.435957900905486140e+00
1.022934405447497141e+00
1.349906717523965183e+00
2.123268559702051750e+00
9.401170827948540643e-01
2.747757150924576397e+00
7.500790189197733548e-01
1.267236175792640251e+00
7.790453006484092668e-01
8.601129243344047826e-01
1.345803723310422084e+00
1.595891783125661822e+00
1.418690403206433581e+00
1.656208437367271191e+00
2.061891252792158014e+00
7.048779750205786954e-01
9.587553818609491074e-01
1.600854544591464146e+00
2.249463017934377529e+00
1.203555748949782123e+00
9.592223005471860464e-01
1.625194578457950012e+00
4.721504139062601690e-01
2.054825712028117035e+00
1.888572911318227243e+00
2.100613494671164094e+00
8.530445953665587444e-01
2.085064364683840044e+00
6.810443615765919834e-01
1.834731789522808798e+00
2.381385012585119920e+00
9.391178672180110487e-01
8.519021630740416517e-01
7.323135821492824382e-01
1.652461027034969998e+00
1.911652323103540718e+00
1.934600269305609688e+00
1.782441683166539503e+00
2.201670555791210404e+00
8.217768540045614634e-01
3.092265225698572539e+00
6.177606016835774927e-01
1.996634993056712215e+00
1.629272033377384687e+00
1.789737665284607759e+00
2.532778614156779629e+00
1.019428869315831987e+00
1.605959550138466474e+00
2.432695143415803951e+00
1.377383537479010212e+00
2.311498012310183370e+00
2.096177053899657583e+00
3.170713145306061076e-01
4.410178660182133004e-01
6.193192281188989456e-01
1.683307463170810037e+00
1.196011116960161935e+00
6.698793399363558443e-01
7.184210217049503688e-01
1.183460041035479637e+00
7.149855034735393966e-01
2.501952033672615539e+00
2.754044366399301946e+00
1.421971635821593027e+00
1.067605379874771332e+00
1.379809634787875883e+00
1.346633216643925213e+00
1.288230249495155855e+00
1.533070278754472993e+00
1.513234795434561297e+00
2.074830473046974877e+00
1.159392946821426351e+00
1.689873039317234316e+00
3.147227055733387679e+00
8.823969910347441159e-01
1.996743925082546944e+00
6.753177508837406862e-01
1.311873431822597968e+00
2.582652146880584532e+00
1.866684091533731715e+00
8.650564605822794739e-01
9.987440062398632579e-01
2.026195131048070586e+00
2.366408342281935973e+00
1.233592153228945998e+00
2.747614713114025498e-01
9.932737868806305048e-01
1.638538589429314518e+00
3.428953337868989593e+00
1.401007888948114344e+00
5.787132578451122944e-01
1.372149071002192855e+00
2.750729994487779440e+00
1.408249226284939759e+00
8.658792382650155606e-01
1.066779373156976130e+00
7.316720539277224988e-01
2.022077792044054245e+00
1.471556014291544923e+00
2.023626865216432424e+00
1.795438396759786448e+00
7.151898335848029253e-01
