3.622848317739510549e+01
3.938740624671213908e+01
4.044890944872910410e+01
3.764616027696420986e+01
3.926968005769439429e+01
3.859795632127396203e+01
3.947961513202565698e+01
3.990717625007116709e+01
3.877805848583712844e+01
4.055135113191364127e+01
3.882434548293163346e+01
3.878183379380221396e+01
3.693938966376455113e+01
4.355927778431470188e+01
3.814630116045207586e+01
3.818574189154070098e+01
3.687141895333685682e+01
3.824106228712474120e+01
4.238317473252489265e+01
4.011674457921153447e+01
4.226387895792953486e+01
3.906305579667048988e+01
3.991391358361609321e+01
3.895191381114849349e+01
3.869208372928369499e+01
3.806681956670274047e+01
3.858401231291168187e+01
3.735567365976825016e+01
3.729933482993919824e+01
4.317694819000592332e+01
3.775108246638222198e+01
4.140253625522188230e+01
3.800626743777387162e+01
3.792351962213246708e+01
3.795248970673579691e+01
3.984702560242074298e+01
3.953319820371077498e+01
4.101459454801138094e+01
3.727035583574037503e+01
4.354547762798128474e+01
4.135874939230844660e+01
3.824926057218439013e+01
3.873804773493488085e+01
3.765904103312173845e+01
3.873616350997657065e+01
3.938695831477105003e+01
4.131681730308338274e+01
3.827610145582460888e+01
3.615935531681631687e+01
3.876570337349164674e+01
4.044827823151807422e+01
3.928652884894427899e+01
3.826092858455338330e+01
3.563462678467684697e+01
3.943909546633842211e+01
4.050962920256358046e+01
4.403996871628279308e+01
4.415039487034294297e+01
4.025340001162637549e+01
3.531163859476174594e+01
4.264040140727595940e+01
3.960607326189137467e+01
3.935321994815686963e+01
3.747690282182404076e+01
3.944223713186107005e+01
4.012752214733536249e+01
3.897116006178039527e+01
3.979736839154944050e+01
3.860189075494452027e+01
4.222779788308846349e+01
4.213404263025812924e+01
4.286205179812213828e+01
3.713165998100657816e+01
3.918011118255002145e+01
4.035049084256615970e+01
4.138251053391452672e+01
4.106342393444817418e+01
3.957998005978132028e+01
3.670163023859596763e+01
3.371789250493302603e+01
3.638201237736318205e+01
3.849586993764989273e+01
4.114341685507066870e+01
4.193140212973627712e+01
4.191372411396341846e+01
3.837459716481269112e+01
3.856815900213953796e+01
3.829068624287820199e+01
3.948687493834331974e+01
3.745657124695796369e+01
3.612055382496900791e+01
3.720449941899200752e+01
4.179583311531311551e+01
4.155609233438378425e+01
3.681268013006622652e+01
3.990837457688134293e+01
3.900561208243624378e+01
3.674594078097957350e+01
4.227679982579739004e+01
3.862933869668873399e+01
4.056973918892705200e+01
3.707073546175304557e+01
4.031234205205625898e+01
4.026965498207545124e+01
3.936599674144574834e+01
3.647506364656287303e+01
4.205353533434600166e+01
3.799549324824429419e+01
3.846438041126708640e+01
4.332705920943488564e+01
3.598456909220358568e+01
3.794976996656741619e+01
3.879565152920383042e+01
3.671017727675525322e+01
3.792454538811112741e+01
3.741226155340057602e+01
4.111181728916584177e+01
3.554314867450199955e+01
4.433286638560485926e+01
4.252709175138834041e+01
3.551121594892554612e+01
3.809317326655980906e+01
3.890188261937137071e+01
4.142657816508368995e+01
3.917021458864797268e+01
4.263550742453058717e+01
3.245597387470871098e+01
3.917919076992320271e+01
3.886419365537381054e+01
3.830090779929809486e+01
3.800200691270994469e+01
3.846087583418603373e+01
4.160448344105906671e+01
4.017416352983811834e+01
3.821113544289737973e+01
3.803803962802690819e+01
4.175649682054920220e+01
3.584175611251972526e+01
4.212304782564196159e+01
3.858214830980107024e+01
3.823637560937314817e+01
3.983288713717503526e+01
3.854020660228243145e+01
4.023088692663100829e+01
3.771066348697086568e+01
3.960588063374857626e+01
4.488970351512429602e+01
3.707128841669482711e+01
3.890398863469253854e+01
4.000794338914362669e+01
4.161455696380990332e+01
4.099215246580274652e+01
4.243584239351362442e+01
3.650399219223621827e+01
4.009615477482574164e+01
3.632439334742380765e+01
3.759121294515969680e+01
3.815703880085346356e+01
3.869483517839140774e+01
4.035322587540536432e+01
3.983582259311851459e+01
3.486957043845735171e+01
4.224203924411357036e+01
4.000418064023278930e+01
3.736385895503651966e+01
3.621429314494853458e+01
4.004719744997711217e+01
4.002730464458305448e+01
3.755343243675510934e+01
3.739109222167566315e+01
4.163177601805634964e+01
3.980451665333838918e+01
4.145237202002332566e+01
3.622320028418584315e+01
3.940858835175513519e+01
3.711908356054330937e+01
4.009620523735648590e+01
3.649131065075411584e+01
3.863910633971899244e+01
3.725397089428840047e+01
3.940597787880505365e+01
4.060169724213481857e+01
3.568773007282544540e+01
3.763142219359745155e+01
4.265380056118456764e+01
3.820788878545727130e+01
3.804257328754261636e+01
4.014320801644624481e+01
3.523665066852546346e+01
3.753116284420669757e+01
3.829837910551376012e+01
3.899537969195439757e+01
3.654343420910210227e+01
3.922981821969256089e+01
4.153933074524503866e+01
3.865511450844163477e+01
3.928350875219128824e+01
3.862096624804379275e+01
3.680764988309582009e+01
3.989872147874611130e+01
4.073165829986314179e+01
3.701410518905073843e+01
4.143612454821388269e+01
4.012162462793965290e+01
4.044058387900442852e+01
3.792598854577506273e+01
4.347195526469325699e+01
3.955747078751379320e+01
3.390100336451229168e+01
3.913388049528657575e+01
4.167586993771650583e+01
3.671115859265115944e+01
4.207958522763177456e+01
3.962305396652343603e+01
3.868878619508101480e+01
4.033370764930917574e+01
3.865048934326048169e+01
4.018819933664045863e+01
3.453226880845724622e+01
3.926756104477436793e+01
3.777886270908096833e+01
3.875979950302763655e+01
4.042194297284966353e+01
3.588277004518853630e+01
3.399805670295860693e+01
3.627626148985378052e+01
4.019486050427061485e+01
3.655720261549549832e+01
3.860082867994315592e+01
3.811897993075445612e+01
3.530320230463931352e+01
4.064978542676762174e+01
3.870670749483556250e+01
3.865111681187023152e+01
3.959108886742257027e+01
4.064196574060045464e+01
4.024071909879758380e+01
4.012720930860646718e+01
3.965737118043162468e+01
4.206740330880530365e+01
3.827178251630007111e+01
3.840001763781464916e+01
3.945018692029771756e+01
3.823719518681048868e+01
3.916312890429424698e+01
3.885572259908946791e+01
3.617414326916649969e+01
3.976893992821558754e+01
4.073109641713104878e+01
4.047215089846928748e+01
4.187463912126494137e+01
3.834253233808548345e+01
3.939904146494796322e+01
4.263022509816416772e+01
3.594983713870831110e+01
4.011617660687657860e+01
3.839604724450751405e+01
3.493663392025167980e+01
3.871612987678557261e+01
3.826554515485720742e+01
3.939382791563603803e+01
4.120577189252509243e+01
3.738758909799535246e+01
3.628230974921471841e+01
3.891868558505792919e+01
3.526324681120250659e+01
3.541194906586265745e+01
3.737623929489401320e+01
3.738608153382772059e+01
4.261798056725089623e+01
3.546017848388878946e+01
3.977721300433252338e+01
3.872745710090503479e+01
3.960078728703925321e+01
3.712834616071531002e+01
4.037898268308244099e+01
3.637179783412247502e+01
3.743332054765052419e+01
4.227199399455407303e+01
3.903026836241824071e+01
3.878048254363661584e+01
3.762599689732834918e+01
3.961467313295894144e+01
3.751254015609070080e+01
4.071230193583786416e+01
3.826500666926884264e+01
3.806713311836617919e+01
4.234834089194539075e+01
4.099681607442088449e+01
4.080590824178795373e+01
3.536559979107533280e+01
3.780597786507598101e+01
3.822803564439614377e+01
3.680331323789669540e+01
4.028892869584843339e+01
4.252722187035008261e+01
3.829880948770837534e+01
3.690083363319376986e+01
4.037394058917435302e+01
3.796880146366830644e+01
3.527401132405299222e+01
3.456393034836874989e+01
4.062096769118249995e+01
3.942870723497546237e+01
3.955201021772679582e+01
3.639697037512723909e+01
3.617823350278224126e+01
3.936038652395327375e+01
3.680821822240854857e+01
3.705930353271243405e+01
3.879667904924507127e+01
3.764975636632718192e+01
3.959468021562670259e+01
3.477471370941656659e+01
3.367807185070728337e+01
4.129326078941741685e+01
3.819118264423119768e+01
3.827790122726079147e+01
3.962954993096269618e+01
3.807228944136270599e+01
3.749400078230331701e+01
4.085649662246614611e+01
3.911891742423285478e+01
4.028214764409477056e+01
4.077445951577623617e+01
4.326279109780414700e+01
4.048309580816216879e+01
4.435276349212423241e+01
3.714727294302379335e+01
3.766946018474429536e+01
4.224082898151964116e+01
3.597642670182381153e+01
3.893461527304961578e+01
3.575128813341873979e+01
3.804696577142507863e+01
4.080931664764255373e+01
4.107103506092769152e+01
3.786370459225763341e+01
3.916971564238810544e+01
3.932030225906605381e+01
3.888162107718013516e+01
3.825852953856225724e+01
3.711570720016512581e+01
3.833455421633854598e+01
3.948366280819321616e+01
3.739417425189677147e+01
3.601617666985983846e+01
3.946467642284051180e+01
4.047683141617413582e+01
3.683611348114800421e+01
3.863314975139590501e+01
3.644295996928327952e+01
3.978524055544370697e+01
3.698370301346734834e+01
3.711430492624220534e+01
3.613531123078657004e+01
3.937061131233404865e+01
3.869017088949675554e+01
3.983275115765960805e+01
3.858715726750906327e+01
3.570592583968106482e+01
3.629619669048815211e+01
3.837201118000906774e+01
4.005098710816628227e+01
3.778971848994071792e+01
3.847916037122365651e+01
3.827514733096404598e+01
3.654123790589704157e+01
3.924278345845110039e+01
3.776032120773938772e+01
4.137037771830166832e+01
3.641990234288353889e+01
3.901496377649237246e+01
3.729341164819162202e+01
4.269282710546142567e+01
4.042349524193915755e+01
3.645081560137580112e+01
3.687462002133236183e+01
4.104340739035245633e+01
4.262825342816582008e+01
3.926516629418370030e+01
3.795648200834626351e+01
4.097845635767213679e+01
3.839752637216074049e+01
3.772295552133633123e+01
3.829858204992873283e+01
3.451727323908206557e+01
3.662042084702613920e+01
4.163244615152213157e+01
3.865942596879308724e+01
4.117823300589521551e+01
4.073742765127856558e+01
3.677372054741533702e+01
3.766619502624819660e+01
4.181779571382202221e+01
3.751514767239550707e+01
3.927601013474756542e+01
3.928425371916231512e+01
4.226166208338756292e+01
3.688763337525856656e+01
3.844622734331324665e+01
3.568673870115632951e+01
3.767752160021957053e+01
3.743399188460256255e+01
3.815527627644392084e+01
3.881077761381455105e+01
3.941230430153154884e+01
4.104107062852181542e+01
3.827532222742439671e+01
3.826852023264259373e+01
3.544966059737423336e+01
4.044476981847983410e+01
4.086269687694079522e+01
3.889025790298287433e+01
3.818909039853230780e+01
4.010680843062122136e+01
3.911907022412895429e+01
4.095594361468626943e+01
3.568298835929652313e+01
3.846595986232386366e+01
3.841157372994619124e+01
3.844192728641720436e+01
3.705713596684647371e+01
3.983116843828626941e+01
4.045976111887712534e+01
3.824081091676457334e+01
3.691366968246824598e+01
3.943091685744694530e+01
3.471655058889579237e+01
3.684803553208735849e+01
4.220855110898912699e+01
3.975768489190715371e+01
3.977105367170028671e+01
3.873551578043724675e+01
3.879895424198620901e+01
4.006536369965441935e+01
3.940525116829503816e+01
3.985054154166405027e+01
4.008237674724760069e+01
3.614458523589971861e+01
3.649652455129853479e+01
3.849115005560299352e+01
4.167630509887577261e+01
3.907184166493054533e+01
3.956000823623835316e+01
3.739997960476053862e+01
4.031244830912939392e+01
3.708690434747698816e+01
3.799213546333088232e+01
3.886019742965308410e+01
4.002464410678840068e+01
3.613741431822550254e+01
3.847449796556925605e+01
3.783898312279550424e+01
3.942842149624206627e+01
3.726450423678421231e+01
3.876373620300839207e+01
3.893671348292053835e+01
4.133682647517645847e+01
3.685783184044348815e+01
3.868985861953829186e+01
3.965396121022052967e+01
3.749747875386567841e+01
3.844443024098199402e+01
3.842690256522098480e+01
3.715128733033558461e+01
4.156700078230399953e+01
3.793474396281519034e+01
3.891211869726832617e+01
3.943026740511695039e+01
3.843461306586277004e+01
3.946310356152554988e+01
3.805102323682129395e+01
3.636351400348419816e+01
4.048388084107324403e+01
3.456173236565812346e+01
4.052458255631513140e+01
3.703850081251435711e+01
3.844929377787417479e+01
4.161246044460275328e+01
3.987007781184853172e+01
4.177596056407893599e+01
4.014431458909605510e+01
4.022558070472751979e+01
4.150521549489085515e+01
3.711027500607421814e+01
4.184216880622411594e+01
3.960681648478630734e+01
3.904689767082905405e+01
3.610917873335512240e+01
3.345251143755113077e+01
4.132114355755813051e+01
4.078733553612962481e+01
4.001946457613179575e+01
3.984211800514940904e+01
3.981334701151997280e+01
3.994541256787189099e+01
3.625111462469386225e+01
3.751262332805260513e+01
3.687031073101891110e+01
3.686897979573674888e+01
4.154802331906114432e+01
3.709945869869182644e+01
3.785282412915400130e+01
3.787234507019665131e+01
3.542065558969483163e+01
4.152021079758537780e+01
3.677663851554289209e+01
3.929669943802663568e+01
3.947032108870386935e+01
4.107269266437951671e+01
4.064925158465047872e+01
4.090168956845735693e+01
3.908892049911009536e+01
3.738119243433290251e+01
3.571256919140036956e+01
3.917834219435677312e+01
3.952388854891854209e+01
4.104172834101650125e+01
3.975194868839092521e+01
3.448461209312981879e+01
3.779346572303428076e+01
3.662186784039194265e+01
4.077056797022638079e+01
3.658395487950959790e+01
3.778449987563547552e+01
3.633152203906097100e+01
3.679075601175249943e+01
3.650692092132153732e+01
3.941833973104910172e+01
4.107571853780684279e+01
3.940136224607687154e+01
3.956488725503384529e+01
4.037766595548254855e+01
4.130864703263797821e+01
4.199929994313123416e+01
4.043302775725993570e+01
4.083508643938399274e+01
3.756420854221011041e+01
3.888416854554434821e+01
3.915262682443897546e+01
4.008602100462402262e+01
3.822243800506136324e+01
3.942056111866396151e+01
4.141364737254793482e+01
3.469221066529130582e+01
3.955043590674994647e+01
3.716517334755068447e+01
3.749655351420987870e+01
3.986156310702024541e+01
3.567084190032043978e+01
3.957044265355930435e+01
3.706566615482077509e+01
3.732994218201201875e+01
3.817909712032013658e+01
3.607164385145654251e+01
3.688649739124879545e+01
3.864226817188853857e+01
3.903250305415731702e+01
3.760809957666014469e+01
4.106464802113778489e+01
3.630052829542253789e+01
3.959310773580946829e+01
3.902522102198785348e+01
3.806837460617251168e+01
4.022655077102103149e+01
3.822621460779621572e+01
3.412466791413544343e+01
4.075071218349010138e+01
3.573461168262357290e+01
4.001530571644256185e+01
4.177864914186322665e+01
3.933428329847144056e+01
3.946983207545309114e+01
4.076794937996841384e+01
3.901865347431725439e+01
4.169928607108577978e+01
4.170853590249711118e+01
3.919787374143584913e+01
3.925786156081475298e+01
3.789067179455484080e+01
3.959607851994118022e+01
3.416592615070253203e+01
4.064782092278911563e+01
4.028988658874817474e+01
3.967770914233756940e+01
4.049315866629135741e+01
3.763968330898047299e+01
3.769998341871688297e+01
3.888927999143135850e+01
3.810644332527954248e+01
4.023209369598573915e+01
4.037392590915428059e+01
3.723725871592516512e+01
3.825263909221817471e+01
4.157446253289555926e+01
3.793437535614300771e+01
3.815596990083455609e+01
3.715902870410498338e+01
3.868358737926661206e+01
4.152179997854331361e+01
4.144888351164733109e+01
3.844468411751600456e+01
4.090415781189859246e+01
3.894267862110498157e+01
4.298022736963870472e+01
3.692126301848295356e+01
3.787108493025381506e+01
4.034312987723009059e+01
3.917981520514548066e+01
3.338468438478045641e+01
4.207863634743194581e+01
3.655609680912355941e+01
3.966802832745388230e+01
3.682940062666487080e+01
4.106338510796879859e+01
3.855319944291571943e+01
4.187424740074096263e+01
4.072423130732638441e+01
3.790701033376288365e+01
3.832880250810123357e+01
4.088526655838084167e+01
4.123766152964530818e+01
3.905673226024826050e+01
3.801718825194787144e+01
3.738996551996218187e+01
3.843138506244914510e+01
3.877859779277337537e+01
3.903499177059814684e+01
4.099684975128808873e+01
3.840787849799757225e+01
3.961478930547616528e+01
3.831165134906910197e+01
3.554134135441399422e+01
3.987487282038050296e+01
3.734483603617490388e+01
3.395503874334853123e+01
4.293364191960434795e+01
3.856622204310369284e+01
3.740868982204008120e+01
3.756566214343834531e+01
4.013835262547441829e+01
3.783375010594064491e+01
3.798358191804529582e+01
3.964538299308807723e+01
3.888633755639663292e+01
3.981290859266864146e+01
3.797075772285930384e+01
3.977462533697165981e+01
3.855093414203354030e+01
3.664157438041028314e+01
3.833440931435649190e+01
3.499137322065853084e+01
4.062424151630658997e+01
4.213909600895476615e+01
3.890200741794246397e+01
4.091784104127178523e+01
3.866289706263168569e+01
3.945602037282621666e+01
3.914027849099790757e+01
4.377454089430343487e+01
4.108065955764092791e+01
3.971221777690192312e+01
3.841341356892453973e+01
3.533182197544025627e+01
3.895373305199289860e+01
3.919508915352036382e+01
4.045248008732566802e+01
3.944979566681050187e+01
3.964972502664969767e+01
4.069506083608892766e+01
3.218297656604589463e+01
3.761583486162422929e+01
3.525340944624360162e+01
3.984434885204797894e+01
4.036134379768659386e+01
4.240798807394504877e+01
4.137394256252535030e+01
3.578638753366467284e+01
3.838347989891743595e+01
3.874132588182960291e+01
3.516456579995661258e+01
3.809847149125081245e+01
3.648581035322126809e+01
3.700396515051712498e+01
3.680427454181860725e+01
4.074153101472626304e+01
4.146201192089538523e+01
3.643782902721660832e+01
3.933668780928195474e+01
3.771039237870078153e+01
3.701462643684499909e+01
3.503413264944997252e+01
3.778985039798845236e+01
4.097265905612773196e+01
3.754642654869402207e+01
3.964812462323666153e+01
4.016198229857659641e+01
4.002539048648253583e+01
3.950444455677356359e+01
3.545455385331528220e+01
3.787386451782899144e+01
3.617582331149149155e+01
3.575753327608775578e+01
3.753842979926992030e+01
3.811204285898583066e+01
4.147608683013216790e+01
3.757224048142705897e+01
3.709910007645298435e+01
4.119267612906337916e+01
3.654565916936125802e+01
4.241555423088529153e+01
4.006378156314197980e+01
3.923841380319010597e+01
3.539619321452773448e+01
4.093522287052668673e+01
3.748749696869727899e+01
4.051860116171016557e+01
4.111224038086485422e+01
4.178042057548009325e+01
3.759956567863395804e+01
3.962283877303231350e+01
4.451877316212875968e+01
3.799336170454953532e+01
4.108461772359407149e+01
4.142782316649429930e+01
3.872886055337043132e+01
3.925859149923377345e+01
3.840742269729068425e+01
3.436128882598707435e+01
3.831741602075641140e+01
3.974935787993929637e+01
3.835732229298980656e+01
4.365862838376563104e+01
4.039925947458622346e+01
4.182486594109407463e+01
3.806905525015154979e+01
3.969186348662376673e+01
3.625745610394091045e+01
3.915513584899636612e+01
3.701287661756747838e+01
3.663054482162938541e+01
3.976211530677106509e+01
3.748660550402514957e+01
3.941351037328268347e+01
4.350608316146286825e+01
3.907490318254745176e+01
4.120804591164188935e+01
4.186939560991135068e+01
3.671716672824734218e+01
3.684722255487307763e+01
4.143646371213291957e+01
3.942260815382242356e+01
4.163123403682988055e+01
3.687650305316687849e+01
3.817940642750599523e+01
4.113441057090366115e+01
4.086539974653978646e+01
4.041664285251030719e+01
3.719007089037573621e+01
4.122734434234008916e+01
4.247427738367796479e+01
4.163838639676446007e+01
3.863698001999127740e+01
3.758665992761242336e+01
3.928221728185840078e+01
3.595105849592469127e+01
3.879573281049843558e+01
4.041782751294705633e+01
3.754064853348308617e+01
3.895655234474262585e+01
4.164892199106943593e+01
4.324311897076875510e+01
3.785212729380167929e+01
3.901411519707318121e+01
3.663523580036899574e+01
4.072239159136069730e+01
3.960682496152777077e+01
3.962352453542038688e+01
3.689317073070541397e+01
3.616587192073025392e+01
3.369220863339214134e+01
3.815189220298829298e+01
3.796983826375777937e+01
4.081494146930695166e+01
3.811020632227608473e+01
3.901893460866277508e+01
3.860494835426923288e+01
3.822093580145753577e+01
3.693764122680106965e+01
3.961395665598573146e+01
3.829669007142820902e+01
3.662204725098213487e+01
3.835367491079723123e+01
3.730501392615571632e+01
4.083174408366783581e+01
3.927182324642774347e+01
4.170214699776372669e+01
3.819381230890811452e+01
3.753227264162413945e+01
3.878353206888155569e+01
3.935007756021062164e+01
3.508570288175530294e+01
4.177529349000119652e+01
3.750887404765766320e+01
3.959285598355977243e+01
3.970371563194698439e+01
4.020338533675029424e+01
3.867628386283638520e+01
4.208268807434317438e+01
3.823854238422091356e+01
3.517155369601487536e+01
3.944123223524803734e+01
4.025148672880032308e+01
3.793326890386535410e+01
4.019778386152086824e+01
4.083082914284160125e+01
3.674782544657759331e+01
3.560311431485861533e+01
4.000292788228870222e+01
3.820584271281265387e+01
3.892027769487608424e+01
4.147583280214222867e+01
4.136109799220469796e+01
4.205854255430072186e+01
3.982860205000378073e+01
4.072508132655740809e+01
4.204599568941522847e+01
4.082741248313587334e+01
3.882038180203278444e+01
3.844914088219650239e+01
3.993804960359980782e+01
3.767256134333430850e+01
4.085401776880465263e+01
3.760610190680889531e+01
3.876987095636712866e+01
3.913531460235373061e+01
3.955900480748233150e+01
4.036884034386526565e+01
4.135992204931151406e+01
3.985718953991658253e+01
3.855600856865317638e+01
3.840295436996999712e+01
3.639075060910996484e+01
4.057953196182312894e+01
3.708912931294064208e+01
3.937851849261812021e+01
3.983381574369116152e+01
3.745847130395409863e+01
3.800377634653648329e+01
4.154576651235853291e+01
3.999104630251483883e+01
3.887408508255776241e+01
4.292076944718260023e+01
3.998296599718074873e+01
3.701582682903171673e+01
3.938067532312355468e+01
3.783467855061756779e+01
4.095158129332486396e+01
3.806233907878986855e+01
3.679947918855421563e+01
3.530296624638708636e+01
4.081943982055932452e+01
4.140393416026422813e+01
3.750936936735961069e+01
4.023197126911242094e+01
3.990249199927480817e+01
4.017262377313894461e+01
4.035659075537193985e+01
3.694869809469979316e+01
3.905982537084792483e+01
4.203364534987970558e+01
3.899045730763539552e+01
3.935031212041712934e+01
3.448671190258973951e+01
3.662923995414220713e+01
4.153609516323400896e+01
3.885667993814438148e+01
4.118362682083939319e+01
4.009680785050046126e+01
4.139860987343215726e+01
3.788494190994706656e+01
4.199582418571903020e+01
3.752180764078163122e+01
3.842015642492872729e+01
3.912465985063959550e+01
4.093789540253504811e+01
3.887453187931918563e+01
3.935981192947167528e+01
3.742068697787152587e+01
3.737047747041101786e+01
4.185378942904804944e+01
3.977716212709864863e+01
4.225637728570873008e+01
3.793348108530331331e+01
3.712667844328149158e+01
3.916407469619939263e+01
3.864912031487376964e+01
4.108659355952192982e+01
3.980867298229487261e+01
4.122765522270989180e+01
3.882933601429925830e+01
3.815176032912171422e+01
4.225746944972584629e+01
3.904194385519320321e+01
3.797423152316383010e+01
3.751319641236877089e+01
4.118058247355421031e+01
3.681573290452510605e+01
3.828492456922715093e+01
4.034230469740108305e+01
4.159662782756390698e+01
3.538756646042413223e+01
3.745322755894571998e+01
4.111036319838069630e+01
3.634084554137420042e+01
4.016572235234433208e+01
4.026626147096863662e+01
3.656243648918268718e+01
4.149836359468245917e+01
4.034554510575193120e+01
4.076355435981096775e+01
4.128804785194155613e+01
3.971713263447066566e+01
4.100878576622189797e+01
4.395868611123076164e+01
3.935907867647862446e+01
3.985065346322878810e+01
4.208243608857616636e+01
3.946860110930752796e+01
4.175425781409703774e+01
3.772755413299529437e+01
3.944216587890233683e+01
3.838946200526510921e+01
4.132595309059721700e+01
3.757967559745713970e+01
3.961529199942999924e+01
4.187279917823587283e+01
3.935382019638191764e+01
3.966282116432711291e+01
3.820990854160378802e+01
3.876899159675780737e+01
3.668673013611338263e+01
3.989402890249890987e+01
3.759419991530695171e+01
3.870446016554467406e+01
4.284823952546918235e+01
3.926644717472670720e+01
3.885850171776350237e+01
3.794437947773259623e+01
3.715592737497853904e+01
3.481016114391846372e+01
4.001129860862333487e+01
4.056172078714867979e+01
3.552231741969124101e+01
3.740800429173626185e+01
3.799558267389963362e+01
3.957231607293562092e+01
4.011044459411312602e+01
3.934966752212711327e+01
3.996222575945511579e+01
3.944814021408121363e+01
3.973320963130971961e+01
3.918116732773589916e+01
3.865734962733392877e+01
3.757920940401671572e+01
4.082721801790039962e+01
3.843924791990527723e+01
3.779081269175607360e+01
3.943546280238169288e+01
3.992222322991255368e+01
3.974148715923925579e+01
3.856117696079290624e+01
3.610317931015354276e+01
3.538974034522964729e+01
3.869892344119491412e+01
3.981980154000420669e+01
3.553207469872341306e+01
3.869908410470790017e+01
3.868735472050389035e+01
4.356742087586495416e+01
3.930289890650119133e+01
3.686933514384627841e+01
3.784990540358746358e+01
3.685124957502029730e+01
3.685527622316778462e+01
4.445570435060272274e+01
4.045444706179979732e+01
3.957449310451518443e+01
4.241905669433218407e+01
4.257019271346943867e+01
4.350934679771700075e+01
4.271807743196485063e+01
4.041835240274471630e+01
4.245828374311049203e+01
3.709339006577194198e+01
4.437748314218665513e+01
4.083555710069033040e+01
3.773056538701646190e+01
4.107222715566929594e+01
