4.219524097689916431e+00
1.410619486025229685e+00
6.073117898513639368e+00
1.182724710116945488e+01
8.468897687597886303e+00
1.490651325078499667e+01
6.602202860393440176e-01
2.318855993207663779e+00
6.531496622263120777e+00
5.657739397069403431e+00
1.549409320841806270e+00
3.625162065204608819e+00
4.380302238539567128e+00
7.302183638960195289e+00
1.168913921515938537e+00
7.975004418675904816e+00
4.645230285332397901e-01
2.140829657598786184e+00
5.279591190037543846e+00
2.555996011724817940e+00
3.447964533050550617e+00
6.419870784453527435e-01
4.068752017844800228e+00
2.248366861249440962e+00
2.514606577220319217e+00
2.698855109192782109e+01
5.354127194491986153e+00
1.682411819748849124e+00
1.888157502063963822e+00
3.514995019205601867e+00
8.815182478412683764e+00
1.142925309939428224e+01
4.418927090519965684e-01
5.531317767215861991e+00
3.464992713173448813e+00
4.361385576521059071e-01
8.317817890178707430e+00
8.709739255571072647e+00
5.558022730043685300e+00
1.107442938427320023e+01
1.351355147315219662e+00
2.731016733307184197e+00
5.548896418919126994e+00
4.505109124664913089e+00
3.502829798341493106e+00
7.180869929091160841e+00
1.727452918082849509e+00
1.824887761003219921e+00
5.476579447627262454e+00
1.003575959019455155e+01
4.444287568550277179e+00
4.907789980506866101e+00
3.475084971319238658e+00
1.176625246612965903e+01
1.292008884593340312e+01
1.488861041290084941e+01
6.784317906814357535e+00
6.083413149790525276e-01
3.319377091547614622e+00
2.698339990499048824e+00
6.523304569413927112e+00
3.585297006050189417e+00
1.514718020246891506e+00
2.472688256838979637e+00
3.714019844780734658e+00
1.007142457441632466e+01
5.518917208513893780e-01
1.112586293656275815e+00
4.495701587023706480e+00
1.507113143914584619e-01
1.259966867643022015e+00
2.595151122380497721e+00
8.975626049479759061e+00
7.955427867625832761e+00
4.475808645005558084e+00
3.228404486144096919e-01
4.038231479339600583e+00
5.177380250922957394e+00
1.487036611862139202e+00
8.503219091336760016e+00
2.633842026601725950e-01
3.506030453880027320e+00
4.321658147581427301e+00
5.802175829212212754e+00
4.927099056099569552e+00
1.171544744059601850e+00
1.283257252307138785e+01
3.154761103677903744e+00
1.920971445607058126e-01
3.842170560631457121e+00
2.418427965389876810e+00
1.028160586388865566e-01
1.201642664868149080e+00
3.796554587566671302e+00
4.041110478032198472e+00
1.181519327123719165e+01
2.791007049720086286e+00
1.402957953141491299e+00
2.799275971944767516e+00
2.641197242866849315e+00
3.333894225076108331e+00
2.922243315958041432e+00
7.446523411714561114e+00
1.809647556429937465e+00
7.242137295329148516e-01
6.743586824121152290e+00
5.635230904376377303e+00
8.549645379680454127e+00
6.627507543552881852e-01
2.339710134593112389e+00
2.272745801602229498e+00
1.170396027975932363e+01
6.918578351536905480e+00
1.070201828189006887e+00
2.408156835923608519e+00
2.780222455490776401e+00
3.118593130054142515e-01
1.845455788369021466e+00
5.234434860354286734e+00
3.023349394175476768e+00
9.787609088102723121e+00
7.277124829956170160e+00
4.848800990348732576e+00
6.744981638132638402e+00
4.356114769598117498e+00
2.995342685031781471e+00
1.261761902061876217e+00
1.371215710890872463e+00
6.708703266365905193e-01
1.020024194750924806e+01
7.872412348386862213e+00
9.784658827239611778e-01
6.102836900190864888e+00
7.137451929881154511e-01
6.556467615078121369e+00
3.819505181963006368e+00
2.680383604200125003e+00
1.050900867807691874e+01
5.436426087716774269e+00
3.294517378617307646e-01
4.739296283682339350e-01
2.108124283425481860e+00
6.232814243575864666e+00
3.632547195154446129e+00
4.516840906773638586e+00
4.820177199424230174e+00
3.533995187644712210e+00
4.232053024702222110e+00
9.353650367014985534e+00
5.145874038717119348e+00
5.358089988203981413e+00
1.579315780000735359e+00
2.828667040427844004e+00
6.505801731519743614e-01
2.466905277269373364e+00
1.034818366841501636e+00
7.110001074648788943e+00
2.859548086251139765e+00
1.096503448281803461e+00
7.911308441765407373e+00
8.134567008558384771e+00
6.280258893746323956e+00
2.561678857010940114e+00
3.285221682121482800e+00
2.514899498107159737e+00
7.000595749024099312e+00
2.178159741327156951e+00
1.456450908755252849e+00
1.652472581621740599e-01
4.126608916872533506e+00
7.585611519787002877e+00
1.856073867829579616e+00
5.910010667526595540e+00
4.936684442969827558e+00
5.689585448707406456e+00
1.920976610027582909e+00
7.014686242862853582e+00
3.609931134200961012e+00
5.164363601065605103e+00
8.609539142725356697e+00
2.614059002883525995e+00
9.940518830520058913e+00
1.182764725017201535e+00
2.984703815701496676e+00
1.649004004212603736e+00
3.908620978358222864e+00
2.638518875026235833e+00
2.913527308092947798e+00
1.344463407427705981e+01
6.191712264554990242e+00
1.052660475018471509e+01
3.956472097158163947e+00
1.994465995747768616e+01
1.190040913793089850e+01
1.420114047000633306e+01
5.999655690822515375e+00
1.093373347337327317e+01
5.832163555053526238e+00
1.702713003671862957e+00
4.411857191402546619e+00
1.177137844831334101e+00
1.891076443148192565e+00
7.727685366000613953e-02
1.635699309742731700e+00
2.946718900180615552e+00
1.087657909371272602e+01
3.508409873894956732e+00
1.136106904412567259e-01
5.603560988176463198e+00
5.016116079330480204e+00
5.157309395438576693e+00
9.253821254341103142e+00
4.770186720604424835e+00
9.555431258015373075e+00
6.186418540013636225e+00
5.516798110743541095e+00
9.844909545997058586e+00
7.162644420235894316e+00
7.466199933306799430e+00
9.897258703620466225e-01
5.539759056020376882e+00
1.169881252169403396e+01
9.296992163789379759e+00
2.078076177579082895e+01
7.710808382318343757e-01
3.590803590626277408e+00
1.701261992073641593e+01
2.157908349737493570e+00
4.775543146626027635e+00
7.301241251195595083e+00
2.213884434460752504e-01
2.560115370316401684e+00
3.590248049514263240e+00
5.188998796620523102e+00
1.229265654301486599e+01
4.272399892739074723e+00
6.836729660341354098e+00
2.651522360108175214e+00
6.307122915492764825e+00
1.530697466117963979e+00
3.171407456288333204e+00
8.313933049677730835e+00
2.620624616594987799e+00
4.489526608446241518e+00
6.956389537238714560e+00
2.869213682178120450e+01
1.057911512763526218e+01
1.124036758823155502e+01
1.885202568045831528e+00
6.182292065025322358e+00
7.356817071273873410e+00
3.070795099294943320e+00
4.423918848195723896e+00
5.826775200124908238e+00
1.355325880737547983e+01
1.530518222142239360e+01
1.533206565305507141e-01
3.430028115525310728e+00
6.583456225292024122e+00
1.911794407997015499e+00
1.159804542701380825e+01
7.170045423517361627e+00
1.326153227700653048e+01
7.942341482092101224e+00
1.100180735240615526e+01
1.348356765001412771e+00
1.290740216589726153e+00
9.635403937529448889e-03
3.170237441687496549e+00
5.339084186417195177e+00
2.303331584550828026e+01
7.016031224842875780e-01
9.679567934720807898e+00
9.254612674636217839e-01
1.097282172681528056e+00
1.391977914220191126e+00
3.872672513261071092e+00
1.911708072924975710e+01
1.207408678688048020e+01
1.013207052824908416e+01
7.433377877551158086e+00
1.758864353800417168e+00
9.951208921460168000e+00
7.226179106630480575e+00
2.886800859718435808e-01
4.589882515114176442e+00
9.114949810969722677e+00
9.725319814235160010e+00
4.949470411848441387e+00
2.340109635367417340e+00
6.834691152729937436e+00
1.070023930973598958e+01
3.171866694410527820e-01
6.766815053354878096e+00
6.800674729094074777e+00
1.809451286557272498e+00
1.295955535519039747e+00
8.393832017963489989e+00
6.230013097909966824e+00
1.996500509039837779e+00
2.025102841371776208e+00
1.591786405377797697e+00
1.757439715592977336e+01
5.792554598906464847e+00
2.858379058720105448e+00
6.540819013364301826e-01
2.541671392568599419e+00
4.264634004229244546e+00
7.706895956495294797e+00
1.363005494493951364e+00
9.952909747481601954e+00
3.780195541917312330e+00
3.556702725287867128e+00
1.659110267445997522e+01
5.496479681438390053e+00
1.069880560372801659e+00
5.032313596864049998e+00
7.371796115327067689e+00
6.502889278051984689e+00
1.381458934030269203e+00
1.102214582769451923e+01
1.261099672594679033e+00
1.849485162104535618e+00
1.069526229146360308e+00
3.583904116439257770e+00
8.494339672946988884e+00
1.267945683459705464e+01
1.204471144916813685e+01
1.315810867284526431e+01
6.539624710859960111e+00
8.701990501549933255e-01
5.397426814609070922e-01
1.661755475099264956e+01
2.983005556566141081e+00
3.803661229559097468e+00
3.591168936099627729e+00
4.144913560186760826e+00
1.244285306148701364e+00
4.610010647618145718e+00
3.015902765310682021e+00
3.443671947270544376e+00
8.391640835225242512e+00
3.488303119992850032e+00
3.870971206078518634e+00
8.505739369709061748e+00
7.325481729890420901e+00
8.055389713532216334e+00
1.455867097739921956e+00
5.599369983011228236e+00
4.982968396236738151e+00
2.938786089841819216e+00
8.791479585553899412e+00
1.890818816620752907e+00
6.159955079031468550e+00
3.497043938756494996e-01
1.103988185349583651e+00
4.859157640996119021e-01
1.907079197963080230e-01
1.316555447187650074e+01
5.850028201804847505e+00
1.090910495286189663e+00
9.138433455447584564e+00
6.188943217360468374e+00
3.559546694351830354e+00
1.290671470354803674e+01
2.553974793455685788e+00
7.644777535763152443e+00
1.115462026955576214e+01
1.125452762480122715e+00
5.565626605608689381e+00
7.690500618836097146e+00
7.843096109864052146e+00
5.869257019427885247e+00
6.839973532738702566e+00
9.997896340872102883e+00
3.728818991019229756e+00
1.581000369665733096e+01
1.263823630622165961e+00
1.607581608763404502e+00
3.292662016141000958e+00
2.311603770287996795e+00
6.505789330167790929e+00
7.154209323769420426e-01
7.760965249990706027e+00
7.985172565085838947e+00
1.981378156701085524e+00
4.838374734136102973e+00
2.285907255009526295e+00
2.991701527372508718e+00
1.720306386622245398e+01
8.910288619089641315e+00
2.647829839604685098e+00
5.459491858647473883e+00
1.557118399654252583e+00
5.546531574852804347e-01
7.302125212888952888e+00
8.602692039267842983e-01
4.693931789331682758e+00
1.115074286019487104e+00
4.016052990962602820e+00
2.176985582907676076e+00
1.665576335576179456e+00
9.662141495827333060e+00
2.245562029707882434e+00
1.333793524868676705e+01
2.259439518602488928e+00
3.372559444802389450e+00
9.128808577750933129e-01
9.090833660175611897e+00
1.885486545255044444e+00
6.891878930843845730e+00
8.238254090351539105e+00
1.311069039194466690e+01
1.360585577205604046e+01
2.490522901875273476e+00
7.046901836380799367e+00
5.355313442231055099e+00
1.008425253712233793e+00
1.656744148275105077e+00
6.636499303263033056e+00
3.619991678113314570e+00
2.707010030510555332e+00
5.183920661604197733e+00
3.572314287290241364e+00
6.900637208581540172e+00
2.770166015235295820e+00
3.281094234526785502e+00
5.247066154439495200e+00
4.447891385097548778e+00
1.448456592199260096e-01
3.560328426230444654e-01
9.599173876174520004e+00
1.097670293894693394e+01
1.469938147668628758e+01
1.169865264331407317e+01
1.372599656314505268e+01
8.695559892504266530e-01
6.618190763614085093e+00
1.173944306009259808e+00
4.678353976898748101e+00
9.771381561769928226e+00
4.992262173311919682e+00
1.224851656723275450e+00
4.202092621793893201e+00
1.021902023918246094e+01
2.345508392422420041e+00
4.687300865557360474e+00
3.368508307228473608e+00
2.050465109729410429e+00
8.494208454743629844e+00
1.428514865271348988e+01
6.360237955837203527e-01
4.706599083022278585e+00
4.108321538109729332e-01
9.294623192082084984e+00
8.642088494514945651e+00
9.908501000328511665e+00
7.422557908210296596e+00
1.040177818039453150e+01
2.171458121835350141e+00
9.002242868691455513e+00
4.874365758709929608e+00
5.469168799954469584e+00
3.405376082034829999e-01
7.247271405357374796e+00
7.663975389833079355e+00
4.134246790069220800e+00
4.479013485580332521e+00
1.326457753926162608e+00
3.308465395503164874e+00
5.447088428302489405e+00
2.351785586610744438e+00
6.187372014686528532e-01
2.237054224896664056e+00
5.288106736160344212e+00
8.034321632217412690e-01
4.915954246213700252e+00
7.694313774923842608e+00
2.567096147707466081e+00
2.322203392128270316e+00
9.926287989364810826e+00
1.144917124215554943e-01
3.731750614668113197e+00
1.323868512031648459e+00
2.113047762371139005e+00
3.247961592199670733e+00
5.501405462281957703e+00
9.034570153855835117e-02
3.029399086581582079e+00
8.727202468892260256e+00
1.990689149171219752e+00
1.027164502924734002e+01
2.418353384058948397e+00
2.122207639356938014e+00
4.809650589852300762e+00
4.229985948525641248e+00
3.621112886353360150e+00
1.558092011384661246e+00
1.500690164755866141e+00
5.319693623403747296e+00
5.953929560626516349e+00
1.634987933905329527e+01
5.420188082572531263e-01
1.827974851356125585e+00
3.334237934471564468e+00
1.347852402738154431e+00
2.270042158544721023e+00
9.062635282224358324e-01
1.701606291018364914e+00
3.813151041022420973e+00
3.262172130650579760e+00
1.760171479183083321e+01
1.160709550887882457e+01
4.963002023485465486e+00
2.918026040193252069e+00
1.186201982342538486e+01
7.272959848181657527e+00
1.590439857267914592e-01
3.284839346231831492e+00
1.181826237244850253e+00
1.070609488760885419e+01
2.839206834078676689e+00
4.143955973307748231e+00
1.742283432161001455e+00
9.300310798488872877e+00
3.125109997663727546e-01
5.691039828087719243e+00
9.296657754363344850e+00
4.482203606893596093e-01
1.218201919112449616e+01
6.046428055955574976e+00
3.502067539725584044e+00
5.524930544247040665e+00
2.114263403692352661e+00
5.178661562554341957e-01
4.096930299461130964e+00
3.150294465877919947e+00
2.546101629211419692e-01
8.437904325638923453e+00
5.629967998758402814e+00
2.340394888114579519e+00
5.015050309609487833e+00
7.961071551218275033e-01
6.134784689269543456e+00
4.165955512739399680e+00
7.056620935497350366e+00
2.878285393147566484e+00
2.908363351344954939e+00
6.016851407735988866e-02
7.835683283500072704e+00
5.441174413730430537e+00
2.665831400328697587e+00
6.553227547574247858e+00
2.335057386243008182e+00
4.894260783151774263e-02
2.373269906264462215e+00
6.585056830918238902e+00
7.003575318699754249e+00
1.151496138195182262e+01
2.613494442743288904e+00
8.447963263532942690e+00
1.025476236750621384e+00
1.061845324717360706e+00
1.587112068283234256e+00
1.466791424139498901e+01
1.449195063497942915e+00
2.155116617676217761e+00
2.727093735284963127e+00
4.844696080657506343e+00
9.296333945262437837e+00
1.523334227837323196e+00
7.358540844085798227e+00
1.646394954236150898e+00
4.805481305964160121e+00
4.171122355069507015e-01
3.633848669537466325e+00
6.769429522059820847e+00
4.271005750318905392e+00
1.908397872988833655e+01
1.713788753166877843e+00
2.257864930459284381e+00
2.939998695521823802e+00
3.920617619026347533e-01
9.157737661484143032e+00
4.448046806831768230e+00
8.615726897859490307e+00
6.598212275926099935e+00
1.395226965262210328e+01
1.856175492681126693e+00
2.236857165370135458e+00
8.260088650216221851e+00
5.837889131141050569e+00
8.806508260330792481e+00
7.164528627131270255e+00
2.505913988203648302e+00
3.826947825533071335e+00
9.663911995422296286e+00
3.515239889911122351e+00
8.713329074216722425e-01
4.858236417074484947e+00
7.352702082174407128e-01
9.472073318021779542e+00
5.025700203207590366e-01
1.573712804675951205e+00
