1.268164485198786551e+00
1.036589341615905102e+00
1.732589112458887470e+00
1.640347555875480978e+00
1.401923795024033526e+00
1.367499874873340460e+00
1.017084369252329923e+00
1.292113726302918986e+00
1.330536045158524194e+00
1.824524514334586067e+00
1.409009388712346267e+00
1.681038293917235915e+00
4.754812650328131829e-01
1.357101233398902540e+00
1.757470572057955538e+00
1.227542405038251738e+00
1.536456365167264693e+00
1.119458394116657374e+00
1.598120668085779350e+00
2.354241590806784412e+00
1.226538866418072748e+00
1.187766470217374248e+00
2.244850632575779770e+00
1.415567727115178309e+00
1.258349795251730852e+00
1.420588072235489996e+00
1.266682371617253278e+00
1.837731018178275333e+00
1.235491065213591533e+00
1.491326169470046592e+00
1.108127074425453218e+00
1.780403706897328409e+00
1.716440482272465040e+00
1.183437920295984602e+00
1.908505306364743914e+00
5.404471666482754122e-01
1.434293402106051163e+00
1.814750784871408618e+00
1.086228497591978259e+00
1.761347436388683851e+00
1.604672351068980651e+00
1.029647875784539091e+00
1.122673312034379478e+00
9.765812016608274027e-01
1.401698449930200541e+00
1.471358801671700300e+00
1.551532517787412191e+00
8.046732803892132635e-01
1.283419583573305989e+00
9.572375607089090854e-01
1.200024988170137252e+00
2.075943379258146759e+00
1.424558348572715571e+00
1.722744430688520900e+00
1.267703669264497846e+00
1.257593631629528641e+00
1.420158611162929407e+00
1.791338407379927222e+00
2.183694171838881370e+00
2.120802981553735034e+00
1.364879559519335928e+00
1.419487734275876267e+00
1.775058499011600288e+00
1.240203954992782132e+00
1.821166236083375134e+00
1.040343660566419359e+00
1.812206189119476063e+00
1.114716220597784302e+00
1.484599485460131651e+00
1.860279413161130657e+00
2.216856123098709830e+00
1.139205984246891123e+00
1.532500302625652511e+00
1.873623607806885749e+00
1.568738558626014523e+00
1.517115087298484877e+00
1.371820966145038900e+00
1.126800318262676015e+00
6.267465636392178796e-01
1.943174295647510652e+00
2.234304591577614740e+00
1.553221269613189071e+00
2.136320579505740724e+00
1.776958976812338609e+00
1.100266262417881835e+00
1.285496221926564875e+00
1.662386749197510172e+00
1.671947265139188898e+00
1.264163370688735188e+00
9.799883529392853232e-01
1.424770072982265656e+00
1.391276469358768475e+00
1.441139534797185595e+00
1.513510181579250657e+00
1.457978951021667857e+00
6.928978028034105119e-01
1.183116775408917798e+00
1.243176155558358920e+00
1.511750013955590610e+00
8.646225490714292139e-01
1.497466932426367192e+00
1.794168378731691549e+00
1.238073239810843829e+00
1.174301184682498889e+00
1.105410907151730182e+00
1.006207421382265821e+00
1.669940864193254271e+00
1.446210069806927567e+00
1.402621092438573580e+00
1.100788708945977357e+00
2.038427733050383939e+00
1.978773082630784996e+00
1.043608796127401206e+00
1.591962481096048876e+00
1.816541526479808155e+00
1.208192753545993758e+00
1.355812830902698218e+00
1.858875642994943345e+00
1.222561377569843621e+00
1.275513106634177607e+00
5.584797668166033846e-01
1.665896752418010607e+00
7.671262921353119157e-01
9.100948377292391589e-01
1.893531471849926096e+00
2.031125996669918443e+00
1.667823362096588991e+00
1.794394851215953768e+00
1.548129248918596934e+00
8.149084092900211740e-01
4.910882266403233110e-01
1.495329782905767457e+00
1.031767300191642978e+00
1.864741212423775663e+00
1.197524144894613229e+00
1.714062935724770309e+00
1.515239011739783592e+00
1.130352733021974254e+00
1.733215277080760730e+00
1.254768585669613357e+00
1.493091315188710633e+00
8.375728705041330935e-01
1.867890159644234549e+00
2.160595195673451485e+00
1.715658558181223592e+00
2.048465063643143402e+00
1.136989090104616684e+00
8.586298895411738075e-01
1.736827826764978600e+00
1.814709007452564915e+00
1.389187979458664124e+00
1.468625895411634241e+00
1.456595573690313339e+00
1.510765982255295681e+00
1.615915758932966018e+00
1.693710552815457904e+00
1.395699543688659450e+00
1.016498285832650783e+00
6.557439766912976919e-01
1.680004809207641392e+00
1.740640987339228563e+00
1.952239245734648465e+00
1.547490501268675267e+00
1.474856854289558816e+00
1.148628442697323671e+00
1.484962973567180766e+00
1.334388110069747446e+00
1.288790820961370986e+00
1.509234304939572224e+00
1.389830493231311248e+00
1.133269326237513308e+00
1.624181305773327866e+00
1.562736141249045252e+00
1.382111410531924767e+00
1.139193935964865290e+00
1.352713620922938675e+00
1.482363462655967412e+00
1.886303835260514150e+00
1.705950528416734002e+00
1.776598219502553144e+00
1.695847918530787979e+00
1.386837084595657021e+00
1.362501501655803970e+00
1.725549407755775588e+00
1.329770611642139055e+00
1.521849235433371916e+00
1.219281283401337568e+00
1.233296883752967865e+00
1.887613425826547120e+00
1.688870499366514677e+00
1.886305168571172253e+00
1.223334381703323981e+00
1.756532145164257264e+00
1.086253350127367012e+00
1.303068929934772635e+00
1.620808585478780595e+00
1.676604803869260252e+00
1.114479802836706890e+00
1.026429162448330823e+00
1.768706364062147651e+00
1.222824598921739003e+00
1.276805000959066350e+00
1.811463348912118354e+00
7.746491597655815742e-01
1.182334580915289646e+00
4.784354361219953500e-01
1.704261574042344796e+00
1.916909069874218163e+00
1.068027065673461840e+00
1.413559381718161534e+00
1.193631057648109506e+00
4.981052350022490138e-01
8.378954584237857661e-01
1.478760035674498541e+00
9.110783254035703660e-01
1.882803835158204375e+00
1.395825677191654623e+00
1.415492665295927655e+00
8.610856866695568712e-01
1.344407647670232020e+00
1.994769791425837546e+00
1.278585404878758602e+00
1.511406830376569310e+00
1.632273016859221881e+00
1.117506318274249066e+00
1.429522160702056066e+00
1.883056984330846451e+00
8.978857324231223069e-01
8.659993055157563235e-01
1.257789223627763020e+00
2.084829763140719106e+00
1.772691055328346144e+00
1.128810028141158384e+00
1.760831917361634247e+00
1.220934871773700969e+00
1.032875526156319168e+00
1.477288548017626546e+00
1.470960721891610756e+00
1.917247597845421980e+00
1.538354341120218294e+00
1.568681443723259905e+00
1.384105495813762854e+00
2.027204262819340741e+00
1.811607423776022241e+00
2.038523449044305214e-01
1.719869075822310300e+00
1.439912277478370362e+00
1.051673130756629160e+00
1.034964901350581501e+00
1.460669234443286335e+00
1.484626803696151187e+00
1.489501864766168193e+00
9.844883309093758195e-01
8.007732584376677787e-01
1.793011084868745275e+00
1.258503912390131152e+00
1.707222028144384840e+00
1.231879022029387594e+00
1.294574278283184610e+00
1.770320117575835406e+00
1.098779349993158405e+00
2.214146463210485472e+00
1.721689602381263340e+00
1.540489411968885891e+00
1.447097946522135636e+00
1.166814825443542647e+00
1.682991456388955420e+00
1.637782273034468661e+00
1.933142365166775400e+00
1.082898374970458155e+00
1.750031784585623695e+00
1.269504452757374002e+00
1.221803395661358760e+00
1.306259143055001015e+00
1.564748083276337409e+00
1.796130740805778281e+00
6.832434736422197119e-01
9.212478570597369965e-01
1.543147317839510757e+00
7.088817196078492922e-01
1.420138316022856451e+00
1.427125971501206125e+00
1.724888500786481149e+00
1.189772082486682869e+00
1.541185897539351091e+00
1.712682638956790626e+00
1.559531725996215368e+00
1.800116737014185953e+00
1.874718083399933732e+00
1.100602049140078975e+00
1.674579318194989508e+00
1.604146309804719506e+00
2.019419481014368412e+00
7.818493513113516924e-01
1.520482685213746743e+00
1.956316748869437738e+00
1.449177075326130604e+00
1.891670750200727280e+00
1.695192622270154548e+00
1.523685651592376677e+00
8.601979972092185234e-01
1.525520038185212091e+00
1.676447330437472960e+00
1.029555051006779909e+00
2.046383929030497040e+00
1.072300808008315176e+00
1.436659382796102724e+00
1.297652182402761811e+00
1.216536171327207816e+00
5.917478577541033236e-01
1.065929716447055364e+00
9.489770479329190378e-01
1.463010794272576520e+00
2.040402226943681008e+00
1.563132968848370163e+00
1.677752721955115378e+00
1.048407793941575017e+00
2.150789048307213402e+00
1.598077918568734823e+00
1.668930747915213564e+00
1.269924671822993956e+00
1.096635913706963450e+00
1.585422306936880021e+00
1.660605127507474021e+00
1.855530188056827123e+00
1.585268727059000016e+00
1.207404877101273089e+00
1.300650777721946927e+00
1.578069641864363826e+00
1.825534575381783542e+00
9.417606674671303857e-01
1.461555366854761395e+00
1.293718890583547942e+00
1.091183749763637190e+00
1.716111041375090407e+00
1.971357790247373565e+00
1.430268509344257089e+00
1.404499874693817985e+00
1.011916309944255410e+00
1.928772164879549278e+00
1.858090811938781561e+00
1.281721302372913707e+00
1.398599944874866052e+00
9.269850971860800204e-01
1.656225131313978416e+00
1.438325273638227708e+00
1.455053141865541910e+00
1.016851003266015629e+00
1.730897312844560831e+00
1.172194845221796511e+00
1.983410829187341795e+00
1.813524858682300067e+00
1.660443935172670304e+00
1.688040097975998188e+00
2.790917879861149142e+00
1.411519826892101870e+00
1.085891221960993080e+00
1.279148828755083622e+00
1.953845172249757622e+00
1.584767500109037774e+00
1.683161596554662687e+00
8.743960936080935609e-01
1.391411350898953847e+00
3.473387536756684657e-01
1.515105433592859985e+00
1.582719759024649564e+00
1.191999830778995184e+00
1.335888366377206093e+00
1.444355522098865308e+00
1.857885193252845291e+00
1.229397309328565280e+00
2.508117209220123378e+00
1.551199284918926891e+00
1.171810331196367905e+00
1.646625764594009445e+00
1.467764054176931010e+00
2.010945038672333318e+00
1.113748460369707427e+00
1.760697546085565612e+00
1.823188351902796711e+00
1.593892813683818188e+00
1.815030635421374772e+00
2.160082665035321092e+00
1.116940090619804149e+00
2.118266388602369599e+00
1.118162572189639992e+00
8.558212406777421233e-01
2.346685708394601555e+00
5.949849736748233919e-01
2.061217136695949304e+00
1.964478355025280232e+00
1.298557114512117749e+00
1.072009025870007681e+00
1.442501382712538360e+00
1.344155278148465804e+00
1.531780919292123233e+00
2.339975318387523817e+00
1.354380994869804233e+00
1.324558488247929766e+00
1.824199348655141550e+00
1.232276364594851792e+00
1.613490950467284302e+00
1.498788108446697409e+00
1.305699650903040521e+00
2.016297232675441364e+00
1.977789426882068380e+00
1.277749616677729350e+00
1.188540904378118324e+00
1.127814119229579193e+00
1.436380445778171033e+00
1.747048251346040137e+00
1.588193965199237834e+00
1.078010056369536951e+00
1.219003739631942196e+00
1.317860995392379220e+00
1.651405025989872044e+00
1.812199940655914165e+00
8.755055480965580061e-01
1.333934418702862779e+00
1.330828822461639582e+00
1.415379014849640793e+00
1.878208860888850751e+00
1.084068180618386501e+00
1.357796824745732378e+00
1.478169564555652959e+00
1.367889703982306138e+00
1.540791767244942267e+00
1.358371283835636323e+00
1.502875729068247512e+00
8.648466620069341637e-01
1.651478921175326908e+00
1.858614449261764889e+00
1.856949770494224827e+00
1.243527208612045687e+00
1.613919141802473201e+00
1.830995653820131741e+00
2.058054997063639036e+00
1.881649349525006398e+00
1.448733661021151420e+00
1.141594166685302669e+00
2.080398519914239852e+00
1.061550891455742107e+00
1.528745402062032577e+00
1.066051334552577279e+00
1.372176118995220850e+00
1.689148037048218365e+00
2.185908820351685211e+00
1.854302231483202723e+00
1.174298904087258677e+00
1.583128778363586342e+00
1.511802859207153737e+00
1.510121289828460611e+00
2.000772984650011299e+00
1.232741180747206400e+00
1.874024443983915544e+00
1.743126738499445105e+00
1.487300241058826744e+00
1.764461921948323742e+00
1.310190142512752232e+00
1.474439957720976357e+00
1.974489123357064280e+00
9.838727617337866826e-01
1.882331673703860897e+00
1.253840504538459077e+00
1.499166795055089318e+00
1.653762528970234236e+00
1.233194769865499030e+00
7.690674938051988985e-01
1.542145399564815111e+00
1.188635726720879138e+00
1.899711809320032474e+00
1.836410126509704588e+00
1.061713062794872986e+00
2.167202689930578519e+00
1.124799047707191635e+00
1.425104211154148981e+00
2.137311692035955613e+00
1.597589419007983569e+00
1.619573469994918025e+00
1.571100407128788401e+00
1.349375472043261359e+00
1.243221975561409343e+00
1.816988565214661566e+00
2.103631997827446476e+00
1.537670521626887998e+00
1.202009464391579074e+00
1.020276940454326597e+00
1.919976992844571351e+00
1.354749109804016083e+00
1.354876705194742348e+00
1.001965235636642859e+00
1.538596074310151218e+00
1.636394008767072972e+00
1.907552377740459937e+00
1.010871469545932877e+00
1.720881798153117481e+00
1.348035893000634200e+00
1.448083368519738734e+00
1.450432939989888315e+00
2.226042889873007802e+00
1.280284649845383482e+00
1.477907653462779081e+00
1.357712184324682658e+00
5.604312345740054546e-01
1.603625582299174068e+00
1.238286579032063184e+00
8.045148891133738767e-01
1.928115233700758102e+00
1.239454433945629930e+00
1.180759152423032310e+00
2.219367741592334298e+00
1.496493206386279251e+00
1.436221659558836627e+00
1.001064157569460766e+00
1.701752407371979858e+00
1.167734657486481087e+00
1.383337622262285738e+00
1.491667199328673421e+00
1.382445537411575609e+00
1.248589288178323153e+00
1.147516059269936051e+00
1.419149805489110516e+00
2.118335711943038380e+00
1.853508821792558159e+00
8.653338261674151655e-01
1.615136190075062483e+00
1.066218819539879847e+00
1.415390841369063679e+00
1.488987180159850876e+00
9.590394265868077417e-01
1.217667034095657907e+00
1.617256969501582153e+00
1.086565996477967921e+00
1.948393917786455543e+00
1.736187138601834601e+00
1.726911553701421242e+00
1.645268346860176534e+00
1.411734044963166790e+00
1.371407251845435216e+00
1.337091792100117082e+00
1.388959621730334826e+00
1.645327871369288708e+00
1.339845229857494546e+00
1.364455015432194607e+00
2.039203179275599798e+00
1.781965550407370147e+00
2.125603887415734139e+00
1.181979448554581813e+00
1.708124088149065134e+00
1.688830022021828636e+00
1.387913296261076956e+00
1.669649372719432812e+00
9.827776533127811076e-01
1.574035366297984684e+00
1.188050100496602646e+00
1.831366941489975142e+00
1.379315039071113747e+00
1.787654522770751209e+00
1.321190051987616076e+00
1.140690467043111500e+00
1.801016908401227745e+00
1.582603275374000029e+00
2.205366505523030707e+00
1.449379338767862402e+00
1.694553816135921265e+00
1.852207088331297991e+00
8.069863423617777975e-01
1.422261408200120147e+00
1.109823240052106419e+00
1.114998498978794883e+00
1.264990071813306916e+00
1.123044536056736931e+00
1.471945602170509293e+00
2.084583134064840859e+00
1.062789062897570247e+00
1.134580917548707824e+00
1.551586704252183591e+00
1.866813722347731686e+00
2.225559656776264994e+00
1.829146901933343283e+00
1.830345541906867712e+00
1.728288235491682867e+00
1.672100813068755576e+00
1.317889380178605352e+00
1.070389886294838888e+00
1.214752858655007595e+00
1.662949963272719378e+00
1.012060337279886424e+00
1.442981201962821869e+00
1.344293553971775079e+00
1.345587606150633331e+00
2.393802910353092450e+00
1.248753679104141812e+00
1.845795015689044360e+00
9.114521262184918093e-01
1.544219503119217851e+00
2.081284632158569625e+00
1.348357722508958023e+00
2.156138085228257673e+00
1.706888878948951582e+00
1.336508352446188930e+00
1.401681319900104139e+00
1.433514588118131483e+00
1.608204809827962878e+00
1.182907795901787518e+00
2.076125256983453848e+00
1.552856313823341994e+00
1.825857037329993604e+00
1.728730952347459660e+00
1.579485584780038199e+00
1.706122805835773137e+00
1.672098601579591559e+00
1.478568309234281397e+00
1.331932277798675734e+00
1.762823801281087510e+00
1.244474332722015131e+00
1.129716640192261146e+00
2.297718604472987369e+00
1.531705258341290898e+00
1.702319272303121300e+00
2.514163982892899440e+00
1.149972720200560961e+00
1.957193413123657910e+00
1.812014971830133048e+00
1.354270003854209037e+00
1.814008661828396374e+00
1.372458641438910609e+00
1.673118902029390842e+00
1.575518550277294150e+00
1.886148497469283036e+00
1.518874895011642190e+00
1.256397691072650202e+00
1.048730369699346632e+00
1.291726058780861663e+00
1.783847948833487740e+00
1.561920524380672859e+00
1.963150256964188101e+00
1.397286708868349381e+00
1.404989163905086658e+00
1.427466424333189599e+00
1.858266158353048203e+00
1.828779210213629103e+00
2.079165065334348750e+00
2.340060210367077786e+00
1.331842589188086512e+00
8.488921069841198763e-01
1.667589875845649106e+00
1.540315751703235758e+00
1.316276744597882020e+00
1.094787381443357743e+00
1.050662386784662283e+00
1.645475737767190472e+00
1.318352044528399603e+00
1.467524098489802142e+00
1.783092522960767923e+00
1.395374313200546723e+00
1.094233931199235288e+00
1.008601922278294705e+00
1.495678463247437140e+00
1.479775762147196305e+00
1.300789616575038554e+00
2.237608612864763646e+00
1.808265474363629055e+00
1.366187210004569108e+00
2.022374192918163338e+00
1.757959347339321798e+00
9.759100957016337841e-01
1.480887536583691100e+00
1.277371935755696297e+00
1.493127727153032103e+00
2.026370420883001788e+00
9.194933229571504718e-01
1.507400750040148951e+00
9.359086323675263053e-01
1.693026511383119770e+00
1.439138403571588398e+00
1.017553103365066880e+00
1.063826269976205996e+00
1.400266375746401337e+00
1.294680921116688088e+00
1.311880833097563093e+00
1.596887818157592509e+00
1.558970195421703897e+00
1.592964338602263163e+00
9.315475765246608031e-01
1.170364309978242812e+00
1.206113527783692962e+00
2.249316249701974524e+00
1.756563884409693799e+00
1.750437566760723263e+00
8.828292516874333140e-01
1.654174179274390699e+00
1.303246358967699692e+00
1.193456576761668053e+00
1.157985686602645448e+00
1.509850402839180372e+00
7.543481744646456377e-01
2.183220937455393251e+00
1.335849561848720057e+00
1.081626858415675407e+00
1.675591938293922833e+00
1.792571544214948798e+00
1.112379696431995635e+00
1.346618896665882525e+00
9.925234205178581348e-01
1.295307580310311568e+00
1.114331819444656979e+00
2.268527799296356395e+00
1.360631502751029842e+00
2.233404762516688180e+00
8.418889400320468397e-01
2.098776618392991455e+00
1.422764266386847831e+00
9.167940186846585959e-01
1.177505736304692796e+00
1.312674797536022897e+00
1.717961565926138467e+00
1.291157966998351503e+00
1.103759802668203394e+00
9.409765987930447384e-01
1.879256597209818747e+00
1.165873596301552073e+00
1.420013541158677395e+00
1.386646314292580007e+00
1.470671205317725549e+00
1.640906855899691985e+00
1.391203231274963592e+00
1.116221385513657793e+00
1.608149167214169895e+00
1.692472801947547678e+00
1.520165055718583735e+00
1.446986825644944297e+00
7.099436052155801979e-01
2.174436372200264422e+00
1.599464965053738030e+00
1.994959974375250633e+00
1.731223241377039423e+00
1.769964455780220103e+00
1.379995855008903316e+00
1.731124202147097391e+00
6.940070263987948573e-01
9.915352697756077971e-01
1.309390422348881922e+00
1.596495395579986543e+00
1.542187105344672515e+00
1.249643300916093214e+00
1.376304798140203234e+00
1.652930444016184275e+00
1.385920568658576046e+00
1.929676131207675782e+00
1.387477943482863241e+00
8.371645505135345555e-01
1.829787305634552164e+00
1.305661087644742979e+00
1.455274562757162382e+00
1.086314510092708518e+00
1.550336040061593534e+00
1.031773542550325606e+00
1.532274312927897508e+00
1.404879722456452651e+00
1.639562217436999259e+00
1.677989209213604171e+00
1.500772467545260502e+00
1.760806585312276962e+00
9.255972556002182161e-01
1.338926463470664796e+00
1.299823242199059870e+00
1.364412082964277628e+00
1.174119842145231463e+00
1.930725556463946502e+00
1.945560841607919089e+00
5.484316238689747047e-01
1.500472206570199196e+00
1.471456167926753489e+00
1.756789283695324944e+00
1.728432651026995170e+00
1.888307425778463555e+00
6.771025126656743387e-01
1.561550744065149932e+00
7.049377415616171483e-01
1.145850577171120266e+00
1.732036243159133404e+00
1.519298605752933851e+00
9.975175765696857599e-01
1.859585219403178113e+00
4.224076907188789032e-01
1.823774630207959602e+00
2.057581098550798515e+00
1.333967249839289160e+00
1.717159546724724706e+00
9.988372472971408511e-01
1.319693500387309371e+00
1.187644044501370066e+00
1.676451670315087794e+00
9.737295728999002531e-01
1.218346367989585843e+00
1.645819657610142928e+00
1.420186676539529014e+00
1.098748722461192040e+00
1.347674102501242643e+00
1.396888295384459688e+00
1.257667311546543765e+00
1.478705123682290123e+00
1.422027234496959780e+00
2.102461737731649460e+00
1.937438573865134739e+00
1.299981779101187840e+00
1.277080813181497243e+00
9.447137148004973728e-01
1.424264922775581033e+00
1.819918843744580572e+00
1.388414797878072982e+00
1.550744688005203820e+00
1.380318117986459203e+00
5.072841176546727393e-01
1.100694320962388506e+00
1.139708301976098515e+00
1.694222366330938145e+00
1.343083687345327792e+00
1.592321690653424104e+00
1.412964306379128843e+00
1.855660600470880439e+00
1.315787170914674231e+00
1.832262302404005450e+00
1.159073351446197719e+00
8.947585707148766332e-01
1.354646876530666288e+00
1.461576413386542317e+00
2.126473447896501501e+00
9.465280591123652609e-01
1.427378043822818521e+00
1.440208628841089800e+00
9.869463948418267796e-01
1.099882474480829320e+00
1.366900991461790671e+00
1.115880737915606158e+00
1.486414426559566238e+00
9.067042229774013862e-01
1.855602365821557020e+00
1.190592202141372624e+00
1.351879777049672660e+00
2.098141070826800014e+00
1.486877942214800630e+00
7.679605549958228305e-01
1.383086266418088739e+00
1.359114186417898829e+00
1.621700076379035682e+00
1.105381201085661846e+00
3.243038984274063119e-01
1.322878523910048454e+00
1.557568469632041319e+00
1.910993105937916159e+00
1.988518990664266184e+00
1.062714313955469114e+00
8.081670583231225224e-01
1.200711390206342433e+00
9.078227552215845098e-01
1.024653377398204945e+00
1.535636739051647659e+00
1.770985713906073178e+00
2.115689542259347355e+00
1.614237830076592939e+00
1.864713749367083118e+00
1.360664257663418919e+00
1.275812890246168063e+00
1.184510473410690379e+00
1.104358070606922704e+00
1.590695144196900390e+00
1.182425527593164771e+00
2.135993787065865845e+00
1.150023621783175187e+00
9.996007809951616974e-01
1.193607972184895116e+00
1.442805692187591360e+00
2.175524797309001113e-01
1.834337801415410585e+00
1.322446349499333706e+00
1.547830573062850101e+00
1.454563484150000363e+00
1.067513877542595413e+00
1.245435725513494463e+00
1.645154338804360572e+00
1.491544191823519050e+00
1.603275117675477812e+00
1.170969971188482894e+00
1.280303067067788181e+00
1.178233620673987181e+00
1.910869120242240760e+00
1.402120780650114140e+00
1.717851982147081236e+00
1.725117532739437243e+00
1.653028178398388892e+00
1.120395061022513294e+00
1.562645249589710295e+00
1.412581180338733589e+00
1.625061696277776413e+00
1.691485696214728662e+00
1.307296525589565661e+00
8.827745041959840222e-01
1.218343341921202860e+00
1.263574460091356766e+00
1.708960693643738704e+00
1.254470108332520262e+00
1.362881509742302599e+00
1.221176029841753774e+00
1.647628348634284645e+00
1.499729146727949214e+00
1.499204366894066665e+00
1.915310133464967590e+00
1.396446693626158586e+00
1.022598464512512351e+00
1.817019604553655521e+00
7.304438603891520998e-01
1.352602093174227305e+00
1.893874296816690617e+00
1.620929812540092163e+00
1.424812881765601835e+00
1.254230454026041386e+00
1.198198866296187992e+00
2.011908908159207421e+00
1.565433033133326601e+00
1.372749310903633946e+00
1.718576051571042873e+00
1.065177097968151632e+00
1.964344106431620940e+00
1.003537642825323761e+00
1.928263013506608559e+00
1.617482211017870597e+00
1.708517221481935744e+00
1.646764509856824210e+00
1.637332341493779708e+00
2.323178054061711961e+00
1.121337515159797515e+00
1.473982586689776442e+00
1.313397326347454985e+00
1.200907066483177354e+00
1.902549914612882143e+00
1.675985889155445330e+00
2.032996915808561234e+00
1.737132948802301513e+00
1.476835415094714055e+00
1.420081333107706900e+00
1.480826185298548259e+00
9.497586421657364664e-01
1.680576159834219485e+00
9.604099405339847628e-01
1.751228307248446248e+00
1.669483857071989874e+00
1.514805033940765044e+00
1.688269206651212606e+00
1.466508668121692782e+00
1.349847013218899994e+00
1.628431098106660535e+00
1.751841363186530165e+00
1.073948638513389842e+00
1.718326485965806505e+00
1.236604161414991632e+00
1.696831651327029622e+00
1.479038972887318781e+00
1.459644356859978842e+00
1.305474913896457423e+00
1.158914413913568975e+00
1.288545257615508532e+00
1.503838834156642212e+00
1.807999040326177198e+00
1.774741843686053366e+00
1.738815571217607880e+00
1.254431920381142707e+00
1.613145628709155899e+00
1.639200893839558359e+00
2.063768975882206647e+00
1.186959502477257011e+00
1.511050282545898682e+00
1.934403402631758029e+00
6.721577311836748336e-01
2.454080418362053262e+00
1.602580811066669053e+00
1.491947572794657173e+00
1.037499191884465821e+00
1.204504461921515723e+00
1.222009260836186106e+00
1.593261682807123325e+00
1.497057334641680448e+00
1.361798871233173225e+00
2.068255312149923864e+00
1.657774147245058005e+00
1.464043465147206735e+00
1.281142829269331207e+00
1.804876541436797099e+00
1.586949300088112302e+00
8.651740807399174171e-01
1.412222377383908878e+00
1.370636442765176044e+00
1.707332962174682001e+00
1.202168601764785905e+00
1.635940898601853322e+00
1.785130187071493069e+00
1.497417211231763856e+00
1.177808004902812122e+00
1.755811969425473462e+00
