2.832576036453247070e-01
1.445923447608947754e-01
1.967567354440689087e-01
1.966763585805892944e-01
1.330849081277847290e-01
2.020229399204254150e-01
1.165137290954589844e-01
9.633262455463409424e-02
1.385596692562103271e-01
1.751452833414077759e-01
1.297656744718551636e-01
2.367573082447052002e-01
2.532958090305328369e-01
1.074428260326385498e-01
1.250755190849304199e-01
6.919955462217330933e-02
2.033188343048095703e-01
2.051855623722076416e-01
1.309219151735305786e-01
5.028828978538513184e-02
2.749349772930145264e-01
1.333674043416976929e-01
2.114621847867965698e-01
1.376082152128219604e-01
2.343384176492691040e-01
3.506941795349121094e-01
1.159097030758857727e-01
1.175748929381370544e-01
1.515815258026123047e-01
2.435766905546188354e-01
1.474670320749282837e-01
2.020718157291412354e-01
2.559365332126617432e-01
1.190748140215873718e-01
2.582668066024780273e-01
1.360269486904144287e-01
7.499224692583084106e-02
7.795630395412445068e-02
8.772896975278854370e-02
2.318885922431945801e-01
2.445904165506362915e-01
2.218677550554275513e-01
1.390170753002166748e-01
2.251617461442947388e-01
1.407121270895004272e-01
1.283735632896423340e-01
2.061194330453872681e-01
1.265065670013427734e-01
3.090845644474029541e-01
1.659486591815948486e-01
1.319939345121383667e-01
1.673282086849212646e-01
4.453903809189796448e-02
2.056364864110946655e-01
1.721621900796890259e-01
6.412303447723388672e-02
2.483130097389221191e-01
2.753908336162567139e-01
1.261860132217407227e-02
1.102693900465965271e-01
1.829359233379364014e-01
2.387192994356155396e-01
1.692450791597366333e-01
1.450170725584030151e-01
9.136773645877838135e-02
2.327729612588882446e-01
1.432795375585556030e-01
2.177131623029708862e-01
1.721155643463134766e-01
3.585590049624443054e-02
2.344591915607452393e-01
2.091981172561645508e-01
2.313872277736663818e-01
2.618286609649658203e-01
2.003808468580245972e-01
8.167090266942977905e-02
2.667208611965179443e-01
3.348516821861267090e-01
2.286334037780761719e-01
4.246254861354827881e-01
2.681024372577667236e-01
1.191225647926330566e-01
1.683735102415084839e-02
1.326480805873870850e-01
9.216661006212234497e-02
2.658982872962951660e-01
2.440699785947799683e-01
1.516654342412948608e-01
2.541382312774658203e-01
1.850148886442184448e-01
9.297180920839309692e-02
2.253753989934921265e-01
1.693103164434432983e-01
2.006709426641464233e-01
1.860468685626983643e-01
7.407777756452560425e-02
1.826927661895751953e-01
2.213857769966125488e-01
2.826321721076965332e-01
2.779687643051147461e-01
1.059103980660438538e-01
2.021805644035339355e-01
2.669130861759185791e-01
1.593331098556518555e-01
2.940578162670135498e-01
2.132358849048614502e-01
1.290061622858047485e-01
1.698675900697708130e-01
2.206116467714309692e-01
1.680210530757904053e-01
6.031062826514244080e-02
1.403903216123580933e-01
1.690928786993026733e-01
1.832403391599655151e-01
2.808608710765838623e-01
2.293913662433624268e-01
5.945478379726409912e-02
2.013943791389465332e-01
2.693946063518524170e-01
1.255428045988082886e-01
2.481863647699356079e-01
9.306837618350982666e-02
2.457782328128814697e-01
8.648534864187240601e-02
1.779603213071823120e-01
2.852510511875152588e-01
2.363772243261337280e-01
3.032439351081848145e-01
4.826894402503967285e-02
2.540997266769409180e-01
1.975888758897781372e-01
3.036192953586578369e-01
2.257926166057586670e-01
2.861150801181793213e-01
9.390308707952499390e-02
1.571548730134963989e-01
1.662960648536682129e-01
-5.930832121521234512e-04
1.501092463731765747e-01
2.481814622879028320e-01
2.674008309841156006e-01
1.750027686357498169e-01
1.644290983676910400e-01
2.570016775280237198e-03
2.415963709354400635e-01
3.043876290321350098e-01
1.627740710973739624e-01
3.522503674030303955e-01
2.555713951587677002e-01
1.347036659717559814e-01
1.343612819910049438e-01
1.922015994787216187e-01
1.730758547782897949e-01
2.795560359954833984e-01
7.786550372838973999e-02
9.394100308418273926e-02
1.792882680892944336e-01
1.199908629059791565e-01
2.867823541164398193e-01
6.534691900014877319e-02
1.338621079921722412e-01
2.650333344936370850e-01
2.027895599603652954e-01
2.337412387132644653e-01
2.129210233688354492e-01
1.522003263235092163e-01
1.932782381772994995e-01
3.385767042636871338e-01
1.297455281019210815e-01
2.633724510669708252e-01
1.657834798097610474e-01
2.056746780872344971e-01
2.783247232437133789e-01
8.547741919755935669e-02
7.636375725269317627e-02
2.811438143253326416e-01
1.700541377067565918e-02
1.713408082723617554e-01
1.880576312541961670e-01
1.240093484520912170e-01
2.798912525177001953e-01
1.515005379915237427e-01
2.567824721336364746e-01
2.517409324645996094e-01
1.278139054775238037e-01
2.196203917264938354e-01
1.513206809759140015e-01
3.332496881484985352e-01
1.725970506668090820e-01
1.265812069177627563e-01
2.543976008892059326e-01
8.779914677143096924e-02
9.517335146665573120e-02
1.390777081251144409e-01
1.556295454502105713e-01
2.644406259059906006e-01
1.175006330013275146e-01
1.852506250143051147e-01
3.215038776397705078e-01
3.150883316993713379e-01
1.913288086652755737e-01
1.062984764575958252e-01
1.935943663120269775e-01
1.905167251825332642e-01
1.042197197675704956e-01
1.107547953724861145e-01
7.064615190029144287e-02
9.427382051944732666e-02
2.234888225793838501e-01
2.697082459926605225e-01
1.329935044050216675e-01
3.328418433666229248e-01
2.340518981218338013e-01
4.349555447697639465e-02
3.976404368877410889e-01
2.028308808803558350e-01
2.743111252784729004e-01
1.272351145744323730e-01
1.694066673517227173e-01
2.751255035400390625e-01
2.113974988460540771e-01
2.583580911159515381e-01
2.924635410308837891e-01
4.046342521905899048e-02
1.611984968185424805e-01
2.206854671239852905e-01
1.685952991247177124e-01
1.548085808753967285e-01
2.791411578655242920e-01
2.805086374282836914e-01
2.838398814201354980e-01
1.674039363861083984e-01
1.150688678026199341e-01
2.561805248260498047e-01
1.720984131097793579e-01
7.314806431531906128e-02
2.451798021793365479e-01
1.413531899452209473e-01
2.006689459085464478e-01
1.587444096803665161e-01
1.833250969648361206e-01
2.168872207403182983e-01
1.631469279527664185e-01
1.408594101667404175e-01
1.631694138050079346e-01
1.218383908271789551e-01
1.652873158454895020e-01
1.289992332458496094e-01
1.439457386732101440e-01
1.374572217464447021e-01
2.400616556406021118e-01
1.944284141063690186e-01
1.475052684545516968e-01
1.164563894271850586e-01
1.284405589103698730e-01
1.978459805250167847e-01
1.434775143861770630e-01
7.535151392221450806e-02
2.805717885494232178e-01
1.599215567111968994e-01
1.195406988263130188e-01
2.872241139411926270e-01
2.084552347660064697e-01
2.778690159320831299e-01
1.477108150720596313e-01
8.918852359056472778e-02
1.061749681830406189e-01
2.147421240806579590e-01
3.451362550258636475e-01
4.591684043407440186e-02
1.365704685449600220e-01
2.252520024776458740e-01
1.407539248466491699e-01
2.409175634384155273e-01
2.047500312328338623e-01
2.909997701644897461e-01
1.941087990999221802e-01
2.303998023271560669e-01
5.399059131741523743e-02
2.938703894615173340e-01
2.470731437206268311e-01
1.052199155092239380e-01
2.418030351400375366e-01
2.332570105791091919e-01
2.458637654781341553e-01
1.411608159542083740e-01
9.945861250162124634e-02
1.080151796340942383e-01
1.701114028692245483e-01
1.102379187941551208e-01
9.210495650768280029e-02
1.783451586961746216e-01
3.487245142459869385e-01
2.659107446670532227e-01
2.416114658117294312e-01
2.099020630121231079e-01
1.777125447988510132e-01
1.280306279659271240e-01
2.134148329496383667e-01
2.687519490718841553e-01
1.853407174348831177e-01
2.267525047063827515e-01
1.483192741870880127e-01
8.122782409191131592e-02
1.263520717620849609e-01
1.166848689317703247e-01
2.318243980407714844e-01
1.388213224709033966e-02
2.049047350883483887e-01
1.372289359569549561e-01
1.568706482648849487e-01
2.592502832412719727e-01
1.642466336488723755e-01
2.110108584165573120e-01
9.885631501674652100e-02
2.728148996829986572e-01
2.017301619052886963e-01
1.875125318765640259e-01
1.619850248098373413e-01
2.184285968542098999e-01
2.315085679292678833e-01
2.091962695121765137e-01
1.045461148023605347e-01
4.280416294932365417e-02
1.071064993739128113e-01
1.196547076106071472e-01
2.129649817943572998e-01
1.712696701288223267e-01
2.036781311035156250e-01
1.890420615673065186e-01
1.220314800739288330e-01
2.226171493530273438e-01
1.211098432540893555e-01
1.679147481918334961e-01
2.372847795486450195e-01
2.745683491230010986e-01
2.763686180114746094e-01
1.700599491596221924e-01
1.184291690587997437e-01
1.340113580226898193e-01
2.027114182710647583e-01
2.734297215938568115e-01
2.366421371698379517e-01
1.644490659236907959e-01
2.191994711756706238e-02
2.381933480501174927e-01
1.467365026473999023e-01
2.890958487987518311e-01
6.106034293770790100e-02
2.672453224658966064e-01
6.165361031889915466e-02
8.921317756175994873e-02
2.191813439130783081e-01
1.907439976930618286e-01
2.413987964391708374e-01
4.707964137196540833e-02
1.562231034040451050e-01
3.327356576919555664e-01
1.236930862069129944e-01
1.132497712969779968e-01
1.247500851750373840e-01
1.851904988288879395e-01
2.626102864742279053e-01
1.122160553932189941e-01
2.048987001180648804e-01
3.387490659952163696e-02
3.078378438949584961e-01
2.411176115274429321e-01
1.102910712361335754e-01
1.323585659265518188e-01
3.705353438854217529e-01
9.805633127689361572e-02
-7.404703181236982346e-03
3.039007186889648438e-01
1.606361269950866699e-01
6.621295958757400513e-02
2.710841894149780273e-01
2.561244666576385498e-01
2.113849967718124390e-01
9.498234838247299194e-02
2.387584000825881958e-01
2.676770091056823730e-01
2.409267723560333252e-01
1.810738444328308105e-01
1.594113707542419434e-01
2.737166285514831543e-01
8.220192790031433105e-02
1.023482456803321838e-01
2.753853797912597656e-01
2.777573764324188232e-01
1.753694117069244385e-01
1.528828591108322144e-01
1.012551337480545044e-01
1.599550992250442505e-01
1.490591913461685181e-01
1.219710931181907654e-01
2.622586190700531006e-01
2.621248960494995117e-01
7.389347255229949951e-02
2.068883627653121948e-01
6.746969372034072876e-02
9.623197466135025024e-02
6.808597594499588013e-02
2.280690222978591919e-01
2.136740833520889282e-01
2.416119426488876343e-01
2.711490392684936523e-01
2.681682705879211426e-01
1.106907278299331665e-01
3.055804371833801270e-01
1.614599972963333130e-01
2.348361909389495850e-01
2.808777391910552979e-01
2.128283679485321045e-01
2.550934553146362305e-01
1.188653483986854553e-01
1.997329890727996826e-01
8.385702222585678101e-02
1.970830559730529785e-01
2.450576871633529663e-01
3.087414503097534180e-01
1.459458470344543457e-01
2.074179947376251221e-01
2.216285169124603271e-01
2.912838160991668701e-01
1.616208404302597046e-01
2.521117627620697021e-01
1.133816987276077271e-01
1.726846843957901001e-01
3.551094532012939453e-01
2.732489109039306641e-01
2.159291058778762817e-01
1.297565251588821411e-01
2.382971346378326416e-01
1.013910919427871704e-01
2.001488804817199707e-01
7.858217507600784302e-02
1.381122618913650513e-01
2.692935466766357422e-01
1.219352930784225464e-01
1.539396792650222778e-01
1.136322841048240662e-01
3.490344882011413574e-01
1.761754304170608521e-01
2.132885605096817017e-01
2.026600241661071777e-01
9.502186626195907593e-02
2.816326320171356201e-01
1.047557666897773743e-01
1.481461822986602783e-01
1.124247461557388306e-01
2.120577394962310791e-01
7.585848867893218994e-02
6.632696092128753662e-02
1.152750477194786072e-01
1.501867473125457764e-01
1.610173434019088745e-01
1.814712285995483398e-01
2.662155032157897949e-01
8.574722707271575928e-02
1.730763316154479980e-01
1.571516841650009155e-01
1.308760643005371094e-01
1.180733963847160339e-01
3.217795789241790771e-01
2.435263544321060181e-01
2.302295565605163574e-01
4.119968414306640625e-02
2.806863188743591309e-01
2.231873124837875366e-01
2.470052540302276611e-01
1.522911936044692993e-01
1.629163175821304321e-01
1.012933999300003052e-01
2.247549891471862793e-01
2.472094148397445679e-01
7.360105216503143311e-02
1.338014602661132812e-01
2.012888342142105103e-01
6.069112103432416916e-03
2.528792619705200195e-01
2.033330500125885010e-01
2.219259142875671387e-01
2.113204151391983032e-01
1.431562751531600952e-01
3.234968781471252441e-01
1.327487081289291382e-01
6.625582277774810791e-02
2.031472772359848022e-01
2.509470582008361816e-01
8.335305005311965942e-02
1.778744012117385864e-01
2.979134023189544678e-01
2.342308312654495239e-01
2.133062630891799927e-01
1.596384644508361816e-01
1.599126309156417847e-01
1.899410039186477661e-01
1.176464781165122986e-01
8.860909193754196167e-02
1.792173236608505249e-01
1.404639333486557007e-01
6.686492264270782471e-02
8.829011768102645874e-02
7.058321684598922729e-02
1.945902407169342041e-01
1.825874596834182739e-01
2.145973742008209229e-01
1.257552206516265869e-01
2.906923592090606689e-01
2.463839799165725708e-01
2.974560260772705078e-01
2.253804951906204224e-01
2.790842056274414062e-01
2.391510754823684692e-01
1.355836689472198486e-01
1.505858898162841797e-01
-2.565282024443149567e-02
2.070993930101394653e-01
3.258377909660339355e-01
1.143089085817337036e-01
2.339889705181121826e-01
2.490089535713195801e-01
2.153385877609252930e-01
1.444595009088516235e-01
6.921920925378799438e-02
3.829266726970672607e-01
2.630257606506347656e-01
2.836420238018035889e-01
9.242770820856094360e-02
1.358179897069931030e-01
2.447231262922286987e-01
1.206759214401245117e-01
1.118507310748100281e-01
1.112426891922950745e-01
2.198349237442016602e-01
1.019116342067718506e-01
2.216261327266693115e-01
1.601607650518417358e-01
2.393854260444641113e-01
1.470663398504257202e-01
3.119596838951110840e-01
4.408570751547813416e-02
1.479798257350921631e-01
5.840440839529037476e-02
5.324024334549903870e-02
2.864284813404083252e-01
1.485185176134109497e-01
1.063773930072784424e-01
3.004865162074565887e-02
1.402877569198608398e-01
8.836922794580459595e-02
2.237198799848556519e-01
1.930215209722518921e-01
2.522054612636566162e-01
2.393010109663009644e-01
6.855835765600204468e-02
2.723529636859893799e-01
4.967819154262542725e-02
1.963378489017486572e-01
3.207372725009918213e-01
9.909985214471817017e-02
1.385527402162551880e-01
2.781064510345458984e-01
1.794380843639373779e-01
2.042136937379837036e-01
2.048893570899963379e-01
1.261619031429290771e-01
9.801845252513885498e-02
2.063568532466888428e-01
1.599592715501785278e-01
2.644437551498413086e-01
3.235239386558532715e-01
1.011674031615257263e-01
1.478955596685409546e-01
7.959655672311782837e-02
2.004939317703247070e-01
4.528675973415374756e-02
1.394773125648498535e-01
1.813501417636871338e-01
1.305739283561706543e-01
1.227787956595420837e-01
1.210625097155570984e-01
2.882640659809112549e-01
7.836821675300598145e-02
1.482827812433242798e-01
2.084285765886306763e-01
1.774149537086486816e-01
3.208444118499755859e-01
1.641772091388702393e-01
2.624771595001220703e-01
1.953658014535903931e-01
1.150917485356330872e-01
1.486226320266723633e-01
3.311688601970672607e-01
1.451686620712280273e-01
1.224815919995307922e-01
7.976420223712921143e-02
5.988418683409690857e-02
2.867276072502136230e-01
5.430222675204277039e-02
1.737610250711441040e-01
1.941124945878982544e-01
6.763549894094467163e-02
1.400146633386611938e-01
8.866193890571594238e-02
2.466649562120437622e-01
2.011915594339370728e-01
7.101985067129135132e-02
3.169253766536712646e-01
2.233822643756866455e-01
3.131915926933288574e-01
1.897011697292327881e-01
2.271999716758728027e-01
3.002991154789924622e-02
2.559929788112640381e-01
2.343817651271820068e-01
2.309243381023406982e-01
2.559310495853424072e-01
2.537046968936920166e-01
1.168158650398254395e-01
1.973665505647659302e-01
1.645903289318084717e-01
1.817655116319656372e-01
2.819176912307739258e-01
1.320117413997650146e-01
5.145372822880744934e-02
1.369610726833343506e-01
1.659238040447235107e-01
9.933968633413314819e-02
3.149237334728240967e-01
1.658371835947036743e-01
1.103606596589088440e-01
2.515324652194976807e-01
1.959357261657714844e-01
1.900320649147033691e-01
3.496119976043701172e-01
2.213679403066635132e-01
2.353084646165370941e-02
1.572411656379699707e-01
2.569105923175811768e-01
2.647023797035217285e-01
1.426401436328887939e-01
1.412235498428344727e-01
3.924457728862762451e-02
1.580600142478942871e-01
2.350185811519622803e-01
1.556593030691146851e-01
2.122129350900650024e-01
5.281506851315498352e-02
2.398257553577423096e-01
1.078252643346786499e-01
1.506029814481735229e-01
2.076590955257415771e-01
4.215275496244430542e-02
1.211998462677001953e-01
5.982467904686927795e-02
2.685470581054687500e-01
2.392665445804595947e-01
3.897292017936706543e-01
2.240062505006790161e-01
2.277678698301315308e-01
2.966230511665344238e-01
1.115495637059211731e-01
1.449358612298965454e-01
9.563480317592620850e-02
2.401690036058425903e-01
1.742388457059860229e-01
2.222213298082351685e-01
1.887073665857315063e-01
2.524101138114929199e-01
2.573963105678558350e-01
1.786038726568222046e-01
1.733978390693664551e-01
3.304018378257751465e-01
3.137085139751434326e-01
1.988196223974227905e-01
1.844413429498672485e-01
1.944497823715209961e-01
2.705388069152832031e-01
1.022874936461448669e-01
1.069348603487014771e-01
2.814187705516815186e-01
9.397424012422561646e-02
2.448628395795822144e-01
2.000910192728042603e-01
1.865343302488327026e-01
1.896168887615203857e-01
2.823513746261596680e-01
2.587499022483825684e-01
1.305623650550842285e-01
2.326173633337020874e-01
1.227139830589294434e-01
1.604676991701126099e-01
1.722070425748825073e-01
1.806845963001251221e-01
8.737651258707046509e-02
1.224087849259376526e-01
1.703646332025527954e-01
2.749415934085845947e-01
1.783004552125930786e-01
1.123771965503692627e-01
8.672690391540527344e-02
3.216542303562164307e-01
9.247824549674987793e-02
2.319309264421463013e-01
1.534489244222640991e-01
1.073725745081901550e-01
2.031407803297042847e-01
2.209993451833724976e-01
1.410747915506362915e-01
2.771790325641632080e-02
2.200037986040115356e-01
2.320871055126190186e-01
1.281216591596603394e-01
2.405609786510467529e-01
7.581499963998794556e-02
1.573840975761413574e-01
1.365814059972763062e-01
1.691830605268478394e-01
1.254437714815139771e-01
1.270601600408554077e-01
3.626435399055480957e-01
2.561963200569152832e-01
1.536072194576263428e-01
2.164938896894454956e-01
1.970992833375930786e-01
2.380618602037429810e-01
1.421263813972473145e-01
1.630932539701461792e-01
2.003148198127746582e-01
2.059956490993499756e-01
1.541321575641632080e-01
7.450534403324127197e-02
8.159869164228439331e-02
3.133250772953033447e-01
6.816711276769638062e-02
1.888125538825988770e-01
2.273226678371429443e-01
1.920825392007827759e-01
2.535809278488159180e-01
1.172713935375213623e-01
7.490512728691101074e-02
2.018197625875473022e-01
1.654757112264633179e-01
2.683466970920562744e-01
1.006578505039215088e-01
7.550249993801116943e-02
2.405930459499359131e-01
3.407994806766510010e-01
2.231874763965606689e-01
3.085931241512298584e-01
2.805654108524322510e-01
1.472315937280654907e-01
2.299055755138397217e-01
8.844133466482162476e-02
1.613558679819107056e-01
2.034627944231033325e-01
2.246311455965042114e-01
2.307599782943725586e-01
1.258981823921203613e-01
1.104382723569869995e-01
4.458726570010185242e-02
5.468675494194030762e-02
1.116213351488113403e-01
5.863999202847480774e-02
2.853236496448516846e-01
2.101894766092300415e-01
8.794926851987838745e-02
8.872252702713012695e-02
3.255637735128402710e-02
1.861299574375152588e-01
2.107966244220733643e-01
5.609576031565666199e-02
2.859503626823425293e-01
2.437986731529235840e-01
1.495985090732574463e-01
1.028600856661796570e-01
4.545783996582031250e-02
2.002144604921340942e-01
2.016662061214447021e-01
2.291003316640853882e-01
1.054029390215873718e-01
2.086070328950881958e-01
5.897184833884239197e-02
1.212927997112274170e-01
2.667865753173828125e-01
1.018046960234642029e-01
2.046959847211837769e-01
3.973658010363578796e-02
3.081672787666320801e-01
2.676441371440887451e-01
2.271630764007568359e-01
1.365519966930150986e-02
3.236677348613739014e-01
1.202116012573242188e-01
3.830451145768165588e-02
1.091778650879859924e-01
1.152837797999382019e-01
2.396011948585510254e-01
1.962247937917709351e-01
2.247725874185562134e-01
1.113421544432640076e-01
2.040222734212875366e-01
1.777066588401794434e-01
2.407448887825012207e-01
2.461878210306167603e-01
2.434152215719223022e-01
1.772281825542449951e-01
1.257231235504150391e-01
2.721613049507141113e-01
1.335723698139190674e-01
2.441113442182540894e-01
2.861284911632537842e-01
9.000144153833389282e-02
2.771122157573699951e-01
1.850622594356536865e-01
1.028142571449279785e-01
9.522947669029235840e-02
2.255289405584335327e-01
2.078587263822555542e-01
2.287120670080184937e-01
9.421305358409881592e-02
1.059717088937759399e-01
2.992517054080963135e-01
2.157845348119735718e-01
5.624430626630783081e-02
8.888323605060577393e-02
2.005386501550674438e-01
1.063738837838172913e-01
2.173344790935516357e-01
2.836043238639831543e-01
1.627185046672821045e-01
2.883021831512451172e-01
1.473116129636764526e-01
9.551730751991271973e-02
1.667590290307998657e-01
2.479846924543380737e-01
3.043083250522613525e-01
1.032147333025932312e-01
1.965080350637435913e-01
2.422871999442577362e-02
2.452805638313293457e-01
1.945292651653289795e-01
1.245970875024795532e-01
9.529002010822296143e-02
2.662332057952880859e-01
2.115556895732879639e-01
1.109776273369789124e-01
2.250436097383499146e-01
1.131502836942672729e-01
7.028350979089736938e-02
2.807004451751708984e-01
2.326017469167709351e-01
1.395416706800460815e-01
2.067902535200119019e-01
1.530539095401763916e-01
2.505041062831878662e-01
2.491953223943710327e-01
1.333245933055877686e-01
1.438271701335906982e-01
2.213679105043411255e-01
1.441791653633117676e-01
1.471604108810424805e-01
2.970514893531799316e-01
8.618216216564178467e-02
1.816290169954299927e-01
1.006519496440887451e-01
1.307849436998367310e-01
4.871672764420509338e-02
5.429184809327125549e-02
2.759459912776947021e-01
3.666936978697776794e-02
5.846513807773590088e-02
1.125580072402954102e-01
2.465707957744598389e-01
1.616506129503250122e-01
1.656411439180374146e-01
1.177920997142791748e-01
7.493957132101058960e-02
1.284171044826507568e-01
3.009596467018127441e-01
2.900822162628173828e-01
2.227365523576736450e-01
2.359121292829513550e-01
2.677484750747680664e-01
2.365899980068206787e-01
1.935612261295318604e-01
2.156288623809814453e-01
6.129187345504760742e-02
2.845422923564910889e-01
1.350650638341903687e-01
2.199934124946594238e-01
1.957852989435195923e-01
2.281790822744369507e-01
2.680667936801910400e-01
2.631379663944244385e-01
2.583862543106079102e-01
2.859909832477569580e-01
2.109744995832443237e-01
1.544571667909622192e-01
