2.855998277664184570e-01
1.579365581274032593e-01
1.811561435461044312e-01
2.534656822681427002e-01
1.579239666461944580e-01
2.712633907794952393e-01
1.488428264856338501e-01
1.352983713150024414e-01
1.996091306209564209e-01
1.905476301908493042e-01
2.119894772768020630e-01
1.447112411260604858e-01
2.382317930459976196e-01
1.121009141206741333e-01
1.332793533802032471e-01
1.185543462634086609e-01
1.496377885341644287e-01
1.917146444320678711e-01
1.589742004871368408e-01
7.489050179719924927e-02
3.176319003105163574e-01
1.937125325202941895e-01
2.219496071338653564e-01
1.451885700225830078e-01
2.825310528278350830e-01
3.035891354084014893e-01
1.399866938591003418e-01
1.077190786600112915e-01
1.963174492120742798e-01
2.796563506126403809e-01
2.127289324998855591e-01
2.155385911464691162e-01
2.771929204463958740e-01
1.309276074171066284e-01
3.255707025527954102e-01
1.678167432546615601e-01
1.288875937461853027e-01
8.960640430450439453e-02
1.062733978033065796e-01
2.009400874376296997e-01
2.663829624652862549e-01
2.326356917619705200e-01
1.685071885585784912e-01
2.135186344385147095e-01
1.704298257827758789e-01
1.346635818481445312e-01
2.360235899686813354e-01
1.422924399375915527e-01
3.145724534988403320e-01
1.291248202323913574e-01
1.803350150585174561e-01
1.518169045448303223e-01
8.143153786659240723e-02
1.805860251188278198e-01
1.945597231388092041e-01
1.145140007138252258e-01
2.129577249288558960e-01
2.711240053176879883e-01
3.331055119633674622e-02
1.036838963627815247e-01
2.179853916168212891e-01
2.441829293966293335e-01
1.754899770021438599e-01
2.537931501865386963e-01
1.292305737733840942e-01
2.558684647083282471e-01
2.009815424680709839e-01
1.932282000780105591e-01
1.874743998050689697e-01
6.175456196069717407e-02
1.938704103231430054e-01
2.150276750326156616e-01
2.364070266485214233e-01
2.688319087028503418e-01
2.068536430597305298e-01
1.145479679107666016e-01
2.727035284042358398e-01
3.022029697895050049e-01
2.490724474191665649e-01
4.133499860763549805e-01
2.723613083362579346e-01
1.271199584007263184e-01
5.616506189107894897e-02
9.279807657003402710e-02
1.352104097604751587e-01
2.618747055530548096e-01
2.527859807014465332e-01
2.081442028284072876e-01
2.328158468008041382e-01
2.060272246599197388e-01
9.160334616899490356e-02
2.252280861139297485e-01
1.793687492609024048e-01
2.107031494379043579e-01
1.955803930759429932e-01
6.228735670447349548e-02
1.303365230560302734e-01
2.498850673437118530e-01
2.964980602264404297e-01
2.164986282587051392e-01
1.583122611045837402e-01
2.023841738700866699e-01
2.666830420494079590e-01
1.583375334739685059e-01
2.749023735523223877e-01
2.330511063337326050e-01
1.464531123638153076e-01
2.003275007009506226e-01
2.336919158697128296e-01
1.111644580960273743e-01
4.618102684617042542e-02
1.635393202304840088e-01
1.877987980842590332e-01
2.094094902276992798e-01
2.028075158596038818e-01
1.629535406827926636e-01
6.294539570808410645e-02
2.182833105325698853e-01
3.064034879207611084e-01
1.503998339176177979e-01
2.593487799167633057e-01
1.549172550439834595e-01
2.579412460327148438e-01
1.310943663120269775e-01
2.050015926361083984e-01
2.538693547248840332e-01
2.171827256679534912e-01
3.040791451930999756e-01
1.034420430660247803e-01
2.506356239318847656e-01
1.827919930219650269e-01
2.676154673099517822e-01
2.356039583683013916e-01
2.868431806564331055e-01
1.575028449296951294e-01
2.118911743164062500e-01
1.221460625529289246e-01
8.218033611774444580e-02
1.111252158880233765e-01
2.538914680480957031e-01
2.935388684272766113e-01
2.075873017311096191e-01
1.838590949773788452e-01
2.896589599549770355e-02
2.779245078563690186e-01
2.912811338901519775e-01
1.067068800330162048e-01
3.119704425334930420e-01
2.510832250118255615e-01
1.556118279695510864e-01
1.769598424434661865e-01
2.189120203256607056e-01
1.553170382976531982e-01
2.671141624450683594e-01
1.526483297348022461e-01
1.580345481634140015e-01
1.694400459527969360e-01
1.115424111485481262e-01
2.497268021106719971e-01
1.126907542347908020e-01
1.426563262939453125e-01
2.644731998443603516e-01
2.115400582551956177e-01
2.159835398197174072e-01
2.016250938177108765e-01
1.320296376943588257e-01
2.044259607791900635e-01
2.608138024806976318e-01
1.240466386079788208e-01
2.412740737199783325e-01
2.164529561996459961e-01
2.394229322671890259e-01
3.126017153263092041e-01
8.544105291366577148e-02
9.942129999399185181e-02
2.340697944164276123e-01
4.537756368517875671e-02
2.179826945066452026e-01
2.043634355068206787e-01
1.514602601528167725e-01
3.056761026382446289e-01
1.600833684206008911e-01
2.245204746723175049e-01
2.309981882572174072e-01
1.038727387785911560e-01
2.333503514528274536e-01
1.164049506187438965e-01
3.150175213813781738e-01
1.608136743307113647e-01
1.320053935050964355e-01
3.063838481903076172e-01
1.223816797137260437e-01
8.272833377122879028e-02
1.011818796396255493e-01
1.657358705997467041e-01
2.534510493278503418e-01
1.331584602594375610e-01
1.868442893028259277e-01
2.510659694671630859e-01
3.224567472934722900e-01
1.753126084804534912e-01
1.467931270599365234e-01
2.116131931543350220e-01
1.789213120937347412e-01
1.136985644698143005e-01
1.471762806177139282e-01
1.368114054203033447e-01
1.812897324562072754e-01
1.930137127637863159e-01
2.382514923810958862e-01
1.636863797903060913e-01
2.768868207931518555e-01
2.216371297836303711e-01
1.002560332417488098e-01
3.521737158298492432e-01
2.273254692554473877e-01
2.102013826370239258e-01
1.175828501582145691e-01
1.922346204519271851e-01
2.172671258449554443e-01
2.132270038127899170e-01
2.900704145431518555e-01
2.500665485858917236e-01
7.596084475517272949e-02
1.935378164052963257e-01
2.347677499055862427e-01
1.672750562429428101e-01
1.826012432575225830e-01
3.075723946094512939e-01
2.935728132724761963e-01
2.701572775840759277e-01
1.505482792854309082e-01
1.919125765562057495e-01
2.180746197700500488e-01
1.944101750850677490e-01
1.297668516635894775e-01
2.231379300355911255e-01
1.143620908260345459e-01
1.726308166980743408e-01
1.761148720979690552e-01
1.603085994720458984e-01
2.311586290597915649e-01
1.560747772455215454e-01
1.433063447475433350e-01
1.529412716627120972e-01
9.510839730501174927e-02
1.290093809366226196e-01
1.918558925390243530e-01
1.376683712005615234e-01
1.222650259733200073e-01
2.028400152921676636e-01
2.196737527847290039e-01
1.887836605310440063e-01
1.687398850917816162e-01
1.480927169322967529e-01
1.867706626653671265e-01
1.295574754476547241e-01
1.252482384443283081e-01
2.291527837514877319e-01
1.997154504060745239e-01
1.702779978513717651e-01
2.451181709766387939e-01
2.482436746358871460e-01
3.097777962684631348e-01
1.537483036518096924e-01
4.629756882786750793e-02
1.109440028667449951e-01
2.267685234546661377e-01
3.080252408981323242e-01
5.926091223955154419e-02
1.532243639230728149e-01
2.206961214542388916e-01
1.996707767248153687e-01
2.618480026721954346e-01
2.071780115365982056e-01
2.698775231838226318e-01
2.052979767322540283e-01
2.156330049037933350e-01
1.101728677749633789e-01
3.076089322566986084e-01
2.679829895496368408e-01
1.289670020341873169e-01
2.090242505073547363e-01
1.989304870367050171e-01
2.679571509361267090e-01
1.498011648654937744e-01
8.716060221195220947e-02
1.780982613563537598e-01
2.259087711572647095e-01
1.779291629791259766e-01
1.003928482532501221e-01
1.906622201204299927e-01
3.424163758754730225e-01
2.888107299804687500e-01
2.251608669757843018e-01
2.094426453113555908e-01
2.592369318008422852e-01
1.711657047271728516e-01
1.960577368736267090e-01
3.006503880023956299e-01
2.582337260246276855e-01
2.180167138576507568e-01
1.869822889566421509e-01
1.198388040065765381e-01
1.770445257425308228e-01
1.232351660728454590e-01
1.934135407209396362e-01
1.040353849530220032e-01
1.926093697547912598e-01
1.208636760711669922e-01
2.066583633422851562e-01
2.465391755104064941e-01
2.066906094551086426e-01
2.259193658828735352e-01
9.357480704784393311e-02
2.840349376201629639e-01
2.003464400768280029e-01
1.972020715475082397e-01
1.618741750717163086e-01
2.513890564441680908e-01
2.262293547391891479e-01
2.083085775375366211e-01
1.552125513553619385e-01
1.010525971651077271e-01
1.014979109168052673e-01
1.294132620096206665e-01
1.982313543558120728e-01
1.743175238370895386e-01
1.619756370782852173e-01
2.374980151653289795e-01
1.635282337665557861e-01
2.113364636898040771e-01
1.082944497466087341e-01
1.758883148431777954e-01
2.498722076416015625e-01
3.370083570480346680e-01
2.464674562215805054e-01
1.308458894491195679e-01
1.807095110416412354e-01
1.123284026980400085e-01
1.968306601047515869e-01
2.776429653167724609e-01
2.389620691537857056e-01
2.369108200073242188e-01
6.988708674907684326e-02
2.126115113496780396e-01
1.610653847455978394e-01
2.481478601694107056e-01
3.719716519117355347e-02
3.058967888355255127e-01
8.947698026895523071e-02
8.589259535074234009e-02
2.156376391649246216e-01
1.896760314702987671e-01
1.653293818235397339e-01
1.090144589543342590e-01
1.576792150735855103e-01
3.227817416191101074e-01
1.194636076688766479e-01
1.270932257175445557e-01
1.274152547121047974e-01
2.160038203001022339e-01
2.077459394931793213e-01
1.183818280696868896e-01
1.914704144001007080e-01
4.262246564030647278e-02
3.127588033676147461e-01
2.339531034231185913e-01
1.399493962526321411e-01
1.691587865352630615e-01
3.350111544132232666e-01
1.337000131607055664e-01
7.101584970951080322e-02
2.995246350765228271e-01
2.546941041946411133e-01
1.089628189802169800e-01
2.375687509775161743e-01
2.869020104408264160e-01
2.354115545749664307e-01
1.247961223125457764e-01
2.889273464679718018e-01
2.214599400758743286e-01
2.387098520994186401e-01
1.791917234659194946e-01
1.357305794954299927e-01
2.617269456386566162e-01
1.062442213296890259e-01
1.591532230377197266e-01
2.398968786001205444e-01
2.836789190769195557e-01
2.012009173631668091e-01
1.650327146053314209e-01
1.090897023677825928e-01
1.724824309349060059e-01
1.176875233650207520e-01
1.213924288749694824e-01
2.828020453453063965e-01
2.326000630855560303e-01
1.158282831311225891e-01
2.316208481788635254e-01
9.899217635393142700e-02
1.271764487028121948e-01
1.048795953392982483e-01
2.366950064897537231e-01
1.544932872056961060e-01
2.062473595142364502e-01
2.889281213283538818e-01
2.913479506969451904e-01
1.418838948011398315e-01
2.169397026300430298e-01
1.780625134706497192e-01
2.329668998718261719e-01
2.411011457443237305e-01
2.246921360492706299e-01
2.221697419881820679e-01
1.150667145848274231e-01
2.276089936494827271e-01
1.398314684629440308e-01
1.904591917991638184e-01
1.942450255155563354e-01
2.360623478889465332e-01
1.802392899990081787e-01
1.848239004611968994e-01
2.583260238170623779e-01
2.337563484907150269e-01
1.847659498453140259e-01
2.073296457529067993e-01
1.302470117807388306e-01
1.965387910604476929e-01
3.393507301807403564e-01
1.850572675466537476e-01
2.145124673843383789e-01
1.444794088602066040e-01
1.848973780870437622e-01
1.072061732411384583e-01
1.752554476261138916e-01
8.393387496471405029e-02
9.932515770196914673e-02
2.719982862472534180e-01
1.508239507675170898e-01
1.242009177803993225e-01
1.073772236704826355e-01
3.331934511661529541e-01
1.738363355398178101e-01
2.293436676263809204e-01
2.411770373582839966e-01
9.788733720779418945e-02
3.299328088760375977e-01
1.148651167750358582e-01
1.197025030851364136e-01
8.038761466741561890e-02
2.126504033803939819e-01
8.517882227897644043e-02
4.885250329971313477e-02
1.068192720413208008e-01
1.742573827505111694e-01
2.053160667419433594e-01
1.734509617090225220e-01
2.244244664907455444e-01
1.028474867343902588e-01
1.886899322271347046e-01
1.485104560852050781e-01
1.484872400760650635e-01
1.119153872132301331e-01
3.071266114711761475e-01
2.640092372894287109e-01
2.696460783481597900e-01
4.841915145516395569e-02
2.482285350561141968e-01
2.191205024719238281e-01
2.501523792743682861e-01
1.381442695856094360e-01
1.952396333217620850e-01
8.956400305032730103e-02
2.316902577877044678e-01
2.760517597198486328e-01
1.111445203423500061e-01
1.952781528234481812e-01
1.997935175895690918e-01
9.005678445100784302e-02
2.763811945915222168e-01
2.194355726242065430e-01
2.027432024478912354e-01
2.762224674224853516e-01
1.671979576349258423e-01
2.907867729663848877e-01
1.787468492984771729e-01
1.187862828373908997e-01
1.597429364919662476e-01
2.234356552362442017e-01
8.452862501144409180e-02
1.629374772310256958e-01
2.665601074695587158e-01
2.005699425935745239e-01
2.072256058454513550e-01
2.364907115697860718e-01
1.594250649213790894e-01
1.603771597146987915e-01
1.767723113298416138e-01
7.142445445060729980e-02
1.976627409458160400e-01
1.785259991884231567e-01
8.845102787017822266e-02
1.195310279726982117e-01
1.060209572315216064e-01
2.431592941284179688e-01
1.405875980854034424e-01
2.197398543357849121e-01
1.585510969161987305e-01
2.367375642061233521e-01
1.951715648174285889e-01
3.103918433189392090e-01
2.114834189414978027e-01
2.160079628229141235e-01
2.450774908065795898e-01
2.027484625577926636e-01
1.672425121068954468e-01
2.977948077023029327e-02
1.778867840766906738e-01
3.043312728404998779e-01
1.739919632673263550e-01
2.075905501842498779e-01
2.594865262508392334e-01
2.191799581050872803e-01
1.297406405210494995e-01
1.470451802015304565e-01
2.902790606021881104e-01
2.893292605876922607e-01
2.162333130836486816e-01
1.307348161935806274e-01
1.798648685216903687e-01
2.103656679391860962e-01
1.365097761154174805e-01
1.409185230731964111e-01
8.578086644411087036e-02
2.474085092544555664e-01
1.133298426866531372e-01
2.245451509952545166e-01
1.803935170173645020e-01
2.495364695787429810e-01
2.219840735197067261e-01
2.520252168178558350e-01
6.273660808801651001e-02
1.458810716867446899e-01
9.959812462329864502e-02
7.384516298770904541e-02
3.079510331153869629e-01
1.467528343200683594e-01
1.175726279616355896e-01
6.101029366254806519e-02
1.555584669113159180e-01
1.007948890328407288e-01
2.593363225460052490e-01
1.832387447357177734e-01
3.311765789985656738e-01
2.395932823419570923e-01
1.178323403000831604e-01
2.292464524507522583e-01
5.301778018474578857e-02
1.723623424768447876e-01
3.141940236091613770e-01
1.126222461462020874e-01
1.431991904973983765e-01
3.045457005500793457e-01
2.111281752586364746e-01
2.276700586080551147e-01
2.285758107900619507e-01
1.676001697778701782e-01
1.772903203964233398e-01
2.122724056243896484e-01
1.720018237829208374e-01
2.136209011077880859e-01
3.109754025936126709e-01
1.486785113811492920e-01
1.366710066795349121e-01
1.248516291379928589e-01
2.009858340024948120e-01
9.018964320421218872e-02
1.555297076702117920e-01
1.603947132825851440e-01
1.315271258354187012e-01
1.077578365802764893e-01
1.276678144931793213e-01
3.280214667320251465e-01
9.007743746042251587e-02
1.311427950859069824e-01
2.230198383331298828e-01
1.374944895505905151e-01
2.750337123870849609e-01
1.332678049802780151e-01
2.099621742963790894e-01
2.023588716983795166e-01
1.341564953327178955e-01
1.463427543640136719e-01
2.705361843109130859e-01
1.288864463567733765e-01
9.563843905925750732e-02
1.338549703359603882e-01
1.322533786296844482e-01
2.542515993118286133e-01
8.014145493507385254e-02
1.253853887319564819e-01
2.129451930522918701e-01
1.059096083045005798e-01
1.551807671785354614e-01
9.500971436500549316e-02
2.501590251922607422e-01
2.036558687686920166e-01
1.005113571882247925e-01
3.075737357139587402e-01
2.424397319555282593e-01
2.968797087669372559e-01
1.781463772058486938e-01
2.629480063915252686e-01
9.589394927024841309e-02
2.259333133697509766e-01
1.713202446699142456e-01
2.703420817852020264e-01
2.536935210227966309e-01
2.177306860685348511e-01
1.821818351745605469e-01
2.081665396690368652e-01
1.606267243623733521e-01
2.653490900993347168e-01
2.708847820758819580e-01
1.907975375652313232e-01
1.268462240695953369e-01
1.964127123355865479e-01
1.310343295335769653e-01
9.814907610416412354e-02
3.106294274330139160e-01
1.429029703140258789e-01
1.439243555068969727e-01
2.310340255498886108e-01
1.803671419620513916e-01
2.027405798435211182e-01
3.259284794330596924e-01
2.416055649518966675e-01
6.544033437967300415e-02
1.298147141933441162e-01
2.858213484287261963e-01
2.001578211784362793e-01
1.755255609750747681e-01
1.713506132364273071e-01
1.335755884647369385e-01
1.499361097812652588e-01
2.082184106111526489e-01
1.561167240142822266e-01
3.076007068157196045e-01
8.828063309192657471e-02
2.075369656085968018e-01
1.292268782854080200e-01
1.615713834762573242e-01
2.029811143875122070e-01
6.640657782554626465e-02
1.573544889688491821e-01
9.300936758518218994e-02
2.621714174747467041e-01
1.774859726428985596e-01
3.943196237087249756e-01
2.174421101808547974e-01
2.075783908367156982e-01
3.049172163009643555e-01
1.434009373188018799e-01
1.801508367061614990e-01
1.417701989412307739e-01
2.817207872867584229e-01
1.800071448087692261e-01
2.436893284320831299e-01
2.139821648597717285e-01
2.449983209371566772e-01
2.758027613162994385e-01
1.849587410688400269e-01
1.475943922996520996e-01
3.064805567264556885e-01
2.497199028730392456e-01
1.723451614379882812e-01
1.505878865718841553e-01
2.424415349960327148e-01
2.344240993261337280e-01
1.678042709827423096e-01
1.523540914058685303e-01
2.732200622558593750e-01
1.364583671092987061e-01
2.699024677276611328e-01
1.842489093542098999e-01
1.279258430004119873e-01
1.792343556880950928e-01
2.307527661323547363e-01
2.292907834053039551e-01
1.476609408855438232e-01
2.085417360067367554e-01
9.303338825702667236e-02
1.533064097166061401e-01
1.777119189500808716e-01
1.704335659742355347e-01
1.024227067828178406e-01
1.488665044307708740e-01
2.228742390871047974e-01
2.023781985044479370e-01
1.492821723222732544e-01
1.496932059526443481e-01
1.179292798042297363e-01
3.021545410156250000e-01
1.157818064093589783e-01
1.825127303600311279e-01
1.105627939105033875e-01
1.281988024711608887e-01
1.935676336288452148e-01
2.124870270490646362e-01
1.702390015125274658e-01
6.711255013942718506e-02
2.628461420536041260e-01
2.266895323991775513e-01
9.829026460647583008e-02
2.507538199424743652e-01
1.486160904169082642e-01
1.623906642198562622e-01
1.622477322816848755e-01
1.629610061645507812e-01
1.728589981794357300e-01
1.103142946958541870e-01
3.311049044132232666e-01
3.118412792682647705e-01
1.836854666471481323e-01
2.485083043575286865e-01
1.776791810989379883e-01
2.582401633262634277e-01
1.089846640825271606e-01
1.550963670015335083e-01
1.519686132669448853e-01
1.921436190605163574e-01
1.812403798103332520e-01
1.311196237802505493e-01
1.003724783658981323e-01
3.173660039901733398e-01
6.657645106315612793e-02
2.284344136714935303e-01
2.060587704181671143e-01
1.667683571577072144e-01
2.231503427028656006e-01
1.501731276512145996e-01
1.078258156776428223e-01
1.669356673955917358e-01
1.965379565954208374e-01
2.445839494466781616e-01
1.041781529784202576e-01
7.107872515916824341e-02
2.591066360473632812e-01
2.935094535350799561e-01
2.342988699674606323e-01
2.908925116062164307e-01
2.968737185001373291e-01
2.199642956256866455e-01
2.320663183927536011e-01
1.347233206033706665e-01
1.497206985950469971e-01
2.106507718563079834e-01
2.149667441844940186e-01
2.306808084249496460e-01
1.074887439608573914e-01
1.669445335865020752e-01
9.427021443843841553e-02
8.937066793441772461e-02
1.268895119428634644e-01
1.089679598808288574e-01
2.199147790670394897e-01
2.189626842737197876e-01
9.263342618942260742e-02
1.251465827226638794e-01
3.151988983154296875e-02
2.245799303054809570e-01
2.585130333900451660e-01
1.224692091345787048e-01
2.659030258655548096e-01
2.613104581832885742e-01
1.449360102415084839e-01
1.244740188121795654e-01
1.144154816865921021e-01
2.283200472593307495e-01
2.229930758476257324e-01
2.383213341236114502e-01
1.365739256143569946e-01
2.262055575847625732e-01
9.939925372600555420e-02
1.195494234561920166e-01
2.231575399637222290e-01
1.636700183153152466e-01
1.861221492290496826e-01
1.846592873334884644e-02
2.775463461875915527e-01
2.564746141433715820e-01
2.344750612974166870e-01
7.311249524354934692e-02
3.552166223526000977e-01
1.654910296201705933e-01
9.698750078678131104e-02
1.253158748149871826e-01
1.184741631150245667e-01
2.532816529273986816e-01
2.169553488492965698e-01
2.251487076282501221e-01
1.142010316252708435e-01
1.357178390026092529e-01
1.344932019710540771e-01
2.222924232482910156e-01
2.124345600605010986e-01
2.458180487155914307e-01
1.333821862936019897e-01
1.485595405101776123e-01
2.752139568328857422e-01
9.115662425756454468e-02
2.375467568635940552e-01
2.816864252090454102e-01
1.239078789949417114e-01
2.554546892642974854e-01
2.109861224889755249e-01
1.503257155418395996e-01
1.339550465345382690e-01
2.045065462589263916e-01
1.933104246854782104e-01
2.615018486976623535e-01
1.191723272204399109e-01
1.197011694312095642e-01
2.392859458923339844e-01
2.271452695131301880e-01
9.846323728561401367e-02
8.593262732028961182e-02
1.633920371532440186e-01
1.536279469728469849e-01
2.142730206251144409e-01
2.359382510185241699e-01
1.753595769405364990e-01
2.726205289363861084e-01
2.160339802503585815e-01
6.556787341833114624e-02
1.401932537555694580e-01
2.422639131546020508e-01
3.241009414196014404e-01
1.788531541824340820e-01
2.127464860677719116e-01
9.513369202613830566e-02
2.088737487792968750e-01
1.921548843383789062e-01
1.304488629102706909e-01
1.282764822244644165e-01
2.132550776004791260e-01
2.652024626731872559e-01
1.002145633101463318e-01
2.257539927959442139e-01
1.454050987958908081e-01
1.319373100996017456e-01
2.542585432529449463e-01
2.968777120113372803e-01
9.826891124248504639e-02
2.126243561506271362e-01
1.878808289766311646e-01
1.878755688667297363e-01
2.518834471702575684e-01
1.191177889704704285e-01
1.817672103643417358e-01
2.234084606170654297e-01
1.676637381315231323e-01
1.316898763179779053e-01
2.489700764417648315e-01
1.052957177162170410e-01
2.006256133317947388e-01
1.210071295499801636e-01
1.226114705204963684e-01
3.447433188557624817e-02
1.141258031129837036e-01
2.785986363887786865e-01
1.157393753528594971e-01
9.674821048974990845e-02
1.209778860211372375e-01
2.480357736349105835e-01
2.162305116653442383e-01
1.775497198104858398e-01
1.018469184637069702e-01
9.831605106592178345e-02
8.763136714696884155e-02
3.234579265117645264e-01
2.125511169433593750e-01
2.434420138597488403e-01
2.977043092250823975e-01
2.373581975698471069e-01
1.960974782705307007e-01
1.745992898941040039e-01
2.388010174036026001e-01
9.881041944026947021e-02
2.943055033683776855e-01
1.416200548410415649e-01
2.167466878890991211e-01
1.461670994758605957e-01
2.060443460941314697e-01
2.815992832183837891e-01
1.957935541868209839e-01
2.616066932678222656e-01
2.821826934814453125e-01
2.294411659240722656e-01
1.717246323823928833e-01
