1.485326726076888093e+00
1.014947900960034399e+00
1.406414265750456360e+00
1.274050586617009984e+00
6.976898319808748639e-01
1.019047671720896719e+00
1.052969157672561273e+00
7.498985721929019022e-01
6.173219369045511717e-01
1.502209240692084835e+00
8.511933341441056955e-01
1.287338247978483619e+00
8.156966141807955317e-01
7.542141189868766249e-01
1.336260113779321301e+00
8.486597709060007544e-01
8.730351790893705610e-01
1.051174875609986570e+00
1.364457733528172900e+00
2.130699738727976911e+00
1.339777301899010009e+00
1.144752131199502143e+00
1.779562066447303970e+00
1.132123331137398381e+00
1.226252295179829810e+00
1.095863166196020755e+00
1.176192933212812930e+00
9.855951576821739835e-01
1.108611063265525498e+00
1.200461574078255156e+00
1.014084734426769385e+00
1.433242918061164994e+00
1.248613843980515448e+00
7.397838323333042476e-01
7.768296203746443140e-01
1.052668798736139166e+00
7.547302668996734853e-01
1.362019850517797614e+00
1.015035139373541950e+00
1.128102680113639344e+00
1.204827470040788384e+00
7.741267993774553213e-01
6.274344855887091787e-01
3.859030654505431479e-01
9.569260691210981218e-01
1.182227333144671544e+00
9.249519604083776825e-01
2.720651704112892477e-01
1.238779896392891544e+00
6.748010931988240868e-01
9.495976473161975573e-01
1.398769419309427553e+00
1.173862295969366976e+00
1.187272750153811840e+00
1.292163816570697454e+00
7.096915444019690211e-01
1.411655029046272380e+00
1.020408372853790047e+00
1.597487946015217375e+00
9.710393547754996302e-01
1.257132969986993087e+00
1.103789742109212435e+00
1.107792839098217685e+00
1.253832462633835299e+00
1.294416506086025320e+00
8.654698520760631952e-01
1.582137407174159627e+00
1.112597230170332852e+00
1.162380314674643422e+00
1.374778279624843336e+00
1.597919135053312845e+00
1.412511973134669585e+00
1.328660511010592460e+00
1.054775192528364380e+00
1.020655688676607609e+00
6.897193093754876436e-01
1.083437024418475669e+00
1.017974019536954877e+00
6.944116753817568544e-01
8.919121738048126913e-01
1.359165874580683830e+00
1.116358816863266767e+00
1.817186166602398290e+00
1.218931674850920244e+00
8.019169251565911871e-01
1.208263439811204654e+00
1.186041634688025592e+00
1.020155523330086744e+00
9.244426888806458464e-01
1.151526664240397624e+00
8.501025832240883817e-01
1.192537769985715812e+00
7.772314937586648487e-01
1.169203678724921369e+00
1.142884173761061772e+00
5.301219921707882587e-01
1.269717674480895120e+00
6.825900301308247542e-01
8.445081850941239532e-01
8.063601880360247165e-01
1.071931741094822588e+00
1.397556915122390109e+00
9.007364544328980704e-01
6.641892478491357998e-01
6.991564115882121788e-01
9.684433040634524703e-01
1.690835976771789984e+00
9.945425861547834145e-01
5.116680397868842434e-01
1.159844347333846448e+00
1.896576431610122127e+00
1.099759018767195728e+00
5.165257005827091907e-01
9.245478217448139802e-01
1.175074089154415358e+00
9.857091113565323859e-01
7.871948371051623594e-01
1.488980179290240624e+00
4.855034371240883329e-01
7.608152875638514168e-01
9.215440494966913310e-01
1.075688788191955236e+00
7.754617547729200089e-01
8.633414822240997877e-01
9.464994245459998901e-01
1.203487318293303021e+00
1.663583553843801077e+00
1.308524108916257367e+00
1.122459369448256084e+00
7.753465624333946149e-01
4.447515698143413854e-01
6.049225175262096244e-01
9.311471545024907481e-01
1.533810659339840177e+00
1.093811829603666075e+00
1.131884353957372191e+00
5.817228295734265808e-01
7.095540748962674282e-01
1.269666179858137900e+00
1.313890794601571876e+00
9.210595285860723180e-01
3.548938907440742918e-01
9.633653523903797922e-01
1.782300763177839142e+00
1.530654743221798952e+00
1.747565144352048350e+00
1.301473480305930464e+00
5.915476868329007099e-01
1.209898362739383337e+00
9.282704667454980685e-01
1.136350356123750904e+00
9.737996943375366588e-01
4.160398039626769240e-01
1.349816804015562699e+00
1.185084917522916115e+00
6.794019489776687015e-01
6.343287847949975466e-01
7.078717048310276816e-01
3.382976589369446896e-01
8.882815441382923005e-01
1.152709529072410755e+00
1.096481472955708858e+00
1.237555807045061629e+00
1.126240669410538908e+00
1.354547917690873904e+00
9.751075619167103303e-01
8.110554141195042144e-01
9.685416319613646685e-01
1.176011726378387579e+00
1.079197769748802660e+00
8.637193028177800880e-01
1.135085304742891266e+00
1.283025768915296405e+00
7.914598058651876045e-01
1.083455819856091296e+00
7.000864084677158594e-01
9.111443503241591912e-01
9.994608936867476201e-01
1.191140280019266529e+00
1.018564263056842556e+00
1.004875026727584109e+00
1.090165687188614063e+00
7.855462515247902955e-01
1.028806108616152848e+00
1.459077074360604520e+00
1.190209572930978288e+00
5.640156581545191505e-01
1.207305821177216076e+00
1.462106025373125950e+00
1.530576986995020539e+00
1.601440380289497867e+00
8.725161713291861298e-01
8.607272256593706539e-01
6.071239172127903538e-01
5.808767248628908808e-01
1.441928902468144313e+00
5.706048142685969937e-01
7.843963107156975978e-01
1.140464533865508168e+00
1.714190049179350028e+00
5.897304977056628816e-01
1.043929009979688516e+00
1.327428097860423595e+00
8.617161803401804931e-01
8.643542204326928324e-01
3.804065626301339487e-01
1.361887588042314912e+00
1.258440964496487124e+00
9.074001480622345683e-01
1.071902130147103005e+00
6.739439971628428117e-01
1.417423569077686796e-01
5.548621882000052130e-01
8.502200189245240347e-01
8.912047677859759043e-01
1.772774505274869350e+00
6.779857143314690360e-01
7.934314110190561209e-01
1.004309997956648104e+00
8.067007318076016009e-01
1.025663450619241246e+00
8.065437980625227432e-01
1.176246526137317838e+00
9.604197960973840376e-01
6.243637900641167970e-01
8.303602382628948453e-01
1.182524362480565250e+00
7.667500207825718173e-01
1.192353588846542412e+00
1.268056331357293232e+00
1.416554780082933007e+00
1.495057489265282369e+00
1.083952310825599286e+00
1.082102539691092158e+00
8.904649540031897015e-01
7.402364690765353972e-01
1.113504750110228869e+00
1.406535279864775667e+00
1.494483654938883577e+00
6.948510151583690009e-01
1.145646616907554760e+00
1.205384833713329717e+00
1.144376901589936768e+00
1.593348763525048728e+00
3.401351553199604694e-01
1.327003044280377519e+00
1.209061520664955314e+00
3.812356800045982319e-01
9.254941786270759474e-01
7.666647106661560462e-01
9.441843481583584996e-01
1.089900045812560947e+00
7.664289541546549511e-01
1.049507485527739981e+00
1.215928147220425082e+00
7.638041764458669558e-01
1.220313048792476707e+00
1.009200767546998723e+00
7.605401171888511724e-01
8.794197323267683997e-01
6.708333874644358819e-01
1.530281853977979667e+00
1.402978316827180327e+00
6.612068014747697342e-01
1.317849094799353971e+00
1.275286264774720735e+00
1.356931770930623227e+00
4.786454039182838072e-01
9.413013006902510860e-01
9.067870498019581227e-01
1.242481709127915002e+00
9.164242010516231440e-01
8.265916990780379781e-01
7.987473615031723817e-01
1.227076757363660287e+00
1.417211359071151033e+00
8.371082701985481656e-01
1.183470790978213394e+00
1.161683599538420264e+00
7.920923403965194343e-01
1.260586648509540053e+00
1.299126142880402845e+00
1.332485473586912494e+00
1.178671070909352636e+00
9.288732745759410436e-01
1.660530298606019972e+00
7.041369200792824135e-01
1.510641966983571338e+00
1.027673262955174360e+00
8.805093703858274390e-01
9.008657645160098593e-01
1.220642664311582637e+00
1.480877573045760842e+00
8.323087339037849031e-01
8.127675054728740189e-01
1.553411755000152938e+00
9.436259518423464332e-01
1.345638299719389641e+00
1.282750642838839328e+00
1.185407877449835334e+00
6.557199846102735874e-01
1.593224140371807040e+00
1.075203723828562996e+00
1.269496602963470888e+00
1.302700543273606293e+00
6.942528209931719818e-01
1.003142751314467729e+00
8.316487334861522029e-01
6.389050739536601409e-01
7.364214329793787872e-01
1.012443036233143578e+00
3.197235163728505136e-01
1.324130867779924170e+00
1.861781731494730918e+00
4.759585552173214440e-01
1.034628855665896463e+00
8.785940010090110830e-01
1.088757263820983257e+00
7.748034679947021219e-01
1.056860775297215893e+00
1.245952473801138050e+00
8.676973187315877301e-01
1.053186931937002413e+00
1.298711929791423803e+00
1.362909552163917848e+00
1.343715313982027038e+00
8.745815378085896041e-01
1.243020250509865310e+00
1.096616911020777518e+00
1.579049262266326803e+00
4.899147058896783369e-01
8.748699044794451263e-01
1.257060249748182201e+00
6.859220523267653968e-01
1.629675364943558025e+00
1.391159749379382582e+00
1.096465895043594596e+00
1.211202438273374815e+00
8.579187173093977270e-01
1.014584292832592993e+00
1.356925143549932100e+00
1.026184265402743545e+00
7.858635590933501502e-01
8.941232191361334625e-01
9.378432907343509095e-01
1.294492659847001237e+00
1.409211281385467363e+00
8.587729662898391236e-01
1.545640851254022952e+00
9.921053032621837131e-01
2.016571849876990452e+00
5.786104846208157682e-01
1.229695997746063085e+00
1.052150939328339474e+00
1.818655095311835002e+00
1.417757506131191336e+00
1.218120043185034751e+00
9.332917863697272054e-01
1.129403538465081569e+00
1.341240353977697808e+00
1.229162053271947386e+00
8.336837752274697255e-01
1.121450541767459841e+00
3.896973063777430801e-01
7.035477919356102339e-01
8.042981122131797056e-01
1.213381710902341259e+00
1.440754789705433803e+00
1.207820440661108607e+00
8.813357502014863565e-01
8.362679282780151047e-01
1.539481735891945036e+00
1.270531674573198266e+00
9.248902466394871569e-01
1.021763009227617758e+00
6.242430713960673838e-01
1.230434118566952062e+00
5.354558382818004336e-01
1.682914383644530387e+00
1.707373312621631944e+00
1.267909497843366040e+00
1.116740251620586433e+00
1.258645394411090246e+00
6.667344010581250924e-01
1.496888806712268982e+00
5.126985131487050706e-01
9.362208160901329679e-01
1.136722297352926958e+00
6.194855163888232097e-01
1.639085482540973304e+00
8.028453087921827436e-01
9.403144767398257109e-01
9.964128466099374526e-01
5.311473688357364331e-01
1.006303487261687390e+00
9.216351213423092936e-01
1.069688979222874314e+00
1.051706464946120301e+00
8.712394157220436641e-01
1.203988750460885049e+00
9.327318864295449652e-01
1.000140629912241730e+00
1.019536996215352653e+00
1.054383292691629448e+00
1.230230387582138318e+00
1.808591543881590047e+00
1.436844924406646129e+00
1.004277276672733699e+00
5.237125758827834154e-01
1.390711677291311732e+00
9.148382527451444091e-01
1.537694516031395287e+00
9.057147613402912745e-01
9.711469969820601955e-01
8.869881897694046335e-01
1.330586355329046899e+00
1.638079193690071822e+00
6.797824674926926658e-01
1.025554023308218765e+00
1.330021974285363173e+00
1.323979873967997989e+00
1.076230246334062279e+00
1.306653418154310353e+00
5.651764251726725252e-01
1.384042564251874996e+00
9.907104362684089338e-01
1.094371682509247767e+00
1.368324967626955324e+00
1.186299007274336903e+00
8.032036439827180407e-01
1.171142301057037427e+00
1.293245273304923559e+00
7.032226357772788372e-01
7.985754947605775422e-01
1.157327137870869382e+00
1.157803926692912100e+00
1.046011616991340931e+00
1.015563238472513286e+00
6.944352834390825624e-01
8.678795843710417346e-01
1.365772268245689203e+00
4.499469319080903196e-01
1.219213100690243134e+00
9.139303893602245266e-01
8.150473543527875231e-01
1.056004245128092212e+00
1.289901572968369381e+00
1.051443814177156710e+00
9.988356744895571238e-01
1.363695278298858948e+00
1.353568941942730586e+00
5.721133360827740377e-01
1.016453915188771706e+00
6.542036171100007458e-01
8.888764131791440093e-01
1.178556843803463261e+00
1.060372851672858108e+00
7.932493060189012013e-01
1.070368715158865669e+00
1.014913028242398818e+00
1.375461172871558890e+00
1.183085693684693407e+00
1.287986781279592208e+00
1.165749617151198736e+00
7.480835661843222573e-01
1.188886901292778742e+00
1.304759641769576595e+00
9.204638955466339922e-01
1.306403314040728958e+00
8.670498802327277765e-01
1.168289392494010093e+00
1.151369889580988737e+00
7.940552308966004613e-01
1.423056803090830824e+00
5.819436821682283378e-01
1.253954336376224443e+00
1.503902110716353491e+00
1.040840351016804721e+00
1.391857892341287872e+00
1.342432611938124687e+00
1.071412608202016781e+00
6.950213371398616946e-01
1.299500575108802014e+00
1.493437304533755450e+00
4.475547837373282656e-01
6.813148749653636926e-01
7.914487307539894712e-01
1.293733443524771376e+00
1.213567884384091577e+00
8.780406848884312332e-01
6.743491890800555888e-01
1.020857979803348581e+00
1.428345300055798850e+00
1.426721150998174537e+00
1.126515466034045065e+00
1.410674909007113342e+00
1.110192953368074997e+00
1.621686846868948928e+00
9.480810814167478506e-01
1.227642123854730816e+00
1.002490510142306279e+00
1.354187634500611193e+00
9.602639466066370533e-01
3.474250471622180036e-01
1.040151616442181348e+00
9.586716709894007593e-01
3.635450362432315896e-01
1.387505644628237444e+00
1.584533467709672294e+00
1.001111262552251135e+00
1.275649296613747374e+00
9.368876063910627217e-01
9.862592712373788872e-01
6.278504036224583640e-01
8.184053621568824211e-01
1.238384769972509236e+00
1.004588037701030778e+00
7.633469952765409294e-01
1.420722135807261255e+00
1.049460998701891468e+00
7.868560618211669633e-01
9.584481182205180083e-01
8.292722306740127891e-01
1.586192379351698101e+00
1.460323559389131276e+00
8.065429676817389426e-01
9.903782971546898350e-01
1.090085259447062915e+00
9.020000361299690406e-01
5.502762976926722782e-01
8.904452149281131268e-01
1.030886115322865670e+00
1.062872319000521371e+00
1.031242458469054046e+00
1.651852645344666692e+00
1.189448192319944697e+00
9.717870809751569805e-01
1.171192264511592196e+00
8.518177008355772850e-01
1.131987341325029872e+00
1.207718702870537619e+00
7.626194800363863546e-01
1.271127901504375046e+00
9.530850142877365094e-01
1.375565512989721517e+00
1.283405713984707486e+00
1.385297935142123071e+00
1.108970543804553843e+00
1.264017388112938400e+00
1.089136174593576367e+00
9.417696820027866567e-01
1.081888618861321261e+00
1.010609245554081381e+00
1.289719730019094346e+00
6.679891803254196514e-01
1.237656110282870925e+00
6.221103611580364179e-01
1.320303290050617084e+00
1.153714917455771927e+00
5.459170513088578147e-01
1.129614230435292299e+00
1.146927948918362583e+00
1.370634831777372886e+00
9.306163596695317120e-01
1.110952010758555097e+00
1.622978213775223333e+00
1.067491994148447532e+00
1.206533714796238943e+00
1.157913451263796301e+00
7.604910416428253273e-01
1.079372796107188170e+00
7.021775369171756598e-01
1.458997128896160067e+00
1.296042146457418109e+00
9.671573515656136655e-01
8.503682714701907841e-01
1.115068370782030360e+00
1.676103383884445019e+00
1.211825657844602278e+00
1.489039815445724724e+00
1.647743903224883066e+00
1.454361680398937651e+00
1.071480276343231175e+00
9.554328641255817045e-01
1.063816841886329634e+00
1.044530667205026964e+00
1.321986510735521536e+00
8.480920421084979788e-01
9.057761236529595639e-01
1.001655972459573940e+00
1.289722194673748712e+00
1.884643912683427125e+00
8.752673003773264737e-01
1.487313387939262821e+00
9.058034648681657641e-01
9.914841118243584717e-01
1.381108423231417248e+00
9.967907205072265020e-01
1.816616582609646091e+00
1.043363696482124903e+00
1.022858583300977342e+00
1.115945871995878802e+00
1.072951920197510400e+00
1.556383941445839358e+00
7.586842629258560011e-01
1.405301439155979715e+00
1.422840419063378326e+00
8.887218178042032291e-01
1.108157176810227407e+00
1.061626849174260423e+00
1.212157082337643521e+00
1.337693600092049628e+00
8.281326107626589828e-01
1.389494450037348727e+00
1.204852393405834610e+00
1.024891069284430412e+00
8.073863678410883038e-01
1.694995172355990398e+00
1.917642066528498779e+00
1.474982054599642822e+00
1.592174671608542980e+00
7.785845269403742774e-01
1.325787539651396285e+00
9.955405530571918016e-01
1.087752440740168858e+00
1.435392986106281743e+00
7.424648944694286490e-01
1.097952124470306323e+00
1.242966150070635489e+00
1.356289187198465473e+00
1.200546872157873368e+00
9.384858817994488067e-01
1.382473793586682209e+00
6.997915239450240854e-01
1.083972245085706110e+00
1.311900226103773104e+00
1.504676722430090541e+00
1.045763618620721758e+00
6.850716497805378058e-01
4.681498605208714858e-01
1.190576529431856212e+00
1.516431216448581143e+00
1.584145310316204869e+00
1.486674376381807994e+00
1.199571798051706661e+00
5.983128945773082963e-01
1.439607392256574636e+00
1.224895358287380942e+00
5.250747228682006718e-01
1.303678489056437462e+00
6.307937883400238643e-01
1.213423467939558353e+00
1.333063567082735545e+00
1.034826956572715950e+00
1.256601292233405553e+00
1.001216960104110321e+00
4.604066743038827125e-01
8.945304879712725477e-01
1.569568052905496280e+00
1.462076698079429748e+00
9.734210397309901452e-01
1.531519560961557280e+00
9.067406390927003068e-01
4.921160363329885046e-01
1.303652674513486209e+00
7.207713013008437697e-01
1.007928683530332048e+00
9.097582365507508317e-01
1.204163077008601368e+00
1.073267879820608117e+00
1.877084531371329801e+00
7.895250685798356205e-01
7.728296175372334487e-01
8.910537927468726860e-01
1.430350071010651147e+00
8.525067593406421285e-01
9.320412294495067362e-01
8.807007664437858097e-01
1.196090703575718672e+00
1.291382510339970757e+00
8.556264564506333992e-01
1.029012493237899228e+00
1.510428656461223484e+00
7.764004504094305092e-01
8.804841673087631104e-01
9.419737650883528435e-01
7.873546144058277685e-01
1.603388407304297214e+00
8.922508248706184641e-01
1.132736371702423028e+00
7.453761019561372381e-01
3.280262077583060432e-01
8.042140922681695336e-01
7.621678645312415235e-01
1.483401129886490866e+00
8.049698730505587818e-01
8.796041110228661752e-01
1.358225578154875546e+00
1.332039406938395398e+00
5.052960687355392277e-01
1.002982213001845979e+00
1.410465472058710423e+00
6.514108797990058042e-01
3.224194627215219433e-01
6.828510460423570239e-01
1.294851530633580161e+00
5.819031740709459388e-01
1.459206005095486924e+00
8.783484521224522723e-01
1.365415607250991759e+00
8.495092111872973861e-01
1.616928130716413836e+00
1.667644029633267744e+00
7.704783664547949495e-01
8.366914740475616119e-01
1.305972781390846604e+00
8.115982859607651090e-01
5.133740072692573042e-01
1.217840977451609019e+00
9.348432682377099123e-01
1.024702509037312304e+00
1.145866815458572052e+00
1.241248308279061519e+00
1.167365396007738809e+00
1.150084645632027058e+00
1.298490254885507289e+00
1.052656101599302563e+00
1.318502118918984500e+00
1.193470633432577976e+00
1.531099562080332710e+00
8.660721052083836247e-01
1.237762667595297961e+00
9.322740441343779771e-01
1.489333443478646712e+00
1.082046925023750550e+00
7.649183417208829106e-01
8.308055528313775806e-01
1.302880426797226043e+00
7.375755590224042368e-01
1.216482095894992677e+00
8.302514967186197525e-01
4.853241085149886946e-01
6.238036460892022461e-01
1.195386851327038702e+00
1.204644343218552960e+00
9.111306147576426762e-01
8.010579458228860306e-01
1.118070852400602000e+00
1.214375754421564979e+00
1.203373843239814223e+00
1.255076744286718560e+00
1.120448456293740902e+00
8.693805820728141009e-01
1.192045940702703755e+00
8.729858692229762740e-01
1.634444980867264308e+00
3.932664523365345666e-01
9.474785635641078674e-01
1.121317179749438564e+00
1.148328601277525340e+00
7.850832346354639224e-01
1.296299395707319446e+00
5.387804038663509543e-01
1.562889235230531471e+00
5.741157712969036098e-02
1.004610849592031174e+00
9.295343236583739621e-01
1.095322441897784271e+00
1.006575666116606982e+00
7.944338572160734024e-01
1.946870455179160686e+00
5.627474028250896154e-01
1.092556954960832716e+00
1.546187072479885849e+00
1.067860718627246408e+00
8.648031392702887343e-01
1.410344845913401146e+00
1.536324147615824032e-01
8.433325058125318296e-01
6.565361238803539834e-01
9.649442710238594900e-01
1.444207319675849144e+00
1.369866926160633991e+00
3.893717992340592349e-01
1.407546995237736853e+00
4.228417464486505795e-01
1.180631710340942497e+00
1.231838281365322585e+00
8.757689274956331760e-01
1.347162493763875091e+00
1.445960759731744316e+00
1.496913401082484940e+00
8.903677440591158954e-01
1.282926038158219928e+00
6.450416402247632908e-01
1.231414337252157987e+00
1.604826756615968408e+00
1.202949773439185410e+00
6.781759713863984018e-01
9.069652989217210637e-01
9.019136639970115610e-01
1.146081346046923688e+00
6.741299642666068737e-01
7.770709355056132361e-01
1.796811747734541331e+00
1.411091769021187270e+00
9.788089058086214544e-01
9.989366694978366601e-01
4.923066159342192050e-01
1.177141652877264022e+00
1.394610073663175465e+00
8.891895415027384342e-01
1.298021252203537701e+00
1.367189923973664234e+00
2.592891177214755594e-01
8.631335711732306404e-01
6.999308087122732003e-01
1.055940918143646101e+00
1.254024262990157457e+00
1.145600188827253119e+00
1.128680836635359563e+00
1.504757154040698097e+00
1.171216839438972146e+00
1.873870410634747463e+00
9.164346056552900022e-01
7.847362323399796891e-01
9.666933369331276449e-01
1.054268488554411132e+00
1.033293816997871373e+00
8.532840073850148643e-01
8.000003848748699076e-01
1.049491482987642943e+00
9.902783965150797618e-01
5.444781155473229495e-01
1.224873476992315080e+00
5.726085796161897168e-01
1.630183534057172867e+00
2.070556183978621845e-01
1.159250722853455429e+00
1.277848290273557064e+00
1.020226618556185016e+00
1.270183444345398538e+00
1.362917136641154769e+00
1.282850653219705928e+00
1.322983007488378604e+00
1.183941691894597747e+00
1.356918881317339176e+00
1.375169989571632501e+00
6.302036870181052519e-01
1.201069502289839663e+00
8.914962709788316619e-01
1.157140349585598971e+00
1.651550179485669068e+00
7.256994913676256820e-01
6.935547775491390787e-01
1.610412017045907529e+00
1.054516190235748496e+00
6.502226704684994640e-01
1.516250316935123577e+00
1.426297660144357993e+00
1.795801168858740526e+00
1.122095486987740198e+00
1.539219332686999619e+00
7.096702740545903776e-01
1.406830520610879764e+00
7.596063152503299554e-01
1.164999909613471107e+00
1.085872001741309933e+00
1.366460994440544141e+00
1.703624912988216389e+00
9.601810382529912813e-01
5.414720339716234676e-01
9.519992507570973483e-01
1.296448823142161144e+00
8.727135004257459139e-01
1.008589398974456763e+00
1.179743236566313414e+00
8.749268088427544221e-01
9.377767979197394466e-01
9.840273255679468090e-01
6.371556066887037462e-01
8.770856944893667961e-01
7.504018450753530134e-01
1.085498490575160346e+00
4.926493216629219130e-01
1.132365419930368988e+00
4.358998186599399860e-01
1.677963882140277363e+00
8.516236280469252629e-01
1.147743949541283559e+00
1.781787556923729809e+00
1.513917769169631722e+00
4.038661175182419183e-01
1.122511284990976632e+00
8.934983601658935681e-01
1.403413974649208695e+00
1.583780595279555614e+00
1.180783482531327255e+00
5.635372067038707522e-01
9.289031713780528943e-01
9.890691235247596191e-01
1.145611842578157846e+00
1.187375825430791787e+00
1.113718981409792752e+00
7.660143178249666507e-01
1.210119124467055496e+00
1.264552202915479651e+00
1.365046475710729901e+00
1.382814088289711085e+00
1.027517795905676046e+00
8.220021763410003679e-01
8.244035282089042793e-01
9.132498611640692543e-01
9.701831468729896768e-01
1.186651635592801179e+00
9.809839329578965428e-01
8.926434463604528968e-01
7.703404298396102634e-01
9.921227844787007255e-01
1.720946396071946438e+00
1.725951164998213327e+00
1.165912934106223764e+00
1.488902536913407459e+00
1.328208083318176858e+00
1.200619166335601617e+00
6.666733364883281610e-01
6.342166824388195678e-01
1.019969870903512765e+00
1.150209445636187322e+00
7.185629594094444794e-01
1.018312843959634506e+00
1.809638226239183689e+00
9.963489036325252624e-01
1.301284595121730669e+00
1.573209208902635270e+00
8.092401256437369295e-01
1.293591277083231184e+00
1.571813660233025489e+00
1.358249506288860875e+00
1.577949456308583409e+00
8.998172381916543783e-01
7.229437116532116958e-01
1.455412934342884990e+00
4.288932494849038712e-01
1.007467791301631443e+00
5.727822516811040821e-01
1.713029396320012276e+00
1.751277612172531306e+00
1.222373544976319781e+00
1.046721484917558564e+00
8.604962230984889437e-01
1.226107629391189890e+00
9.835042712783148566e-01
9.584189831108558266e-01
8.073843802355284982e-01
9.102417083407406961e-01
8.743937152133193225e-01
1.533658844714333114e+00
1.006255342908126460e+00
9.902264102628728359e-01
1.537546456245496573e+00
9.773655198348989437e-01
6.795529194609183365e-01
1.105433831316456894e+00
1.061494322479606289e+00
1.237270086744142406e+00
1.398796044462192301e+00
1.366477383926364197e+00
1.520064913915877280e+00
1.165859653738352764e+00
1.156395437020991457e+00
5.409762499103095701e-01
1.126685637076486390e+00
1.036615423261331825e+00
8.751287807545532482e-01
1.432669944931885153e+00
1.131003637193142675e+00
9.749960346299031411e-01
8.989899836021189028e-01
6.593718892250265418e-01
1.129121579706925615e+00
8.818645926069699215e-01
1.022102012401503668e+00
1.122466959096473760e+00
1.301096944373585362e+00
1.170429822413147303e+00
1.029098467921619076e+00
8.542223961898645079e-01
1.021340398818770590e+00
1.253232524879805743e+00
8.327221264749641305e-01
1.069593447024154820e+00
1.284524078207766484e+00
7.435165875564306859e-01
1.052924606685136988e+00
1.307508785507297544e+00
1.247984280828666748e+00
1.149420736442427815e+00
9.240796176632408709e-01
1.498502294936520096e+00
