2.779148817062377930e-01
3.076611459255218506e-02
1.543313264846801758e-01
2.148220986127853394e-01
1.035034656524658203e-01
2.330851256847381592e-01
1.037735342979431152e-01
1.314358711242675781e-01
1.469531208276748657e-01
1.752162724733352661e-01
1.301665157079696655e-01
2.383688688278198242e-01
2.219799160957336426e-01
7.491236925125122070e-02
1.109238564968109131e-01
7.232253253459930420e-02
1.840836852788925171e-01
1.640904396772384644e-01
1.384470313787460327e-01
8.314585685729980469e-02
2.014850825071334839e-01
1.350283622741699219e-01
2.188870310783386230e-01
1.128394082188606262e-01
2.185767889022827148e-01
2.399896979331970215e-01
5.935805290937423706e-02
3.817616403102874756e-02
1.163656860589981079e-01
2.263961732387542725e-01
1.187675073742866516e-01
1.986871808767318726e-01
2.528201937675476074e-01
6.752075999975204468e-02
2.659196853637695312e-01
1.528878957033157349e-01
8.256859332323074341e-02
5.368709564208984375e-02
6.807567924261093140e-02
1.890958994626998901e-01
1.910604089498519897e-01
2.591433823108673096e-01
1.292659640312194824e-01
1.931021660566329956e-01
8.902844041585922241e-02
7.604651153087615967e-02
1.574567556381225586e-01
1.155112534761428833e-01
2.965312600135803223e-01
1.478707343339920044e-01
1.226475313305854797e-01
1.475908160209655762e-01
1.463242806494235992e-02
1.837141662836074829e-01
1.706135869026184082e-01
9.385885298252105713e-02
1.692371964454650879e-01
2.300346642732620239e-01
5.451139435172080994e-02
7.191782444715499878e-02
1.734692603349685669e-01
2.511944174766540527e-01
4.867151379585266113e-02
1.565555781126022339e-01
1.096280813217163086e-01
2.412556558847427368e-01
1.539582312107086182e-01
1.583998203277587891e-01
1.579388082027435303e-01
-1.505769207142293453e-03
2.255907952785491943e-01
1.754696518182754517e-01
2.530940175056457520e-01
2.492682188749313354e-01
2.008021324872970581e-01
8.687787503004074097e-02
2.467805892229080200e-01
2.692640125751495361e-01
2.437366247177124023e-01
3.945716023445129395e-01
2.963390350341796875e-01
9.510190784931182861e-02
4.154185298830270767e-03
5.767443403601646423e-02
1.153025329113006592e-01
1.701071709394454956e-01
1.986173093318939209e-01
1.433428078889846802e-01
2.486129403114318848e-01
1.300876885652542114e-01
5.945906415581703186e-02
1.941430270671844482e-01
1.444006413221359253e-01
1.845784038305282593e-01
1.511753946542739868e-01
3.267908841371536255e-02
1.154911145567893982e-01
1.532999724149703979e-01
2.619592845439910889e-01
2.023060023784637451e-01
1.123198568820953369e-01
1.532761305570602417e-01
2.255697697401046753e-01
1.405584514141082764e-01
2.560314238071441650e-01
1.104159206151962280e-01
8.383154124021530151e-02
1.855200529098510742e-01
2.386512458324432373e-01
9.030670672655105591e-02
1.777446642518043518e-02
1.139941662549972534e-01
1.835048347711563110e-01
1.729700863361358643e-01
2.365371584892272949e-01
1.123643592000007629e-01
3.249149024486541748e-02
2.370826601982116699e-01
2.340507358312606812e-01
8.558347821235656738e-02
2.431774586439132690e-01
4.681572690606117249e-02
1.911331266164779663e-01
1.094988733530044556e-01
1.184724420309066772e-01
1.891970485448837280e-01
1.995495855808258057e-01
2.991659045219421387e-01
4.624458402395248413e-02
2.404299974441528320e-01
1.589255779981613159e-01
2.240086346864700317e-01
1.617277264595031738e-01
2.521685361862182617e-01
7.335013896226882935e-02
1.724464595317840576e-01
1.513148695230484009e-01
5.561319738626480103e-02
1.190159320831298828e-01
2.030861526727676392e-01
2.500928044319152832e-01
1.110007166862487793e-01
1.335160583257675171e-01
-1.764843985438346863e-02
2.751719057559967041e-01
2.703601717948913574e-01
9.501640498638153076e-02
3.106570839881896973e-01
2.325256466865539551e-01
1.257884502410888672e-01
1.096078753471374512e-01
2.251174002885818481e-01
1.673659384250640869e-01
2.262834310531616211e-01
1.109496727585792542e-01
1.132628247141838074e-01
1.479066014289855957e-01
1.125869378447532654e-01
2.395347058773040771e-01
5.860327556729316711e-02
1.076874583959579468e-01
2.624826729297637939e-01
1.690167337656021118e-01
1.943325698375701904e-01
1.109866648912429810e-01
1.062432974576950073e-01
1.737272143363952637e-01
2.801172733306884766e-01
5.437684804201126099e-02
2.017334103584289551e-01
1.550719738006591797e-01
1.859833598136901855e-01
2.733792960643768311e-01
8.115302026271820068e-02
4.418396949768066406e-02
2.136166393756866455e-01
3.354028239846229553e-02
1.862805038690567017e-01
1.295848041772842407e-01
7.823203504085540771e-02
2.554132938385009766e-01
1.713526695966720581e-01
2.072499394416809082e-01
2.332518696784973145e-01
9.111429005861282349e-02
1.830473840236663818e-01
7.699638605117797852e-02
2.734479308128356934e-01
2.141079604625701904e-01
1.050751432776451111e-01
2.400985360145568848e-01
1.257181614637374878e-01
5.399355292320251465e-02
9.897057712078094482e-02
1.341891586780548096e-01
2.593920826911926270e-01
8.524397760629653931e-02
1.930992305278778076e-01
2.472376376390457153e-01
2.962000072002410889e-01
1.088090464472770691e-01
1.223975270986557007e-01
1.587916165590286255e-01
1.142199560999870300e-01
8.640565723180770874e-02
1.055949032306671143e-01
5.866038799285888672e-02
1.212574094533920288e-01
2.076273858547210693e-01
2.309896200895309448e-01
1.354288011789321899e-01
2.483364194631576538e-01
2.029606848955154419e-01
4.634001106023788452e-02
3.326738476753234863e-01
1.731101721525192261e-01
2.383257299661636353e-01
1.130116805434226990e-01
2.038626372814178467e-01
2.893979549407958984e-01
2.109127491712570190e-01
1.789500117301940918e-01
2.165436893701553345e-01
4.071390256285667419e-02
2.001820951700210571e-01
1.456939876079559326e-01
1.473918855190277100e-01
1.283128857612609863e-01
2.954540252685546875e-01
2.663614749908447266e-01
2.786664068698883057e-01
1.346309185028076172e-01
7.505580037832260132e-02
2.342043519020080566e-01
1.365774720907211304e-01
3.366308659315109253e-02
2.159606665372848511e-01
8.701395988464355469e-02
1.536200493574142456e-01
1.391544044017791748e-01
1.751324087381362915e-01
2.089384645223617554e-01
1.354877203702926636e-01
1.317697167396545410e-01
1.426755785942077637e-01
8.103599399328231812e-02
1.225839927792549133e-01
1.576914787292480469e-01
2.073290348052978516e-01
1.039823964238166809e-01
1.976496577262878418e-01
1.450400799512863159e-01
1.489477902650833130e-01
1.234293878078460693e-01
1.142234355211257935e-01
1.930732280015945435e-01
1.259435117244720459e-01
8.667149394750595093e-02
2.546665370464324951e-01
1.697782278060913086e-01
1.550865918397903442e-01
2.573663294315338135e-01
2.254053503274917603e-01
2.591701447963714600e-01
1.039678156375885010e-01
8.243770897388458252e-02
7.205405831336975098e-02
2.173619419336318970e-01
2.945129871368408203e-01
2.713853679597377777e-02
1.313881129026412964e-01
1.838386654853820801e-01
1.368403732776641846e-01
2.157132178544998169e-01
1.834430843591690063e-01
2.487508952617645264e-01
1.673974543809890747e-01
1.952520608901977539e-01
3.897344321012496948e-02
2.764700651168823242e-01
2.062400877475738525e-01
7.484716176986694336e-02
1.708759814500808716e-01
2.214479148387908936e-01
2.524784803390502930e-01
1.357574611902236938e-01
1.548398006707429886e-02
1.031816899776458740e-01
2.115754336118698120e-01
9.589276462793350220e-02
1.220909431576728821e-01
1.454985588788986206e-01
3.331632316112518311e-01
2.751123607158660889e-01
2.108943015336990356e-01
1.750921458005905151e-01
1.731195747852325439e-01
1.095704361796379089e-01
2.032296657562255859e-01
2.397551089525222778e-01
1.910808384418487549e-01
1.487033516168594360e-01
1.281299889087677002e-01
4.052782803773880005e-02
9.220542758703231812e-02
8.199928700923919678e-02
1.697613596916198730e-01
-4.652060568332672119e-03
1.813615411520004272e-01
1.044395565986633301e-01
1.291246265172958374e-01
2.502821683883666992e-01
1.016847565770149231e-01
2.001294642686843872e-01
7.599168270826339722e-02
2.588022649288177490e-01
1.617966741323471069e-01
1.369244605302810669e-01
1.537207514047622681e-01
2.254673689603805542e-01
2.067108005285263062e-01
1.890860199928283691e-01
1.335984617471694946e-01
3.696188703179359436e-02
9.850375354290008545e-02
8.971063047647476196e-02
2.153718471527099609e-01
1.161493957042694092e-01
1.534420549869537354e-01
1.513282954692840576e-01
1.075694486498832703e-01
1.980815231800079346e-01
8.050744980573654175e-02
1.028707474470138550e-01
1.474894583225250244e-01
2.684691846370697021e-01
2.337186187505722046e-01
1.506385654211044312e-01
9.965884685516357422e-02
7.556983083486557007e-02
2.097709178924560547e-01
2.387320250272750854e-01
2.197446376085281372e-01
1.713966578245162964e-01
1.912901550531387329e-02
1.857110559940338135e-01
1.392444521188735962e-01
2.576823234558105469e-01
6.817029416561126709e-02
1.995130479335784912e-01
4.194957390427589417e-02
3.303793445229530334e-02
1.907194107770919800e-01
1.248748973011970520e-01
1.296827495098114014e-01
2.871804870665073395e-02
5.640292540192604065e-02
2.965348958969116211e-01
1.079099252820014954e-01
9.171816706657409668e-02
3.316634148359298706e-02
1.643157005310058594e-01
2.117771953344345093e-01
3.936279192566871643e-02
1.914983242750167847e-01
6.570538040250539780e-03
3.194608688354492188e-01
1.743061989545822144e-01
6.321573257446289062e-02
1.497986912727355957e-01
3.118699193000793457e-01
6.661646813154220581e-02
2.823862060904502869e-02
2.706510126590728760e-01
1.240814700722694397e-01
6.576608121395111084e-02
2.201730757951736450e-01
2.073199301958084106e-01
2.416772544384002686e-01
7.789140194654464722e-02
2.299293428659439087e-01
1.257724761962890625e-01
2.044037282466888428e-01
1.726876497268676758e-01
8.550523221492767334e-02
3.148613572120666504e-01
5.918721854686737061e-02
1.247523725032806396e-01
2.601777017116546631e-01
2.014917731285095215e-01
1.293703615665435791e-01
1.672618836164474487e-01
9.549181908369064331e-02
1.149690151214599609e-01
2.063738703727722168e-01
1.083717644214630127e-01
2.726551592350006104e-01
2.023273408412933350e-01
7.354307174682617188e-02
1.780841201543807983e-01
5.996884033083915710e-02
6.400489807128906250e-02
5.139475688338279724e-02
1.905768811702728271e-01
1.690201759338378906e-01
1.903534978628158569e-01
2.127002328634262085e-01
2.674900293350219727e-01
9.558972716331481934e-02
2.095624357461929321e-01
1.341586709022521973e-01
2.052169889211654663e-01
1.913476288318634033e-01
2.046047151088714600e-01
2.521710395812988281e-01
6.621462106704711914e-02
1.678845882415771484e-01
9.774316102266311646e-02
2.170296013355255127e-01
1.579647958278656006e-01
2.631154358386993408e-01
1.430974453687667847e-01
1.400565952062606812e-01
1.808660179376602173e-01
2.519357800483703613e-01
1.710673272609710693e-01
2.327043712139129639e-01
9.798721224069595337e-02
1.414536386728286743e-01
3.826536536216735840e-01
1.978823840618133545e-01
2.156022042036056519e-01
1.054627895355224609e-01
8.017124235630035400e-02
4.819131642580032349e-02
1.575119793415069580e-01
5.768849328160285950e-02
8.828993886709213257e-02
2.416661232709884644e-01
1.014533340930938721e-01
6.295708566904067993e-02
1.085869222879409790e-01
3.322697877883911133e-01
1.657927781343460083e-01
2.031837105751037598e-01
2.173197120428085327e-01
5.246472358703613281e-02
3.156579732894897461e-01
5.627370625734329224e-02
1.051076501607894897e-01
4.378935322165489197e-02
1.703784167766571045e-01
8.970001339912414551e-02
5.840896070003509521e-02
5.325847864151000977e-02
1.125043258070945740e-01
1.130535751581192017e-01
1.145887151360511780e-01
1.877457350492477417e-01
8.051245659589767456e-02
1.831944137811660767e-01
1.341996490955352783e-01
1.239778622984886169e-01
8.301550894975662231e-02
2.687835991382598877e-01
2.492987811565399170e-01
1.976953297853469849e-01
-7.983577437698841095e-03
2.487003803253173828e-01
1.867505162954330444e-01
2.055403739213943481e-01
1.645573079586029053e-01
1.656256914138793945e-01
6.073369830846786499e-02
1.886192113161087036e-01
2.604790329933166504e-01
6.464882194995880127e-02
1.122910678386688232e-01
1.417759209871292114e-01
5.431880056858062744e-02
2.246053516864776611e-01
2.256147414445877075e-01
2.006610780954360962e-01
1.703061610460281372e-01
1.245478168129920959e-01
2.632383704185485840e-01
1.327517926692962646e-01
2.573281899094581604e-02
1.726631522178649902e-01
2.033360302448272705e-01
2.844402007758617401e-02
1.405783593654632568e-01
2.367421388626098633e-01
2.089759409427642822e-01
8.062060177326202393e-02
1.670226007699966431e-01
1.338281184434890747e-01
1.544887870550155640e-01
1.522849202156066895e-01
8.195722103118896484e-02
1.984565109014511108e-01
2.297958545386791229e-02
4.149343445897102356e-02
3.903487697243690491e-02
3.164975345134735107e-02
1.978959441184997559e-01
2.196560204029083252e-01
1.979812234640121460e-01
1.272203177213668823e-01
2.304119765758514404e-01
1.672411412000656128e-01
2.864294648170471191e-01
2.356781214475631714e-01
2.101322710514068604e-01
2.244645804166793823e-01
1.441340893507003784e-01
1.377036422491073608e-01
8.329293690621852875e-03
1.224581003189086914e-01
2.962171137332916260e-01
1.055645272135734558e-01
1.683154702186584473e-01
2.240251898765563965e-01
1.767325848340988159e-01
6.529484689235687256e-02
2.884700708091259003e-02
3.225266039371490479e-01
3.110391199588775635e-01
1.774742901325225830e-01
4.390981420874595642e-02
1.504006534814834595e-01
1.921460181474685669e-01
8.217310160398483276e-02
9.368187189102172852e-02
5.190448462963104248e-02
2.200850844383239746e-01
9.187730401754379272e-02
1.663690656423568726e-01
1.876477301120758057e-01
1.938740164041519165e-01
1.390171349048614502e-01
2.440663576126098633e-01
5.205142125487327576e-02
1.565797477960586548e-01
7.977019250392913818e-02
1.460486929863691330e-02
2.525348663330078125e-01
8.870441466569900513e-02
9.291397780179977417e-02
5.657552182674407959e-02
1.246688514947891235e-01
5.843235552310943604e-02
2.049720734357833862e-01
1.157602220773696899e-01
2.003371268510818481e-01
2.077501267194747925e-01
6.101386621594429016e-02
2.689048945903778076e-01
3.275423496961593628e-02
2.122511565685272217e-01
3.114452362060546875e-01
7.425118237733840942e-02
1.173704937100410461e-01
2.398847788572311401e-01
1.749125123023986816e-01
2.214279174804687500e-01
2.056807279586791992e-01
1.586312800645828247e-01
1.030999347567558289e-01
1.501296907663345337e-01
1.196174025535583496e-01
2.077057510614395142e-01
2.783102393150329590e-01
1.309521198272705078e-01
1.334808170795440674e-01
1.103434264659881592e-01
8.341840654611587524e-02
5.597245693206787109e-02
1.315913051366806030e-01
1.129867210984230042e-01
6.287936866283416748e-02
8.464982360601425171e-02
9.994131326675415039e-02
2.147784382104873657e-01
4.953603446483612061e-02
1.013356149196624756e-01
1.785455644130706787e-01
1.679710447788238525e-01
2.771169543266296387e-01
1.484764069318771362e-01
2.207133919000625610e-01
1.245670095086097717e-01
1.184044033288955688e-01
1.307214796543121338e-01
2.817111313343048096e-01
1.170177832245826721e-01
5.389764159917831421e-02
7.930257916450500488e-02
4.551295563578605652e-02
2.400554120540618896e-01
3.008184954524040222e-02
8.766928315162658691e-02
1.034926250576972961e-01
6.231880933046340942e-02
1.002785637974739075e-01
1.005228385329246521e-01
2.590929865837097168e-01
1.300147771835327148e-01
7.137673348188400269e-02
2.821788489818572998e-01
1.901486814022064209e-01
2.486348599195480347e-01
1.192386224865913391e-01
2.341350167989730835e-01
2.664322406053543091e-02
1.954849958419799805e-01
1.305435448884963989e-01
2.235562950372695923e-01
2.340072989463806152e-01
1.696853190660476685e-01
8.239617198705673218e-02
1.624439358711242676e-01
1.253028959035873413e-01
1.919985711574554443e-01
2.517378926277160645e-01
1.583058685064315796e-01
1.330361794680356979e-02
1.501095592975616455e-01
4.764164239168167114e-02
1.138083860278129578e-01
3.111732602119445801e-01
1.118864119052886963e-01
6.928297132253646851e-02
1.414189338684082031e-01
1.290585696697235107e-01
1.517376154661178589e-01
3.130825459957122803e-01
1.825877279043197632e-01
-8.459665812551975250e-03
5.892392247915267944e-02
2.885817885398864746e-01
1.982106715440750122e-01
1.945997476577758789e-01
1.201374381780624390e-01
9.819947928190231323e-02
1.510287523269653320e-01
1.596919596195220947e-01
1.591034531593322754e-01
2.295961827039718628e-01
2.952774241566658020e-02
1.710382103919982910e-01
8.763773739337921143e-02
2.464532665908336639e-02
1.644192934036254883e-01
5.100815370678901672e-02
8.285167813301086426e-02
3.861925750970840454e-02
2.342463433742523193e-01
2.062294185161590576e-01
3.644050657749176025e-01
1.857325285673141479e-01
1.470453292131423950e-01
2.702119946479797363e-01
1.238665878772735596e-01
1.461935043334960938e-01
7.780402898788452148e-02
2.139405906200408936e-01
1.542526632547378540e-01
2.205900698900222778e-01
1.562773734331130981e-01
2.323273718357086182e-01
2.194481939077377319e-01
1.250793933868408203e-01
7.130149006843566895e-02
2.663201391696929932e-01
2.436918467283248901e-01
1.428750455379486084e-01
1.258756220340728760e-01
1.636437922716140747e-01
2.593214809894561768e-01
9.789883345365524292e-02
1.087354794144630432e-01
2.643952071666717529e-01
1.232671216130256653e-01
1.852183341979980469e-01
1.303429603576660156e-01
1.423276215791702271e-01
1.548081934452056885e-01
2.401175498962402344e-01
2.389850467443466187e-01
1.292727142572402954e-01
1.818319112062454224e-01
1.246570348739624023e-01
1.450661271810531616e-01
1.208977699279785156e-01
2.071014493703842163e-01
6.528026610612869263e-02
8.961253613233566284e-02
1.553746014833450317e-01
1.920980364084243774e-01
1.058369651436805725e-01
1.173957958817481995e-01
8.911126852035522461e-02
3.086664974689483643e-01
4.152061417698860168e-02
1.520456671714782715e-01
1.275987774133682251e-01
7.402908802032470703e-02
1.735510528087615967e-01
2.008658051490783691e-01
1.273965835571289062e-01
1.201396924443542957e-03
2.390732169151306152e-01
1.659369319677352905e-01
9.062480926513671875e-02
2.145258337259292603e-01
7.553942501544952393e-02
1.616073995828628540e-01
1.590524017810821533e-01
1.604998111724853516e-01
1.187280192971229553e-01
8.763063699007034302e-02
2.924665212631225586e-01
2.383182346820831299e-01
1.274995356798171997e-01
1.879045218229293823e-01
1.751236766576766968e-01
2.144591063261032104e-01
1.039523184299468994e-01
1.465778648853302002e-01
1.520760208368301392e-01
1.728179752826690674e-01
1.279664486646652222e-01
1.103119105100631714e-01
3.980531916022300720e-02
2.786513566970825195e-01
5.703641846776008606e-02
1.709326952695846558e-01
1.582467555999755859e-01
1.410814225673675537e-01
2.195868045091629028e-01
1.157060340046882629e-01
6.046029925346374512e-02
1.459871530532836914e-01
1.188166290521621704e-01
2.330765277147293091e-01
7.878033071756362915e-02
3.787564113736152649e-02
2.097315937280654907e-01
2.677887678146362305e-01
2.222001850605010986e-01
2.587154805660247803e-01
2.366829961538314819e-01
1.403035968542098999e-01
1.700197160243988037e-01
5.609752982854843140e-02
1.842639595270156860e-01
1.762664020061492920e-01
2.267950922250747681e-01
2.468837648630142212e-01
5.266813933849334717e-02
1.220575198531150818e-01
4.684611782431602478e-02
4.359882697463035583e-02
8.767343312501907349e-02
8.186396211385726929e-02
2.332841008901596069e-01
1.604306548833847046e-01
5.804025754332542419e-02
9.609960764646530151e-02
6.101529672741889954e-02
1.299466937780380249e-01
2.019028365612030029e-01
4.625974223017692566e-02
2.568056881427764893e-01
2.154419869184494019e-01
1.442619711160659790e-01
8.374759554862976074e-02
4.435182735323905945e-02
1.628160178661346436e-01
1.790560036897659302e-01
2.746088206768035889e-01
1.498543769121170044e-01
1.486282944679260254e-01
6.865969300270080566e-02
1.142008528113365173e-01
2.650830447673797607e-01
1.129846125841140747e-01
1.673428714275360107e-01
5.277881864458322525e-03
1.953095048666000366e-01
2.322202771902084351e-01
2.515011429786682129e-01
4.147509858012199402e-02
3.071184456348419189e-01
1.202108561992645264e-01
2.676513604819774628e-02
9.390147775411605835e-02
1.106741577386856079e-01
1.841308176517486572e-01
1.959960758686065674e-01
1.834391653537750244e-01
1.117213368415832520e-01
9.905132651329040527e-02
1.196090877056121826e-01
1.893342137336730957e-01
1.475472599267959595e-01
2.114722430706024170e-01
1.539115905761718750e-01
1.224240213632583618e-01
2.558416426181793213e-01
7.980959117412567139e-02
2.164556533098220825e-01
2.873346209526062012e-01
5.788376927375793457e-02
2.646467387676239014e-01
1.206969469785690308e-01
9.575385600328445435e-02
1.748139113187789917e-01
1.411087661981582642e-01
1.658894419670104980e-01
1.886095851659774780e-01
2.580519393086433411e-02
7.694433629512786865e-02
2.315925061702728271e-01
1.912278085947036743e-01
3.832898661494255066e-02
5.426033586263656616e-02
1.630417555570602417e-01
1.091567724943161011e-01
1.610264033079147339e-01
1.960443109273910522e-01
1.292027831077575684e-01
3.038839101791381836e-01
5.077009275555610657e-02
4.354896023869514465e-02
6.935359537601470947e-02
2.225293517112731934e-01
2.623946368694305420e-01
1.588772535324096680e-01
1.409681290388107300e-01
6.832055002450942993e-02
1.979658156633377075e-01
1.939268559217453003e-01
9.688933938741683960e-02
8.404369652271270752e-02
2.059602290391921997e-01
1.841019541025161743e-01
6.482602655887603760e-02
1.698951870203018188e-01
1.229413226246833801e-01
6.679029762744903564e-02
2.716307938098907471e-01
1.895059198141098022e-01
8.422204107046127319e-02
1.845381259918212891e-01
1.573413163423538208e-01
1.499755829572677612e-01
3.094640672206878662e-01
7.326428592205047607e-02
1.502546966075897217e-01
1.860262900590896606e-01
1.023408398032188416e-01
6.997537612915039062e-02
2.851524949073791504e-01
4.574668034911155701e-02
1.562710404396057129e-01
8.318786323070526123e-02
6.425864994525909424e-02
2.490208856761455536e-02
7.294027507305145264e-02
3.097495436668395996e-01
4.750046879053115845e-02
1.776862330734729767e-02
3.776622563600540161e-02
2.301034778356552124e-01
1.153462827205657959e-01
8.863020688295364380e-02
6.911537796258926392e-02
4.164560884237289429e-02
4.266779497265815735e-02
2.734245061874389648e-01
2.123048156499862671e-01
1.912644207477569580e-01
2.204998135566711426e-01
2.645375728607177734e-01
1.862396895885467529e-01
1.359590291976928711e-01
1.400932818651199341e-01
6.123159825801849365e-02
2.613669335842132568e-01
1.426102370023727417e-01
1.994383931159973145e-01
1.112559661269187927e-01
1.752501279115676880e-01
2.969078719615936279e-01
2.300858497619628906e-01
2.522967755794525146e-01
3.054589927196502686e-01
1.802258193492889404e-01
8.222420513629913330e-02
