6.715520330308061503e+00
9.302974983952051469e-01
1.060187047832753038e+01
8.658424948401714616e+00
4.753628656229876626e+00
1.146049836163713920e+01
5.503109480961977162e+00
5.532171617096184768e+00
1.089215695786258031e+01
7.545402759685425842e+00
8.392001806678276665e+00
2.119084405016997685e+00
9.218940950582881655e+00
1.109773181891606519e+01
4.486878507211346623e+00
9.560504241193671149e+00
2.049304146535569249e+00
4.531053386967035301e+00
3.310676942024430858e+00
1.056580325311939816e+01
2.654078054840373291e+00
6.324916066967803729e+00
3.943439364173713546e+00
4.087095271033009958e+00
3.429035488107670560e+00
1.524807670789281744e+01
6.428755898133829305e+00
8.733576192478402778e-01
4.761639595771920419e+00
3.664724456255530338e+00
1.192365932791915561e+01
9.919068262662200652e+00
2.460011868359514686e+00
6.528224810548685753e+00
1.527407731225334908e+00
4.510103781274691137e+00
1.053026330689724155e+01
3.703477662523335656e+00
1.413049738906097907e+01
1.506318794152263330e+01
2.143301940433917530e+00
8.939383882754572852e+00
1.362280573541884543e+01
2.992153072343285203e+00
1.044570905628205004e+01
7.641467620294990049e+00
3.882012863824257920e+00
8.404863817030618023e+00
1.482052130907327658e+01
1.353264370671550054e+01
9.745904479606460669e+00
5.955502176843296525e+00
2.876944618522340846e+00
9.125788896528970184e+00
1.709765680789839237e+01
1.408380660155734709e+01
2.683668215976572569e+00
4.379831634125255085e-02
3.501963101757262553e+00
2.302850805220725938e+00
1.041217990751920297e+01
5.739914930411243787e+00
3.692037147598556945e+00
1.640686127751503065e+01
4.214075540809334441e+00
6.364386168407689226e+00
1.957551873681918853e+00
5.832392334834684000e+00
1.427867647641248894e+01
5.097333019677588339e+00
9.147841990424204539e+00
1.266267105197126952e+01
1.536944745812400193e+01
8.684574160934227294e+00
7.249926387449153964e+00
1.540305199571353700e+00
1.248485670437465833e+00
4.807104404784518614e+00
7.793553035967596188e+00
9.687692835174804173e+00
1.113700776213442545e+00
9.081606230540753444e+00
7.588131520919154660e+00
4.934683763663692879e+00
8.267641780827906572e+00
6.116310138542189634e+00
1.394762031315658923e+01
8.152225421912060455e+00
4.255119651466985786e+00
5.783995796451650406e+00
1.004352692514593492e+01
4.168075930152736142e+00
2.987757375970764517e+00
2.191584464711290092e+00
4.960468140543202509e+00
1.315769431402871703e+01
4.712652161643234194e+00
2.585697888624881813e+00
4.815186702610937258e-03
1.057006760330610717e+01
9.963973838186788612e+00
4.774985885208455016e+00
8.128025202333892807e+00
2.648473166707267179e+00
2.260245519606880027e+00
6.534472316859867291e+00
4.537683252115798815e+00
3.924342003355686170e+00
4.252759851167535743e+00
7.317411432114431236e+00
2.648194813613019338e+00
1.210486660403502057e+01
5.263223297257652256e+00
6.872120104668725027e+00
9.083974700997654139e+00
6.204818666346009870e+00
6.398719252989801820e-01
5.833741507198617171e+00
8.359016914427233047e+00
8.755117550567593554e+00
8.841495544468454426e+00
8.867452412318581167e+00
1.032758869252019274e+01
2.851265537988871834e+00
7.357794636172315883e+00
6.305100690302658961e+00
2.182903396933014939e+00
2.960443740538984958e+00
6.884478758009554333e+00
1.476822987002528365e+01
1.413359909154211458e+01
1.033115534423420634e+00
5.597303095037155174e+00
1.883393729549181383e+00
8.588565185291606952e+00
3.398882601708404838e+00
7.620907413106240647e+00
1.304865684974780216e+01
1.099293710638815114e+01
6.312967832081965547e+00
5.907460422051146409e+00
2.865566976759295503e+00
1.104716855938243825e+01
7.874415338287397148e+00
1.133328308422444231e+01
6.201240889085029018e+00
8.978981306970606369e+00
2.292920820207445143e+00
7.700314265033846972e+00
8.972077424259024880e+00
8.188901131779630305e+00
6.235485244963414608e+00
5.635747862949443743e+00
3.912323833715648735e+00
1.104661065504205730e+01
2.971337184883774629e+00
6.892691652339176578e+00
1.400021794428355904e+01
5.678840838604187979e+00
5.735103464531268180e+00
3.711417231418919993e+00
9.999558705661925728e+00
9.286732065571307260e+00
5.391803975156744144e+00
9.121820550349687196e+00
1.101402063144488963e+01
7.778033203358051040e+00
3.707147181731051511e+00
7.787165277080371872e+00
2.717242957182888663e+00
1.136922784738871606e+01
8.452530549723064723e+00
7.209585023276008364e+00
6.686310592983459422e+00
2.011205293395629923e+01
3.979219462389082640e+00
6.382651965615844247e+00
6.376689029165510725e+00
1.207156998598594910e+01
1.277676908678070333e+01
9.696217762527332695e+00
9.756222610880124435e+00
1.382623210104695133e+01
4.544557716828712124e+00
3.478234950477677057e+00
5.443421249867110845e+00
6.830099672568739066e-01
4.087224329846285364e+00
9.111275012393239336e+00
2.113477599941667062e+00
6.175168907581058519e+00
9.858062315810441234e+00
1.506382304173630082e+01
1.039235424797641727e+01
1.560200659455750305e+01
1.006913587492141815e+01
1.224964454940487890e+01
8.965213951373625534e+00
4.499502797642890073e+00
5.309944655881272624e+00
5.044165728224092149e+00
1.715712926719818787e+00
9.906043147838826002e+00
1.190721670076250405e+01
1.833955495379757661e+00
1.088439429845940509e+01
4.853487385486539907e+00
2.207753102919308930e+00
7.496111690038281594e+00
7.658108844453052733e+00
3.847533678118361333e+00
1.053760797748323164e+01
7.788174043446558059e+00
2.946594203486781804e+00
3.858208777297408520e+00
3.617053399383694856e+00
1.114685683580219511e+01
6.510695059723861533e+00
6.286020540461541017e+00
7.587513841176460438e+00
4.006591288002390172e+00
1.253723419617221957e+01
9.612953924729284338e+00
9.937927120529526093e+00
2.297036350109308511e+00
6.463329590557728821e+00
1.091269596307323297e+01
1.150775718436570472e+01
1.798050269368806964e+00
1.042962814127609938e+01
1.042008420790588019e+01
4.781782788637273462e+00
7.417125150223844443e+00
4.210088644745868081e+00
1.116833539645505979e+01
7.633493613550169421e+00
8.396100499784125759e+00
3.040966308965777465e+00
1.190132250370475475e+01
4.280643361402047375e+00
2.375098927489635692e+00
1.129089177021573498e+01
2.463829584108211623e+00
5.062764685382249219e+00
8.908494058021857454e-01
2.234794122558385610e+01
1.183538908108062593e+01
4.026624287402381874e+00
6.493788380556466677e+00
6.832970938536035099e+00
3.120344166945244524e+00
9.735765502618641820e-01
4.453427261820060323e+00
4.673462204581753987e+00
1.235167449525644301e+01
1.365289680916950665e+01
7.166571946345023925e+00
6.249697262464980696e+00
1.025982043710368607e+01
1.252626597226608141e+01
9.851181616231350802e+00
5.056133308004390869e+00
1.009032987480447652e+01
5.507996113093582835e+00
1.942455174226385495e+01
8.415813757866093425e+00
5.602238842060114798e+00
6.549864892894417423e+00
6.217913600140557051e+00
9.646199606372825031e+00
1.198259853025812482e+01
4.248946367810520819e+00
7.858244349091758174e+00
2.744503908160337069e+00
6.292295373065652342e+00
5.730075668574548864e+00
4.041673544575591137e+00
1.138494717765877873e+01
9.956620278582505534e+00
4.040639993708890820e+00
1.122910529466171425e+01
5.743601329646218723e+00
1.146793128202145340e+01
9.983754432355279818e+00
4.263428835001233708e+00
2.364063531100823567e+00
8.418291095459670359e+00
1.513609863420451873e+01
4.078967584171949490e+00
7.548853372295184272e+00
9.671603800368538728e+00
7.554657036134738490e+00
6.624375414571717968e+00
9.864911468603217770e+00
4.136968979170176475e+00
3.930276055262214907e+00
9.338748848950590986e-01
4.222339402606960945e+00
3.111358422268964752e+00
8.395692852196400935e+00
4.356408668401622108e+00
8.745701068220737895e+00
1.664029528477781383e+01
1.414554260658580631e+01
1.066953916981311679e+01
3.023304934169177560e+00
3.062011503869679352e+00
3.117615727348186372e+00
5.474798878094257581e+00
3.546313560000218246e+00
6.470393935996431090e+00
5.390329523739220363e+00
1.956823696070490115e+00
9.581963943100143766e+00
5.796405722106701575e+00
2.299322439923143779e+00
8.675446575652557613e+00
9.598482003989394329e+00
1.031106636207444893e+01
4.667320381458135437e+00
6.454640804964852485e+00
6.314076118917594904e+00
7.625181835617246939e+00
2.570123362523978994e+00
1.100007679996033616e+01
9.805891191872101231e+00
7.689637028838249400e+00
8.908906891769269976e+00
1.254223338384614017e+01
2.449405218390766859e+00
1.102133835314617016e+01
8.682611625325096227e+00
1.309357076847925461e+00
2.319820249989342553e+00
4.832936129375043244e+00
3.467722574481700626e+00
9.011282561822511639e+00
4.158906977279895223e+00
6.429204859790651483e+00
1.849178649204875402e+00
1.509078209181359709e+00
6.432162246723057919e+00
4.860326759331523583e+00
1.101688469873006682e+01
1.238596475705278799e+01
1.355035284308510946e+01
6.586633398947610907e+00
3.250940975322078597e+00
3.875149914967104703e+00
6.235850367546909467e+00
4.216158834589411875e+00
1.186434158234051850e+01
2.186071487460746532e+00
8.826917362866220529e+00
5.309968043962592255e+00
3.009145285628171962e+00
4.580427066532532621e+00
8.107276020744432543e+00
7.231815808866141282e+00
6.816281299188915455e+00
8.716723548772307595e+00
1.273633585074920482e+01
1.618780444250504402e+01
2.695436769947571420e+00
7.629568049579050104e+00
3.755408158196206436e+00
2.441170272255264173e+00
3.597062093365982260e+00
7.811112610866804751e+00
6.203399910790019511e+00
4.086053436277349071e+00
6.822977831278587146e+00
4.316680472113699096e+00
5.982311752338638655e+00
6.282108905025028278e+00
9.147176835369874581e+00
1.118318613959938190e+01
5.656904348668909677e+00
3.894721431713164428e+00
9.347859280725604236e+00
2.416115382413555945e+00
1.331413827311189735e+01
5.789424906819246708e+00
5.603135283033192415e+00
5.034990685692791068e+00
2.372639363961492442e+00
4.190954725323028818e+00
8.833175538789023173e-01
6.466396689324491298e+00
1.164457178804785364e+01
1.020597025198763497e+01
2.516455116349065158e+00
1.278567376459431948e+01
7.134893660518887515e+00
4.998581044335025148e+00
8.657257476589363066e+00
2.514478956411199118e+00
5.108616797082445871e+00
3.982094287354794204e+00
2.549924562280982521e+00
6.040032709331681460e+00
2.627091025666751900e+00
9.096244882751486571e+00
3.567199952412566599e+00
1.394028994915970010e+01
8.300287006328755268e+00
2.179508390365358039e+00
8.692642768566155809e+00
1.233247830090115826e+01
3.987206206084161320e+00
5.383867691640322306e+00
4.266429506590040610e+00
1.178036112313849415e+01
1.773955660816559288e+01
8.625388687318769954e+00
1.417785367549837749e+00
4.275946099894972541e+00
4.799281404804213169e-01
4.680396615959899087e+00
6.162585007863171427e+00
5.350639232713771953e+00
4.347284700721143480e+00
1.102146136196527415e+01
3.556494497488382311e+00
4.440721870266601812e+00
4.829163974603184251e+00
5.315653129388833165e+00
1.268449256370304923e+00
5.419226733252732409e+00
1.183613157094184132e+01
4.227620089241426626e+00
3.284148751503816133e+00
1.002899164165422796e+01
1.033496616045582606e+01
2.121929951951196713e+01
7.981948294596740823e+00
1.818644678189508479e+00
1.626786557630670771e+01
6.216369798807169111e+00
3.533798032342501116e+00
1.335622795643132399e+01
8.668765122714692239e+00
6.537751721533705762e+00
1.229353918430315318e+01
1.136183821534589455e+01
3.925705334195777496e+00
7.163178166423007198e+00
7.293974575046884290e+00
5.958669729681206562e+00
6.499272568444855125e+00
1.203330758889440411e+01
3.148518075285356765e+00
6.528637147761897630e+00
8.354490034380399166e+00
1.355744540082391580e+01
1.025609472799574107e+01
9.871841965124319884e+00
8.664589029002167209e+00
1.030282381259921465e+01
1.478177251011529414e+00
1.133868761373800815e+01
4.637944747449568084e+00
6.917000388997495364e+00
8.377666092650054352e+00
5.763301487751465224e+00
4.284101844515728175e+00
4.912654709790094998e+00
1.349839067559876682e+01
3.500713255413890224e+00
4.265528017606373901e+00
7.760141719304867181e+00
1.096896891427167897e-01
6.009111636421936353e+00
1.106669819836790580e+01
7.386178800981822334e+00
3.352610116228315285e+00
7.120507094114813640e+00
1.066869766739339731e+01
3.880951612772228110e+00
4.259752828714325368e+00
1.110266141273561757e+01
7.949341436936717464e+00
3.373104604980300181e+00
1.430631340671060014e+00
6.812305379929199489e+00
8.848755188166657959e+00
3.730041221126139561e+00
3.404031822284900421e+00
1.088911949047702166e+01
5.369338610753926488e+00
5.801890142228812941e+00
7.818439069431732058e+00
4.039228454816554681e+00
5.454781851507712886e+00
9.389210758267655166e+00
1.206547402614404874e+01
5.901968602788617346e+00
1.147030612547425044e+01
4.965280273095419972e+00
7.735203491690239908e+00
7.996520041280335889e+00
1.157840524470637256e+01
2.898648540195140288e+00
5.928599966000309252e+00
1.602743015443480523e+00
2.248460348711728951e+00
2.454170017805664461e+00
6.498460791502171041e+00
3.454210296888014842e+00
2.559426250968772187e+00
3.157536609766508739e+00
9.787317739367985325e+00
1.011034184925433443e+01
2.556340746001781739e+00
1.734361168677891740e+01
1.001632059668186336e+01
7.643426349439920386e+00
2.387950788895407683e+00
6.274608209884795507e+00
7.738057115066315994e+00
6.288556018375658141e+00
4.998528021754195194e+00
1.358427952114302606e+01
5.205307580529405342e+00
7.788466173283479677e+00
2.961114309845633980e-02
1.230197825694876812e+01
9.594352455232767696e+00
4.856135688707482245e+00
1.099883834392392856e+01
5.607101807584975006e+00
1.973111004462042795e+00
8.285849561253339601e+00
9.212156115154854774e+00
6.980611617887920950e+00
1.855306516188241606e+00
5.501227042649422749e+00
1.151320462967232672e+01
9.036894221303205299e+00
9.851210438840942274e+00
5.439229658485626118e+00
1.169997000314160474e+01
1.435263259104951450e+00
1.186674365580048196e+01
7.413072395950654148e+00
7.343146512979770613e+00
7.799072774889255655e+00
7.206139177115246319e+00
4.002032075718457094e+00
6.973944082455256321e+00
7.398104668447395227e+00
1.151274490832510544e+01
1.948015010363398636e+00
1.297376718614969615e+00
2.844359879397108770e+00
2.921903095013711482e+00
5.579549594954611003e+00
5.276768495264106740e+00
1.525231276927561730e+01
3.019307651837793038e+00
9.227569796575211925e+00
4.918821031473725292e+00
7.944477121474149861e+00
8.658737845864944660e+00
8.703710633699863308e+00
5.170224010203147813e+00
4.858192844649749098e+00
2.711880393519683352e+00
5.558854037108345914e+00
5.340098389507828891e+00
7.350699392483644345e+00
1.243274148997817541e+01
6.760954133051643389e+00
9.461087419676687205e+00
8.569638154657381435e+00
6.336058078921916525e+00
6.473309204128982586e+00
4.120529882363572760e+00
1.570227181514335157e+01
3.450240142928772791e+00
4.525653127412404331e+00
2.637111081125882439e+00
1.244923145310605994e+00
8.664185470257500299e+00
3.619767661378718859e+00
1.065635305298775926e+01
2.588063443262146102e+00
3.292348933398870248e+00
2.264246061987575942e+00
9.383383530055201760e+00
1.278907273895070240e+01
7.692339833948679484e+00
8.685478458974779770e+00
6.687900211700340769e+00
5.058735717592295345e+00
1.992623085542002626e+00
7.642475170976805288e+00
5.980681414197867696e+00
8.052305671951806687e+00
6.030633178951180895e+00
1.452791194046118939e+01
1.224644785857773144e+01
4.402673353984393856e+00
7.470458060283244883e+00
