3.239316046237945557e-01
2.084102630615234375e-01
2.347515076398849487e-01
3.418719470500946045e-01
3.134037554264068604e-01
2.381175458431243896e-01
1.717408001422882080e-01
2.473769038915634155e-01
2.170834392309188843e-01
2.543967962265014648e-01
2.722203433513641357e-01
2.171608060598373413e-01
3.449659943580627441e-01
1.347299218177795410e-01
2.230722904205322266e-01
1.859145611524581909e-01
2.330899387598037720e-01
2.250483632087707520e-01
1.911410242319107056e-01
1.345745772123336792e-01
2.457060813903808594e-01
3.512536287307739258e-01
3.103443682193756104e-01
2.602310478687286377e-01
3.253620564937591553e-01
2.796969413757324219e-01
1.089391931891441345e-01
2.026804834604263306e-01
3.212573230266571045e-01
3.910079002380371094e-01
2.323497533798217773e-01
2.953519523143768311e-01
2.881534397602081299e-01
2.602767944335937500e-01
2.542484700679779053e-01
3.257005214691162109e-01
2.222722470760345459e-01
2.969856560230255127e-01
1.349900215864181519e-01
2.692516744136810303e-01
2.347582131624221802e-01
3.074849843978881836e-01
2.385133802890777588e-01
2.148047089576721191e-01
2.710576951503753662e-01
1.989681422710418701e-01
2.588219940662384033e-01
3.576000332832336426e-01
3.275183737277984619e-01
1.852052211761474609e-01
3.877736032009124756e-01
2.370402812957763672e-01
2.382147014141082764e-01
2.737705409526824951e-01
3.714662194252014160e-01
1.272949129343032837e-01
3.650486469268798828e-01
2.377795130014419556e-01
1.891720592975616455e-01
2.233456820249557495e-01
2.857897281646728516e-01
1.953844875097274780e-01
4.495132267475128174e-01
1.884236186742782593e-01
2.210247218608856201e-01
2.736748754978179932e-01
2.799017727375030518e-01
1.877570301294326782e-01
2.074543535709381104e-01
1.395531296730041504e-01
1.966727972030639648e-01
2.651825249195098877e-01
2.766575217247009277e-01
3.480935394763946533e-01
2.612752616405487061e-01
1.016062721610069275e-01
1.526493877172470093e-01
2.448418885469436646e-01
4.091550707817077637e-01
4.571774303913116455e-01
4.665929675102233887e-01
2.154234051704406738e-01
2.393203377723693848e-01
1.829238384962081909e-01
2.224815040826797485e-01
2.821780741214752197e-01
3.885447680950164795e-01
2.701278626918792725e-01
3.355301916599273682e-01
2.070740014314651489e-01
1.753569394350051880e-01
3.759134113788604736e-01
2.163246572017669678e-01
2.115782350301742554e-01
2.191380113363265991e-01
1.475301533937454224e-01
1.265651434659957886e-01
3.034921586513519287e-01
3.462164402008056641e-01
2.827933132648468018e-01
2.658205330371856689e-01
1.957145929336547852e-01
3.375546038150787354e-01
1.692325770854949951e-01
4.568308591842651367e-01
2.089897990226745605e-01
2.852808237075805664e-01
2.287942022085189819e-01
3.462540507316589355e-01
1.975539177656173706e-01
1.525137275457382202e-01
1.334291696548461914e-01
2.729785740375518799e-01
3.383105099201202393e-01
3.462412357330322266e-01
2.803876399993896484e-01
1.490978747606277466e-01
2.812328934669494629e-01
2.435899972915649414e-01
1.066976860165596008e-01
2.970664203166961670e-01
1.971269100904464722e-01
3.071533143520355225e-01
3.313256800174713135e-01
3.657068014144897461e-01
3.457567095756530762e-01
3.244947493076324463e-01
2.538523077964782715e-01
1.945109516382217407e-01
1.981325596570968628e-01
2.498762607574462891e-01
2.727783322334289551e-01
2.596634924411773682e-01
3.400634825229644775e-01
2.804455161094665527e-01
4.029459655284881592e-01
2.085182517766952515e-01
2.191562056541442871e-01
1.180667504668235779e-01
2.920081317424774170e-01
2.798125743865966797e-01
2.902347147464752197e-01
3.043090701103210449e-01
1.871436089277267456e-01
4.177045524120330811e-01
2.882526218891143799e-01
1.814856082201004028e-01
4.288234710693359375e-01
3.149573802947998047e-01
2.670248448848724365e-01
9.738355875015258789e-02
2.245656102895736694e-01
2.564921081066131592e-01
2.145250439643859863e-01
1.489690393209457397e-01
2.630539536476135254e-01
2.174881845712661743e-01
2.612452507019042969e-01
2.269172817468643188e-01
2.745483517646789551e-01
2.085314989089965820e-01
4.063971042633056641e-01
2.490189671516418457e-01
1.786298155784606934e-01
2.607399821281433105e-01
2.223089933395385742e-01
3.551313877105712891e-01
3.938772678375244141e-01
1.208867654204368591e-01
3.035829365253448486e-01
2.806389033794403076e-01
2.486024349927902222e-01
2.808085381984710693e-01
2.684922814369201660e-01
2.260587066411972046e-01
2.352425009012222290e-01
1.544294208288192749e-01
3.365063071250915527e-01
2.428634911775588989e-01
1.019947677850723267e-01
3.946162462234497070e-01
2.420815080404281616e-01
2.687067091464996338e-01
2.589911520481109619e-01
2.659220695495605469e-01
2.866508960723876953e-01
2.988139390945434570e-01
4.114662110805511475e-01
2.247996628284454346e-01
2.977380752563476562e-01
3.348457813262939453e-01
2.807330191135406494e-01
2.009492814540863037e-01
1.952189654111862183e-01
2.287025153636932373e-01
2.716520428657531738e-01
2.182735800743103027e-01
2.052348703145980835e-01
3.748822510242462158e-01
3.166377842426300049e-01
2.724286317825317383e-01
1.762716919183731079e-01
2.645702660083770752e-01
2.281343787908554077e-01
2.970031499862670898e-01
2.447100728750228882e-01
2.758159339427947998e-01
1.533510833978652954e-01
1.404246985912322998e-01
2.085630744695663452e-01
2.913025319576263428e-01
3.249048888683319092e-01
3.061107695102691650e-01
1.747097373008728027e-01
4.169320464134216309e-01
3.180596828460693359e-01
1.491036117076873779e-01
1.711199134588241577e-01
2.449695616960525513e-01
2.420785874128341675e-01
2.349522113800048828e-01
2.077009528875350952e-01
2.647413611412048340e-01
2.757561504840850830e-01
2.061408907175064087e-01
2.622203528881072998e-01
3.232093155384063721e-01
2.075603455305099487e-01
1.946596354246139526e-01
3.895615935325622559e-01
4.143471419811248779e-01
2.506858408451080322e-01
2.456533461809158325e-01
1.744132637977600098e-01
3.245939910411834717e-01
2.849630713462829590e-01
3.153718113899230957e-01
1.716795116662979126e-01
2.185657918453216553e-01
2.484491914510726929e-01
2.565677762031555176e-01
2.715167999267578125e-01
1.305920630693435669e-01
2.532598376274108887e-01
2.455338239669799805e-01
2.416912764310836792e-01
2.879326343536376953e-01
2.893251478672027588e-01
2.443043142557144165e-01
1.452206224203109741e-01
2.739627659320831299e-01
2.425397634506225586e-01
2.934498786926269531e-01
3.053896129131317139e-01
9.915010631084442139e-02
2.321026325225830078e-01
1.182192265987396240e-01
1.314410716295242310e-01
3.155603408813476562e-01
3.372685909271240234e-01
2.799777388572692871e-01
4.117040932178497314e-01
2.747218310832977295e-01
3.591798245906829834e-01
2.791272699832916260e-01
1.417622715234756470e-01
2.395909279584884644e-01
1.915132552385330200e-01
3.637694716453552246e-01
1.790088117122650146e-01
2.338334918022155762e-01
2.975740134716033936e-01
2.262778580188751221e-01
3.255397677421569824e-01
3.240621089935302734e-01
3.008322119712829590e-01
3.085914850234985352e-01
3.220210373401641846e-01
9.695000946521759033e-02
3.246339857578277588e-01
3.177644014358520508e-01
1.811900883913040161e-01
2.281307280063629150e-01
2.325336188077926636e-01
3.498835563659667969e-01
1.753438413143157959e-01
2.305470257997512817e-01
1.352481544017791748e-01
2.218412458896636963e-01
2.395443320274353027e-01
2.181957960128784180e-01
1.392780542373657227e-01
4.492924213409423828e-01
2.903206050395965576e-01
2.880988121032714844e-01
3.094866573810577393e-01
1.541514694690704346e-01
2.552888095378875732e-01
2.459498047828674316e-01
2.885154187679290771e-01
3.027652204036712646e-01
3.425238132476806641e-01
1.784032136201858521e-01
1.775038391351699829e-01
2.004738003015518188e-01
1.827256083488464355e-01
3.406150937080383301e-01
1.924710720777511597e-01
2.479597926139831543e-01
2.215071767568588257e-01
3.006287515163421631e-01
2.974191606044769287e-01
3.432572782039642334e-01
1.559805274009704590e-01
2.178518325090408325e-01
2.458741515874862671e-01
2.444035559892654419e-01
3.259721994400024414e-01
2.628278434276580811e-01
3.508733808994293213e-01
3.418597280979156494e-01
1.402690559625625610e-01
3.520951569080352783e-01
2.205797433853149414e-01
2.480343729257583618e-01
1.642295569181442261e-01
2.710309624671936035e-01
2.497195303440093994e-01
3.239157795906066895e-01
1.990256160497665405e-01
2.321446686983108521e-01
2.846748530864715576e-01
1.334720943123102188e-02
2.284109145402908325e-01
3.390620648860931396e-01
4.432097673416137695e-01
3.233556747436523438e-01
2.029232531785964966e-01
2.998020350933074951e-01
1.936898827552795410e-01
3.429637551307678223e-01
2.873171865940093994e-01
2.529030442237854004e-01
3.172640800476074219e-01
1.208265125751495361e-01
4.089367687702178955e-01
2.571150958538055420e-01
2.781969904899597168e-01
1.512997895479202271e-01
2.626512944698333740e-01
1.968438178300857544e-01
1.343042105436325073e-01
3.736183345317840576e-01
3.082042634487152100e-01
2.141090482473373413e-01
2.602662742137908936e-01
1.811503320932388306e-01
2.725200057029724121e-01
2.174202054738998413e-01
1.544596403837203979e-01
1.271104216575622559e-01
2.204960286617279053e-01
3.101989626884460449e-01
2.809935212135314941e-01
2.803033888339996338e-01
1.641623824834823608e-01
4.308202564716339111e-01
1.739608943462371826e-01
3.401985168457031250e-01
2.171087712049484253e-01
3.988288044929504395e-01
2.499097138643264771e-01
1.583600789308547974e-01
3.803099989891052246e-01
2.326928377151489258e-01
3.175460696220397949e-01
3.351043164730072021e-01
2.936450242996215820e-01
3.225534856319427490e-01
1.957612186670303345e-01
3.137104809284210205e-01
2.632566988468170166e-01
3.948798477649688721e-01
2.552342414855957031e-01
2.463070005178451538e-01
2.791886329650878906e-01
1.789589375257492065e-01
1.681737303733825684e-01
2.949149310588836670e-01
2.798601984977722168e-01
2.624422907829284668e-01
2.414737343788146973e-01
1.840508282184600830e-01
3.562614023685455322e-01
1.447062641382217407e-01
2.676742672920227051e-01
3.194793760776519775e-01
2.151019424200057983e-01
1.818866580724716187e-01
2.822628021240234375e-01
2.173995971679687500e-01
9.174651652574539185e-02
1.593697369098663330e-01
2.727778851985931396e-01
1.975384056568145752e-01
2.472860515117645264e-01
3.242626786231994629e-01
2.802865207195281982e-01
2.752799987792968750e-01
2.060430198907852173e-01
2.304729670286178589e-01
2.962639331817626953e-01
1.942693442106246948e-01
2.883407771587371826e-01
2.764224112033843994e-01
1.170795410871505737e-01
2.209283411502838135e-01
1.298745274543762207e-01
2.000500857830047607e-01
3.127560913562774658e-01
2.860012352466583252e-01
2.733146846294403076e-01
3.747165501117706299e-01
2.827004492282867432e-01
3.761306405067443848e-01
2.276177257299423218e-01
3.210459649562835693e-01
2.036974132061004639e-01
3.158071935176849365e-01
3.402599692344665527e-01
2.592066824436187744e-01
2.350286096334457397e-01
2.680383026599884033e-01
3.192186355590820312e-01
1.654752939939498901e-01
2.817850410938262939e-01
2.516868412494659424e-01
1.368920952081680298e-01
3.465549051761627197e-01
2.542006969451904297e-01
1.622768044471740723e-01
1.565980017185211182e-01
3.996150493621826172e-01
2.223514318466186523e-01
3.050779700279235840e-01
2.738621532917022705e-01
1.075248569250106812e-01
3.355147242546081543e-01
2.167711257934570312e-01
1.844409257173538208e-01
1.436638236045837402e-01
3.443442881107330322e-01
2.031567841768264771e-01
1.651594191789627075e-01
2.051150351762771606e-01
2.389527261257171631e-01
2.304463386535644531e-01
2.679451406002044678e-01
2.666851580142974854e-01
1.899266839027404785e-01
2.631658911705017090e-01
2.391426563262939453e-01
3.243083953857421875e-01
1.344047784805297852e-01
4.055173099040985107e-01
3.742941617965698242e-01
2.448604851961135864e-01
9.865894168615341187e-02
3.510787785053253174e-01
3.214503526687622070e-01
3.056526184082031250e-01
3.265456259250640869e-01
2.185515016317367554e-01
9.856974333524703979e-02
2.468956112861633301e-01
2.498796284198760986e-01
1.044595465064048767e-01
2.511779069900512695e-01
2.373408973217010498e-01
1.889911592006683350e-01
2.811233699321746826e-01
3.088985979557037354e-01
2.150745391845703125e-01
3.267389833927154541e-01
2.656554281711578369e-01
3.874291181564331055e-01
2.555033266544342041e-01
2.634250521659851074e-01
3.419148921966552734e-01
2.319485545158386230e-01
1.444559395313262939e-01
2.895587682723999023e-01
3.391833305358886719e-01
3.119390606880187988e-01
1.982735097408294678e-01
2.669841051101684570e-01
2.859270274639129639e-01
2.960720360279083252e-01
2.228861302137374878e-01
1.929114907979965210e-01
3.513095974922180176e-01
1.464097946882247925e-01
1.455475836992263794e-01
3.673050105571746826e-01
1.918084025382995605e-01
2.827280163764953613e-01
2.408215105533599854e-01
2.609514296054840088e-01
2.012588381767272949e-01
2.304296791553497314e-01
2.588687837123870850e-01
3.163895905017852783e-01
3.167965114116668701e-01
2.961728572845458984e-01
3.086995780467987061e-01
1.959873735904693604e-01
1.522936671972274780e-01
1.405526399612426758e-01
2.347204983234405518e-01
4.543753862380981445e-01
2.639070749282836914e-01
4.559058547019958496e-01
3.512847423553466797e-01
2.575570344924926758e-01
1.481518596410751343e-01
2.333519458770751953e-01
1.914019137620925903e-01
3.323522508144378662e-01
2.960736155509948730e-01
2.062576860189437866e-01
2.728984057903289795e-01
3.516690731048583984e-01
2.340308874845504761e-01
2.545177340507507324e-01
2.554865479469299316e-01
3.265723586082458496e-01
2.978522181510925293e-01
3.366207778453826904e-01
2.364619225263595581e-01
3.591829240322113037e-01
2.317211329936981201e-01
2.367628514766693115e-01
8.714681118726730347e-02
1.657480150461196899e-01
1.383583247661590576e-01
2.089433223009109497e-01
3.784798085689544678e-01
1.675297468900680542e-01
1.512047499418258667e-01
1.926007270812988281e-01
2.475428581237792969e-01
2.799114286899566650e-01
2.376946955919265747e-01
1.750570982694625854e-01
2.736772298812866211e-01
2.813136577606201172e-01
1.520241796970367432e-01
2.603487670421600342e-01
1.355689615011215210e-01
2.282331585884094238e-01
3.649045526981353760e-01
2.416565865278244019e-01
3.131977021694183350e-01
3.064988851547241211e-01
3.609399497509002686e-01
1.789883375167846680e-01
1.602020561695098877e-01
2.568951249122619629e-01
1.662419438362121582e-01
2.828036248683929443e-01
2.606923580169677734e-01
3.480330705642700195e-01
4.416972696781158447e-01
2.355659157037734985e-01
1.825511753559112549e-01
2.092598974704742432e-01
3.201946616172790527e-01
2.193201780319213867e-01
1.961580961942672729e-01
2.731691896915435791e-01
1.116795316338539124e-01
2.322256267070770264e-01
2.475605458021163940e-01
1.706136018037796021e-01
1.764340251684188843e-01
2.431269437074661255e-01
1.730638742446899414e-01
2.842386662960052490e-01
1.782058179378509521e-01
3.507606387138366699e-01
3.089716732501983643e-01
3.207205832004547119e-01
1.444176733493804932e-01
3.116681873798370361e-01
2.606064975261688232e-01
1.421261429786682129e-01
2.107142657041549683e-01
2.585217356681823730e-01
2.227732092142105103e-01
2.172589451074600220e-01
2.683075368404388428e-01
1.484318226575851440e-01
4.602556228637695312e-01
1.714155077934265137e-01
2.285618484020233154e-01
2.115920335054397583e-01
3.195770680904388428e-01
3.246671259403228760e-01
2.365514785051345825e-01
3.146694600582122803e-01
3.024512827396392822e-01
3.477299511432647705e-01
2.737974822521209717e-01
3.257764577865600586e-01
6.713622063398361206e-02
2.134514600038528442e-01
1.993602365255355835e-01
2.865626811981201172e-01
3.466229438781738281e-01
1.882545948028564453e-01
2.659768760204315186e-01
2.532547712326049805e-01
2.346132695674896240e-01
2.220170944929122925e-01
2.593973875045776367e-01
2.975488603115081787e-01
1.030921414494514465e-01
2.533854246139526367e-01
4.650895297527313232e-02
2.608740329742431641e-01
2.767943441867828369e-01
2.436762899160385132e-01
3.166362047195434570e-01
3.676036894321441650e-01
2.279706746339797974e-01
2.141520231962203979e-01
4.298309385776519775e-01
2.712384760379791260e-01
1.326705813407897949e-01
2.517737150192260742e-01
3.042958974838256836e-01
3.032481670379638672e-01
3.153929114341735840e-01
2.042132318019866943e-01
3.069166243076324463e-01
2.941279709339141846e-01
1.069802120327949524e-01
2.085207551717758179e-01
2.433997839689254761e-01
1.757447272539138794e-01
2.918589115142822266e-01
2.295078039169311523e-01
1.870836764574050903e-01
3.657136559486389160e-01
2.305941581726074219e-01
2.702689170837402344e-01
1.844476610422134399e-01
3.761072158813476562e-01
1.894723623991012573e-01
3.646749258041381836e-01
3.365873098373413086e-01
9.317947924137115479e-02
4.041942954063415527e-01
2.659361958503723145e-01
2.881189584732055664e-01
2.860186398029327393e-01
1.396162509918212891e-01
1.926478594541549683e-01
3.348379731178283691e-01
3.151990771293640137e-01
3.063933849334716797e-01
3.225460648536682129e-01
3.171276450157165527e-01
2.469730526208877563e-01
2.808294892311096191e-01
3.852337002754211426e-01
2.424254864454269409e-01
1.620097011327743530e-01
3.430339694023132324e-01
3.463515639305114746e-01
3.023162782192230225e-01
2.067493647336959839e-01
3.475980460643768311e-01
2.650315165519714355e-01
1.538256406784057617e-01
3.065895736217498779e-01
2.469858676195144653e-01
2.971068918704986572e-01
3.665787279605865479e-01
2.509436905384063721e-01
2.796436846256256104e-01
2.678282558917999268e-01
2.114048302173614502e-01
2.218018770217895508e-01
1.739283949136734009e-01
2.166036367416381836e-01
1.335878968238830566e-01
2.750436961650848389e-01
3.943495154380798340e-01
3.462727069854736328e-01
2.176610380411148071e-01
2.258207499980926514e-01
1.999788880348205566e-01
4.252992868423461914e-01
1.357363462448120117e-01
2.386139780282974243e-01
1.877225190401077271e-01
2.112187147140502930e-01
2.769756019115447998e-01
3.701655864715576172e-01
2.313593775033950806e-01
1.882913708686828613e-01
3.983884751796722412e-01
3.250779211521148682e-01
2.484396398067474365e-01
2.240531593561172485e-01
2.392836213111877441e-01
2.212333828210830688e-01
2.238567769527435303e-01
3.105046451091766357e-01
1.634804755449295044e-01
2.609659433364868164e-01
3.958573639392852783e-01
3.259305059909820557e-01
2.961314916610717773e-01
3.194296360015869141e-01
2.450178414583206177e-01
2.475572973489761353e-01
7.859019935131072998e-02
2.757968306541442871e-01
2.522465884685516357e-01
2.119686305522918701e-01
2.436603158712387085e-01
1.460566073656082153e-01
2.185779213905334473e-01
3.468801975250244141e-01
2.462073564529418945e-01
2.409133166074752808e-01
2.536398470401763916e-01
3.119719922542572021e-01
1.791329681873321533e-01
2.940232455730438232e-01
1.225541159510612488e-01
1.833567619323730469e-01
2.011335045099258423e-01
3.689216673374176025e-01
1.629938185214996338e-01
1.208653971552848816e-01
3.287481069564819336e-01
3.815972208976745605e-01
2.546088397502899170e-01
3.585654199123382568e-01
9.642329066991806030e-02
2.613570988178253174e-01
2.559416890144348145e-01
1.203668043017387390e-01
3.857949376106262207e-01
2.177371382713317871e-01
2.645863890647888184e-01
1.786130964756011963e-01
2.591316998004913330e-01
3.213182389736175537e-01
2.265793979167938232e-01
1.368354707956314087e-01
1.950995922088623047e-01
1.897456049919128418e-01
3.683466613292694092e-01
2.691062986850738525e-01
1.629347503185272217e-01
1.710211187601089478e-01
1.335329115390777588e-01
3.246208727359771729e-01
3.259278535842895508e-01
2.066636979579925537e-01
2.201111763715744019e-01
3.050693273544311523e-01
1.806247532367706299e-01
1.505557000637054443e-01
1.171142160892486572e-01
1.858640164136886597e-01
3.415765166282653809e-01
3.390139043331146240e-01
2.564409077167510986e-01
2.028089910745620728e-01
1.122553125023841858e-01
1.918228119611740112e-01
3.158850073814392090e-01
2.068934291601181030e-01
1.868936419486999512e-01
1.597445160150527954e-01
3.462293744087219238e-01
2.041497230529785156e-01
2.808501422405242920e-01
2.394230514764785767e-01
2.776790261268615723e-01
2.482087165117263794e-01
2.056072801351547241e-01
2.367177605628967285e-01
1.964910775423049927e-01
2.870877683162689209e-01
3.490653336048126221e-01
3.294288814067840576e-01
3.118149042129516602e-01
1.579878777265548706e-01
2.186180353164672852e-01
3.735594451427459717e-01
2.271194159984588623e-01
2.991734147071838379e-01
2.448836863040924072e-01
2.673659622669219971e-01
3.975056707859039307e-01
1.867900043725967407e-01
2.162809967994689941e-01
3.118467032909393311e-01
2.007873505353927612e-01
3.484230637550354004e-01
2.509104311466217041e-01
2.464030683040618896e-01
1.644734144210815430e-01
1.312562078237533569e-01
2.205862253904342651e-01
3.541999757289886475e-01
1.474335193634033203e-01
1.378349214792251587e-01
1.888351738452911377e-01
2.416632324457168579e-01
1.655634045600891113e-01
2.469331771135330200e-01
2.104655951261520386e-01
2.768396735191345215e-01
3.091573119163513184e-01
2.418866753578186035e-01
2.195154428482055664e-01
3.736721873283386230e-01
3.206688761711120605e-01
9.512718766927719116e-02
4.144819974899291992e-01
3.142721652984619141e-01
3.458250463008880615e-01
1.362776458263397217e-01
2.097702175378799438e-01
1.713117510080337524e-01
2.846988737583160400e-01
2.723523974418640137e-01
2.885349094867706299e-01
3.063802719116210938e-01
2.433621734380722046e-01
2.746744453907012939e-01
2.360419183969497681e-01
3.672352433204650879e-01
1.792056858539581299e-01
2.470917254686355591e-01
3.591149747371673584e-01
2.231759279966354370e-01
2.565341293811798096e-01
3.271313607692718506e-01
1.846631467342376709e-01
1.794968694448471069e-01
3.031958639621734619e-01
1.936119794845581055e-01
1.561113744974136353e-01
3.524864315986633301e-01
1.998960524797439575e-01
2.636429667472839355e-01
2.500617504119873047e-01
2.324530333280563354e-01
2.917986214160919189e-01
2.308727502822875977e-01
1.997983902692794800e-01
1.840859502553939819e-01
1.466822922229766846e-01
2.477165758609771729e-01
1.384086310863494873e-01
1.774496436119079590e-01
2.449975311756134033e-01
3.358090817928314209e-01
4.098459780216217041e-01
1.971613615751266479e-01
1.758906692266464233e-01
2.429880946874618530e-01
1.832795888185501099e-01
5.165196657180786133e-01
2.502908408641815186e-01
3.409262001514434814e-01
3.299017548561096191e-01
3.790426254272460938e-01
3.101936280727386475e-01
2.639662921428680420e-01
3.318112194538116455e-01
2.670695483684539795e-01
3.007064461708068848e-01
2.033379822969436646e-01
2.893482148647308350e-01
2.674483954906463623e-01
3.623197376728057861e-01
2.847790718078613281e-01
3.519089221954345703e-01
2.924610078334808350e-01
2.804073393344879150e-01
2.403252720832824707e-01
2.062816768884658813e-01
