9.096820776067494618e-01
1.199409761230425975e+00
1.495087970612885231e+00
8.237031461672262855e-01
9.236435846939101690e-01
9.611253172209909268e-01
9.765123009768794660e-01
9.491507774873398917e-01
8.153211394417823055e-01
1.865920479069047566e+00
8.751255579363755865e-01
1.463352482933998333e+00
6.933904050714363443e-01
6.542852336537300362e-01
1.043082975795191603e+00
1.012301587703236860e+00
9.846766887340654417e-01
1.014725064559941048e+00
1.349926308310545719e+00
1.943081542152315100e+00
1.364871851532000413e+00
1.133790506392802433e+00
1.718505885970108782e+00
1.432340951010769636e+00
1.116585429133195584e+00
1.112150947989255956e+00
9.931180247540574157e-01
5.728552328437086505e-01
9.764151917151853155e-01
1.158261841080057586e+00
1.416677916401468895e+00
1.535540401751765538e+00
1.087088549832231577e+00
9.954316920345768205e-01
8.077295331090487140e-01
7.846778154641972369e-01
9.210810125610038313e-01
1.403394767636420681e+00
8.728976849270281280e-01
1.237382848995901341e+00
1.070059962991656510e+00
7.276640312982057823e-01
8.738537666861531106e-01
1.118072258795411722e+00
1.100624758044505658e+00
1.109539743519110333e+00
7.556118879069523286e-01
3.573940820961679088e-01
1.087601724842198081e+00
5.157851923802746485e-01
5.396278720498890458e-01
1.225764876198618847e+00
1.142507575580820944e+00
1.004235158833456820e+00
1.222069340969893059e+00
9.241466920921616035e-01
1.317929140398050203e+00
1.013487716311661346e+00
1.388356205448531444e+00
1.185740349750359135e+00
1.109592160524284887e+00
1.230361464871639443e+00
1.076670451120085525e+00
1.248298159084562764e+00
1.404445306702795326e+00
8.142133651527991844e-01
1.317925843521701834e+00
1.048641195681926819e+00
1.404088225850212091e+00
1.349837303726022952e+00
1.548900502708164595e+00
1.015656310835316045e+00
1.568676860808864149e+00
1.609780256538415388e+00
1.008549199609152014e+00
9.177265309916183833e-01
9.843169291490501127e-01
1.130298239110986147e+00
7.893204236994521006e-01
4.571601685440581098e-01
1.573477518051989987e+00
7.709631390714678512e-01
1.358457876220622085e+00
1.338540511065710925e+00
9.111351665584888071e-01
1.070955826180956860e+00
1.150149889696258088e+00
9.654809110262005944e-01
1.125763322188167770e+00
9.715986005052477115e-01
7.684558570143725786e-01
1.219816664044931054e+00
8.482994650641392242e-01
7.960025686070488771e-01
7.786278310132627167e-01
5.027533914622994704e-01
1.222400777012832673e+00
8.409409097283144785e-01
7.427151403579221878e-01
1.105480000889605074e+00
1.133407479333651269e+00
1.534347140895360839e+00
6.504726375300342589e-01
1.091666606256398886e+00
9.085437731289356389e-01
1.013589311009277738e+00
1.261830124762191252e+00
1.136861790829073460e+00
7.753733859279030582e-01
9.814383977767595635e-01
1.519049611606046124e+00
1.003080520315637436e+00
5.359471810790443769e-01
1.202374265902781403e+00
6.665335135578361880e-01
8.923603583323233002e-01
7.188538228575619415e-01
1.218743579791153220e+00
2.851340397019544448e-01
6.618798471715667819e-01
6.028951024801625369e-01
1.191152249953142173e+00
7.131769998039377834e-01
8.945615761233483010e-01
1.285070216426012824e+00
1.287356074585110255e+00
1.349939004351907723e+00
1.243966169476478312e+00
7.636621285844232832e-01
8.569142548093009459e-01
3.776907498160239629e-01
1.123286737350719600e+00
9.224896505414530434e-01
1.397851666639951196e+00
1.000463945586146819e+00
1.301949505332361534e+00
6.435767098286649945e-01
6.719680149775183464e-01
1.441955596533257555e+00
1.191690138160967694e+00
1.173878635557856764e+00
3.303787309844583575e-01
9.220735097278454084e-01
1.584067998242968178e+00
1.207545317040420896e+00
1.454623863393649463e+00
1.137679220042129513e+00
4.962630847489222785e-01
1.067710879471111873e+00
7.293047936452711211e-01
1.118050839150289688e+00
1.081068284782682465e+00
8.023331610225504784e-01
1.113823500734752336e+00
1.104947972460198491e+00
1.264705731950484857e+00
6.935639192047577950e-01
1.136231455241714761e+00
4.725956035709455438e-01
7.672755390415996191e-01
9.330993465573511614e-01
1.672214272542054792e+00
1.311894143895507181e+00
9.778292520848826941e-01
1.244762752958633145e+00
9.644943273887248703e-01
6.584498856773587372e-01
7.734205393433091213e-01
1.289721189352751596e+00
9.605775443502675426e-01
9.129034621581212372e-01
1.234819239758667697e+00
1.232171492533101098e+00
8.842060228364893026e-01
5.710651975462550656e-01
8.335266827093031905e-01
1.088862566196625137e+00
9.225009062148135097e-01
9.956185866298339349e-01
1.265879899595067748e+00
9.506051025662339837e-01
9.921966380054623169e-01
7.632387651098199166e-01
1.297318324541297807e+00
1.441698510612173134e+00
7.712498355999795052e-01
9.820241250077360595e-01
1.223208127960358604e+00
1.585468869548982473e+00
1.380500726718815852e+00
1.287979142650101938e+00
8.699264320304179732e-01
1.023160390122526353e+00
5.712365635039948764e-01
6.321967847715562749e-01
1.216561806854629113e+00
4.388024526206159015e-01
7.326858209537784328e-01
1.102087641407806684e+00
1.481389799899328175e+00
5.442226480941972921e-01
1.210246361455270980e+00
1.136546144035421202e+00
6.556169538648984885e-01
5.595227155413532438e-01
3.301932885155149933e-01
1.468501758162991333e+00
1.063955212683564744e+00
1.141156540550710474e+00
1.139489196706594765e+00
8.219828020133639335e-01
3.285552333195568830e-01
3.447044614872846746e-01
7.641353756528935781e-01
6.381028943292023081e-01
1.546827872642362545e+00
6.435553227090266004e-01
1.101613656321694057e+00
4.810382526675772152e-01
1.155862014760530521e+00
1.023598487877767971e+00
1.065760510532150596e+00
8.374576728319563790e-01
8.792913470040714108e-01
5.379475107877714768e-01
5.204487234638203175e-01
1.190649715621801219e+00
9.716569743742893284e-01
6.896079225005732338e-01
7.573606566851429633e-01
1.423539461402249406e+00
1.718778508912295999e+00
7.613793344498867022e-01
1.201158904763735658e+00
5.933046192671829200e-01
1.027971457607817829e+00
1.176482474453024674e+00
1.003103697940053163e+00
1.317685619005884989e+00
6.173317960766456780e-01
1.374969345881933425e+00
9.566635198077384494e-01
1.223528327515049030e+00
1.286053577359656419e+00
3.326989105998465757e-01
8.342537277395831730e-01
1.107531657076082476e+00
3.966847958857212531e-01
1.150189929467648087e+00
8.541745387202961393e-01
1.061740111516853435e+00
1.231667688532110283e+00
8.463895186349577049e-01
6.138785615311996846e-01
1.064921094093356002e+00
1.046446580056973330e+00
1.312379592199022893e+00
1.071674872371597420e+00
8.884617816950723945e-01
1.023161105145911298e+00
4.487059605577990995e-01
1.762798812791052105e+00
1.221705075372780280e+00
7.954506159125231957e-01
1.108461823348200648e+00
1.278848237237391938e+00
1.121953895505642285e+00
9.477063972873080999e-01
8.971406511871806710e-01
7.328370753220099232e-01
1.251171376043367145e+00
8.729699298360013016e-01
9.337289905397277989e-01
1.080980234345363833e+00
1.767229361357736783e+00
1.320237226016697907e+00
9.519402020257222707e-01
8.366179968388707255e-01
1.003112929970502831e+00
1.028105320302667103e+00
1.488628273223572274e+00
1.160261364910187387e+00
1.459087307074150353e+00
1.110739011042169100e+00
8.032123787630613965e-01
1.096337450494832666e+00
8.952100229469077686e-01
1.704276326424840615e+00
1.253909857439879039e+00
1.092752320761714913e+00
1.006118982732820299e+00
1.172794322905184483e+00
1.552082869764434880e+00
8.004933702583466593e-01
9.157441648244797339e-01
1.839732969963311815e+00
1.118411429672534485e+00
1.829628538384603820e+00
1.169526407347138308e+00
1.070553513260766865e+00
2.828376809308345563e-01
1.424819043005730368e+00
1.080378508626387957e+00
1.253894837808474438e+00
1.213731625449174345e+00
7.899365481654728738e-01
9.753737142176076569e-01
1.197052334506090387e+00
8.108307985211141711e-01
6.394181628965398545e-01
1.404036315727016149e+00
6.843153382931107531e-01
1.117761178846314651e+00
1.666895846986209850e+00
5.041476305822408799e-01
1.201347747855352921e+00
7.378895233548633525e-01
1.283254632717670152e+00
9.066893491996607102e-01
1.178451169197670678e+00
1.165850197428456747e+00
8.326035142861410998e-01
7.263692107413349808e-01
1.890650542663294909e+00
1.497462653894302997e+00
8.808400868945892581e-01
5.088755231074404417e-01
1.219077994737731929e+00
8.559068861450190857e-01
1.491467608470841144e+00
4.046205377225211564e-01
6.638206623210436419e-01
8.744194111257920232e-01
4.834492620446783073e-01
1.217001091732764273e+00
1.311209723648231629e+00
8.504624303384669126e-01
1.250408989912906277e+00
8.600592451202657696e-01
1.023765765977970643e+00
1.358666226754629003e+00
1.027240865768966005e+00
1.114566634893173980e+00
7.794783267375413605e-01
1.052666135700922601e+00
1.158919862637265874e+00
1.098191563844526986e+00
1.036971046730918777e+00
1.496652625002966364e+00
7.199143895721649145e-01
1.852100732467134137e+00
8.142033972236046857e-01
1.255042716362062105e+00
7.788230689232890080e-01
1.913388024828028167e+00
1.213433483272556845e+00
1.444899835417802203e+00
9.668557244765053627e-01
1.315596172389270180e+00
1.168544008894253361e+00
1.422317413585730161e+00
7.325847018217608309e-01
9.133377093862852236e-01
3.435404277984303589e-01
8.676109044425051042e-01
8.871409620472857638e-01
1.189789074330676488e+00
1.158697038151881076e+00
1.181271611967317225e+00
9.840791243943517452e-01
7.516223654559025524e-01
1.554371245866775109e+00
1.500966534751950743e+00
9.901435898150553472e-01
5.376029755079397843e-01
7.608881608926951756e-01
1.531636728964995031e+00
3.358713717309133595e-01
1.661776149764334631e+00
1.655322165822716629e+00
1.371530760956356065e+00
1.053222421591090585e+00
1.538943329685451111e+00
7.754142489812423378e-01
1.623607188226315889e+00
7.567188500177783883e-01
7.332270095272428456e-01
1.022576281941788068e+00
6.711088218976162256e-01
1.681141908281604369e+00
9.720770810464386402e-01
8.287632956013822882e-01
7.040305899217772501e-01
7.071448608592070251e-01
1.149941510332784578e+00
1.142459809188637987e+00
8.580989498503768242e-01
9.505853879919178295e-01
8.114865939425288666e-01
1.261332054314164841e+00
1.017111771702390532e+00
9.841255995453557226e-01
1.346519831947770918e+00
7.263215942601435327e-01
1.347588384598617628e+00
1.529093398891261613e+00
9.331995630838927358e-01
8.786665001873388281e-01
8.738098804780952689e-01
1.410597182577624897e+00
1.058421471703755445e+00
1.591947004303742030e+00
9.865890003623893900e-01
9.105835684523910789e-01
1.100567321593000525e+00
1.706463338323399803e+00
1.803524148360314383e+00
7.977695482138270622e-01
8.376830957049997695e-01
1.234767878998825230e+00
1.070139688301227077e+00
1.146983952766726489e+00
1.025916444768312452e+00
5.386161660233550474e-01
1.551245977137644561e+00
1.176259757999036815e+00
9.107144794588185599e-01
1.549779412212438645e+00
6.561607389081632880e-01
9.070671412433232161e-01
1.119797889072871255e+00
1.661116098884236392e+00
7.243457819740557468e-01
1.012632278305361622e+00
1.306760506450059811e+00
1.137418101095599265e+00
8.990688509603590450e-01
1.009836017702431699e+00
6.560066407818008205e-01
9.969229275707686133e-01
1.406286617408860407e+00
5.360194447910451299e-01
1.268993998644605492e+00
8.932093882749203573e-01
1.121491493585800914e+00
1.022536071339825936e+00
1.232999568845359661e+00
1.075595003192339805e+00
1.102854024167974067e+00
7.410859338429937049e-01
1.301364307081441352e+00
6.209145134350700923e-01
1.209437531583542835e+00
7.292295127900495499e-01
8.186459773813125063e-01
1.224319874060393110e+00
1.023914093819397797e+00
1.021615768621750187e+00
1.049401925103853994e+00
1.085042920333653571e+00
1.253615797626534523e+00
7.957040213920484328e-01
9.900006950573598807e-01
1.111408133959156386e+00
8.770974924752267254e-01
1.172017263704920431e+00
9.908800974832236985e-01
9.721828038985969034e-01
1.373014217755311517e+00
6.021811797404849065e-01
1.187100405572456774e+00
1.277459213347901024e+00
8.859708745548942055e-01
1.466285751388803016e+00
9.418925999965233054e-01
1.187282132901587239e+00
1.463617650893892286e+00
8.730394715240236136e-01
1.415042933151706483e+00
1.507179421401485753e+00
1.248728386332824680e+00
5.355127180354508631e-01
1.079389083630028168e+00
1.511281206077777828e+00
7.583214763087376964e-01
4.026581675646557779e-01
3.875024793157099134e-01
1.261847916413650239e+00
7.085809629012468358e-01
4.119348530270778852e-01
1.136771343096762754e+00
1.289222091624057098e+00
1.292858473025460420e+00
1.614192485650567832e+00
1.226332691034812461e+00
1.389553021104843467e+00
1.222034761596508368e+00
1.476963873048015907e+00
1.280764426430400560e+00
1.124109161200159468e+00
7.011665818710957065e-01
1.502144043142572993e+00
6.560930112867813246e-01
9.304618309418931643e-01
1.085709299106943471e+00
7.956632706378600206e-01
3.231843751544306031e-01
1.501741205778601707e+00
1.420417558402329528e+00
9.161084792402161003e-01
1.388095186339398213e+00
1.055409267245025928e+00
8.603250820663405074e-01
4.639803212276257804e-01
9.078869599993061312e-01
1.215959240930394092e+00
9.872320902215371285e-01
6.707219520096041609e-01
1.514771737122866391e+00
1.301681404709429835e+00
6.549722660497004911e-01
1.014815782282070478e+00
7.096933864137694448e-01
1.775964633467015164e+00
1.531858654339871118e+00
6.228678316898548228e-01
1.074622074180118680e+00
1.163907072089408024e+00
9.503912885352009399e-01
7.025057171314842419e-01
1.028335213937244585e+00
1.274721703348306479e+00
6.687520563244596650e-01
1.347142376927993102e+00
1.624851305378344879e+00
1.081689743102977275e+00
8.852666894561521671e-01
3.639847459463255719e-01
8.247956139107257556e-01
1.022439470853611976e+00
1.235622660899438285e+00
9.206399543579365519e-01
1.198653749736363627e+00
9.897150335754829609e-01
1.231877498450161035e+00
1.647714072299706789e+00
1.333215779515248167e+00
8.447503086594436716e-01
1.284971544473654470e+00
1.097113469662399199e+00
9.715153206299614874e-01
1.208804087284424567e+00
1.104292439725739650e+00
1.238392211004864629e+00
1.376503570742119598e+00
1.182927022124870442e+00
8.103599494602732323e-01
1.326705807439135132e+00
1.140244098630806446e+00
5.979750349607135806e-01
1.419368993917573318e+00
1.154519215985187808e+00
1.592996079294532130e+00
8.525445350798871447e-01
1.380395369599437760e+00
1.326545577323207548e+00
8.498837094142704940e-01
1.323395142103178879e+00
7.271811072638977302e-01
9.818752101684643518e-01
1.312116774688858678e+00
8.625422323524357671e-01
1.598564448339885313e+00
1.416377439977604791e+00
7.120542671913562272e-01
6.627630878816315185e-01
8.193621870062122170e-01
1.565264865007697681e+00
7.826356488834100844e-01
1.391908832794328754e+00
1.654299830370217439e+00
1.283473723912020636e+00
1.031257322156764022e+00
1.144558738494956707e+00
8.951108923954572694e-01
6.748007294006765910e-01
1.374807378078938269e+00
5.721387379588811495e-01
1.241851137493080737e+00
9.139717076061666390e-01
1.346364709816282978e+00
1.863602372093104309e+00
7.657589618327594883e-01
1.344943754514043688e+00
6.631956021234257648e-01
1.009627705684760013e+00
1.409511455588998041e+00
9.799074217936432074e-01
1.540272775498722879e+00
9.803824703718554412e-01
1.320017759455935247e+00
1.484202588154227342e+00
1.120769711527384693e+00
1.245913655678114962e+00
8.655941223809711094e-01
1.386330718759426261e+00
1.524098009608357396e+00
1.088129618911480634e+00
1.426680540186939128e+00
1.162534871843996953e+00
1.248084110952311532e+00
1.547990236181218782e+00
9.394940859338061223e-01
1.225740105622711740e+00
1.136230067608969385e+00
1.036218467567830537e+00
5.036031942710957887e-01
1.526694868160144658e+00
1.740105922891020729e+00
1.528638198708337059e+00
1.658932965299636964e+00
3.434450302242013087e-01
1.226909014402187692e+00
8.923956149589542530e-01
8.018345839551321852e-01
1.495788441192355878e+00
9.082590690366716402e-01
1.000333779745695262e+00
1.284330728868553484e+00
1.065514471011639763e+00
1.095337737260447808e+00
1.014916395099410895e+00
1.033709475471300987e+00
7.856187229229372182e-01
1.021956237458425676e+00
1.321727318098491866e+00
1.202458700063325336e+00
9.131011923368392846e-01
6.721551009371781182e-01
5.714066050744583958e-01
1.236961507986632514e+00
1.184055150640369147e+00
1.246110357118580314e+00
1.915557216021631426e+00
1.022522397628262691e+00
4.529263971873977446e-01
1.108379539368572031e+00
8.895532889142240274e-01
5.835876738174287093e-01
1.057162961994163153e+00
1.044765180385923031e+00
1.040548815048043307e+00
1.478613055215626915e+00
8.642912240087102793e-01
1.029122661573032893e+00
1.164668092185931147e+00
4.641500635471776381e-01
7.877826563628699263e-01
1.341885259029643951e+00
1.240697938637400854e+00
1.195312952404504525e+00
1.140432544017681460e+00
8.939946521400484736e-01
1.293748608430385083e-01
1.515227762009633494e+00
1.083528664341010694e+00
1.109350345077697586e+00
1.050619785677588736e+00
8.830283992786683855e-01
1.201751544163666807e+00
1.930147604832282093e+00
1.380290761853287140e+00
7.158761066176455579e-01
9.342424494888246223e-01
1.289344131600554721e+00
8.649864412572250139e-01
1.119948822024591450e+00
1.144007534852233832e+00
9.427357184980919014e-01
1.253975576494490207e+00
1.035265874886377446e+00
1.310901826028610495e+00
1.545699574675059917e+00
8.882080907115398327e-01
9.893307156696348192e-01
1.374677245865509212e+00
5.614444387618543475e-01
1.485601602751642991e+00
1.339962397039669462e+00
1.486408262444558925e+00
4.751632945208316139e-01
5.786620948805150100e-01
8.325270373560921255e-01
7.647165337082363346e-01
1.193904029593958471e+00
9.359738677091035131e-01
8.393380652674004017e-01
1.491480731908702007e+00
1.609064183669514092e+00
6.343119579285438903e-01
1.174684931990832126e+00
1.464087939926977278e+00
7.560941229097861704e-01
6.843410701948173802e-01
4.340900242867261616e-01
1.282105349655408011e+00
6.107272276474809969e-01
1.713657781826273707e+00
6.015617808237695430e-01
1.586621366385013943e+00
6.499647980070237807e-01
1.490531617868299685e+00
1.332328859335799365e+00
5.394750613631164038e-01
6.194599039608285063e-01
1.295163226823426772e+00
1.033210824014817453e+00
8.173784193307505053e-01
1.254682999891451711e+00
6.812860097233948142e-01
1.329348808929007753e+00
8.243779004805925625e-01
9.881619433783793705e-01
9.290728651027850837e-01
9.942900471699316345e-01
1.060456769658523202e+00
1.334603724958514315e+00
1.380765323097662201e+00
9.245563790274551330e-01
1.559817486303370249e+00
1.049289700602627162e+00
1.780951280723677588e+00
8.893044314566606046e-01
1.838184206282285738e+00
1.430406222950191042e+00
8.034374921208559117e-01
1.049892289159613634e+00
9.977440556180514619e-01
7.575568423409112517e-01
1.302744849043160569e+00
9.140619221473493816e-01
6.053782967120192593e-01
6.525256943426001044e-01
8.938195897009105773e-01
1.379161556851624004e+00
6.554940997225890964e-01
1.139187281508473815e+00
1.473925967083310917e+00
1.081108925495611217e+00
1.495649969069929641e+00
1.103475437652450264e+00
1.022341680006334075e+00
1.239913031151927303e+00
1.295695813866380997e+00
7.523797247318676495e-01
1.516226415704080344e+00
6.865396851831310210e-01
9.197773566368593334e-01
1.386138638342671925e+00
1.327794159603836066e+00
1.255731738054554958e+00
1.375622952453176229e+00
7.950235515167428657e-01
1.159980617457373464e+00
7.162565037860409989e-01
8.854775807768906493e-01
1.002868658365840160e+00
1.081506787164673078e+00
8.860640981370874192e-01
9.421170952585605773e-01
1.390282687225446567e+00
4.961661100857434059e-01
8.958012888880886315e-01
1.115652765980493122e+00
1.155612659078856463e+00
7.616658820850447098e-01
9.308348087484134004e-01
1.569890494136435277e-01
1.012328254610596057e+00
8.532482473843465698e-01
6.796859834685187174e-01
1.249180573419742313e+00
1.240517408403793986e+00
2.119159624193835689e-01
1.195101311643681052e+00
3.306565231494458246e-01
1.402638401112405786e+00
1.402769609405257079e+00
5.826683946536879155e-01
1.150818629490888423e+00
1.248355544196138478e+00
1.719471721148987164e+00
1.142742008151677036e+00
1.259883931793619904e+00
6.508858516565225738e-01
1.064100296143142943e+00
1.490060267556754914e+00
1.225989085604666018e+00
8.659534693871949740e-01
1.067974760706535964e+00
9.545178837675418748e-01
1.257445970957146386e+00
7.704140990254833010e-01
1.015868037134914692e+00
1.727290586999465472e+00
1.523244726496586265e+00
1.166331874989120498e+00
1.041039688893655280e+00
3.887666096094054002e-01
9.774629993090183655e-01
1.209220370405808431e+00
8.255026867758974429e-01
9.020467860512730862e-01
1.187369001954905245e+00
5.902533446129426542e-01
4.836652672153194943e-01
7.736883075416572941e-01
1.043584297855865373e+00
9.567304806794657557e-01
1.037066793764537032e+00
1.135732108472818025e+00
1.092707772866516214e+00
1.297108130130470327e+00
2.068672911686673110e+00
1.187447425070839779e+00
1.049563764579449110e+00
9.588560787717862466e-01
9.862404465744941673e-01
1.052240176956032780e+00
9.021647054048020919e-01
6.441898820324117869e-01
1.093534693824240289e+00
1.226968572784635558e+00
8.891655971818638315e-01
7.366674427263983915e-01
4.107669864443708185e-01
1.410901020284540675e+00
2.277520068499981343e-01
1.395356956285203731e+00
1.217658788421913663e+00
8.818182018090094942e-01
9.150657128062801293e-01
1.320037896726157012e+00
1.112380120368075653e+00
1.121729310283325232e+00
1.072605148801254904e+00
9.581028762483195793e-01
9.911915571187163154e-01
7.228554802569201465e-01
1.265029357440037083e+00
9.768070383252027700e-01
8.856294768943997475e-01
1.463007131838193642e+00
5.793104737454621844e-01
8.156033456690172656e-01
1.268960922721726892e+00
9.235683127468637954e-01
8.115765523364228962e-01
1.760994464580575070e+00
1.619615850590490069e+00
1.819770803225206235e+00
1.252468061552287626e+00
1.462845870372016188e+00
9.656604173490349607e-01
1.268646244861247219e+00
6.513879564477367268e-01
1.336631150729385320e+00
1.118775584444475779e+00
1.131801796728569620e+00
1.499883900548022231e+00
1.380720069062385535e+00
9.780457020228070508e-01
8.636599584839310673e-01
8.503257121251286410e-01
3.773131028651942609e-01
1.042565031875473558e+00
1.370521311579405932e+00
8.715198016731399155e-01
1.054435569202220480e+00
1.286121830902498875e+00
7.577117492110763131e-01
1.129365311355055690e+00
7.738326976357957632e-01
1.177151978279739941e+00
5.562234377392697438e-01
8.845516223724184668e-01
2.312452381964613668e-01
1.545760464274325674e+00
8.382243211936857286e-01
1.264599223238455306e+00
1.738044647748621996e+00
1.654024301960063337e+00
7.877260956324458885e-01
1.075024851733446862e+00
8.109121788328889080e-01
1.361408735727574593e+00
1.513637793290069977e+00
8.726184774120113730e-01
3.997904438929170134e-01
1.196344919435500254e+00
9.904233999095436447e-01
1.383441432930081705e+00
1.189957403204830566e+00
1.073780020024272419e+00
7.047653688996583510e-01
1.076820076422717154e+00
1.229624450294073856e+00
1.241638477910841143e+00
9.777451374958858743e-01
7.781997808076935863e-01
5.913905069472350506e-01
1.132280771551340326e+00
6.362396514795622959e-01
7.985645392867366521e-01
1.409778107394445978e+00
1.341334140472145275e+00
8.468758408359277068e-01
9.527328678357800396e-01
6.666446685984149800e-01
1.640052485931392301e+00
1.576998160709934593e+00
1.382863431216643235e+00
1.296049047816482336e+00
8.196283454735079355e-01
8.765872722227021629e-01
5.605625337804696073e-01
9.699303181313965183e-01
1.162985585629373597e+00
9.046201238986711912e-01
9.230595569933612854e-01
1.005753286367982779e+00
1.671050669922838461e+00
1.487082545539267997e+00
1.363166024601167203e+00
1.320734841739024112e+00
8.686421815767481069e-01
1.137431608293419494e+00
1.267504824454735779e+00
1.349828724392101220e+00
1.635351297893733680e+00
8.990509275232597686e-01
1.032496485370530070e+00
1.462389234129766402e+00
8.359507377831854047e-01
9.946396759715501190e-01
4.874135090623523681e-01
1.348476228644085007e+00
1.586620814037019489e+00
1.435767400064007049e+00
1.216834365711916277e+00
9.501046760065497976e-01
1.394615715757155483e+00
1.481019291576729957e+00
1.248525315350614395e+00
1.214484290222687779e+00
1.441211576217116486e+00
6.909929731446098344e-01
1.431023965754166571e+00
1.202331574832825822e+00
1.099865093843653829e+00
1.541852508646396558e+00
8.129511994114554385e-01
7.266032617899562673e-01
8.568244441343282336e-01
1.186466420089907103e+00
1.373502337057536993e+00
1.529824358298432330e+00
9.331637723624889302e-01
1.296377584430721042e+00
1.208611859554162393e+00
1.201039658392720533e+00
8.938545147850633921e-01
1.558951421425061934e+00
1.113625970456638914e+00
9.504963900113152508e-01
1.633405483216913812e+00
1.059471476334834961e+00
1.164016659824492539e+00
6.715284412008802883e-01
4.954848256258175820e-01
1.192376172054532724e+00
9.995286634800378822e-01
1.069144235863683123e+00
9.742664388591939506e-01
1.096646605469703051e+00
9.831135790684734088e-01
8.847797802942074519e-01
4.576102867582867995e-01
1.390854039916592511e+00
1.047096127982073188e+00
5.499173979741820428e-01
1.353975419262345881e+00
1.189467227249495052e+00
7.382936418257940447e-01
1.135399214571567672e+00
1.146332086886467927e+00
8.888737543403806285e-01
1.534394116690951382e+00
6.921312442190691305e-01
1.611587211500977279e+00
