4.377966099268881806e+00
5.792966844419833450e+00
4.033329623050794233e+00
5.276720763678452109e+00
4.988461082955931047e+00
7.711858127884480218e+00
3.855450078754131926e+00
5.502916836961123437e+00
4.822281394515626651e+00
5.117142219150215610e+00
4.661449008444934705e+00
5.038038562403906795e+00
6.302621036633814455e+00
7.550094245692688943e+00
5.843459948418728622e+00
5.347472777708516034e+00
5.394205862718113309e+00
6.760346004421451838e+00
5.923777298103107825e+00
6.861734846599908622e+00
6.083879711658766176e+00
5.397578398322336213e+00
5.317149963846062199e+00
4.854950035273335907e+00
4.508100144716892466e+00
6.215199044824249341e+00
4.478748015805641636e+00
5.157890498897013565e+00
4.683057194111236221e+00
5.607048973054191698e+00
4.847583246784318511e+00
4.581183408774528232e+00
5.935758668466581511e+00
6.084411727376819456e+00
4.493479910071917161e+00
4.554874473975660365e+00
2.590822049604443400e+00
5.199168171303484520e+00
5.800544104079476959e+00
6.479580276135501471e+00
5.918084571443179343e+00
4.107286468049204053e+00
5.512445005750021387e+00
4.729624698031583918e+00
4.366932150072746488e+00
6.043482788605678557e+00
4.942286643421830661e+00
6.115340751816565223e+00
5.026986664899642854e+00
6.659395600657252778e+00
4.726393068023298838e+00
4.031159648052041966e+00
5.311719721900867164e+00
4.708001737486592120e+00
4.690885934047646977e+00
5.009872874071439774e+00
7.280372971198567633e+00
3.876567823066022989e+00
5.243758377324173381e+00
4.652949450337485082e+00
6.099837686090271660e+00
4.980385186251280238e+00
4.260161008527104443e+00
5.895000798287095556e+00
5.251208492488118829e+00
7.566282217531723475e+00
5.185174266863609382e+00
5.713397019204606408e+00
6.572721874039583412e+00
7.490884137313966740e+00
4.284780953061050113e+00
6.838232838815719639e+00
5.030269025098085045e+00
6.318508569715553413e+00
6.312108643066963509e+00
6.832293352174032108e+00
5.566308184698241845e+00
4.505576002947708325e+00
6.009415951801923228e+00
3.625257488844246367e+00
5.297151389862055915e+00
6.201192691113111444e+00
5.222294747960170014e+00
4.523470418203386245e+00
3.699719715053899183e+00
5.142090231561208924e+00
5.158531793585718006e+00
4.087955725926268435e+00
5.008776431246046101e+00
5.583020723604634306e+00
4.829827025955778730e+00
6.041989072868191535e+00
6.093049160354108373e+00
5.776263035857636119e+00
4.279280691275796578e+00
5.657551569947453451e+00
7.446289844611626130e+00
3.455379598323045975e+00
6.423023231551080237e+00
6.313897439690346225e+00
6.407495662063088737e+00
5.928104557006045106e+00
5.483786633608324301e+00
5.944981214710372441e+00
5.950418103208087395e+00
3.931159310758400416e+00
4.695313757821592660e+00
4.497618334030351051e+00
5.258487754642037437e+00
5.997415017379774227e+00
4.075986733861421740e+00
3.080862403234834179e+00
5.161532036595534834e+00
5.551994835048308374e+00
5.057300307872836242e+00
5.525015937015832712e+00
5.495883165233824030e+00
4.792313002411696665e+00
7.176502374425519193e+00
5.267144354474277534e+00
5.392642312559972950e+00
4.955357747434329774e+00
4.014009365377573246e+00
4.619011209054971978e+00
5.400292994281043590e+00
4.720914588651166532e+00
4.268734578785765343e+00
5.052722840565169626e+00
4.926615717834883945e+00
5.670972058240053570e+00
4.822062547869032656e+00
5.973235784798955450e+00
6.523375032396240059e+00
5.298458915907231948e+00
5.521357930413620885e+00
6.546458669557972065e+00
4.935850137000943327e+00
5.369426822822532586e+00
5.764812662301433299e+00
5.351367273447449335e+00
4.628723708448262641e+00
7.012685792884958857e+00
5.066006911125068513e+00
6.937575932242446619e+00
4.791825785302055607e+00
5.603427614011906144e+00
5.294783402052781085e+00
5.866747465073639312e+00
4.231421468579394052e+00
5.366233078563294789e+00
5.443923350352517510e+00
5.383224672876899319e+00
6.144197245975200339e+00
4.975827825495242607e+00
5.377149432832958986e+00
5.248344069621476926e+00
4.471405918406658131e+00
4.530985487071629514e+00
4.608226600809040008e+00
6.424365144794391469e+00
6.882449556199986773e+00
4.225408243240007522e+00
4.658568080189227523e+00
5.443460472161368635e+00
5.140785698287042571e+00
4.771399607151241895e+00
5.231580837059762068e+00
6.850468814991982569e+00
5.037444148207875116e+00
5.662400149466903621e+00
3.358395285508620542e+00
4.159406795684743585e+00
5.917385441826164438e+00
6.313322717608468082e+00
4.827884529306314398e+00
5.157138975400542336e+00
4.269823707302940363e+00
5.040582986430572454e+00
4.378791835590674530e+00
3.910759742884203582e+00
4.994730931093834592e+00
6.572397217484533094e+00
3.922209087680003314e+00
5.845368305398191744e+00
7.986825466095832660e+00
5.045859224150034628e+00
6.207981709380631763e+00
4.906041102579965063e+00
4.888056192786640608e+00
4.940482797085352651e+00
5.125888022623114715e+00
5.203877324791428727e+00
5.234405665173747835e+00
4.621561674029878830e+00
5.831773365634735917e+00
3.760141506799314914e+00
4.294405750529406873e+00
4.642225885274902097e+00
5.319303305672614890e+00
4.112475160217247350e+00
3.961450711281459647e+00
6.612203882209531258e+00
5.620540376753606182e+00
5.186664392328257378e+00
5.839604761972025493e+00
5.383425084209907396e+00
6.431139242778796117e+00
4.156144494994285843e+00
5.635977786109561016e+00
5.916044836545582442e+00
6.273562303949697494e+00
5.421781432002831913e+00
7.012771861039601262e+00
4.144327518092904228e+00
5.424473207736959957e+00
6.228864494754892789e+00
4.908205815845620101e+00
5.207746476077936393e+00
3.869648173382520095e+00
4.978929750478314098e+00
6.171536652826296709e+00
4.228176891138234694e+00
7.599549824619673544e+00
3.703784910316616941e+00
4.300247835082805281e+00
4.459674291285959491e+00
5.036660454884509086e+00
4.735895046865983282e+00
7.872942793892815594e+00
7.092796854746366009e+00
6.662068435029815383e+00
6.001253966233918824e+00
5.598042609283509385e+00
4.297977372738664315e+00
5.190588077611841378e+00
5.212186008093547152e+00
6.469592578125230808e+00
7.041447345245771317e+00
5.769630630521805692e+00
5.865631847163580659e+00
3.905097976598541187e+00
4.263594225689526951e+00
5.502299629337552567e+00
4.874536545132307275e+00
6.299208421678872405e+00
6.274746076572908393e+00
4.425227141270499764e+00
4.617586094210286873e+00
5.882939810360962696e+00
7.075117717048986954e+00
5.043858245343497693e+00
3.493123575296407601e+00
4.485953510231406760e+00
6.523372675602061577e+00
3.558106375961402890e+00
6.121110844956118235e+00
4.281107308273012890e+00
4.782660838181458374e+00
3.991321470010757988e+00
5.400187070250987986e+00
5.728571482496721323e+00
4.246189261352732558e+00
5.866541887595746019e+00
4.494626283766114838e+00
5.580339503093679099e+00
5.288689502598620251e+00
5.811777532838577898e+00
5.423918128505268221e+00
4.204849792387935103e+00
7.224623039808871994e+00
5.086167665669186988e+00
5.710550596859096828e+00
5.044813304609681026e+00
5.372166235807958934e+00
4.895933175960876405e+00
5.896344606501005003e+00
5.015838378445043766e+00
5.838773374391475812e+00
8.088957863369333978e+00
5.489392063417982470e+00
4.431719724257663806e+00
6.168784509848095787e+00
4.990059385042336260e+00
5.210484154878179730e+00
6.087434120522122072e+00
4.982656452747838749e+00
4.706700868769443602e+00
5.311389715344898121e+00
4.139133333007860571e+00
4.975561875733889750e+00
4.389746931867565927e+00
4.482556867227400765e+00
4.388705466522115906e+00
6.500649750859385456e+00
5.460899047868503331e+00
5.560480957956931647e+00
5.452413462964573299e+00
4.088011851169421007e+00
6.217827486079917421e+00
4.965398036053571218e+00
5.814585956339629824e+00
3.644761593732333438e+00
6.148019864346369268e+00
4.291850153106578247e+00
6.392779441488428915e+00
4.757265377873827639e+00
4.961076841505554391e+00
4.176014391100395962e+00
5.722524092296311871e+00
4.191620211361231974e+00
5.152536143916927713e+00
4.908325516231321295e+00
4.076564329988749513e+00
4.627377424895247060e+00
5.339536727077192069e+00
5.861978202362290169e+00
5.773448175869498655e+00
5.542039239898794101e+00
5.365479069798047007e+00
4.209054033187134891e+00
3.927074229647056658e+00
6.047634906144094380e+00
5.209868760493591822e+00
3.138147784167394594e+00
4.496934226758069642e+00
6.632953923037839594e+00
4.796339637319185556e+00
6.009787327654634304e+00
5.489928632254490459e+00
5.179790407990851442e+00
5.589374032917795887e+00
4.660543448879090889e+00
5.698426733629953667e+00
4.926433042206483037e+00
4.235487836029130371e+00
6.102975849913336859e+00
6.222286351545798233e+00
4.012589291985864115e+00
5.569842820070739720e+00
6.108216597489222188e+00
5.510462650560152831e+00
5.462690853753636944e+00
5.161647427736324012e+00
5.697469453810183104e+00
3.762611872865239793e+00
6.380834388329832407e+00
5.346299940112914761e+00
6.333261622937941482e+00
5.819804455251867736e+00
4.454225450053893809e+00
4.388049357144820029e+00
3.903569910750120275e+00
6.310606719712528623e+00
5.180352915883798204e+00
5.457890469275262113e+00
4.949988011765403151e+00
4.803372373224791936e+00
4.271737610992366818e+00
5.504188991098191153e+00
5.216348760185482547e+00
3.278727738791467949e+00
5.067807058724440594e+00
5.408110948103956872e+00
5.293206980638315962e+00
4.013084406184739272e+00
4.807475696740975302e+00
4.888715807820471326e+00
6.722142141334514598e+00
6.346851798171691428e+00
5.592085348243796439e+00
6.031292366200132093e+00
3.339369439979778420e+00
4.529174739989502818e+00
4.730844508900932333e+00
4.464486262635814384e+00
3.282179475089672227e+00
4.647237275347058549e+00
6.044031110741648227e+00
5.445130658186848827e+00
6.770222324989036089e+00
4.639313698416978049e+00
5.316970046460811616e+00
6.410890027624606802e+00
4.247923504061776434e+00
5.398325276549658547e+00
5.072857860466190694e+00
4.083084391762229259e+00
4.663553234677450199e+00
5.294251372706725078e+00
5.695787555402788804e+00
2.692784060048965422e+00
6.494029768857945584e+00
4.185335764431890482e+00
4.631314700043287935e+00
5.936721609889550777e+00
6.483829368218614775e+00
5.387430364479905975e+00
4.714941424821122773e+00
6.096522802296130195e+00
5.228280322193008978e+00
5.788710196290267618e+00
5.513723084377642358e+00
7.018764549049464563e+00
5.221804723280923710e+00
4.906498161543566994e+00
5.774454359534405334e+00
5.860315149235938215e+00
5.930916271012639740e+00
4.322937662244474843e+00
3.874874668833092173e+00
4.369690407897251383e+00
4.522085599670905509e+00
6.569012912465691301e+00
6.682180973768176990e+00
5.046395935608009253e+00
5.749454970519876085e+00
3.093387687612448644e+00
5.692932646792284501e+00
4.088848574065821140e+00
5.095524465524351676e+00
6.383440382764543841e+00
4.482366464755465962e+00
3.971941219930498868e+00
6.931271437012153314e+00
7.159189998299978264e+00
7.207604447909372603e+00
4.200425272523792941e+00
5.814703439942325858e+00
5.266391820672638779e+00
4.840155410967246219e+00
4.626611232234753679e+00
5.414682505702714366e+00
5.332183028492038623e+00
5.374115059452335252e+00
6.887322911252619306e+00
5.418747155803909976e+00
4.986243901843907977e+00
4.304194807363149522e+00
4.776730981679055077e+00
4.432369476794043806e+00
5.091094571480009101e+00
4.975851506948641756e+00
5.193011814976981277e+00
5.519773621921617135e+00
5.543610049417343255e+00
5.274168986108136892e+00
6.552881742960580347e+00
5.020657614536469637e+00
5.420372752546779971e+00
6.341001104054547532e+00
4.584247511866893277e+00
5.128083584585299448e+00
3.697468925999068734e+00
4.726507571100096783e+00
5.744319706603738140e+00
4.314832869673455029e+00
4.267684872300852916e+00
5.505567248087951171e+00
5.955261383843294176e+00
4.953999755252087134e+00
3.939330167055249188e+00
7.057357631123458930e+00
5.776569270367872377e+00
5.893966675743580907e+00
4.771220845928323406e+00
4.435160533652236836e+00
6.192029766957531933e+00
4.418917495490434888e+00
4.160540801851210446e+00
4.630578381945551492e+00
5.586396268840792878e+00
5.848820781425022375e+00
4.687603230483993855e+00
4.808214618047994549e+00
4.250952334304754388e+00
5.121293823530021605e+00
3.893811204744336951e+00
4.854424360367301183e+00
4.163702540043150435e+00
6.539881412910243164e+00
6.636600123642701021e+00
5.620591239526531169e+00
5.450949895648651733e+00
6.667883691381766731e+00
5.288418871657726505e+00
4.833250137181098083e+00
6.802841360385184721e+00
4.535476170594452405e+00
4.720300281511179641e+00
4.750955729627783342e+00
3.282737371925938064e+00
7.379544322421404345e+00
6.228970047514731156e+00
4.831855540378610314e+00
4.551125639514374654e+00
4.738358414621369086e+00
6.451671534899231730e+00
4.679379438393344692e+00
6.066486971399451811e+00
5.488776780523903831e+00
5.370725420818814655e+00
6.226385205393016875e+00
5.928760106259189477e+00
6.622659400283945175e+00
5.756254808340200313e+00
4.222978486977392976e+00
5.743563380660983597e+00
5.141779669079486581e+00
5.380159558617260807e+00
6.397766838148879920e+00
5.175022667601652415e+00
2.702088821166343191e+00
6.720955723402891380e+00
6.340892670241435880e+00
5.549552121970208418e+00
5.638926183333608400e+00
5.613739440459092123e+00
6.807626803687635508e+00
5.213863558154339550e+00
3.917010280645928155e+00
5.402374149623303978e+00
6.311242659384531883e+00
5.549828015380946944e+00
7.775737820135013578e+00
5.018538803959716965e+00
5.029515245612273588e+00
4.558467383363953296e+00
5.273196173539267839e+00
4.582421284589251798e+00
4.163637411170304503e+00
4.945956374067657535e+00
4.948992856204491808e+00
5.172921712608976819e+00
4.943963368466588904e+00
5.058663888075148662e+00
5.468197325700585587e+00
5.396984788493964125e+00
6.285861628535567291e+00
5.455555127663809678e+00
5.548195061776075576e+00
4.928240496099411949e+00
4.954450726768582669e+00
3.320004828723877477e+00
6.096913953387708140e+00
4.706076702212131480e+00
4.892258048626309197e+00
5.536704199696913520e+00
4.380544660243633537e+00
4.312119759827788279e+00
5.229018348172686181e+00
5.624915470679097140e+00
5.208180942825514137e+00
5.440850343226506958e+00
5.359137833162402664e+00
5.572825171199403016e+00
6.302100360711086147e+00
4.376427696925728306e+00
4.735375859705393431e+00
5.428558897441180697e+00
3.463561751178610759e+00
5.956887981797069465e+00
5.692315000188705731e+00
5.387507836400790673e+00
3.788384431076350811e+00
5.452132066760039919e+00
4.048851851369442478e+00
5.610195720399004493e+00
2.813012894659685070e+00
5.334852896281768508e+00
4.452246928227044265e+00
6.230019403284548396e+00
5.215742041870118584e+00
4.321634772771563604e+00
5.765228982451865214e+00
4.393656806881581112e+00
3.680591357040570166e+00
5.083971709981351061e+00
4.407906004079854334e+00
4.101432155307561445e+00
6.517650715959680596e+00
4.598514286254440364e+00
5.290668045853620605e+00
4.235298938852080752e+00
4.998762911355947303e+00
6.409354392896940311e+00
5.722373199829567270e+00
4.363086396538389700e+00
4.550158427528416816e+00
5.602841536700768010e+00
6.191508076752267442e+00
4.090424555838585441e+00
6.178693539094157750e+00
3.736342863384135349e+00
5.525974642902677481e+00
5.968446140128799371e+00
6.414813011515882124e+00
5.166451294795219695e+00
4.662198484861615810e+00
5.301130091008083411e+00
4.992746523693274874e+00
5.010928605685318615e+00
4.565692561421141882e+00
4.210232714269801946e+00
6.550425239455562654e+00
6.666824308831423629e+00
5.258036604412896331e+00
4.894171520836982481e+00
6.281026087369262711e+00
5.485899918423958077e+00
4.321969922728443159e+00
3.908075991669912153e+00
6.095192357632480018e+00
6.335484519702569983e+00
4.051881387370326770e+00
5.896150164365077551e+00
5.452265867072389582e+00
5.986425103352608801e+00
6.407299786272602660e+00
3.866929261616785407e+00
4.733095995917508958e+00
5.697994804074593134e+00
5.611949535511678633e+00
3.628010188863566743e+00
4.136465231757733285e+00
6.928339227515617260e+00
5.616561290967318598e+00
5.385387241919968204e+00
7.005369839455689807e+00
5.030646318802438621e+00
5.840286367634556441e+00
5.211856642547505025e+00
5.219518138131622464e+00
7.000742791890656846e+00
5.634874378935535333e+00
5.781773188294313748e+00
4.682291572939504931e+00
5.997219052261463013e+00
5.417582634402559272e+00
5.212715931052364304e+00
4.231301766259504937e+00
5.503680818848246226e+00
5.137389757691656733e+00
4.012543723448717792e+00
5.305646097452010324e+00
4.628252655080697942e+00
5.935538431403879045e+00
5.175090076984937504e+00
5.090029955721131927e+00
6.700917365641216428e+00
5.797505042435440181e+00
3.339666055353673446e+00
4.557841237160182857e+00
5.121760510571891523e+00
5.706716441836189091e+00
4.782199241661862388e+00
6.366837581220629261e+00
6.305159475083826237e+00
3.397491679276692267e+00
6.514819344599299455e+00
5.314690870294030312e+00
7.006304194167015886e+00
6.285176003243249987e+00
4.466209133200018222e+00
3.815997845998392091e+00
4.323136027104266255e+00
5.121235969256518139e+00
5.619548079751295333e+00
5.130595888066804555e+00
6.354496850294767185e+00
5.173414770659822359e+00
5.915209267826362804e+00
4.154476964700332786e+00
5.525949351620049299e+00
5.627985759578780112e+00
3.406636195655556865e+00
6.954852709600730876e+00
5.810362761180190461e+00
5.936493824848882994e+00
4.319894441685509179e+00
4.972937667323268585e+00
4.471270320556286038e+00
4.909605005814348999e+00
5.331517199887018776e+00
3.760659225229085134e+00
6.420368683168961255e+00
5.754998642071471160e+00
5.261167883189179051e+00
6.173996162736330895e+00
4.717965449055525617e+00
5.760166339645468092e+00
5.304858137647046945e+00
6.131088345312733168e+00
3.261181940902301069e+00
5.123259274508954242e+00
5.543811529363737556e+00
6.241004032351390229e+00
5.826782581386632742e+00
5.323577561667876878e+00
5.228088841433645939e+00
4.540251233691038557e+00
4.480862289632564277e+00
4.571443104900296817e+00
5.437636165777803399e+00
5.382171164633757776e+00
4.663566541939373700e+00
4.829857114701860965e+00
6.176069030583193786e+00
5.067084232606747562e+00
5.500083652818974045e+00
7.014218250713626368e+00
4.506941861638694036e+00
5.591531363859553849e+00
4.755972143916666006e+00
6.149836543976785030e+00
6.068434665693333230e+00
3.926130328759052990e+00
4.698966406794558459e+00
6.385002285030328295e+00
6.441254031666865387e+00
6.481387063726911535e+00
4.405138273448237385e+00
6.022855334101344660e+00
6.089605180736778145e+00
3.942871958972896440e+00
6.520983061279243209e+00
5.903068245773450684e+00
5.633135050818411038e+00
5.337867146391801043e+00
5.391739380586705543e+00
3.671799156386972296e+00
4.991721190178545875e+00
5.662970543509194599e+00
5.990077945201874421e+00
4.048165539352178932e+00
4.671884428523671140e+00
6.968884372295434559e+00
4.522941294061617157e+00
4.173220114152875304e+00
3.938717901071486782e+00
4.301613904548214684e+00
4.519439622311273830e+00
3.801923416738504091e+00
4.349421896863270298e+00
4.035190822746840489e+00
6.534704798858314234e+00
6.067618915714816374e+00
4.834168042590409442e+00
6.718974455336281792e+00
8.512119880127597682e+00
4.351465041264978240e+00
5.610062653164622937e+00
6.689625411295440749e+00
6.056240587329184244e+00
5.577616114271473080e+00
4.538985509115793349e+00
4.577730696633900642e+00
5.754363600715241667e+00
6.298336672913202428e+00
5.437939790859688038e+00
6.247908698734151223e+00
6.118620137398598224e+00
4.169680242381129887e+00
7.084125606861422675e+00
4.819751827724650717e+00
4.273901627353954957e+00
6.314711137482937886e+00
3.302527678874560113e+00
5.070932940829728786e+00
6.843916114864740941e+00
6.649686545731608334e+00
6.431434204722098258e+00
8.268158595078435980e+00
6.135571617676941258e+00
4.704499912743105305e+00
6.331924672344895200e+00
4.523746820031168347e+00
5.052265318784392889e+00
6.075063342696368274e+00
4.418909669911309734e+00
5.502320938179765086e+00
4.852187695237307530e+00
4.433067341918358828e+00
4.876571063089773617e+00
6.226551223377850164e+00
5.060110249010838501e+00
6.580953770959501625e+00
5.926818419082212408e+00
4.459172929334172863e+00
4.231373647910985802e+00
5.602340367784483632e+00
4.497035422614902522e+00
4.066124579969442543e+00
4.660739946435963788e+00
6.224663157128378366e+00
6.446080737184466614e+00
6.270400251760897881e+00
5.186422431004887201e+00
6.416605787922008197e+00
5.960133386416117673e+00
5.383248434038367058e+00
5.270655660505550344e+00
5.051530210645784891e+00
4.147983208211016404e+00
6.681128970463868555e+00
2.631290770070476182e+00
4.295279813541032610e+00
5.779023605502576544e+00
7.016037803749595625e+00
4.384999884313318219e+00
6.781350406531683639e+00
5.807227419607994712e+00
4.886969570100007765e+00
5.666993305937170433e+00
5.681557734438487550e+00
5.946605670850439118e+00
6.218227047412008268e+00
6.885745835602354425e+00
4.599222960098909851e+00
3.905549204127868546e+00
4.620151485045376205e+00
5.488690535860190955e+00
4.797503160459173799e+00
6.944300051187780376e+00
5.584934458504767996e+00
5.719770630894607244e+00
5.790233353634923752e+00
6.550491702630880653e+00
7.312758910276282442e+00
4.537978989481008973e+00
5.814342330635797751e+00
4.226482804563318041e+00
5.033193117700807129e+00
7.138366306024145125e+00
4.025799691797960378e+00
4.989743663635847426e+00
4.010157065405639543e+00
4.248243808945269429e+00
5.138159909360266120e+00
5.307683448024529405e+00
4.911734074789433357e+00
6.783412079754995716e+00
5.575371153938848856e+00
5.648314053390993017e+00
4.844451546501002070e+00
6.819294562276883021e+00
5.026000783845338660e+00
4.427636540806674681e+00
5.953082844530558582e+00
5.874037431947003007e+00
5.385659905332673247e+00
5.864600002561321190e+00
5.713668295263667929e+00
4.944210809230714432e+00
7.182989514852395452e+00
6.394837166682139973e+00
5.239018639206399541e+00
5.014041302008833689e+00
4.962791744084763756e+00
5.237779327056859557e+00
3.672483664448909835e+00
3.079548851737146098e+00
4.092028328218455968e+00
4.321365742933855003e+00
5.544511228823983728e+00
4.625717290660034564e+00
5.527936925246954125e+00
5.006452254610556984e+00
6.347325941195963495e+00
5.733639510859267041e+00
3.276767328352885755e+00
4.329298234241550247e+00
5.942147562095994928e+00
3.702709635090434492e+00
4.762648399399608934e+00
5.244917919641038040e+00
4.442254462846875640e+00
7.751840599200893855e+00
5.712772543490685528e+00
5.495789346480218995e+00
5.295630935060664513e+00
6.930843339411436155e+00
5.511722591631730950e+00
6.077870950288726704e+00
4.738245375369215751e+00
5.614528336308375778e+00
5.355523297133361282e+00
5.037938296202871591e+00
3.858089373974730396e+00
5.842305410009132061e+00
4.949776672346930972e+00
3.651854905101641346e+00
4.733706604116918903e+00
5.631944634962925633e+00
4.890302232787965053e+00
4.837172831425293751e+00
5.239536395484763354e+00
6.636668372366173685e+00
6.271849188996951874e+00
4.596160243618389707e+00
4.814970286462117777e+00
5.570306538207968394e+00
5.512045971337426131e+00
6.221403123248768097e+00
6.164421412874678374e+00
5.149892584432044451e+00
4.212168521430495360e+00
4.751004297837043922e+00
5.672552304054946148e+00
4.640434211150421540e+00
5.719748091244555077e+00
5.120943969331253065e+00
3.987104080028998965e+00
4.020579919973012117e+00
4.861396545570566552e+00
4.693291541732259375e+00
4.569231488293176824e+00
6.712750983642896685e+00
4.779825353675174249e+00
6.010421288841643950e+00
5.863182847171034773e+00
5.022312061610118228e+00
5.576487794281096200e+00
6.623613067885972150e+00
6.508081451231160663e+00
5.782323041616225900e+00
6.080260635023432059e+00
6.946047180923880404e+00
4.635420799361057220e+00
5.483995088292430431e+00
4.348506858648018003e+00
5.934260301368714074e+00
4.871343450940904596e+00
4.665801655934601833e+00
5.563145077750413670e+00
6.980759409530222115e+00
4.792290054362752905e+00
5.134848629583513180e+00
5.686169823895027342e+00
6.628635117574843250e+00
3.712929340025937108e+00
4.705731452632036849e+00
6.071907620980123710e+00
4.510277488663405165e+00
6.036025649160458251e+00
3.497298331072957289e+00
4.947223350134549946e+00
6.546282945498891337e+00
4.358560497147626833e+00
5.718789480546413451e+00
3.884309375547062793e+00
3.969074823993295364e+00
3.988050012700663505e+00
4.220542412047943337e+00
4.949473882298692118e+00
6.463586844051339320e+00
5.037772364514622403e+00
5.280283964214175008e+00
6.190343539898034209e+00
5.827973692942576278e+00
4.253462817353945269e+00
4.687959197444502735e+00
4.622675508632993591e+00
4.756081532972938675e+00
5.129568021496622166e+00
5.029448114307636608e+00
5.406048149586388796e+00
6.457993381203378291e+00
6.026724578542957289e+00
5.931499761466377585e+00
4.745590251490158451e+00
4.836391728835645942e+00
6.038523017971781925e+00
5.283822518853473760e+00
4.596157631144308198e+00
5.509907985895692306e+00
4.418297438010012179e+00
5.678321088646580250e+00
5.711949478601599850e+00
5.626332690809610071e+00
4.913721010250519328e+00
5.950445020648458261e+00
5.016945693939910633e+00
4.240411952806599771e+00
4.686064559875150692e+00
4.409171668572579250e+00
6.356508020647549273e+00
7.934105370147060299e+00
6.716694682687823992e+00
4.183479274423433480e+00
4.139885148854689056e+00
6.341927218517991349e+00
5.475521007014336305e+00
5.979811383551662196e+00
4.818092448321245946e+00
5.963433910689941442e+00
5.420930112827477387e+00
5.477690433308816331e+00
7.059975852966601018e+00
4.296403961006895145e+00
5.014706428040518027e+00
