5.280027031155132278e+00
2.006647981520844670e+00
1.776362513187206460e+01
1.333286220744309958e+01
1.343033363101724831e+01
1.089352815639176875e+01
1.250831711206723007e+01
1.126117500135620730e+01
1.458343289938101250e+01
4.077846569457993731e+00
1.845453695796010507e+01
9.098879264371134923e+00
1.016945764700672150e+01
1.107245940991210098e+01
9.292113736816988379e+00
9.412808545261368565e+00
4.908292318225389472e+00
4.576871974534801879e+00
1.073340319404124621e+01
9.655557185635338158e+00
4.565600112219834195e+00
8.831953870189916955e+00
7.386185519670709354e+00
9.964235476614835108e+00
3.487333272020417763e+00
1.334410684949035009e+01
7.395040908207139552e+00
1.321839208743229799e+00
7.074982751499032219e+00
5.896347798595981793e+00
1.602224806930583512e+01
1.386209983795165179e+01
5.109464792304137859e+00
1.037700435512882358e+01
9.686039488090932181e+00
7.433674384412364056e+00
2.133199563743731275e+01
9.721306522004265815e+00
2.351774421446276619e+01
1.886958893208160148e+01
6.297367347954856420e+00
9.856607808460482900e+00
1.546355415357955465e+01
6.280237643455102159e+00
6.402471910939379285e+00
1.499626374808071638e+01
7.293124079359115441e+00
9.480585275622827268e+00
2.519624406653131032e+01
1.079613648348261812e+01
1.158343054287629670e+01
1.421607496028024897e+01
7.800534991225775094e+00
8.460619966326030195e+00
2.358768706065730925e+01
1.873441918757919566e+01
8.958503532994564367e+00
4.537539138179544018e+00
9.808556691527561711e+00
3.468834873292087728e+00
1.356296676420621594e+01
7.823712639572595329e+00
9.084872274705128703e+00
2.448094554620428198e+01
5.782753642627690205e+00
9.136172393306829065e+00
8.572217261490289175e+00
9.749613428374512836e+00
1.498979888697613383e+01
7.724767863992458850e+00
1.183123321573717845e+01
1.464593021559886132e+01
1.789798663072949836e+01
1.240907189271065292e+01
1.171694456356573433e+01
2.010459014677406842e+00
3.405662741362827539e+00
1.092744091507823256e+00
1.399373376706054550e+01
1.540002313222883501e+01
4.531581825983831635e+00
9.978675497998295896e+00
1.192892880048171378e+01
1.027119944015134578e+01
7.566448483722685303e+00
1.454967533861010764e+01
1.747395009175973257e+01
1.101976925089455861e+01
1.045693611451302019e+01
9.076175823326378733e+00
1.436392672764317169e+01
7.794667069545432980e+00
2.193910914264094458e+00
9.422533452418356603e+00
1.129692937009768805e+01
2.120154605575418927e+01
7.855100130500985323e+00
5.462652933897094165e+00
4.199414934820771883e+00
1.710256570901262307e+01
1.289344854105473281e+01
9.329962465883152589e+00
1.020530695229536100e+01
3.226701312272436173e+00
4.736741431473511454e+00
1.710835498494708062e+01
6.665762378650935460e+00
9.343259070625432372e+00
4.955800391577001029e+00
1.331843135721548599e+01
3.233548773468351012e+00
1.500539188924509304e+01
8.469337129004374631e+00
1.307405681673423459e+01
1.325424584854019372e+01
9.144780778083147155e+00
2.204070307795347627e+00
1.196773315867035414e+01
1.934148463366431869e+01
9.556228119986888814e+00
3.201612606750208201e+00
1.175551671341151128e+01
1.164115410548100193e+01
7.029624117389714044e+00
1.234705162266912915e+01
1.297536195281904625e+01
5.048539614867180170e+00
8.991222700184994920e+00
1.084997267728657455e+01
1.905968379076303520e+01
1.745762983341372632e+01
1.956842514140361811e+00
6.102964158543326967e+00
5.647685679056497321e+00
9.956030079057967441e+00
7.219916374445652707e+00
1.194041947386459590e+01
1.108380414597464458e+01
1.207352320670196377e+01
1.208204226315137220e+01
6.875252955223142948e+00
7.214575280244257094e+00
1.329781770844391176e+01
8.574839535766580312e+00
1.383501987979822268e+01
8.476004150480767052e+00
1.542366006081828544e+01
4.640382090523581304e+00
9.418009726422067018e+00
1.246729466628988803e+01
1.142570536667912151e+01
1.672036892503350103e+01
8.279979009697324699e+00
1.156942352212615255e+01
1.339841030227821861e+01
2.392858528065080037e+00
9.644383775246470947e+00
2.061152093709330302e+01
8.027512660230149422e+00
1.791813042709871340e+01
1.689626540589384973e+01
1.330616640819687113e+01
1.487329376370816725e+01
1.213349163821478882e+01
1.140189823922588275e+01
1.554916553468079066e+01
1.797932630322980785e+01
6.123760881684095381e+00
9.300149821950316920e+00
8.612081373201670331e+00
1.912478253327849842e+01
1.040668878662939001e+01
9.620641084216845940e+00
8.790764803689894435e+00
2.421505202188319927e+01
1.324083011200734639e+01
9.695199870937077691e+00
7.445163757960711948e+00
1.411606182211881944e+01
2.370613419899805763e+01
1.234483455895525950e+01
1.463526542233642402e+01
1.443660540599827158e+01
1.900241806604620365e+01
6.132206645457788596e+00
8.012648146380056957e+00
5.758898401145392754e+00
9.358767515580575846e+00
1.427195694083616040e+01
8.113141275076804604e+00
1.236945680268876480e+01
1.375618432083016351e+01
2.054350118136685666e+01
1.563272085316207161e+01
2.079521229174364105e+00
1.591921355006643246e+01
1.478655200185582075e+01
1.298341491036688922e+01
1.167818345665541102e+01
1.281217811582176758e+01
7.714599666801144728e+00
4.208613675718112290e+00
1.452310599281365988e+01
1.389891351163379163e+01
4.221479770240946117e+00
1.099886856914048217e+01
6.150600188526894385e+00
1.394094624452620668e+00
1.004864938632680094e+01
1.541047198366618787e+01
8.119373652242417805e+00
1.411423205304810935e+01
1.210884064577540187e+01
1.277995713604055972e+01
4.365064304415027685e+00
7.338771797865121904e+00
1.874811090685705395e+01
5.732216957482534347e+00
9.777986977409002023e+00
7.406666630748844682e+00
7.585729910718360003e+00
1.905183887669570808e+01
1.221584171746024872e+01
1.834951777080916813e+01
6.048077998677492850e+00
8.969543827227301591e+00
1.769018763402415217e+01
1.471242199071292234e+01
6.406695360891498936e+00
1.568428142320100527e+01
1.739255160722016313e+01
7.326206887715066784e+00
1.254025992491226127e+01
1.256518468981968795e+01
1.853254126641670751e+01
1.313158496137174502e+01
1.140936605409059368e+01
6.216168783875666293e+00
1.190562570472490656e+01
1.291358363369692697e+01
4.790122148610722164e+00
1.989931279504187600e+01
1.319657643478918096e+01
1.231680050815969807e+01
6.780918813813772594e+00
2.835054869259499810e+01
5.647871845195711948e+00
1.805398153634317637e+01
8.031806811430344695e+00
9.415226442110963490e+00
1.030250500674270064e+01
1.590916030902849876e+01
7.516542074721542122e+00
9.986603029222985484e+00
1.997913525530687195e+01
1.518015047064748657e+01
1.005215106065537434e+01
1.085752884830331411e+01
1.457890579461151326e+01
1.667674318170561421e+01
1.680885747219486959e+01
1.354250657571374639e+01
1.651398236354763682e+01
1.616009315683533742e+01
2.900941653772869699e+01
1.208166153136567367e+01
1.327272896026176774e+01
1.470450554450454383e+01
6.842004203382408889e+00
1.334859741492904917e+01
6.096752435194826347e+00
8.461809285830115712e+00
1.096038559183596561e+01
4.338356401779675409e+00
1.210323218820411384e+01
7.144172796531277569e+00
5.640081029262210777e+00
1.856305747673035356e+01
1.150071894331789402e+01
1.298900118854647268e+01
1.397084484519212211e+01
9.877626374941176124e+00
1.347344140232612020e+01
1.108339454586119466e+01
5.569630695420526578e+00
8.799558993289986475e+00
1.253099479577993591e+01
1.863278303001861858e+01
7.862026258112883248e+00
1.483601742708098747e+01
1.367326129994797235e+01
1.215403303746133368e+01
1.084742531743349048e+01
1.172338392737154855e+01
9.760270849742290977e+00
9.283763980176814812e+00
2.868762604130611571e+00
5.770674145510913178e+00
8.694384881096054229e+00
9.506713436488311686e+00
1.038582690797824348e+01
4.191326812282236247e+00
1.971131099883724858e+01
2.243211496827447604e+01
1.378356699875021008e+01
7.338779127197804009e+00
4.684351318691835964e+00
9.446175185095579963e+00
1.167171135743329202e+01
7.658395446573363685e+00
1.159851010105180080e+01
9.147676957106547491e+00
4.569178254719608034e+00
1.390689500841882165e+01
8.375646911140965045e+00
5.295884608133075488e+00
1.133924790319280618e+01
1.821973105482243938e+01
1.512033864780718595e+01
9.522872588352884193e+00
1.248554792323538365e+01
7.394939888099912650e+00
8.192589463349039036e+00
7.314438337188192918e+00
1.257978814338830098e+01
1.503106647652881200e+01
8.531562167995145884e+00
1.454487865120442258e+01
1.937236152279179535e+01
1.169173900056906312e+01
2.285912292720469452e+01
8.366052835488936523e+00
1.117748858336054241e+01
3.436343143747312201e+00
5.765900857029560456e+00
7.313890878046745314e+00
1.629954533940896866e+01
1.093208129199926226e+01
1.168727966509317895e+01
5.911981887350627574e+00
6.759983300674201168e+00
8.077201931012290004e+00
8.708433563470025618e+00
6.588618600300479855e+00
1.412600659828387961e+01
1.491749688848185862e+01
1.286235447361151962e+01
9.922770698201890838e+00
6.723742758192162938e+00
1.144866587072874076e+01
1.390142267378204721e+01
1.048394285511702506e+01
4.702006344140896132e+00
1.116185353621262877e+01
1.255063818412221011e+01
4.805398440437908647e+00
1.211850053082764234e+01
1.092568916067071072e+01
1.682248269141559760e+01
1.074488576197173906e+01
1.064001801511791356e+01
1.624692606935219175e+01
1.667232496986962076e+01
4.152669793794244057e+00
1.472868542210808052e+01
9.335497175080993415e+00
8.590814545876659380e+00
1.197193249498027257e+01
1.201649857458197168e+01
6.292311629176811749e+00
1.192122059733052275e+01
9.457133242786266436e+00
5.343662572326391746e+00
1.278235516837428243e+01
8.041073064113080093e+00
1.734964494000558943e+01
1.338027453605236339e+01
5.992502628808143328e+00
4.185158545520530460e+00
1.775709002769313472e+01
1.987185683346305742e+00
1.615006741995950534e+01
7.941852968285364689e+00
1.069580930482367087e+01
1.166242599702323091e+01
6.604028877852130996e+00
7.204913368496947079e+00
5.011954829954666124e+00
1.387373167445721123e+01
1.354961093023407415e+01
1.193118886304658588e+01
1.041023425388671875e+01
1.616623821745215039e+01
1.055746345878327475e+01
1.643196415155353662e+01
1.315992889870752158e+01
6.555992052801129510e+00
1.147277459949648915e+01
5.650874970083379800e+00
1.274049469050835626e+01
1.425785615404048912e+01
9.284134212057010060e+00
1.483276852233830923e+01
7.956293166988494647e+00
1.509341680617294124e+01
1.249440356785449602e+01
5.742008104296227877e-01
1.522515892194898868e+01
2.661057819183920969e+01
5.418634808606062947e+00
4.534931163738320947e+00
7.764715704035094923e+00
1.194702779072508214e+01
2.009469613829149637e+01
1.630903445044086553e+01
8.293066800415230588e+00
4.782361416523548847e+00
3.801671566702983007e+00
9.461875578351028437e+00
1.192449481904370501e+01
7.443280508886889635e+00
8.138970492088612119e+00
1.283269126651783765e+01
7.865899052477143272e+00
6.798957823537502776e+00
1.252063533029190801e+01
4.855654006900130604e+00
1.151376673938710837e+01
1.000792037809990731e+01
1.745316041954075814e+01
1.004116359615741594e+01
6.248920932304181441e+00
1.681029252775044469e+01
1.756142866229793142e+01
1.379075193991455883e+01
9.320878247915491244e+00
1.514867927197675490e+00
2.272888694916585095e+01
1.414572370209802266e+01
1.188807443748147996e+01
9.271958164080571052e+00
1.225407755230674312e+01
1.079763211026846115e+01
1.796275867567513274e+01
1.397367648858196354e+01
6.387751864961026982e+00
8.728387082072719849e+00
7.120323268196035116e+00
1.126739654580883077e+01
1.207504083805109651e+01
1.475092005106661830e+01
5.627736517754550860e+00
1.105951846491896973e+01
1.482332701775962036e+01
2.346054798810333963e+01
1.901197195307998200e+01
1.323243906283450144e+01
1.307456698327417222e+01
1.303198256159658897e+01
3.638899996102671341e+00
1.495406288692072039e+01
5.649017976342781466e+00
1.070602055858919677e+01
1.808027949377358468e+01
8.203653156088947185e+00
8.968789916952829344e+00
1.013682915958578512e+01
1.916360816815840096e+01
6.801595541129175970e+00
6.805903581096993449e+00
1.191154542461150179e+01
1.728896841319681021e+00
1.257204882089308562e+01
1.529329942261290221e+01
1.031027418027184162e+01
5.658116322676082888e+00
1.267691947033745059e+01
1.290793243634999676e+01
4.308862993511363371e+00
9.447022978119232306e+00
1.188660846244544622e+01
1.129545123594162526e+01
4.336671901614642444e+00
2.574808638112321191e+00
1.223689258149795833e+01
1.225323829427216715e+01
1.134190145148027185e+01
6.342893966288988494e+00
1.452698789812122193e+01
5.666917861564681580e+00
8.011181991881800357e+00
1.017684764837224520e+01
8.157766757676615299e+00
9.930372978704786746e+00
1.379412796219914483e+01
1.563202819489293027e+01
7.006561781397653732e+00
1.384307903746750057e+01
4.046120833673338524e+00
1.338837671509040383e+01
8.559653598597774860e+00
1.892391398940135261e+01
1.093847559178676931e+01
1.583317970231214744e+01
7.678969230345923158e+00
7.728447362351614558e+00
1.037172844363483293e+01
8.868645872510288797e+00
5.544247967038122837e+00
6.556669170681397318e+00
4.762237259444990656e+00
1.519312195091357154e+01
1.347207672213413687e+01
1.002428333632022905e+01
2.198077694347264455e+01
1.498466249917082926e+01
1.356313688124864925e+01
6.497473553003914937e+00
1.360520396689984501e+01
1.172399858171888276e+01
8.916874591174822839e+00
9.374723013668335270e+00
1.771045049933678328e+01
1.673515373376313420e+01
1.177786443760580504e+01
2.888651268604764955e+00
9.868812084699321474e+00
1.359222611051255747e+01
9.026754459044525447e+00
1.057879117112097767e+01
1.071971233948367086e+01
3.738870714000983142e+00
8.777235279695329240e+00
1.663664013169087141e+01
1.818097051651383822e+01
7.445614604728766572e+00
8.288798092649374283e+00
2.084595176163426800e+01
1.648495598312792154e+01
1.283778551736185847e+01
9.114792499484474675e+00
1.913756195300414475e+01
6.424145527175467052e+00
1.685753604703014119e+01
1.259162489560534226e+01
8.167746017626672739e+00
1.226771044854193171e+01
9.014449121688791422e+00
4.734591110416332960e+00
8.574399471699223341e+00
5.771932882717588420e+00
1.914371502683978576e+01
3.338557473478391824e+00
1.338008289250418770e+01
6.686006504037853126e+00
7.322376521650624248e+00
8.812007681573346574e+00
8.550000818261548119e+00
1.972813450200387919e+01
5.694031397294065933e+00
1.439890399195019910e+01
5.078205841217819483e+00
1.083029382119634576e+01
1.380704194779470839e+01
1.245629922815400548e+01
1.520917001598309604e+01
1.143513753587209081e+01
5.712473266659959137e+00
1.270846395166291742e+01
1.224400668229013611e+01
9.425346554796297127e+00
1.633625574882861642e+01
1.489031988465959699e+01
1.411639829708502525e+01
1.443777715480916157e+01
9.420091314481487288e+00
1.048505358460726278e+01
8.027291948556719348e+00
1.911176452510009938e+01
9.921243257742778709e+00
1.375432871642202315e+01
3.546781449868309455e+00
6.523938763135121555e+00
9.074912884644799504e+00
1.189677666181246529e+01
1.792161464527413628e+01
3.096101535463944732e+00
1.285470307003522272e+01
1.397507673785716520e+01
1.155195873142859320e+01
2.135047516315691851e+01
1.379137160502020798e+01
1.356746652410103060e+01
1.583512644310409456e+01
8.057734908470584045e+00
1.064551282609196470e+01
8.290617639744949585e+00
1.393165400586311087e+01
1.123660137037522766e+01
1.166970872041359897e+01
1.530928279842813922e+01
1.544630236470910312e+01
5.465628648411705370e+00
1.320566396166425349e+01
