6.372268464438224811e+00
2.194894845875063449e+00
1.080261533274407881e+01
8.651542294238172559e+00
6.306706397143178044e+00
1.439910399467840563e+01
7.615677848068359346e+00
7.626451662589790459e+00
1.051791545620153911e+01
6.809416023267418794e+00
9.252778087960400910e+00
4.121366291480466515e+00
8.412666278471283121e+00
1.230796874057870660e+01
5.925160234596162923e+00
1.213918877889059722e+01
2.539013649124062688e+00
4.146802821811929718e+00
6.098413833981746635e+00
1.098810727715674673e+01
2.968723234210542739e+00
6.174493141371343974e+00
5.892372907001895754e+00
5.837954481927560835e+00
3.494329938831461035e+00
1.793533695923728644e+01
5.497670977704255613e+00
8.975676807178598615e-01
4.402818351052704138e+00
3.387715770509226676e+00
1.329098555396046955e+01
1.079705511866342960e+01
2.791827544718425091e+00
5.335749653175659191e+00
5.802166417859957015e+00
6.213334349112492383e+00
1.288264455701192546e+01
6.427627287560342850e+00
1.384733599818893346e+01
1.788847141699496035e+01
2.574222534141649810e+00
9.244414732134591972e+00
1.425157994830569308e+01
4.155292494653738622e+00
1.298237256365807113e+01
7.932425269819447955e+00
3.768621315342910005e+00
9.226486531028863070e+00
1.307807140656285938e+01
1.166435901538016040e+01
9.930549765995083433e+00
7.017192654286731113e+00
3.093242253829584065e+00
7.620616190620013164e+00
2.012820629097559433e+01
1.560627115369809559e+01
4.329459366251587227e+00
1.320333768300460564e+00
2.412701837211979505e+00
1.836572861938617018e+00
9.328686168138847989e+00
5.241845503499849457e+00
2.239059709065112092e+00
1.553146549278513611e+01
4.092348806223599311e+00
6.561132322907913483e+00
3.246650890507712273e+00
6.244053817912877058e+00
1.337589227171856798e+01
4.364623744469893651e+00
8.198629611398809303e+00
1.092343261364250573e+01
1.369509030356702972e+01
1.124762903969843286e+01
7.438537256646174711e+00
1.337227109377323142e+00
9.706203771165129446e-01
5.634403814170164893e+00
7.065590935296486741e+00
9.270313252025095707e+00
1.573665362799602230e+00
8.993044687781745594e+00
8.194107188741115877e+00
6.687744267194518422e+00
6.104503186042863128e+00
7.129425696439648519e+00
1.470714583861508196e+01
8.270070141293835775e+00
6.310136827553372463e+00
6.946251218658686000e+00
1.126217062614259135e+01
5.082680565865634215e+00
1.412178508553346035e+00
3.235511970310273711e+00
4.643640251457144430e+00
1.308993369968697174e+01
6.132605476726689986e+00
3.381448133886590046e+00
1.244066506061615174e+00
1.095434926966058953e+01
8.972995581195126746e+00
5.421987767377108192e+00
9.349466153793422052e+00
2.671615169532799428e+00
3.080429504176758204e+00
9.910391833807628004e+00
4.781068353603956211e+00
4.941512527277129863e+00
4.082888753098539603e+00
6.575512273733731483e+00
1.961027929436821582e+00
1.162775157233946466e+01
5.004859996129397359e+00
6.282250109739299759e+00
9.308504415863115611e+00
6.337700522360242061e+00
7.501808154401290452e-01
6.933923310939049678e+00
1.161378196284848485e+01
8.801244420832736282e+00
8.307074985720623417e+00
9.322846413966786372e+00
9.476117193566590657e+00
3.584309870950690424e+00
8.177468376354026347e+00
6.384134712101584341e+00
2.205820352973877352e+00
4.881195831855739797e+00
7.855425865094642468e+00
1.312630099351953383e+01
1.351649736050854145e+01
1.213370893309672960e+00
5.899711359936738120e+00
3.723155171810636599e+00
7.817383703666063610e+00
4.277854410149983799e+00
9.748582845257480756e+00
1.117473794332655856e+01
1.007712159459793710e+01
5.572341761458323717e+00
6.225203623827006538e+00
4.354517732791031825e+00
1.046514776824606408e+01
8.365635450715700472e+00
1.097441112056338675e+01
7.184218090855702954e+00
9.859109717230200687e+00
2.532096544954546502e+00
7.981073021974737003e+00
9.331049130288848303e+00
8.638411858154547929e+00
7.854504338749443981e+00
7.241747661283153725e+00
6.913434872679649956e+00
1.039455349541888118e+01
3.606157102623898769e+00
6.726616502412855247e+00
1.292824638102993795e+01
6.016279500273515879e+00
8.115583022700866067e+00
7.369914960552041983e+00
8.830817797263138758e+00
1.025701373702903574e+01
4.786599272265261718e+00
9.426739648712182174e+00
1.271227820408419440e+01
9.022910883106566970e+00
4.614542850500314763e+00
7.691913612110556464e+00
3.623413457295714402e+00
1.165302302438188420e+01
9.053200114548372923e+00
7.371668223208597048e+00
6.770075065302798123e+00
1.811831178392241526e+01
5.559474824415963745e+00
6.468099717848099672e+00
6.236607484391012868e+00
1.030764208141693494e+01
1.408718792460001090e+01
8.853801878657959534e+00
1.057955673477948011e+01
1.341022103992323089e+01
5.997526869499325564e+00
4.627798880905491075e+00
6.177739941074647412e+00
3.030177497559626953e+00
5.495533345494032496e+00
9.687418118591965666e+00
3.672003436557116363e+00
9.287141795676863154e+00
8.544452055936018198e+00
1.486470235362780024e+01
1.132838938123879480e+01
1.561065902653711746e+01
1.117285254599458177e+01
1.412577341173877699e+01
9.402833538920711831e+00
8.057264223520725466e+00
6.858182070493301197e+00
5.671412262287663708e+00
2.079769118808504125e+00
6.837109499940982715e+00
1.081165994016877541e+01
1.983130728696295364e+00
1.168555644687968176e+01
3.768031375641771596e+00
2.343007958106778865e+00
5.246397632133929179e+00
8.392522093430958563e+00
5.596794967675036148e+00
1.049812926107149913e+01
7.543522251651848087e+00
5.624985357619259219e+00
3.467787076294719384e+00
5.027634539953378834e+00
1.183825405268048669e+01
7.594842355651512555e+00
8.017299718176586154e+00
6.745675844109898733e+00
4.773418343795595042e+00
1.594388198233266429e+01
8.362624850445936175e+00
7.858807381812972004e+00
4.980941924841276958e+00
6.293908035215724617e+00
1.224495998279722109e+01
1.171478068781736859e+01
2.610049989606475940e+00
1.141458567171224203e+01
1.074697960615436187e+01
3.992530341814029438e+00
8.145832564734822867e+00
2.440389275987957518e+00
1.394066997403255037e+01
9.084549831680678977e+00
9.986958721216067758e+00
3.976349753211169791e+00
1.168091545536546150e+01
4.205724994318549292e+00
4.023256960505299240e+00
1.323309569926676765e+01
4.472540791739066712e+00
7.494554651514572896e+00
2.930736590873361358e+00
2.040793679577507547e+01
1.447720214859082155e+01
1.003050031261867581e+01
4.308609462910276022e+00
6.396125086820385164e+00
4.898799730422734200e+00
4.316356672940381500e+00
4.654337187695456457e+00
5.844851234590309197e+00
1.078730140761172152e+01
1.156900703566306632e+01
7.714061971630121306e+00
9.047911732538528540e+00
1.057993578961616343e+01
1.145624006369291337e+01
1.070431105313978826e+01
7.009349455085444269e+00
1.208846706299673635e+01
5.680664654150502813e+00
1.554572964251982192e+01
8.801472180462308614e+00
6.807030442424725436e+00
6.531898635769012529e+00
8.058160539234783926e+00
9.340360356182872081e+00
1.343704830489785707e+01
6.866623190552348710e+00
7.138650822355866232e+00
3.156804034418850158e+00
5.882461044187391686e+00
6.061393436029460347e+00
4.352420380599377303e+00
1.454036068988754060e+01
9.960225689828849482e+00
6.526364358388896392e+00
1.081830012985197875e+01
6.575507085720987632e+00
1.151886810997937971e+01
1.138076411927049136e+01
3.815295805858166744e+00
9.806190096197425987e+00
1.037606474480363161e+01
1.442277455141809028e+01
4.129924764493870804e+00
8.774565098396065466e+00
1.029660167738868637e+01
8.613616366588637163e+00
6.856608140074511581e+00
1.003006448817164475e+01
4.186403273971293970e+00
5.157140177303245032e+00
1.496470318135505906e+00
6.369444209269888191e+00
3.660431588569891925e+00
8.020199137294900638e+00
6.314642762204170978e+00
7.779674155342384267e+00
1.489222729324781369e+01
1.434293601294697318e+01
1.033877293106297124e+01
5.699863058237432334e+00
3.296341286830907436e+00
4.099600014748299159e+00
5.245409870301678268e+00
5.173960082217440082e+00
9.333989252644741441e+00
6.227716008116253477e+00
1.948663177931638346e+00
8.491517157195680454e+00
5.293611812220302859e+00
3.022526606777692582e+00
9.113675044420546101e+00
1.340548310512178709e+01
1.036542175859370296e+01
5.356069075284369596e+00
6.756771451403091433e+00
6.582825418408428497e+00
7.897468900216297882e+00
3.839577998934476266e+00
9.617652128615183926e+00
1.032238668190916542e+01
8.860833439176602155e+00
1.288766047510327795e+01
1.566990193166151535e+01
4.455065246067203333e+00
1.035057153245494810e+01
9.051834565286975831e+00
5.254190399355303853e+00
2.423495012505667123e+00
5.135307663218029894e+00
4.704835152484058369e+00
8.781791682709048530e+00
5.299368047112707814e+00
8.003769067176170537e+00
3.076151742858934224e+00
1.963245871382899299e+00
6.214458937328926957e+00
6.887010996770709603e+00
1.023933904093882674e+01
1.126458471276558271e+01
1.058528901640348074e+01
7.945162173823695717e+00
5.383964021805157429e+00
4.498580672447571871e+00
6.858993633480516827e+00
6.568072344574847676e+00
1.149966277160721262e+01
3.160386183842756047e+00
8.810600376008137502e+00
6.629937303938713278e+00
3.058069647662275514e+00
8.010694678562590099e+00
7.110804910765692100e+00
1.015176341654929182e+01
9.712942110025531761e+00
1.065924432801232236e+01
1.212659404513128258e+01
1.716960778415683109e+01
3.376038069227492944e+00
8.981594391829631263e+00
4.560515294681753318e+00
4.646619749091847495e+00
6.045665193962130424e+00
8.081263265524480488e+00
8.196344141647784909e+00
7.142723161798928189e+00
7.718536500219035368e+00
4.874957152895063928e+00
5.145793523317800044e+00
7.687219181030974013e+00
1.069176709462171182e+01
1.062456480146639670e+01
4.255547692614119804e+00
5.309102857486685423e+00
1.226630720732369362e+01
2.040036737501402353e+00
1.141064922936420523e+01
4.541882881310054465e+00
5.111014465377198057e+00
6.845831079005143316e+00
3.893263770720168715e+00
5.011479893553271836e+00
3.027246928240709511e+00
5.844519113183054948e+00
1.216854264919234296e+01
1.237269866029031462e+01
5.965340707289457534e+00
1.046031537987452431e+01
9.779233692005812273e+00
9.180206689499017969e+00
1.019217538593526839e+01
3.430482755245863213e+00
7.055262159554851920e+00
4.540417445962491527e+00
5.063786782168858025e+00
8.252982793387957372e+00
4.478713898623807310e+00
1.062089184681520848e+01
3.808893584394811516e+00
1.359456738356445094e+01
8.285095077863825708e+00
6.169009067074642694e+00
9.075000962437417940e+00
1.394516762432787260e+01
3.855794286025521433e+00
5.507323018993166563e+00
5.115737046346317207e+00
1.431787169648066005e+01
1.835921493551627748e+01
9.480245713805294017e+00
1.892523630607220397e+00
4.685999892818532686e+00
1.256501324716806867e+00
5.263498556229981418e+00
7.642943622038764317e+00
5.830044324325196037e+00
4.797494126398473391e+00
1.008504772325992782e+01
3.756019420676181220e+00
5.842547676795810219e+00
4.810515761825683967e+00
5.258899042342556562e+00
4.083715923835265826e+00
6.879033039177860687e+00
1.175825151344639252e+01
4.922989651848661552e+00
4.872025480426903421e+00
1.006921257246798795e+01
1.249707187460795410e+01
2.223685870267032882e+01
6.293215086749193610e+00
1.725068036427068741e+00
1.705071276347705478e+01
6.948665572612290120e+00
5.547938112404195543e+00
1.362749425818082827e+01
9.468613980374707140e+00
8.927537340959601053e+00
1.200641472913042840e+01
1.072117642528331949e+01
4.177823935039138625e+00
7.228841394876297066e+00
7.008180590186409376e+00
6.235450686135513010e+00
5.642666276403021541e+00
1.355198144468834620e+01
3.560001286460311665e+00
7.896454621539036545e+00
9.603316328417212944e+00
1.700182232382535119e+01
1.175751025986723342e+01
9.398172499425308857e+00
9.015159028255959939e+00
1.093924925891773370e+01
1.572618230942255613e+00
9.443207061141302816e+00
4.779724414928139709e+00
6.830255521079007686e+00
9.827783226509923864e+00
4.608350270434280915e+00
5.840020184506481193e+00
5.126175820554407458e+00
1.286641911047300724e+01
3.830109209863129305e+00
5.540028947453664365e+00
9.210419576286323462e+00
1.082161351743049726e+00
7.788312244993388589e+00
1.264354755759465121e+01
7.086671774023847625e+00
3.666174881672219943e+00
6.853689525115407299e+00
1.145178964667431210e+01
3.909633183889292152e+00
5.181516473995707805e+00
1.216406009442570202e+01
7.942649299937960095e+00
4.954298218801245213e+00
1.511162095633695968e+00
6.161000479650216910e+00
8.487375643289857052e+00
4.941996371045577874e+00
3.993087225279044805e+00
1.037361908156338508e+01
7.116938405881803043e+00
6.008233650270925708e+00
7.846311319294737352e+00
5.642891550801270917e+00
5.388558426891214559e+00
1.072307357029240471e+01
1.174003406145959083e+01
7.648860004862196860e+00
1.012978379688042097e+01
5.540205714389248470e+00
7.650181107805644309e+00
8.744836383113716138e+00
1.335761770148755190e+01
4.982527258605022880e+00
7.596174591551073441e+00
2.983218997121392047e+00
4.198563989538584451e+00
5.250469427214087048e+00
6.748706779306506753e+00
3.419402416984188786e+00
4.060595440813337120e+00
3.168105083525813992e+00
1.207713539429710359e+01
1.093105690726172341e+01
6.272770293486439108e+00
1.822018041429923940e+01
1.063568811404917902e+01
5.679368490988368379e+00
5.069455798740870378e+00
8.044368647359307900e+00
7.160225781326823302e+00
6.296250759969195698e+00
6.444152683362021072e+00
1.247287738403010060e+01
5.739689986088555962e+00
8.989128760704923948e+00
1.583510408674257408e-01
1.446263184130591917e+01
1.193393750567986089e+01
5.080539564778192130e+00
1.316593642354872351e+01
7.242104043679316483e+00
2.330655816959750659e+00
7.413560412130265398e+00
1.267014495495013549e+01
8.267893769610132892e+00
4.150656860910892476e+00
5.561333969188914317e+00
1.284938789084442057e+01
9.991906015049034195e+00
1.008668867998065544e+01
3.804923743257043967e+00
1.128107227182450600e+01
3.267070090221203760e+00
1.246924685040771408e+01
7.834875924980745587e+00
6.413170227653315791e+00
8.681466875249597592e+00
9.609748877332359385e+00
3.509735657809489595e+00
8.656854999770674297e+00
6.382545922202264244e+00
1.432153536700849550e+01
2.505771769363153822e+00
3.988260902401365993e+00
2.726035719162478888e+00
3.646970197330304586e+00
6.220964660335629226e+00
6.148031344509714557e+00
1.456907395619189671e+01
5.121322526696319599e+00
8.282064834356184235e+00
4.697111234102041344e+00
1.138075014581907318e+01
6.940005851644427182e+00
9.939100030960807075e+00
7.478046434764041628e+00
7.200012018682508064e+00
3.934067731295612269e+00
7.417560945651970883e+00
5.702472820933464526e+00
7.852290363891605729e+00
1.374399513152373054e+01
7.884650853601014475e+00
1.325363503971161983e+01
1.053195387929434901e+01
6.382094195934494785e+00
7.410719975451099728e+00
4.923130714545569830e+00
1.557556040496230487e+01
3.925449754575231598e+00
6.134562030484890904e+00
1.790746575337285540e+00
3.052766897756335140e+00
8.801942802168063906e+00
6.085270152300702229e+00
1.166952637858707931e+01
3.635701083406733147e+00
5.287639722907059969e+00
4.486231885498335181e+00
1.058262987304930292e+01
1.581431532798834105e+01
1.121841553099520894e+01
8.717048798603748594e+00
8.634773723914337396e+00
5.475165336996770549e+00
3.073029307691892864e+00
7.966121335049629160e+00
6.746366320225271274e+00
8.546138483258669538e+00
8.557564066897301203e+00
1.532076860793208617e+01
1.139574307644864248e+01
4.334044181487841207e+00
1.085068783559558980e+01
