6.082372480957768390e-01
4.932706401639741500e-01
7.087833622302975867e-01
6.220756302342371757e-01
2.853349004186016002e-01
3.720769677730087488e-01
5.713024715843992851e-01
2.000908155272727029e-01
1.046405215538623590e-01
1.084156462102702889e+00
3.012628300771432177e-01
2.664853325124314498e-01
2.179890952352384614e-01
4.600119663225494815e-01
5.782804396867622376e-01
2.302046369398175751e-01
1.237233760023441764e-01
4.538163452229850292e-01
1.063598647387260954e+00
1.116842398444991113e+00
9.179577659718726190e-01
4.127783446508411225e-01
5.736031027358204915e-01
1.361429131495988654e-01
2.614780354566420550e-01
3.559592666966937546e-01
3.222282698725694172e-01
6.329087767231959816e-02
3.611057166406422270e-01
2.978964987678587861e-01
3.878835103336182311e-01
6.306384342849640223e-01
5.884975582431820618e-01
4.422343340237114839e-01
3.159552644704337054e-01
6.506489397668492325e-01
5.642967002577731206e-01
8.354681539075907715e-01
1.468378825763976825e-01
8.670789413329584860e-01
6.606321579007152778e-01
1.038195185634997048e-01
3.959163727534580346e-01
8.297718244674449073e-01
3.706713197743503052e-01
3.871131577183267169e-01
4.822272164633047975e-01
6.400066464710884029e-01
6.554780917742073498e-01
2.126689373050838217e-01
4.658585618981926357e-01
8.057415725649310634e-01
7.813531647326346086e-01
2.497166208387276154e-01
4.291344948797817249e-01
3.711919421000912100e-01
7.428965915934753195e-01
2.927123289503223424e-01
1.098488530274869035e+00
2.893766072597442340e-01
4.860708133975967793e-01
6.499775848386589727e-01
5.259840432155982182e-01
2.439073042224633725e-01
6.782356653152978865e-01
9.105428147552235840e-02
1.116396143787373729e+00
2.819951970721538137e-01
5.007738931246559222e-01
7.315095168882609356e-01
8.776297427022730080e-01
1.191363876212845119e+00
7.699587549493095429e-01
4.095583312945259569e-01
3.570917054420329473e-01
2.460073704404151240e-01
1.760274204644274310e-01
5.224358669096367258e-01
5.823748609813066412e-01
4.219682040637190434e-01
4.388213600531357672e-01
3.995782142880315857e-01
1.071447872371837917e+00
8.347280669905657868e-01
4.345559092525914102e-01
4.273414777746005755e-01
1.404854346875940851e-01
3.684267142455599497e-01
3.943384356557554371e-01
5.584659722998286391e-01
1.162088170393349024e-01
5.457831622305191477e-01
1.928376993433454645e-01
7.005876929518166651e-01
4.257490658243349158e-01
4.549637649569999720e-01
5.441527757104006602e-01
2.307274490831947578e-01
3.507178246830242041e-02
3.298394564045944444e-01
5.774006757611404028e-01
4.970297021912164492e-01
1.337278848845716295e-01
5.933598602192167171e-01
4.302233906307885158e-01
5.702651818390580551e-01
7.621616679304058506e-01
1.112164376716762992e-01
3.482807121569177489e-01
2.189235016843879278e-01
1.092394897630720285e+00
1.631502699246055732e-01
3.454250377300200903e-01
4.605839294780928461e-01
3.794750228371007728e-01
4.441518246192032171e-01
5.905588913915567062e-01
3.217020614373268250e-01
1.671019574828048193e-01
2.317948825701492965e-01
1.298108865327586570e-01
5.642174529984770315e-01
4.923449725265707094e-02
3.586514930313027261e-01
1.172908194751989680e-01
1.301354136713298026e-01
7.327426679484559946e-01
5.225341700042727133e-01
2.925355269422848514e-01
4.548498024869396805e-01
4.463054526687380008e-01
5.559197268950528681e-01
1.154871078012103952e-01
1.349766894778911652e+00
1.691805493516571612e-01
1.359482622104226379e-01
3.018380356773043838e-01
9.161518102999634261e-02
7.971602943788544948e-01
5.090912391444891716e-01
4.204562145352668256e-01
3.269133134973549182e-01
6.086697872310385948e-01
1.076780040634244040e+00
9.878809784768631808e-01
8.400670966401079243e-01
2.691622027592258659e-01
1.597184369219413203e-01
5.710374406350420262e-01
2.400530135176380253e-01
5.174875617873994083e-01
5.974278308991141095e-01
7.310036727747361296e-02
4.990474122572487875e-02
7.654252935302363614e-02
8.965572160959869863e-02
3.131314174008233420e-01
2.146753281559523330e-01
4.953452761114289227e-01
8.315157626139392522e-02
2.367524458748892224e-01
3.491390538291276324e-01
3.399724680498682483e-01
9.420158891311853910e-01
3.678506038806560463e-01
5.375713150184227018e-01
1.733683746662403602e-01
1.434243762856938220e-01
3.905335899834831426e-01
4.674833832452122140e-01
2.441719151148151745e-01
3.959132226748880989e-01
6.758057770064666014e-01
2.465261743954943185e-01
3.551100142124730685e-01
8.004733833782244901e-01
4.715991576617363790e-01
2.596812007371505637e-01
6.061579007627125593e-02
3.215125926674058943e-01
4.456292504804615917e-01
6.186087558209018011e-01
1.659274426264114866e-01
3.351790646703520227e-01
5.877233383346270879e-01
4.790097454158118717e-01
1.994379014320240007e-01
5.407697488460220248e-01
8.279465971856871942e-01
9.882034657155670532e-01
8.844937285585678932e-01
2.702518389348858019e-01
5.561010701456493566e-01
9.479075558542897351e-02
2.404897754885164940e-01
6.743527433068848831e-01
3.052297579962870433e-01
2.493860964740940711e-01
5.931321011952446209e-01
1.183033103166539979e+00
2.506811252761722009e-01
6.394980949166677586e-01
1.556713592462536377e-01
1.762044716233392705e-01
3.129816696861978387e-01
4.027003974168431033e-01
1.077411550594788103e+00
7.686057054934489763e-01
2.378570811040205957e-01
5.577492095738909583e-01
2.102283688029453201e-01
5.111637722114207305e-01
1.094435403404920848e-01
4.741013523294990706e-01
4.162965392100956841e-01
1.530271227022326430e+00
2.432049083556142299e-01
3.320494443835969034e-01
2.461844923538382135e-01
2.879917577353587332e-01
1.454807845346917095e-01
4.930669574547022482e-01
1.494771485106040076e-01
2.398095455956572863e-01
3.077341778975188347e-01
2.433052412342666393e-01
4.463040508318314448e-01
1.287050599493883563e-01
1.870344647883838973e-01
5.459023722295165415e-01
6.610569126857168687e-01
1.206361116105401088e+00
1.057188106773086639e-01
1.147479632833362739e+00
3.350586971486405607e-01
3.416658064218727198e-01
4.645231306775310931e-01
3.048887492027399504e-01
8.736640064574537901e-01
2.687174159906813298e-01
1.708352897197015774e-01
5.463013144246255948e-01
6.712318070548043414e-01
1.051975229427242864e+00
5.980316476353063626e-01
7.273167650255911720e-01
4.350003618076938028e-01
6.551022193325944931e-01
3.297420065595249583e-01
1.038719371912498468e-01
5.807232947860405670e-01
2.190594217100675645e-01
5.862363483118537832e-02
2.159258261440301641e-01
2.670634682823920247e-01
6.072188664316785500e-01
1.673180544586826968e-01
5.718845088917542396e-01
9.789077315418941161e-02
3.744220719196353353e-01
2.106938508348750808e-02
1.012070050167474200e+00
6.692574262354994419e-01
2.773064845470941120e-01
1.123349193108723609e+00
4.416667579689363410e-01
5.826382736451397593e-01
1.676605477542159051e-01
5.775945058999714110e-01
2.752960858524482468e-01
4.637443166981263243e-01
4.496525054984726322e-01
9.261373806608173831e-02
1.871249939713219845e-01
3.994616791881018814e-01
7.039404063496770281e-01
8.675804445391611663e-01
2.426208238172993248e-01
4.344015608767398673e-01
2.726015206318841977e-01
4.813674460958843743e-02
2.425669493214719918e-01
5.929619299668598131e-01
3.708085754602644113e-01
5.514508438527663259e-01
6.348716754297561993e-01
2.793850258832055178e-01
1.039126538935615018e+00
5.235414199006543923e-01
2.563408638573657639e-01
3.499575689223143327e-01
2.684612691199568246e-01
6.514810146217796527e-01
3.713287578486087481e-01
3.235351950749038585e-01
9.342887002648669892e-01
8.327910953912368575e-01
6.860991561781139003e-01
9.960381963713091924e-01
5.906302147360908972e-01
3.576019808328881888e-01
8.126526639782152284e-01
7.628331427550754107e-01
5.877011163469543220e-01
5.334015306897677000e-01
7.804607398112205219e-02
1.667441723301014977e-01
3.226170975853654976e-01
3.514560856889072937e-01
5.793622312078512415e-01
7.583680693226061420e-01
4.787787540652978513e-01
8.001781638445545353e-01
1.040155929451871630e+00
5.092340876373496750e-01
7.621711795519847676e-01
3.760753974893127349e-01
5.495349820053374579e-01
3.150781451114200160e-01
3.157687771836543700e-01
3.100233009130398121e-01
2.977886241503300835e-01
9.348922174931545426e-01
5.664753650186198364e-01
7.973364315926798618e-01
7.166936506012134833e-01
2.029390434802530174e-01
1.164819011098795931e+00
3.641410386985142744e-01
1.007151789753458759e+00
1.015967531599489382e+00
5.069310713798771406e-01
4.402018363160724590e-01
4.012815964411917125e-01
5.451460842964781506e-01
5.289123105768708255e-01
3.338436160728378566e-01
4.993377151220199650e-01
2.677342555921427558e-01
3.980202470310674201e-01
7.508911302524469145e-01
3.269807002808589047e-01
1.424101579377146931e-01
1.735190973568189465e-01
7.231164836226076920e-02
1.016152053751462114e+00
6.931493984447214540e-01
4.320206249811715526e-01
7.981713695858778657e-01
3.489141918220049488e-01
1.146579368275961741e+00
6.791064813926342980e-01
2.548913633517351784e-01
3.558771636732613319e-01
1.515136333068973773e+00
6.779150660164132702e-01
6.985041100380765533e-01
3.236233843645896502e-01
6.283410910787775583e-01
6.096301074821357524e-01
4.905138444719583934e-01
5.091510303142029320e-02
6.631156494738652540e-01
3.808186307888477007e-01
4.054668676401456673e-01
3.902709661605089364e-01
3.168684702655852337e-01
7.179494421171077612e-01
2.404991271650301354e-01
4.812177172836040739e-01
4.911009237266975580e-01
6.471970105698729991e-01
4.340954481562930845e-01
1.000643848762393096e-01
1.687584185385979374e-01
1.945624364952175944e-01
1.650232094033557417e-01
1.436081348884592490e-01
1.420547486261664272e+00
1.123827277456651785e+00
7.360574520151451638e-01
1.148426582294408832e-01
1.185838319381767203e+00
4.784102984288644000e-01
1.265348358603503254e+00
3.818675285706172873e-01
2.757711722190872572e-01
7.531688968076508672e-01
3.120166922694312395e-01
9.637771872803567730e-01
3.649942101836724517e-01
2.773350239933375372e-01
7.183444661258844288e-01
3.736318266710981217e-01
8.575808240423401507e-01
3.307970094337431277e-01
3.743781535966300145e-01
5.267031980929466339e-01
2.124618113202279834e-01
4.437191637631076602e-01
3.157010318524581804e-01
5.613681979670589461e-01
8.128293051540357306e-01
1.689669025557383186e-01
2.890610844990390005e-01
7.733495111500805486e-01
8.623928528060618159e-01
3.769621828100380156e-01
6.845333839566709599e-01
6.714536666649811858e-01
4.061481489922049715e-01
4.545102542029134662e-01
4.193498216977336046e-01
3.353160348416331371e-01
7.321992425197811905e-01
8.263501349276410890e-01
1.193742124609529665e+00
1.524344126466050109e-01
1.789330426938650909e-01
5.894859149482295502e-01
4.408884954738565565e-01
5.462021935019564234e-01
3.914638567346955256e-01
1.248890836422050510e-01
6.369637379294824653e-01
4.267113956046956758e-01
4.189201917987190882e-01
5.991692946769772155e-01
6.457880141479781511e-01
3.470204196229422777e-01
3.372380789901497922e-01
9.587967254996107025e-01
2.197831991540384611e-01
2.908500944303328284e-01
2.733723345834329632e-01
7.353091620102428227e-02
5.006134718005180728e-01
4.014628581081621794e-01
3.164418384147477115e-01
1.208029083210746396e-01
6.895793851082773207e-01
4.080430572933125277e-01
2.236129091608164143e-01
1.538483684682494523e-01
4.871385074232403856e-01
1.709369046166948347e-01
8.817606431384023002e-01
6.562209482521510484e-01
6.222073266122103014e-02
3.345177451843483474e-01
5.496252674464309207e-01
4.313505656121399690e-01
9.146337854378480126e-01
2.099559519542604502e-01
2.209481427439380918e-01
2.578122471697250062e-01
3.938017565057090330e-01
2.341462198227575731e-01
4.388031481998844185e-01
1.857256574464759280e-01
9.454102772560892820e-01
8.748768437792905361e-01
6.630272398942713696e-01
4.982810586904201089e-01
6.071289936278918553e-01
2.152913879601990321e-01
5.042679505003531126e-01
3.367602958759997045e-01
6.701424899080585806e-01
1.856221403007929649e-01
6.959503905788111400e-01
2.333419546699382341e-01
4.639872851393795905e-01
5.496694199326704888e-01
4.389936517662179627e-01
1.200878338025098829e-01
1.217121522664597055e+00
2.215115813463888750e-01
1.009993548907841099e+00
1.306493720997160102e+00
7.717764792155569209e-01
3.099332351160026255e-01
7.683524315142904459e-01
9.851239130261929544e-01
3.281320376025824159e-01
1.926861294391276624e-01
2.388639127225505032e-01
3.195038753945346754e-01
1.172430281086155462e-01
3.156999310404814407e-01
4.503170182353374296e-01
4.977463608943234752e-02
1.162876298097283989e+00
4.530356157242012571e-01
7.500111615925535435e-01
8.182438114000836760e-02
7.647118177541741835e-01
4.058063106175454626e-01
2.945572296161166337e-01
8.511620893158021728e-01
3.457018923960487600e-01
9.145150960893196901e-01
3.012849237760539256e-01
5.188284742005008221e-01
2.275706443852276994e-01
2.499068914106973294e-01
5.435551708920799419e-01
7.357682016498181543e-01
1.179728131308711347e+00
5.128350544789855858e-02
2.957950522739556942e-01
2.614757834217864008e-01
7.171431849024411109e-01
2.629155824088234561e-01
5.318825664594393210e-01
5.894620025222470083e-01
3.227587065473496164e-01
1.750767335727595464e-01
9.571192864060870109e-01
8.205040176482994996e-01
1.087339669951476184e-01
6.812840446594989885e-01
3.080834606559982314e-01
1.394759994783695056e+00
3.150920354363819231e-01
4.128230639179980566e-02
4.524454113002489009e-01
5.188350862844689493e-01
1.021884725078461981e-01
1.548446007922820722e-01
1.905549416335777513e-01
3.280606001633022406e-01
1.282200797873336851e-01
2.429674842749044439e-01
1.192797988307850998e+00
6.420263093716418457e-01
1.141923890436124661e-01
1.969803503998917571e-01
3.000102383490149127e-01
5.216445432286280770e-01
2.542070321100831642e-01
4.072582822730692054e-01
4.096088580083896424e-01
2.315847465459544285e-01
5.224702047632036050e-01
3.506623501468073001e-01
1.671315464860033129e-01
4.341485044180448116e-01
7.611064670751732653e-01
3.512350759464016869e-01
4.984193093369895244e-01
3.137495770795952210e-01
6.374454716284851941e-01
3.240837823369257520e-01
1.036564060824226585e-01
3.958539436076186635e-01
4.621772554113470766e-01
9.391801980226657243e-01
2.333830191088840170e-02
2.733576596051928709e-01
4.274533980055870708e-01
2.269138773172186541e-01
8.574660944054909306e-01
3.518829208118587903e-01
1.956805494374550813e-01
1.061856876344768219e+00
4.147789491804713125e-01
3.757496007935499094e-01
4.127455557171794132e-01
3.707748965862374124e-01
9.801768777083037787e-02
3.546800518089399112e-01
6.748033210611034116e-01
1.160355568196504539e+00
8.209388297874160856e-02
3.684280064171963076e-01
6.338733417179677199e-01
5.527523105176643803e-01
4.372530009220892966e-01
7.672027660765841084e-01
1.283057957540239213e+00
1.147382490775785913e+00
3.201370856042026203e-01
5.506679627099448915e-01
4.391955992031802980e-01
2.590788653282091736e-01
4.761005670947133367e-02
1.797353040109235800e-01
1.650239641332802987e-01
2.048867583525880165e-01
5.757875047848792782e-01
1.216563005713119150e+00
3.122064429221902415e-01
6.847703070059708574e-01
2.087770026533336543e-01
2.955210731755886222e-01
6.939154068049246948e-01
3.887368932912604325e-01
8.402046223085063437e-01
4.436795140606967780e-01
2.562657891815167122e-01
1.000619738770126776e+00
6.440630404898002315e-01
7.738223665595066469e-01
5.705826373770410687e-01
1.161236731142329281e+00
1.080602840885162674e+00
7.336942243274079400e-01
6.071140836108508410e-01
2.342851502761294502e-01
6.385799388833327539e-01
1.743350208744108565e-01
9.156472288269122684e-02
3.956430486355745901e-01
9.077429308602648073e-01
3.270946677119840884e-01
1.482203072399535249e-01
1.035684324781606103e+00
1.078815948561334670e+00
8.264031358978713993e-01
8.710787539198282525e-01
3.043095983537456029e-01
5.398554933487813567e-01
2.766531087654616750e-01
6.820655992487866248e-01
7.571962051672904703e-01
1.587411644617051087e-01
2.358938019529525643e-01
3.575514740734702657e-01
7.113240731414601781e-01
6.745749690607699689e-01
3.246934361049715334e-01
8.972670768926570561e-01
1.494965775505142924e-01
2.868708146167324724e-01
5.663598232252822218e-01
1.136542090365763924e+00
6.089149245178344660e-01
1.592755000825849254e-01
3.832920862236126047e-01
5.129330458933655246e-01
1.150932823776603442e+00
7.564939452379694229e-01
1.183006594610358730e+00
6.619805881409076553e-01
4.359731284198164469e-01
4.090117394008391805e-01
2.466323552587215140e-01
6.785805167762558598e-01
4.293363172282976259e-01
2.416487954649073344e-01
2.733361395174090380e-01
9.769552214209660246e-01
1.714921570147849572e-01
6.639565615736269244e-01
2.101625973781034995e-01
9.922912620310425647e-02
2.656356249947512405e-01
6.252313853617496031e-01
7.626953314956244068e-01
1.958238704196289537e-01
8.133437753537634540e-01
1.524750579012405238e-01
3.943346051232007876e-01
2.706120866221955468e-01
2.798226223649274425e-01
3.004631008668175451e-01
7.024748956648998455e-01
3.684827291641356584e-01
1.987093182361771015e-01
1.121308602009109423e+00
2.549577304947202583e-01
2.367358632208546310e-01
3.928788886409382286e-01
5.175094229457847250e-01
2.433967359004425013e-01
9.326797992722951625e-01
1.646248350011534911e-01
2.672531768094046356e-01
2.699764479560174402e-01
1.599312789206579488e-01
4.272400003270837021e-01
5.770301580483221393e-01
2.152674394713032235e-01
7.635849877132779018e-02
6.186461956732698386e-01
2.995169880739415036e-01
1.002644954610314887e+00
1.343625267209667684e-01
4.704275384603739257e-02
1.288269736527418163e-01
3.773928848991943696e-01
1.058071799928824164e-01
1.687769689569620646e-01
1.200081752105661703e+00
2.865851628536432716e-01
1.948731442919434120e-01
1.177842488074094751e+00
1.254338646700287274e+00
1.298575829582875596e-01
8.086086680334285681e-01
1.026603547696538055e+00
7.477116981323242428e-02
1.110276144734651249e-01
1.449913484899458260e-01
7.537618127524803313e-01
3.223324116063548406e-01
1.084118799242150377e+00
3.465804135990485091e-01
6.227801779248099967e-01
1.836667203377733704e-01
1.119041344728141985e+00
1.137006367720982070e+00
1.765427783343378465e-01
1.492548425581344262e-01
3.014448901550609294e-01
2.372707927949820883e-01
3.283511153742546540e-02
1.034534694885955952e+00
5.958823956188858961e-01
3.649764587613828493e-01
4.252418942496856702e-01
1.012748653719923508e+00
4.039811586704085133e-01
3.450187481418015012e-01
2.618462994744953365e-01
4.924688727029594149e-01
7.754138383836379766e-01
3.048325173717288464e-02
7.411324789573551231e-01
2.864404132915980283e-01
4.138875376926077765e-01
6.559839861472863687e-01
1.556147045836595133e+00
3.639955914521648128e-01
1.662536404373017029e-01
4.372512541189901292e-01
3.916924686503757691e-01
3.547111061508333441e-01
3.489108906229992924e-01
3.523418757583597904e-01
6.300081283936708187e-01
3.383026340260803511e-01
3.126267993998039785e-01
5.219133679781957635e-01
2.146829814084836308e-01
3.747765048589523085e-01
9.414522985725924942e-01
2.552756829289933305e-01
4.390915875111541244e-01
6.624381672025981826e-01
2.062782734175097332e-01
2.940517073473409848e-01
6.681463229679114324e-01
3.390189619111336761e-01
7.385041165426724508e-01
4.934776854745370200e-01
5.736879455107815051e-01
5.775720099246621775e-01
7.559066977220781913e-01
5.656420678237340516e-01
8.022111236672142542e-01
2.932484011342068042e-01
1.010739869003721259e+00
8.032445524455814612e-01
1.760322584050225403e-01
1.637533376973031030e-01
9.487253581120952406e-01
1.693942764558433456e-01
3.912621802704983609e-01
1.309959492126426150e+00
5.036091181427605479e-01
4.069273024577199638e-01
1.165299020261960417e+00
2.552208489626748844e-01
6.230344605642464950e-01
9.196292376565484705e-01
1.009339722234664283e+00
3.363882348167483438e-01
2.816272833042183787e-01
4.273876657841166882e-01
2.834960633078904557e-01
9.466593219498836698e-01
3.748736103604684566e-01
1.047727313123401727e+00
7.790290538100923534e-01
6.596641720504875517e-01
1.081082638517977479e+00
3.750621897912911340e-01
2.973370164010638583e-01
6.150686209371184487e-01
9.038056975208135224e-01
2.896011146749623566e-01
6.290527377942154441e-01
1.005979514030210797e-01
4.751430157877665206e-01
6.402167151622867314e-01
6.658411366746410653e-01
2.393128167435091824e-01
1.113347945817713819e-01
3.307843192657398679e-01
8.043217780507155856e-01
3.942062238719828970e-01
3.456498869793100392e-01
1.247493581691368814e+00
6.763848599167004982e-01
2.251337890331109870e-01
6.550960688837608181e-01
3.142523954873330805e-01
5.484100589305510587e-01
1.894153528618716387e-01
3.369263239477115479e-01
7.625094203288921291e-01
5.924356944651246737e-01
4.437062624832202595e-01
1.893391085978122224e-01
1.277326590150427987e-01
3.198320477116480265e-01
2.148585888987654402e-01
7.217167646221178158e-03
6.250638958441698811e-01
1.760533360942587722e-01
6.136902286957871544e-01
1.223992680417386847e+00
2.246261022046680267e-01
5.734474103565974090e-01
8.032914842990889204e-01
8.731800996558436445e-02
4.139290642722237568e-01
3.288643298143682503e-01
5.974710087682145315e-02
4.232883879549560469e-01
4.116207157479379042e-01
4.742361373848160699e-01
3.774468423894832836e-01
2.748935222018525359e-01
8.277448924627329729e-01
5.517463442523180550e-01
5.506116888643418639e-01
8.193424889189239169e-01
1.361456575571122207e-01
6.026894319696077806e-01
4.878053859473012177e-01
6.509470720180007275e-01
2.592701951237281199e-01
5.376032401123087556e-01
2.262298063932939030e-01
8.961784761280565670e-01
2.876629167128851861e-01
4.159259372932267440e-01
3.003227240490219940e-01
4.449140089810784127e-01
5.334529643056137305e-01
2.707902244549791337e-01
3.125612137747486585e-01
3.838678571240753401e-01
2.261266310313266303e-01
1.830434357735149786e-01
1.192659854683058018e+00
2.394788324997456919e-01
1.030356436860552227e+00
3.667961374338142289e-01
1.195033143000456266e-01
3.481836119933436891e-01
4.437637289559817622e-01
3.125923314114921192e-01
7.841087885009031533e-01
1.982648302898998016e-01
4.815201929500557698e-01
1.061647741527078637e+00
4.931922783590239057e-01
2.166936422724697608e-01
1.195129024630018494e-01
4.250994981101016146e-01
2.721770753386553165e-01
2.063273142409862149e-01
6.295953738794010102e-01
6.804538165770884772e-01
3.498076073760465476e-01
5.781979525666840203e-02
3.163814652856394849e-01
2.565835803973108287e-01
4.635576067838838993e-02
1.767529868645571767e-01
3.103243758844480560e-01
4.307227740052900766e-01
4.264312724132334753e-01
1.151280599741432376e+00
9.692524084760070768e-02
5.160534237437335303e-01
8.644524410772455036e-01
8.487151234503513830e-01
2.827691201778609331e-01
7.019377491603018271e-01
3.312833016261171881e-01
8.740862235936416313e-01
5.739780505806126865e-01
6.088208499281463348e-01
5.899772967434929738e-02
4.477589566308166624e-01
4.078843339532598478e-01
4.005416541537956121e-01
3.124623962516858700e-01
6.072681837279609862e-01
2.899372966136335439e-01
2.633298059648089273e-01
7.918930220151572108e-01
8.778160980714468931e-01
7.706175228566614077e-01
2.430275136084700249e-01
6.941442635222415669e-01
8.601286353523360795e-01
8.466443570250506423e-02
2.131782705696987912e-01
3.600336042573535345e-01
1.701207589716793867e-01
3.169783180143617707e-01
4.484376746542981240e-01
1.478791922573853002e-01
9.852911410987461593e-01
7.445697750592575881e-01
5.659006664189649705e-01
1.219977409930773415e+00
8.180097501156208262e-01
1.224519253701578797e-01
1.611173526684682167e-01
2.992412946580865762e-01
3.638955173263529463e-01
6.198427323383389753e-01
3.347824597861575602e-01
1.729225806385918385e-01
1.549866961953115796e+00
5.857321356605602602e-01
3.956170522418332447e-01
1.033327505888039122e+00
4.615893778422209270e-01
8.700465421149230494e-01
1.155771531791317752e+00
3.228032686068011553e-02
4.767720507626683202e-01
3.337276926909007457e-01
1.345649718234232239e-01
4.519782099291976829e-01
6.944239354273075426e-02
3.540286137895214402e-01
1.517938706491269163e-01
1.002470437889138921e+00
8.788210453512336207e-01
5.003056478509315674e-01
6.972640318006788351e-02
3.343235482193565034e-01
6.601914404476717513e-01
5.845936957481295826e-01
5.032254000049490861e-01
2.985487815745967444e-01
2.641460596912220127e-01
1.979513561793220799e-01
1.122432917022592402e+00
3.813416473215103797e-01
3.527341298663864144e-01
3.547758138894406277e-01
2.222412515355377538e-01
3.568937235851850076e-01
3.470370381647358560e-01
2.672956858385092671e-01
6.975831561477902065e-01
6.369532586909013583e-01
7.551082173054232127e-01
6.660184912502254972e-01
4.118287387779476783e-01
3.871940030602230576e-01
1.791666473098142975e-01
3.492927116485373684e-01
2.838227189596015942e-01
4.703782130196002553e-01
7.081847589591960812e-01
6.040620825578628672e-01
1.440167987401746175e-01
1.651229234574298488e-01
1.701422929582659949e-01
4.958351367288845735e-01
4.000220318248680629e-01
1.075881261573487374e-01
6.761750045140063614e-01
2.895875913593924933e-01
7.858329963024731635e-01
5.679313099494415207e-01
1.801620594325230307e-01
6.109724211955680495e-01
3.546330131616415304e-01
8.979704490281220641e-02
7.456796523033901725e-01
6.397775894626047677e-01
4.131193644450517066e-01
5.931616072782868176e-01
9.194849864377214743e-01
6.916935421134589035e-01
6.077625677330830145e-01
2.340151946519654913e-01
1.090350263654577656e+00
