3.669939041137695312e-01
1.237761899828910828e-01
2.294691205024719238e-01
3.404598832130432129e-01
2.962408661842346191e-01
2.813297212123870850e-01
2.287816405296325684e-01
2.325870096683502197e-01
1.901097148656845093e-01
3.009065091609954834e-01
2.640942931175231934e-01
2.759499251842498779e-01
2.950931489467620850e-01
1.156409159302711487e-01
1.943072080612182617e-01
1.683617383241653442e-01
2.532539665699005127e-01
2.153388410806655884e-01
1.429696381092071533e-01
1.887923628091812134e-01
2.148694396018981934e-01
3.607005476951599121e-01
2.914680540561676025e-01
2.964174151420593262e-01
3.171800374984741211e-01
3.530716001987457275e-01
6.406781077384948730e-02
1.332369148731231689e-01
3.519382476806640625e-01
3.203794956207275391e-01
2.067551463842391968e-01
3.032572567462921143e-01
2.791074514389038086e-01
2.972537875175476074e-01
2.944824099540710449e-01
3.317086696624755859e-01
2.508345842361450195e-01
2.527377009391784668e-01
1.945597827434539795e-01
3.286849260330200195e-01
2.416019737720489502e-01
3.265392482280731201e-01
2.658126056194305420e-01
2.394660115242004395e-01
2.834847569465637207e-01
2.706068158149719238e-01
3.277079164981842041e-01
3.703150153160095215e-01
4.304192960262298584e-01
2.397873699665069580e-01
3.899376690387725830e-01
2.796197533607482910e-01
2.293562144041061401e-01
2.916878759860992432e-01
3.757369518280029297e-01
9.762478619813919067e-02
3.377726674079895020e-01
2.108142524957656860e-01
2.100711315870285034e-01
2.713059186935424805e-01
3.000020980834960938e-01
2.185091525316238403e-01
1.621442288160324097e-01
2.207490056753158569e-01
1.525307446718215942e-01
2.499457299709320068e-01
3.175607919692993164e-01
1.763424873352050781e-01
2.774850726127624512e-01
1.529378741979598999e-01
1.959710121154785156e-01
2.974147498607635498e-01
3.567615747451782227e-01
2.861121296882629395e-01
2.646615505218505859e-01
1.482622325420379639e-01
2.055549472570419312e-01
3.656181395053863525e-01
3.383606374263763428e-01
4.345608353614807129e-01
4.089168012142181396e-01
1.859226673841476440e-01
2.441820651292800903e-01
1.697958558797836304e-01
2.030737698078155518e-01
2.945341169834136963e-01
3.708235323429107666e-01
3.103894889354705811e-01
3.614787757396697998e-01
2.837901115417480469e-01
1.886861175298690796e-01
4.314460754394531250e-01
2.955060601234436035e-01
2.275880575180053711e-01
2.731495499610900879e-01
1.833444386720657349e-01
1.108354777097702026e-01
3.232006728649139404e-01
2.887748479843139648e-01
2.569136321544647217e-01
1.547925025224685669e-01
2.060797661542892456e-01
3.717335164546966553e-01
2.232026755809783936e-01
4.553721249103546143e-01
2.132557779550552368e-01
3.222992122173309326e-01
1.863506585359573364e-01
3.265203237533569336e-01
2.479378879070281982e-01
1.256436705589294434e-01
8.110097795724868774e-02
3.184477686882019043e-01
2.846919596195220947e-01
3.336437046527862549e-01
3.922589421272277832e-01
1.809232085943222046e-01
3.056656718254089355e-01
2.618446350097656250e-01
1.628641039133071899e-01
3.330321609973907471e-01
1.446059942245483398e-01
3.656759858131408691e-01
2.691951394081115723e-01
2.675254344940185547e-01
3.763466477394104004e-01
3.140295147895812988e-01
2.990929186344146729e-01
1.793461143970489502e-01
3.255641162395477295e-01
2.576510310173034668e-01
3.688503503799438477e-01
3.075107932090759277e-01
3.443090319633483887e-01
2.787650227546691895e-01
2.176240682601928711e-01
2.725492417812347412e-01
2.261891067028045654e-01
2.201498448848724365e-01
3.073481321334838867e-01
4.251368641853332520e-01
2.697183787822723389e-01
2.900947928428649902e-01
1.762479841709136963e-01
3.176208436489105225e-01
3.336745202541351318e-01
2.164109796285629272e-01
4.436823129653930664e-01
2.476776391267776489e-01
3.206356465816497803e-01
1.431105434894561768e-01
2.546058893203735352e-01
3.217630982398986816e-01
3.306435048580169678e-01
2.311758249998092651e-01
2.109494805335998535e-01
2.486349344253540039e-01
2.135323137044906616e-01
2.251212000846862793e-01
2.572874426841735840e-01
2.261492758989334106e-01
4.618553817272186279e-01
2.519417703151702881e-01
2.360494881868362427e-01
2.669763267040252686e-01
2.121748775243759155e-01
2.762561440467834473e-01
3.736063241958618164e-01
5.914280191063880920e-02
3.594061434268951416e-01
2.558943629264831543e-01
2.508888840675354004e-01
4.517794251441955566e-01
2.383153289556503296e-01
2.219900190830230713e-01
2.266158163547515869e-01
1.268933713436126709e-01
3.335382044315338135e-01
2.487354874610900879e-01
1.495517939329147339e-01
3.662534952163696289e-01
2.363884299993515015e-01
1.053422242403030396e-01
2.196878343820571899e-01
2.910024523735046387e-01
3.383540809154510498e-01
3.426325619220733643e-01
3.786900639533996582e-01
2.675422132015228271e-01
2.380573898553848267e-01
3.191066384315490723e-01
1.732357591390609741e-01
2.484369277954101562e-01
1.724320352077484131e-01
2.831230759620666504e-01
3.130619525909423828e-01
2.070519477128982544e-01
3.307276368141174316e-01
3.700249791145324707e-01
4.161435067653656006e-01
3.007682859897613525e-01
2.278388589620590210e-01
2.124275118112564087e-01
1.710766404867172241e-01
1.655271202325820923e-01
2.338024377822875977e-01
2.186531573534011841e-01
2.041662037372589111e-01
2.912875413894653320e-01
2.507544159889221191e-01
3.076564669609069824e-01
2.020772397518157959e-01
3.049302399158477783e-01
2.273586541414260864e-01
4.914794862270355225e-01
3.706429898738861084e-01
2.159191966056823730e-01
2.159094214439392090e-01
2.045563310384750366e-01
1.829149872064590454e-01
2.219682335853576660e-01
2.695123255252838135e-01
4.021928906440734863e-01
2.298870533704757690e-01
1.891808062791824341e-01
2.413291931152343750e-01
2.526999711990356445e-01
2.184850573539733887e-01
2.814280688762664795e-01
3.990385532379150391e-01
2.944006621837615967e-01
2.267568856477737427e-01
2.050280719995498657e-01
2.259788513183593750e-01
3.996526896953582764e-01
2.993398308753967285e-01
1.936743408441543579e-01
2.327737212181091309e-01
2.664991617202758789e-01
1.972377449274063110e-01
2.936275899410247803e-01
3.184621930122375488e-01
2.055149823427200317e-01
2.707490324974060059e-01
2.542261481285095215e-01
2.132813483476638794e-01
2.460843473672866821e-01
3.423367440700531006e-01
2.537398040294647217e-01
1.617703586816787720e-01
3.166915476322174072e-01
3.261141180992126465e-01
3.017224371433258057e-01
2.844124138355255127e-01
1.366676092147827148e-01
2.407903969287872314e-01
1.956436634063720703e-01
1.763714253902435303e-01
2.734241187572479248e-01
4.124977886676788330e-01
2.274148017168045044e-01
2.341537028551101685e-01
3.306552767753601074e-01
3.291829824447631836e-01
2.472827583551406860e-01
1.583964079618453979e-01
2.526199817657470703e-01
2.846117019653320312e-01
3.338076174259185791e-01
1.974069327116012573e-01
3.303866684436798096e-01
3.352744579315185547e-01
2.271944433450698853e-01
3.105857074260711670e-01
3.114306926727294922e-01
2.513958215713500977e-01
1.985251903533935547e-01
2.579575479030609131e-01
1.376913934946060181e-01
3.491653501987457275e-01
2.761665582656860352e-01
1.791056245565414429e-01
2.882111072540283203e-01
1.755831092596054077e-01
3.685819208621978760e-01
1.973389536142349243e-01
1.568627208471298218e-01
2.770743370056152344e-01
2.211028933525085449e-01
2.168780118227005005e-01
2.841291427612304688e-01
1.689883023500442505e-01
3.996476233005523682e-01
3.940781950950622559e-01
2.892995178699493408e-01
2.150197774171829224e-01
2.480887919664382935e-01
2.319136261940002441e-01
2.429718971252441406e-01
4.262702763080596924e-01
2.463537305593490601e-01
3.321011364459991455e-01
1.872148811817169189e-01
2.007394880056381226e-01
1.854607611894607544e-01
1.977385282516479492e-01
3.710006177425384521e-01
1.754925847053527832e-01
3.155378401279449463e-01
2.173424363136291504e-01
3.361318707466125488e-01
2.358951270580291748e-01
3.954523503780364990e-01
2.331520766019821167e-01
2.254315167665481567e-01
2.979186773300170898e-01
1.829781979322433472e-01
2.851539552211761475e-01
2.717676162719726562e-01
2.919821441173553467e-01
3.798541128635406494e-01
1.875246912240982056e-01
2.624448835849761963e-01
1.773726940155029297e-01
1.839711517095565796e-01
1.332597583532333374e-01
3.210122287273406982e-01
2.993809878826141357e-01
2.896297872066497803e-01
2.062262296676635742e-01
2.851593792438507080e-01
1.755931079387664795e-01
6.737668812274932861e-02
2.141181081533432007e-01
2.778597474098205566e-01
3.489333391189575195e-01
4.202944040298461914e-01
2.965197861194610596e-01
2.345366626977920532e-01
2.397304922342300415e-01
2.714848220348358154e-01
2.577747404575347900e-01
2.781111001968383789e-01
2.518413960933685303e-01
1.596765816211700439e-01
3.837113082408905029e-01
2.486244738101959229e-01
3.662083745002746582e-01
1.985680460929870605e-01
3.755652010440826416e-01
2.013374418020248413e-01
1.916541755199432373e-01
3.373617827892303467e-01
3.338822722434997559e-01
1.999303698539733887e-01
2.705288231372833252e-01
1.767147779464721680e-01
2.940425276756286621e-01
1.842799633741378784e-01
2.352057695388793945e-01
1.923502832651138306e-01
2.730091214179992676e-01
2.442836165428161621e-01
1.415731757879257202e-01
3.457359075546264648e-01
1.360547691583633423e-01
4.257372021675109863e-01
1.256662160158157349e-01
3.750586807727813721e-01
2.282651066780090332e-01
3.707354068756103516e-01
2.047100514173507690e-01
8.295671641826629639e-02
4.801855087280273438e-01
1.384479105472564697e-01
2.708037197589874268e-01
3.550087809562683105e-01
3.570896983146667480e-01
2.977559566497802734e-01
1.869141757488250732e-01
3.007686734199523926e-01
3.156534135341644287e-01
3.542973995208740234e-01
2.999103963375091553e-01
2.688976228237152100e-01
3.084526956081390381e-01
2.184118628501892090e-01
2.978417277336120605e-01
3.593780994415283203e-01
3.691393136978149414e-01
2.229521572589874268e-01
2.703000307083129883e-01
2.189374119043350220e-01
3.165336847305297852e-01
2.019648998975753784e-01
2.483757585287094116e-01
3.171661496162414551e-01
1.590261161327362061e-01
2.680025994777679443e-01
2.583726048469543457e-01
2.270422726869583130e-01
1.263128966093063354e-01
1.315407156944274902e-01
2.678685188293457031e-01
2.499160170555114746e-01
2.609944045543670654e-01
3.970264196395874023e-01
2.841802537441253662e-01
2.444510161876678467e-01
2.243060022592544556e-01
2.817861437797546387e-01
3.112077116966247559e-01
2.981427013874053955e-01
2.738972604274749756e-01
2.947585582733154297e-01
1.063044071197509766e-01
2.603396475315093994e-01
1.591994166374206543e-01
2.418002039194107056e-01
1.812781244516372681e-01
2.655563950538635254e-01
3.279287815093994141e-01
4.098055064678192139e-01
2.827771604061126709e-01
2.809396982192993164e-01
1.960210949182510376e-01
2.768031954765319824e-01
1.862530559301376343e-01
2.361477911472320557e-01
4.222187995910644531e-01
2.772598266601562500e-01
2.975267171859741211e-01
1.829183101654052734e-01
3.756941556930541992e-01
1.744228750467300415e-01
1.967101842164993286e-01
1.594504117965698242e-01
2.313065826892852783e-01
3.354353010654449463e-01
1.818364411592483521e-01
1.423127055168151855e-01
2.635709643363952637e-01
3.527438342571258545e-01
2.189750224351882935e-01
3.104518055915832520e-01
3.056988120079040527e-01
1.702558547258377075e-01
3.335213363170623779e-01
2.306678444147109985e-01
1.687231361865997314e-01
1.091397404670715332e-01
2.854559123516082764e-01
1.882251352071762085e-01
2.020208090543746948e-01
3.267020583152770996e-01
2.327683717012405396e-01
2.921512126922607422e-01
3.359724879264831543e-01
3.441656529903411865e-01
2.322145104408264160e-01
2.392690330743789673e-01
1.415774524211883545e-01
3.037741780281066895e-01
2.273616343736648560e-01
3.515111804008483887e-01
3.221882283687591553e-01
3.620193600654602051e-01
1.074341535568237305e-01
3.072338402271270752e-01
3.026496171951293945e-01
2.671746909618377686e-01
2.182061374187469482e-01
1.935143917798995972e-01
1.788602322340011597e-01
2.755845189094543457e-01
3.243938088417053223e-01
1.543448120355606079e-01
3.137287497520446777e-01
1.977497190237045288e-01
1.891484260559082031e-01
4.535340070724487305e-01
2.458770275115966797e-01
2.738319337368011475e-01
3.400515615940093994e-01
2.560063004493713379e-01
3.937150239944458008e-01
2.533202469348907471e-01
2.244213521480560303e-01
2.948389053344726562e-01
2.364440262317657471e-01
1.789177060127258301e-01
2.597430050373077393e-01
3.821236491203308105e-01
2.410480529069900513e-01
1.339870095252990723e-01
2.154939770698547363e-01
1.951494067907333374e-01
1.604082733392715454e-01
3.196322917938232422e-01
1.731668412685394287e-01
3.607138395309448242e-01
1.267162114381790161e-01
3.032364547252655029e-01
2.924583256244659424e-01
1.564310491085052490e-01
3.058013319969177246e-01
2.723170518875122070e-01
1.890685409307479858e-01
2.883247137069702148e-01
2.847455143928527832e-01
2.507047653198242188e-01
4.129728078842163086e-01
4.291294217109680176e-01
3.226614296436309814e-01
3.510645925998687744e-01
1.810323446989059448e-01
1.717717051506042480e-01
1.726310104131698608e-01
2.277582138776779175e-01
4.400763213634490967e-01
2.845312058925628662e-01
2.975294888019561768e-01
2.924933135509490967e-01
2.334347218275070190e-01
1.381530016660690308e-01
3.018566071987152100e-01
2.695133984088897705e-01
2.726307809352874756e-01
4.320519268512725830e-01
1.152964308857917786e-01
2.857901453971862793e-01
3.933660984039306641e-01
2.473041564226150513e-01
2.709942460060119629e-01
1.925758719444274902e-01
2.908761203289031982e-01
2.662632763385772705e-01
2.165311127901077271e-01
2.232759743928909302e-01
2.832727730274200439e-01
2.672707438468933105e-01
3.110643625259399414e-01
1.742285788059234619e-01
2.158986628055572510e-01
1.495041251182556152e-01
1.623978763818740845e-01
3.736297488212585449e-01
1.559561789035797119e-01
3.253604769706726074e-01
1.535055935382843018e-01
3.161275386810302734e-01
1.768385320901870728e-01
2.501473426818847656e-01
1.147304698824882507e-01
2.310276478528976440e-01
3.468356132507324219e-01
2.115914076566696167e-01
2.382775247097015381e-01
1.592067927122116089e-01
1.583935767412185669e-01
3.787581026554107666e-01
2.176207453012466431e-01
2.642218470573425293e-01
2.696380615234375000e-01
3.681725561618804932e-01
2.041295170783996582e-01
2.574257552623748779e-01
2.052439451217651367e-01
3.154629468917846680e-01
2.255840897560119629e-01
2.765255272388458252e-01
1.800473183393478394e-01
4.818798303604125977e-01
2.067603170871734619e-01
2.710325419902801514e-01
1.975349038839340210e-01
3.057874143123626709e-01
2.236185371875762939e-01
2.809949219226837158e-01
2.819346785545349121e-01
2.575865983963012695e-01
1.811649352312088013e-01
1.758203953504562378e-01
3.697846829891204834e-01
8.943616598844528198e-02
3.220413029193878174e-01
2.606431543827056885e-01
2.953777015209197998e-01
1.389717608690261841e-01
3.176544904708862305e-01
2.977684736251831055e-01
1.814703047275543213e-01
2.217992991209030151e-01
2.891977131366729736e-01
3.219487071037292480e-01
1.622557044029235840e-01
2.199640572071075439e-01
2.589916884899139404e-01
1.938121318817138672e-01
3.854098618030548096e-01
2.255567610263824463e-01
1.995017677545547485e-01
3.665169179439544678e-01
1.917724907398223877e-01
2.772195041179656982e-01
2.476075589656829834e-01
3.639698922634124756e-01
3.200030624866485596e-01
1.397619247436523438e-01
3.138522803783416748e-01
3.011189997196197510e-01
2.560804188251495361e-01
2.693156599998474121e-01
2.871412038803100586e-01
7.916865497827529907e-02
2.759020924568176270e-01
3.148377835750579834e-01
3.140046000480651855e-01
3.118290007114410400e-01
2.022231221199035645e-01
3.394345343112945557e-01
3.147249221801757812e-01
2.876819968223571777e-01
2.918047010898590088e-01
3.085999786853790283e-01
2.933728992938995361e-01
8.036437630653381348e-02
2.766415178775787354e-01
2.228337153792381287e-02
2.685593962669372559e-01
3.096593320369720459e-01
2.528927326202392578e-01
2.949223518371582031e-01
3.852455019950866699e-01
2.110297381877899170e-01
1.891483366489410400e-01
3.982574045658111572e-01
3.719802200794219971e-01
1.547995954751968384e-01
2.208631932735443115e-01
2.863922119140625000e-01
3.053354918956756592e-01
3.434710204601287842e-01
2.271043509244918823e-01
1.761680394411087036e-01
3.192849755287170410e-01
2.407344430685043335e-01
2.646714448928833008e-01
4.175608754158020020e-01
1.183962970972061157e-01
2.446437627077102661e-01
1.138142272830009460e-01
2.528087198734283447e-01
3.596130311489105225e-01
1.625944077968597412e-01
2.961360216140747070e-01
1.987432837486267090e-01
3.508511781692504883e-01
9.158372879028320312e-02
3.802870213985443115e-01
2.550941407680511475e-01
1.434031426906585693e-01
3.977210521697998047e-01
3.477094769477844238e-01
3.039560616016387939e-01
2.626115679740905762e-01
2.003487199544906616e-01
2.235837429761886597e-01
3.216646015644073486e-01
3.020583987236022949e-01
3.227036297321319580e-01
3.168432712554931641e-01
2.683238983154296875e-01
1.822418719530105591e-01
3.315041363239288330e-01
3.335039317607879639e-01
3.405308425426483154e-01
2.558183670043945312e-01
2.302891314029693604e-01
3.172876834869384766e-01
3.381966650485992432e-01
2.663405239582061768e-01
3.218836188316345215e-01
2.399513274431228638e-01
2.120779007673263550e-01
2.066968828439712524e-01
2.160735577344894409e-01
2.707066833972930908e-01
3.524868488311767578e-01
3.741360008716583252e-01
1.828174591064453125e-01
3.359362185001373291e-01
2.542130053043365479e-01
2.391077131032943726e-01
2.452457994222640991e-01
2.998955249786376953e-01
1.790221929550170898e-01
2.405888140201568604e-01
3.284895122051239014e-01
2.727443575859069824e-01
2.243009209632873535e-01
2.643057107925415039e-01
2.324861288070678711e-01
4.869929254055023193e-01
1.476565301418304443e-01
2.987251877784729004e-01
2.163785248994827271e-01
1.808935701847076416e-01
3.230673372745513916e-01
3.046211600303649902e-01
3.249563574790954590e-01
2.282463312149047852e-01
3.507066667079925537e-01
2.226846069097518921e-01
2.073422521352767944e-01
3.198660612106323242e-01
2.210263311862945557e-01
2.028386443853378296e-01
2.301092743873596191e-01
3.408761024475097656e-01
2.586428225040435791e-01
1.691991239786148071e-01
3.995737433433532715e-01
3.524689376354217529e-01
2.156949043273925781e-01
2.991235852241516113e-01
3.272021710872650146e-01
3.433971107006072998e-01
2.197523266077041626e-01
2.971099913120269775e-01
2.240676581859588623e-01
2.707805037498474121e-01
2.496715039014816284e-01
1.970349848270416260e-01
2.734868824481964111e-01
3.520402908325195312e-01
2.456747740507125854e-01
1.929291039705276489e-01
1.549212634563446045e-01
3.294056951999664307e-01
1.583681851625442505e-01
3.529843986034393311e-01
1.923193782567977905e-01
2.471364885568618774e-01
1.168317496776580811e-01
3.075401186943054199e-01
1.591663062572479248e-01
1.783660501241683960e-01
3.048982024192810059e-01
3.409299552440643311e-01
2.693618535995483398e-01
3.111495077610015869e-01
2.825020551681518555e-01
3.278033435344696045e-01
2.035260647535324097e-01
8.745754510164260864e-02
2.420700043439865112e-01
9.774162620306015015e-02
3.496993184089660645e-01
2.162391245365142822e-01
2.661643624305725098e-01
3.504710495471954346e-01
2.614561915397644043e-01
1.420977413654327393e-01
2.018098682165145874e-01
2.082896828651428223e-01
3.194624483585357666e-01
3.452036380767822266e-01
1.170768439769744873e-01
1.831399053335189819e-01
1.353557258844375610e-01
3.328211605548858643e-01
2.724245488643646240e-01
1.754392832517623901e-01
2.980324327945709229e-01
3.114364743232727051e-01
1.991083323955535889e-01
1.114145368337631226e-01
1.572372317314147949e-01
2.088413089513778687e-01
3.055081963539123535e-01
3.241742849349975586e-01
2.904377877712249756e-01
2.371961921453475952e-01
1.554262638092041016e-01
2.551061511039733887e-01
3.151841461658477783e-01
3.000770509243011475e-01
1.278388053178787231e-01
2.298321574926376343e-01
1.890435665845870972e-01
2.307689934968948364e-01
2.658490836620330811e-01
1.993859559297561646e-01
2.871172130107879639e-01
1.825102865695953369e-01
2.389679551124572754e-01
2.374800294637680054e-01
2.383896559476852417e-01
2.283510714769363403e-01
3.776153922080993652e-01
3.645085990428924561e-01
2.779950499534606934e-01
1.769466847181320190e-01
2.752222120761871338e-01
3.553111255168914795e-01
2.579430639743804932e-01
4.054833054542541504e-01
3.372423946857452393e-01
2.195575982332229614e-01
3.986316919326782227e-01
1.448144614696502686e-01
2.751125991344451904e-01
3.547663688659667969e-01
2.103526741266250610e-01
3.018734455108642578e-01
2.395496517419815063e-01
2.411155253648757935e-01
1.432349979877471924e-01
2.188205868005752563e-01
2.255673110485076904e-01
2.592560648918151855e-01
2.018460333347320557e-01
1.470870971679687500e-01
3.139001429080963135e-01
2.261630743741989136e-01
1.921618580818176270e-01
1.597451120615005493e-01
1.966040879487991333e-01
3.559621572494506836e-01
3.232826888561248779e-01
2.759269773960113525e-01
2.314027547836303711e-01
3.283841311931610107e-01
2.850403189659118652e-01
1.019489914178848267e-01
2.049431949853897095e-01
3.034620583057403564e-01
3.714152574539184570e-01
1.927657276391983032e-01
1.583724468946456909e-01
1.450058817863464355e-01
2.224465459585189819e-01
2.506563365459442139e-01
2.599299550056457520e-01
3.322892487049102783e-01
2.683781683444976807e-01
3.044611811637878418e-01
2.111175656318664551e-01
3.705694675445556641e-01
1.896919608116149902e-01
2.013244926929473877e-01
2.692115306854248047e-01
3.159567415714263916e-01
2.408321499824523926e-01
3.487437069416046143e-01
1.494105309247970581e-01
2.560650706291198730e-01
3.358666598796844482e-01
2.847185730934143066e-01
2.435363382101058960e-01
3.426070809364318848e-01
2.253678590059280396e-01
2.049521505832672119e-01
2.424060106277465820e-01
2.085843235254287720e-01
2.955585420131683350e-01
1.950956284999847412e-01
2.321809679269790649e-01
1.324590146541595459e-01
1.346706449985504150e-01
1.604155451059341431e-01
1.319442242383956909e-01
1.256903260946273804e-01
3.686566650867462158e-01
3.259217441082000732e-01
2.806642353534698486e-01
1.709123700857162476e-01
1.887038499116897583e-01
1.815864145755767822e-01
1.093591302633285522e-01
3.376792669296264648e-01
2.590346932411193848e-01
2.774557769298553467e-01
3.415912091732025146e-01
4.498335421085357666e-01
2.728643417358398438e-01
2.078404277563095093e-01
3.134690225124359131e-01
2.781789302825927734e-01
3.850498199462890625e-01
3.268788754940032959e-01
2.609215378761291504e-01
2.002546042203903198e-01
2.859047949314117432e-01
3.741198480129241943e-01
2.530624270439147949e-01
2.986264228820800781e-01
3.198541998863220215e-01
2.713458240032196045e-01
3.174427151679992676e-01
