3.621004587833765775e+00
4.127786350995434894e+00
2.422961208988766213e+00
3.531409546218506001e+00
3.508666987964441208e+00
6.249528300167213501e+00
2.520236158960293960e+00
4.242733985210604075e+00
4.204697950917224425e+00
3.565270760053718568e+00
3.724223280189054464e+00
3.709396103378960863e+00
4.510309471387403235e+00
5.446766952888570046e+00
3.453014930583755415e+00
4.364425077109191697e+00
4.026320548479837669e+00
3.240138426003264183e+00
5.462825688833234494e+00
5.502806264629689359e+00
5.219255727386453714e+00
3.469603064227844147e+00
3.413769040024642099e+00
3.725183554547157883e+00
3.269410748401024858e+00
5.428312318537702019e+00
3.267007852338469576e+00
3.032542194175914751e+00
3.378171727363868282e+00
4.736269357820545700e+00
3.193891841919008545e+00
2.667405186810935191e+00
4.747797801777139171e+00
4.482699856206275868e+00
3.846734542090772813e+00
3.760474383382062413e+00
1.521656117234395644e+00
3.566709721617271622e+00
4.463566709923826537e+00
4.544618247949278711e+00
3.857363948015484656e+00
2.712814703339820888e+00
4.107193877920860992e+00
3.913031570595931541e+00
2.974939973053753128e+00
4.757725007799788131e+00
3.073707459119685126e+00
5.187031369353256594e+00
4.065014280621641163e+00
5.454575750200632456e+00
3.292925487162562170e+00
2.635330981678383200e+00
3.981979001176363830e+00
3.859445336002449434e+00
3.228626450046222729e+00
4.760853674488437548e+00
4.357979843807725295e+00
3.199512899539432631e+00
3.657670742187042023e+00
3.860508662924010181e+00
4.916971362419758407e+00
2.696218819622526297e+00
3.190102663042591491e+00
4.753832224118616168e+00
4.377690620991500303e+00
5.389990748655373309e+00
4.276080008318089654e+00
4.151060337131595723e+00
4.882638587199026325e+00
5.753690513828482622e+00
3.531516998067198543e+00
4.937267283666925799e+00
3.381648808999098588e+00
5.234534998754539536e+00
5.309054621954286901e+00
5.178163815310355744e+00
4.494709403742562337e+00
3.836215298254218364e+00
4.843646401425161230e+00
3.215078249220639339e+00
3.262258759953127196e+00
5.343151105186452199e+00
3.596351357861024667e+00
4.331108792057761114e+00
3.205638188717453652e+00
3.189308476194858244e+00
4.116777269159190844e+00
2.577964902822935223e+00
4.366240018475355811e+00
4.232476503576869220e+00
2.953394800171366352e+00
4.570384389453301388e+00
4.488763649801154720e+00
4.133585055563918864e+00
3.719462800307443917e+00
3.645544371269986872e+00
5.921758797271871266e+00
3.571543972987597293e+00
5.292159466660235623e+00
5.014178937434795813e+00
5.108968071267438127e+00
4.395024636269579510e+00
4.908258213422463712e+00
4.057707798689512479e+00
4.268309304671596749e+00
3.406931686064474718e+00
5.590508887002616056e+00
3.474905206163521942e+00
3.700845845894635389e+00
5.007192362572274291e+00
3.520257358744265819e+00
2.629571854473736092e+00
4.306260960336027566e+00
4.337184005287365807e+00
3.037123778403069352e+00
4.952524861466744532e+00
4.855810499850664819e+00
3.863336586019177510e+00
4.954103592385846966e+00
4.165049001020240560e+00
3.837996683617364013e+00
3.287626915112474180e+00
3.449892789112252611e+00
4.181018713306362322e+00
4.255153310629169461e+00
3.743101084738189144e+00
2.693316642447085130e+00
4.310460362821679325e+00
4.463695469537301008e+00
4.262860375684208059e+00
3.639850652150002919e+00
4.934046806299471122e+00
5.588041635351289393e+00
4.774062037010344817e+00
3.759531890370273910e+00
5.003464715437352162e+00
5.414796420997324944e+00
4.113787037424033954e+00
4.440661919905760868e+00
4.255759680580570858e+00
3.500702884209558885e+00
5.956613886284481296e+00
3.246331079146384635e+00
4.802669529432015416e+00
4.324229659740992382e+00
4.680361196349815955e+00
3.572364697701578606e+00
3.033538074526946016e+00
3.199116816616351944e+00
4.349868486611272012e+00
4.012046935319081520e+00
3.799900101214197079e+00
4.960897280797239794e+00
3.358756052439436424e+00
4.555601543323473557e+00
5.256520670858887634e+00
4.352412547348901484e+00
3.865856707776539558e+00
4.230049532029109827e+00
5.546886716850587540e+00
5.751376689831093181e+00
2.154305946557309781e+00
3.132419079365841075e+00
4.232599733958180011e+00
3.576089142620234362e+00
3.361276619820071865e+00
3.665019713998454609e+00
4.130402241924979734e+00
3.404074280325753321e+00
4.177704720935781602e+00
2.859372702444070491e+00
3.777789428786451520e+00
3.985268488320168334e+00
5.159282983595739225e+00
2.983338116211066815e+00
3.633545045364320103e+00
4.046800145295313733e+00
3.628218954749129033e+00
2.972741603608904271e+00
4.413687963626203192e+00
3.436971969384691405e+00
5.767915952589694584e+00
2.863200949876943735e+00
4.742751752951786415e+00
5.819407609148097293e+00
4.634665083380593131e+00
5.486451294484963270e+00
4.170763272623206674e+00
4.022377694201638043e+00
3.730625193456336586e+00
5.408858343561577797e+00
4.507485744483854972e+00
4.602739914775822783e+00
3.344960685793620048e+00
4.126820502457824169e+00
3.689159465446481434e+00
3.343684643869983653e+00
3.739108617704684612e+00
3.525323526759009507e+00
3.080332151197791468e+00
3.316793937475528420e+00
4.997457286034313384e+00
4.096998209157386661e+00
3.695068302426761431e+00
4.023028242898882390e+00
4.536628270923048767e+00
4.302581207711037692e+00
3.477712854004114895e+00
4.723842958345978005e+00
4.614959709926987230e+00
5.487823525170865580e+00
3.721835281059254541e+00
6.904762894664608908e+00
3.220929491691394642e+00
4.333357293317303238e+00
5.009880712670875980e+00
3.689779499145791508e+00
4.874901767298916333e+00
2.561616020670548277e+00
3.911049665352140270e+00
4.884203997569041888e+00
2.936095363273527603e+00
6.004248697626984210e+00
3.094644093853564648e+00
3.037950444307877973e+00
4.545099078601710474e+00
4.217913007678389725e+00
3.687957882788197139e+00
6.214184295770435185e+00
5.345230125352766315e+00
4.126657105615676002e+00
4.663222243509793863e+00
2.987186682747644539e+00
3.084210854629332310e+00
4.614346457300618987e+00
4.315441796914821104e+00
4.430855182433869999e+00
4.483404355323815871e+00
4.686252203876348332e+00
3.680827646351886973e+00
2.311443624794462526e+00
3.591785475288101104e+00
4.572520160487639984e+00
3.357323917246706646e+00
6.434554579398226615e+00
5.921538785436352370e+00
3.648948926533130521e+00
4.605836478690748415e+00
4.251559527265126981e+00
6.238269619208034911e+00
5.915165813741796619e+00
3.099142037113220560e+00
2.766475780320339695e+00
5.158803189074474105e+00
2.759436465332946398e+00
4.356788614105244761e+00
3.027384097847305000e+00
3.922734029301826908e+00
2.752809646582634162e+00
4.261739355129806839e+00
4.440394805563264491e+00
2.924619560443750821e+00
3.544235858459749533e+00
4.065819887413574030e+00
4.482611582330487288e+00
4.440871165266764287e+00
4.171276301448735957e+00
4.287582293882054252e+00
2.848374160631245822e+00
5.974870286779180084e+00
4.014104887285181000e+00
3.386122750904929646e+00
4.043036928523014772e+00
3.308736766259238404e+00
3.155921560426965033e+00
4.493386428176633807e+00
4.119591938065692460e+00
5.846000012772459620e+00
6.441987424859260791e+00
2.773636293250710150e+00
3.202344537417446624e+00
4.404197899887842382e+00
3.129010487708055344e+00
4.622179780615844003e+00
4.937959565726239397e+00
2.265345539201474967e+00
4.051396275851299578e+00
4.890111209176844831e+00
3.538384978606532449e+00
4.048835851313489442e+00
3.586012460719042672e+00
2.312063953777310221e+00
2.795844925838845807e+00
5.648647914124374836e+00
4.389378209352697624e+00
4.240693339639588721e+00
4.719362748434005717e+00
2.770143723693168969e+00
5.313657947543657833e+00
4.467366030068180116e+00
3.690164681281072667e+00
1.955580624226025632e+00
4.386644626595781915e+00
3.480240715490660719e+00
5.324836927200785830e+00
3.221998221743993085e+00
3.886609817723182481e+00
3.880813111554136885e+00
5.215028171772097210e+00
3.853414625945694727e+00
3.806021494279278716e+00
2.898742848216909529e+00
2.951662775484952483e+00
3.448718599818779040e+00
3.873425458689527368e+00
5.396282220812216757e+00
4.096994801627350746e+00
4.859779394054897672e+00
4.639592677093940409e+00
2.212038637866317714e+00
1.837541753355235397e+00
4.218178628274807274e+00
4.496281944591003388e+00
1.977771176247631990e+00
3.538620512024891251e+00
4.651457223620007575e+00
3.659743055971317993e+00
4.343102342873570443e+00
4.646022702695732143e+00
4.211018131341335291e+00
3.499665742527966916e+00
2.157350148983148586e+00
4.956503415341224184e+00
3.897420411100595228e+00
2.867118031186329574e+00
4.011929684784693251e+00
4.826634066617542018e+00
3.266787496526610823e+00
4.125755778885515035e+00
5.215353568332415257e+00
3.974832705897591634e+00
3.170088157717501520e+00
4.039279512710576725e+00
3.406324838944316813e+00
1.742507617072084569e+00
5.230161697050576208e+00
4.273221775200914507e+00
5.244296156237112427e+00
4.777723859633233872e+00
3.757115669783875678e+00
2.495280736492433871e+00
3.058491131673383823e+00
4.431617572615268230e+00
3.232473046191076893e+00
4.722852017479939768e+00
3.349934365122470226e+00
3.999729630731311047e+00
4.425636851159535645e+00
3.677218636078197100e+00
4.534422970939671949e+00
2.460383305698868650e+00
3.731159557276555905e+00
3.368051037290508809e+00
3.125347073890256233e+00
3.412514451451439612e+00
4.250626164549966113e+00
4.275865119523190039e+00
5.236231769710318673e+00
4.899016380097599210e+00
5.240342016122983004e+00
4.225516558290635771e+00
2.308153087971664519e+00
2.505651186939911845e+00
3.337822452920633065e+00
4.449615728284731730e+00
3.723253697583671862e+00
2.863784803064468143e+00
5.574124853149669434e+00
4.190774079560911858e+00
4.787971003764336153e+00
2.921199555897852740e+00
4.057805503352077459e+00
5.393401020237972965e+00
2.924423159605872513e+00
3.141563396441401146e+00
3.758730152031818594e+00
3.310852892040798245e+00
4.185826528305319094e+00
3.740268695192252135e+00
4.288761551634520330e+00
1.779283811422272876e+00
4.358693007847177725e+00
2.556359974261444457e+00
3.932308298695204485e+00
4.852148978063157259e+00
4.296058567377431636e+00
4.477961557521128455e+00
3.956369574315999671e+00
3.635051288785881685e+00
4.169090894003466552e+00
4.369786217802530182e+00
3.558724432757393696e+00
5.074997101104658626e+00
4.728697971296198510e+00
4.593991933866146127e+00
3.994171764220267207e+00
4.358772413163137571e+00
4.209248665168303205e+00
3.994131382627031712e+00
2.535896131361291772e+00
3.616800232334937082e+00
4.391537863382821705e+00
4.760584029223663194e+00
5.707370063863005605e+00
4.330517042953887064e+00
5.058420766339158270e+00
1.783541922339875185e+00
3.777251021562155753e+00
4.267363669619524735e+00
3.403498004862126169e+00
5.605078890922207790e+00
2.482991204278190089e+00
2.872027847017239566e+00
4.375184803223369556e+00
5.511211842391715798e+00
4.968394848131929997e+00
3.434856289309643707e+00
5.275849191203339394e+00
3.985535246411391341e+00
3.578933555146877499e+00
3.660166405251114696e+00
4.693646200574033145e+00
4.033555159700543236e+00
4.953971462204121323e+00
4.784666109000542455e+00
4.536931815949341029e+00
3.158177980983567945e+00
2.908229665637180883e+00
3.658703430207923990e+00
2.935494725187804299e+00
3.214451598032277424e+00
4.301986283681706880e+00
4.287163026347474926e+00
4.407652102999191968e+00
3.665985485714426062e+00
4.695242524712382348e+00
5.043840607485382321e+00
3.705100555509588833e+00
4.444773026606473110e+00
4.688315120513205869e+00
4.768538260583476074e+00
4.266630399201225110e+00
2.897022028312430830e+00
3.254190660114818279e+00
4.458683343890801787e+00
3.117121468902297909e+00
3.355588492175502147e+00
5.383871811102521221e+00
3.652393731994291848e+00
3.330223673456944145e+00
2.420364460020131059e+00
6.009295236084025049e+00
5.358027407838390488e+00
4.023303209431473348e+00
3.185509956979798218e+00
3.313200697833933894e+00
4.348458897753698871e+00
3.955055242019015260e+00
2.237071002024432875e+00
3.320891664843751201e+00
4.825711575093391659e+00
5.111392378521332880e+00
4.448337194131586791e+00
3.387181041089659672e+00
4.376002166457149123e+00
4.003406408480858047e+00
2.659974592044793251e+00
4.079424070327481999e+00
3.028726303610224324e+00
6.204869192811834466e+00
5.020689886649959632e+00
3.972262954449224281e+00
3.297214261958772319e+00
3.955892309775952853e+00
4.273271280728358157e+00
3.876370879130205616e+00
5.057956387834299683e+00
2.756554343095184656e+00
3.542051748809548872e+00
3.866100256406983959e+00
2.657514557881631490e+00
4.492632943301053672e+00
4.354797589110326328e+00
3.425133027642414785e+00
2.698308519948001472e+00
2.966272081690254137e+00
5.838626934201714747e+00
3.072410395651669290e+00
5.557653242068362864e+00
4.205813219980460538e+00
4.176557924380824183e+00
4.910998495203924286e+00
5.190984227060549294e+00
5.213543656603627063e+00
4.310852918883410823e+00
3.256656557496233617e+00
4.429664395251394104e+00
3.835554935169624979e+00
3.552427315412336473e+00
5.218368310025327084e+00
3.645415675794433152e+00
2.037005615635735456e+00
5.116514017894953525e+00
4.316999563472726287e+00
3.329056812144681299e+00
4.322625275173136217e+00
5.428645156835790075e+00
5.280607734231744566e+00
4.035927569479726529e+00
3.229364314538050618e+00
3.186571673154900086e+00
5.291608662841779775e+00
4.629221952674026141e+00
5.024428348010241407e+00
4.803667142975142745e+00
3.483781497189164522e+00
2.476572081103501688e+00
3.200072328044676340e+00
2.718736153762382202e+00
3.915184674267610188e+00
4.069852907868996006e+00
4.337962704362483102e+00
3.938957441714790786e+00
3.711738281887685620e+00
4.206020735121778209e+00
4.856041499926289084e+00
3.902516922755403517e+00
4.951195548043201278e+00
3.175833080683750254e+00
4.845754721599467629e+00
4.340245999287577483e+00
3.308937151362591145e+00
3.344412206271005772e+00
3.779419450657098167e+00
2.261894440919998583e+00
4.086846438197762055e+00
3.961105048458353206e+00
2.677740823085331900e+00
3.281721506919831555e+00
4.638435215045506155e+00
5.282794083338668401e+00
4.152290701559300246e+00
4.503617658985881178e+00
4.233997462932689082e+00
4.035634345494512054e+00
3.854028144018733393e+00
2.914425744167393528e+00
3.439473562949673990e+00
4.369110879990112828e+00
2.353743271028720940e+00
4.399529660023158151e+00
4.284215783582768111e+00
3.964925396409035407e+00
3.400969602879458265e+00
4.288580285165181749e+00
3.099791139246552696e+00
3.231599081659889183e+00
2.223017201575982593e+00
3.966209141765824064e+00
2.405124180179153193e+00
3.420866917263640783e+00
5.081654726087152518e+00
3.549248424073792041e+00
3.908597873371647768e+00
3.523607667327869564e+00
6.095375498624279187e-01
3.549818143984332153e+00
2.751484460635457818e+00
4.061317406686227649e+00
4.822156621764124296e+00
3.638695917367700261e+00
4.754369090039661572e+00
3.124662385944557030e+00
3.397467483483714190e+00
4.191716115538358878e+00
3.757184589618183690e+00
2.978579144213570729e+00
4.291400063999412318e+00
4.544558111121382638e+00
4.850757798003985322e+00
4.085115249474468690e+00
4.913696817976579645e+00
4.020194439672788889e+00
4.729100352912354310e+00
5.330873514143143588e+00
5.094558534126462312e+00
3.988955443002391466e+00
4.074059862045066538e+00
3.555447281443317564e+00
3.017854629697895419e+00
3.404149548227485944e+00
2.713910776918316170e+00
3.719685262927910685e+00
4.996220545383522449e+00
5.692828478834301542e+00
3.539340259590991522e+00
3.694993460003207719e+00
5.313694161392800375e+00
3.957019148983855317e+00
3.409577386902640228e+00
2.766778045737453340e+00
4.882920808713102190e+00
4.802623334870480321e+00
2.813138877236737390e+00
4.509754073052554268e+00
4.458178324590417851e+00
5.853491148123858068e+00
4.828208827175797246e+00
2.685417002826713695e+00
3.409172998390878728e+00
4.280547813165192395e+00
4.054989918940719917e+00
2.923096912339664399e+00
3.210077200303292244e+00
4.951905874813898656e+00
5.024367122763168325e+00
3.833198519268421922e+00
5.356267919076062256e+00
4.361531210856426810e+00
4.288343537662886007e+00
4.164434403329908108e+00
4.091713155147029823e+00
4.594774291794485599e+00
4.129945010696601138e+00
5.627171906136013035e+00
3.112891630898033224e+00
4.548238845473559167e+00
3.584623663942065441e+00
4.305372706499795754e+00
3.529762423930282722e+00
4.354291291755059135e+00
4.468100080348455627e+00
3.099422749655213583e+00
4.719994682282282916e+00
3.587155073854094045e+00
4.251870548966079966e+00
4.762321423219235683e+00
3.143813728468512370e+00
5.295327511356966887e+00
4.596388596104430846e+00
2.726566197749151321e+00
3.339618280144463380e+00
3.666178449403954431e+00
3.320633865503229920e+00
4.127861787225167056e+00
4.658885817860514145e+00
4.729298508249167199e+00
2.472127530451357469e+00
3.048127267639433313e+00
5.313613372121576361e+00
5.146939119539735152e+00
5.635166839672476335e+00
3.292997727218686332e+00
2.448027896475683640e+00
3.806523111292543060e+00
4.645729214021834252e+00
3.126356346460071212e+00
4.401759680073351610e+00
4.442373380297010677e+00
4.012056925448657552e+00
4.442429413408947703e+00
3.376337346841637999e+00
3.756088670843586552e+00
4.035495223268380727e+00
3.556368423131933021e+00
5.942419928687504793e+00
5.627788573206152556e+00
4.351522168574686766e+00
3.252595145591480996e+00
4.500433376800032192e+00
2.983981860730605451e+00
3.526781611464635535e+00
4.669420731298966842e+00
3.148933843429371215e+00
3.875854222062542043e+00
4.631734829465982806e+00
4.577046803687531806e+00
5.824103588129132980e+00
2.373223862660251982e+00
3.844926277448633023e+00
3.828062453022133216e+00
4.659653841415768660e+00
2.378493651365660266e+00
4.021514386812514275e+00
4.309729276604875814e+00
5.253972413915842132e+00
3.720290529016888392e+00
4.097089798006941841e+00
3.280390056811798960e+00
2.418445504351828035e+00
4.077581588288168746e+00
3.504607041930156708e+00
4.224373543964751399e+00
3.700861890458705616e+00
4.362559312621424823e+00
3.493745175220235755e+00
4.977634661710863995e+00
4.326267880017691247e+00
3.807675710416062120e+00
5.206903678462029283e+00
3.772089602768142313e+00
4.237561860847950612e+00
4.070376532525173729e+00
3.424363157581868933e+00
5.648639179258839960e+00
2.948535433998441757e+00
2.482495408209705268e+00
4.479533385126326372e+00
5.118141832845235051e+00
5.911435020972508170e+00
3.772346529826354988e+00
4.679592000287734699e+00
5.015308972071274241e+00
3.205931722971922415e+00
4.292591940626469871e+00
5.246004774462696751e+00
4.896854824242320881e+00
4.821705369092972759e+00
4.339982954990180275e+00
2.025413052937661273e+00
3.385749247038502663e+00
3.332349231411197987e+00
4.651677830981284067e+00
3.349244724867330270e+00
4.146659796810253873e+00
5.568558855736693403e+00
3.792614355405527160e+00
2.973787805539223505e+00
3.771244372098348840e+00
3.262517287146065925e+00
4.261883525542740081e+00
2.374272601819980455e+00
3.361304136604921222e+00
3.339522427615917444e+00
5.063477011630411972e+00
4.488203437580876809e+00
3.664572328800041134e+00
5.791500704687719825e+00
6.205761034529502673e+00
2.936545632126129846e+00
6.057211070792543062e+00
5.971382349138232293e+00
4.780531967029908458e+00
4.685096831709650189e+00
3.016043285082109282e+00
3.890070296841154462e+00
4.368322961559393924e+00
5.397859453201719226e+00
4.487998920263006397e+00
5.116621375488824341e+00
5.338689668892701690e+00
2.440662291126648675e+00
6.638936949314893532e+00
4.224362692944422015e+00
3.040392018493077941e+00
4.989738300635202073e+00
2.699496530915522108e+00
3.994742190767820667e+00
5.440540762354917348e+00
4.921507547610467270e+00
3.809206627468718409e+00
6.272163417724154755e+00
5.381950221020198377e+00
2.832749205080784538e+00
5.618041934511389002e+00
3.151328328461850958e+00
3.719365536889632118e+00
4.088626309691560046e+00
3.930622562911423756e+00
4.515020795242070228e+00
3.825628139429263275e+00
3.155554294813041061e+00
3.406521265793389652e+00
4.920198944083561621e+00
3.326672898328535855e+00
5.444169250075659328e+00
4.772711553660211159e+00
3.708897459467016766e+00
3.257018331307885983e+00
4.585147900746008531e+00
3.877371065395748051e+00
2.927727302920098307e+00
4.260134009250534426e+00
3.489304080188857515e+00
4.252355033640954574e+00
4.407354556349678987e+00
4.026648764879664277e+00
4.200601691451864461e+00
4.176190775256349852e+00
4.238614787055436928e+00
4.156172612002061229e+00
3.990660149706781734e+00
2.855409977901057328e+00
5.144074405762841806e+00
2.010535100992313584e+00
4.572578128174539458e+00
5.146474660533069567e+00
5.433728764966188507e+00
4.028825161010985312e+00
5.058939471906853669e+00
4.010022529220354848e+00
4.379717112945199275e+00
3.720784999213549771e+00
5.079127770508050865e+00
4.286031820912786117e+00
3.730833727195685068e+00
4.410248629707545831e+00
4.634760680542814093e+00
2.308840258269305501e+00
3.106465991935646098e+00
4.288355773555708517e+00
3.860475345776248624e+00
4.914136575514592487e+00
4.369663829554625067e+00
5.275353945382985188e+00
3.768035579143016900e+00
5.238918997489935947e+00
6.221058749831103185e+00
2.680701906839647819e+00
4.478210134963104494e+00
2.629398948795665270e+00
2.909803113882484027e+00
5.868458180345862196e+00
2.752576626378060443e+00
3.430536907730211915e+00
2.091406138706582762e+00
2.694414894207285638e+00
3.323096777739241947e+00
4.225716013623666001e+00
4.011452527195720208e+00
5.616605569804606013e+00
4.449055841261783328e+00
4.201086620380810821e+00
3.160923238390812351e+00
5.001057052310704520e+00
3.794589071173315009e+00
3.746930731846902063e+00
5.323576174269610384e+00
4.793962098418140805e+00
4.391649334527071957e+00
4.194431512823624253e+00
4.572358587202653091e+00
4.914354588373746502e+00
5.640118977254047650e+00
5.581947626883331459e+00
4.213843056791311881e+00
2.757462011594628670e+00
3.985641676894362995e+00
4.753697370703280356e+00
2.363880407033934539e+00
2.422992030884447257e+00
4.205896694154970916e+00
3.045212556527590042e+00
2.470929829265953170e+00
3.368192194805443407e+00
3.787486127219271026e+00
3.652722950378217259e+00
5.034282923699734624e+00
4.826382874828104796e+00
2.106767373311950298e+00
3.753191011521742393e+00
4.240567063496147426e+00
2.560490452626440927e+00
3.587057778957662535e+00
4.068563417713209063e+00
3.312296390926769973e+00
5.969895394413956780e+00
4.412744026185977830e+00
4.280662923374678464e+00
3.894744703944468256e+00
4.846509356758819109e+00
4.094051948809696029e+00
4.986439570119580722e+00
4.046310741178968939e+00
4.339600956809750443e+00
5.316297695338753293e+00
4.264238634514621928e+00
2.645094261437887173e+00
3.991192781208019458e+00
3.897064771511784542e+00
3.157382594165718093e+00
3.852478492764547457e+00
4.733361479178642028e+00
2.870746676304000378e+00
4.405386650456691200e+00
3.492256685974630681e+00
4.621533020997406815e+00
5.133035777232702657e+00
4.044060475475820482e+00
3.569532363492529115e+00
3.498534263042889947e+00
4.333484456874022506e+00
4.688213265567744870e+00
5.198853322064869609e+00
3.820337777667088819e+00
2.470007599891309802e+00
3.401059699775554890e+00
3.683562085871781910e+00
3.705326510019456343e+00
3.771657533187370959e+00
4.386264329826416564e+00
2.895433696435368187e+00
3.425169606924831633e+00
2.812723346747005859e+00
3.404478858351030812e+00
3.261259067320333660e+00
4.840633643251114115e+00
3.764077170809014383e+00
5.530890667500731439e+00
5.125127284012376272e+00
3.163689160384124843e+00
4.745159256638920908e+00
5.541812814193001202e+00
4.578037334877038234e+00
4.522780633071261214e+00
4.630016612561380640e+00
5.129144015989582250e+00
3.727898513710108386e+00
5.205774436989656806e+00
3.313891392463716556e+00
4.074787920883391479e+00
3.933518445832657306e+00
2.872039381627692567e+00
4.490302512726853656e+00
4.733043432803243356e+00
4.455529611590378636e+00
4.333103251378941145e+00
4.288318579220823601e+00
4.237064519393427986e+00
3.369597079812991502e+00
3.629276633657627649e+00
4.652753815357121070e+00
3.114504269407894377e+00
5.013308238101715553e+00
2.774969735422909256e+00
3.969305335525044942e+00
4.835368986835678839e+00
3.890226121658858727e+00
3.834729349917854524e+00
2.099029099407901278e+00
3.455757920056409915e+00
3.122503558101093368e+00
3.410782891850538512e+00
3.981912548142864328e+00
5.269545429177406426e+00
3.985509495468193109e+00
4.278263938857325144e+00
4.954082667823284325e+00
4.342053657343259765e+00
1.864274912764002368e+00
5.327838467388839483e+00
3.390971253362534465e+00
3.831315998274333001e+00
3.987970742631458787e+00
5.779966831894038926e+00
4.318105920440512335e+00
4.919088446199586073e+00
5.257815001428290280e+00
4.997378142467413298e+00
3.145214664265937987e+00
3.475808539872281333e+00
4.272931383219081169e+00
4.743507861215607413e+00
3.853684992055589120e+00
4.154628692393877998e+00
3.230821396471028173e+00
5.013060472100551834e+00
4.253655248056271709e+00
2.663035061364163791e+00
3.543779172170497649e+00
4.120402815872404645e+00
4.093083999969280740e+00
3.205511597985557071e+00
3.612752598003438731e+00
4.404975555601231108e+00
4.990343801235631815e+00
6.637109084085587973e+00
4.399275734734894527e+00
3.399499563881671182e+00
3.463213196218965173e+00
4.718271147772587604e+00
3.339658102811945195e+00
4.269369421668175235e+00
4.120651165425202933e+00
3.723524621542116275e+00
4.151113036073525109e+00
3.825188865664702842e+00
6.553342259804888492e+00
3.830806942755975442e+00
3.066173234306243778e+00
