1.594743297848302044e+00
1.487153952355010800e+00
1.487818784919059834e+00
1.847841127081079726e+00
2.538584117505982451e+00
4.454798102484470057e+00
1.325792744600189810e+00
2.874365920187892609e+00
2.476924120727943990e+00
1.759531812626607961e+00
2.490841450280104397e+00
2.690211312051931092e+00
2.654619937397987517e+00
2.869229866267413609e+00
2.339565898510967745e+00
3.115422634992520479e+00
2.843886797353900597e+00
2.834145820446732689e+00
2.699094822066088195e+00
4.064508186418287927e+00
2.649574189258089074e+00
2.937643842414990658e+00
1.675570486781202684e+00
2.472977545712689906e+00
1.900071542385584067e+00
2.259591983867478504e+00
1.323241884343556052e+00
1.799937257137425917e+00
2.151141979248563985e+00
1.908919189874472178e+00
1.221061007135702203e+00
3.891944513811660955e-01
3.284486799392074552e+00
2.804317564895409731e+00
2.464399832275722790e+00
2.381396453852249628e+00
1.740970739539878798e+00
2.424570443741850934e+00
2.611984721911710494e+00
2.031121981359202966e+00
3.088874250420426737e+00
2.058070129281975635e+00
3.037997180003061626e+00
1.980477953835430238e+00
1.918188167715047632e+00
3.233270989136548756e+00
1.588422208772831912e+00
3.208464865781855746e+00
1.308164703330378043e+00
3.277148391078066325e+00
1.262562115278277997e+00
2.062544640165784315e+00
2.753700486768423161e+00
2.364556939357944643e+00
2.283058526083816542e+00
2.696917619741288075e+00
2.480312695131936085e+00
3.188234603131575362e+00
2.373163429201148755e+00
2.024700547993203870e+00
2.915164662193741041e+00
2.148599374881464019e+00
2.080496852524845952e+00
2.882372763436313878e+00
2.454603551702512210e+00
2.720239097745391188e+00
3.119402687197661006e+00
2.342950210407225065e+00
2.983050609809073883e+00
2.864996250084079321e+00
1.812011520325811809e+00
3.827222029123027891e+00
2.232333715136197938e+00
2.214570482507606020e+00
2.236163609395249274e+00
3.243840586336673937e+00
2.795613958279465017e+00
2.850538234331918108e+00
2.274206179511243597e+00
1.997643685775755129e+00
3.346158226195277141e+00
2.999086080600450899e+00
1.587967039197480723e+00
2.468321238056008671e+00
1.858036690009790437e+00
1.788917483339710346e+00
3.834616569648380935e+00
1.964541673864817151e+00
2.249080293080969462e+00
2.224678289227313144e+00
1.991071626327543864e+00
2.991217953427971477e+00
2.027271200762007286e+00
2.687778682943189779e+00
3.579169081649363537e+00
2.591160616592742105e+00
4.148085028795513551e+00
1.870100141360938606e+00
3.874280541086074336e+00
3.063190196523136510e+00
3.197692057590071357e+00
3.139784324750333866e+00
2.751471303870963503e+00
3.797851932182601420e+00
2.440343906718196010e+00
1.282706648239595459e+00
2.222473073202247740e+00
2.351113274493329630e+00
2.213313701654310517e+00
2.884124765690398551e+00
1.879593060970307095e+00
1.225500008198201485e+00
1.993540135202984676e+00
3.036031671867251980e+00
1.656827944387650353e+00
2.200253486167958794e+00
2.531999327137408606e+00
2.559709667449376003e+00
3.328923537072749017e+00
1.944776891001529728e+00
2.431074822443669792e+00
2.402201065853156070e+00
2.620590527090049804e+00
1.982906344416861755e+00
2.752361974643700027e+00
1.686131993657105532e+00
1.999591335229528477e+00
2.166457461302479182e+00
1.609890625519347918e+00
2.123643375060417338e+00
3.153756563262580137e+00
2.192857565945322662e+00
3.590733915876620941e+00
2.368285614741504563e+00
2.998813371005589534e+00
3.016089229102266511e+00
2.480954988364172387e+00
2.625058001059299428e+00
2.973608901468091315e+00
2.209101280876772044e+00
2.322140764486483544e+00
2.929613272940299495e+00
1.751231550648209678e+00
2.699931230551813943e+00
2.264161771347943830e+00
2.168420154741549588e+00
2.254192759714383598e+00
2.072346994938362830e+00
1.880404996425519615e+00
2.597595246686831505e+00
2.741251852239782849e+00
2.411800175366782817e+00
2.725885650661286519e+00
2.275885650948236805e+00
1.897238305680613024e+00
3.344409117573594603e+00
2.767936130994020694e+00
1.777461409436093209e+00
2.394213248480249412e+00
4.128116958857640739e+00
3.742654943434414960e+00
1.540082793655174198e+00
1.862257603240295323e+00
2.361995263675608747e+00
1.963437966542383561e+00
2.220483364863161668e+00
2.621752298102973278e+00
1.987889243422883423e+00
1.737573136975012922e+00
2.962237526156714207e+00
1.802347184803383850e+00
1.507776285893845492e+00
2.811761691433099841e+00
2.980720545232166785e+00
3.031465296658010455e+00
2.583182891633490907e+00
1.562248529650740014e+00
2.010283221243135188e+00
1.739746537948003713e+00
2.733153022963147105e+00
1.905996380768955278e+00
3.235795836957592986e+00
2.138767027199827364e+00
2.912152491324692782e+00
3.772657971071823990e+00
2.580359477922824940e+00
3.732558366783085724e+00
2.236455477244882140e+00
2.681175526565465095e+00
2.594067446589660264e+00
2.401401788994139697e+00
2.474072087252037200e+00
2.891823481897591641e+00
1.486463679259634629e+00
2.821694240270996357e+00
1.758707034832971416e+00
2.967100388809690070e+00
2.360034348626623757e+00
1.401592163650018152e+00
2.062408435799381490e+00
2.796236634653446629e+00
2.718790012022034297e+00
2.308221027807969339e+00
2.545513389004785854e+00
3.150792422579236529e+00
2.787590934270293364e+00
2.887906010069844154e+00
1.453109918708617831e+00
2.803922472571027669e+00
2.708254877140496841e+00
3.087147923158893192e+00
3.442460838026554004e+00
3.300038165000346080e+00
1.862849942808019854e+00
2.435509961241424381e+00
2.116780843363780473e+00
2.396585602183856967e+00
2.478964683327195662e+00
1.227782406143819394e+00
2.122645669974640548e+00
3.668022295951365752e+00
2.104523250105657883e+00
2.226387126364529401e+00
1.463857204760275810e+00
2.231034918636025655e+00
2.964943197231745931e+00
2.308787404351587913e+00
1.839464687658058040e+00
3.648098526128151331e+00
3.015687196671372750e+00
2.821477792904994342e+00
2.155964384452985438e+00
2.956745592054167204e+00
1.154637979841738993e+00
2.353967075694242794e+00
2.206945938754442782e+00
2.860078168973248847e+00
3.654570591218796682e+00
2.729420078014333839e+00
2.555670628586291127e+00
1.964786566854787697e+00
2.650738155881016134e+00
2.266001226978640926e+00
1.905355868885486581e+00
3.917456087043652779e+00
2.447424135014688140e+00
2.228366974418583002e+00
1.312319639894784729e+00
2.695544748818139436e+00
3.490571461137362164e+00
1.948919335680378895e+00
1.504267541511302708e+00
1.712737534459367827e+00
3.210437945259205783e+00
2.255754606321120459e+00
2.717989623296429791e+00
1.115552395872915437e+00
2.451685578035241342e+00
1.782970098039584395e+00
3.058037768140175139e+00
2.962587488630777255e+00
2.161937044273641195e+00
2.100912012395265371e+00
1.814815417015735788e+00
2.635004239956429295e+00
1.908953624705473029e+00
2.087047078766524510e+00
2.301952195658065303e+00
1.985278737189708043e+00
2.724911067903481587e+00
1.444029898917963406e+00
2.786431905872253090e+00
2.747547778118234696e+00
1.598377511874399692e+00
3.208469660769639020e+00
2.238287201892301237e+00
2.768239565524155843e+00
2.835619706975408771e+00
3.494728109545182537e+00
2.396238810957200815e+00
1.820993033182092047e+00
3.459505246344947604e+00
2.698874075578372000e+00
3.274602893202713805e+00
2.511510923647543692e+00
1.260873273412696838e+00
1.667653611210956566e+00
2.407282884889935470e+00
2.559174052643903075e+00
2.543369842462969377e+00
2.245971288930717957e+00
2.155942738485030485e+00
1.688710192008485489e+00
3.664521445994754600e+00
2.579445642151163565e+00
1.543832882203095558e+00
3.086741357277069220e+00
1.228451372660359864e+00
2.956358243860670143e+00
2.662379124915879469e+00
2.559537928992501765e+00
1.607525097525916324e+00
3.014559088869756209e+00
2.401968937390269510e+00
2.475594041092390896e+00
1.509806324894173768e+00
3.129478904401380657e+00
2.038587651681849522e+00
2.729915677332254376e+00
1.781449960687718770e+00
1.944024390185702167e+00
2.365747798341407915e+00
2.141542865258564188e+00
2.394958115687265465e+00
2.677699653497944698e+00
3.325463170693997661e+00
3.315761327218547105e+00
3.080113124975383254e+00
3.050972198348145259e+00
1.338624268248522542e+00
8.650541261551855099e-01
2.528509480961689704e+00
1.495141414524500112e+00
2.136503253617952236e+00
1.482408471316659204e+00
2.737359818705287218e+00
2.189452309762315085e+00
3.323336043270764595e+00
2.686368111164461947e+00
1.768448575440096260e+00
2.972008053403805139e+00
1.532297312567438397e+00
2.356233432001468842e+00
1.764366197481809451e+00
2.669736418543345646e+00
2.651816220022672255e+00
3.563524366407891275e+00
2.843526178365006540e+00
2.422852673650346400e+00
2.483210283481945613e+00
3.458039055195778477e+00
2.594104933056508244e+00
2.181014529475140407e+00
2.391972604644500233e+00
1.547193517146280728e+00
3.462418544526823627e+00
2.654957491163112859e+00
3.288857740273261054e+00
2.411528847533542574e+00
2.687527314475827822e+00
2.330757305896081544e+00
1.862699646538325204e+00
2.801504763109755825e+00
2.790826783766181762e+00
3.148191234175788722e+00
2.425301147834574067e+00
3.029681869477009570e+00
2.589823526319737113e+00
2.373044635571042615e+00
2.416258497819663731e+00
2.081089748893361513e+00
2.749770080702719444e+00
2.495184669584088688e+00
2.216541940723941728e+00
2.441574446441085122e+00
2.429661621406680183e+00
3.249822155990139017e+00
3.629440011386248610e+00
3.049912075081905538e+00
3.047143776236571178e+00
2.357678016135515531e+00
1.455513797349673455e+00
2.169234237155639455e+00
1.647257284757416063e+00
1.958462939688162319e+00
1.300090720203727290e+00
1.648522718070479565e+00
2.449761142097542699e+00
2.894624388164012352e+00
3.419888809275964281e+00
1.999572924806746199e+00
2.667666505990980763e+00
3.356428354754401155e+00
2.810340063659028331e+00
2.360515716901268490e+00
2.828652599520764532e+00
1.905975259930348997e+00
2.438063918081654347e+00
3.116613257215944177e+00
1.978194169362491150e+00
1.401727820041861472e+00
1.743500732878539017e+00
1.635427111605244122e+00
1.411208115397449170e+00
3.173352076229158047e+00
2.611683278934736396e+00
2.305728869394285230e+00
1.649454053122300534e+00
3.218080458815849809e+00
1.993020490100119169e+00
3.115096873765382579e+00
3.219001837566894952e+00
3.363414294955219486e+00
3.431833488159221623e+00
2.576708936368185210e+00
2.549278265564919543e+00
3.199633988656817696e+00
3.858205415280103967e+00
2.027139206775883551e+00
1.834800426404644025e+00
1.937748158880976179e+00
2.000291554923120163e+00
3.421653575884700427e+00
3.456529185118828895e+00
2.223494323220856383e+00
2.715105711047522075e+00
9.733200088790155968e-01
1.695596251807198973e+00
1.612852153409641831e+00
1.996972011315542694e+00
2.842364337736973834e+00
2.065654076187484200e+00
2.533249417759153133e+00
2.808852267371335198e+00
2.530097078313339853e+00
2.993615502135231754e+00
2.551467042531045948e+00
3.023181224109485754e+00
1.826580384015058511e+00
3.233914202154356321e+00
2.691707316520407289e+00
2.602204427672725195e+00
3.137975575844786480e+00
2.587749165896549908e+00
2.745534202766858556e+00
3.158541135092868934e+00
3.237262543435584394e+00
1.685568796532499025e+00
2.319755638050599700e+00
2.215927957263588599e+00
2.441003092320713552e+00
2.051078483342960723e+00
2.486692288110448512e+00
2.625148212486299037e+00
2.718618323707180817e+00
3.025196513492589556e+00
2.171665225765351259e+00
3.164588641596531193e+00
2.508925389052099053e+00
2.861316367373948566e+00
2.751604570738621636e+00
2.277433477636029213e+00
1.344300545321369889e+00
2.477605815707329295e+00
2.316525008839651179e+00
2.397113110756877941e+00
2.116842989872573355e+00
2.489512355702128144e+00
2.493744364592077378e+00
2.445265858258059311e+00
1.590399231880840869e+00
2.772892581465302264e+00
2.962179228653882390e+00
1.995314138123057912e+00
1.308539061611477594e+00
1.708803846631895107e+00
2.802117680137928168e+00
2.033130930524986280e+00
2.648888370547610727e+00
2.169228666852983434e+00
2.830928732326660757e+00
2.706014946668576115e+00
2.704766738200664822e+00
2.680650854586156928e+00
3.153822499053104966e+00
1.872366890943647944e+00
2.415785356008419704e+00
2.299439405660002489e+00
1.121373121089159985e+00
3.098607182019694761e+00
2.623679725794036521e+00
2.885125953864995818e+00
2.869690551457674044e+00
3.420201244852106637e+00
2.425514034766287796e+00
2.037440173497656382e+00
3.368942336341588462e+00
2.340852975470002928e+00
1.632071109586571200e+00
2.577979113550202150e+00
2.073179312039981070e+00
2.782388678130634840e+00
2.730731848735293621e+00
1.721898906829623765e+00
1.589099947040564897e+00
1.983969761665241194e+00
3.278622943292016423e+00
1.207366604567482016e+00
1.913261439889325510e+00
2.837329638974668722e+00
2.920506811141725390e+00
2.979808812799005224e+00
2.113439671647892037e+00
2.603559088873645955e+00
3.313412617176406449e+00
1.639726153957670185e+00
2.430655963077526405e+00
2.089155202085882124e+00
2.966859625321511817e+00
2.329004197514956687e+00
2.051668431032290574e+00
1.899522859093587090e+00
3.438498656773648410e+00
2.773013903486194032e+00
2.063283352117233349e+00
2.710173182586219642e+00
1.657953413518025609e+00
3.765663407203104107e+00
2.185802812574563880e+00
1.426958786351367525e+00
2.715761795811991064e+00
2.437117075746222827e+00
2.582743973957773775e+00
2.837811410032162751e+00
2.652438273524882373e+00
2.324557245530914251e+00
1.808372275894656545e+00
2.909843411538661773e+00
2.020400175822370414e+00
1.796296632290715900e+00
2.378923694683486634e+00
1.983963399900826596e+00
2.381949955303779287e+00
2.346232535751537895e+00
3.064860654953814656e+00
2.380412355721289508e+00
3.573099171499352522e+00
2.498044033301274780e+00
2.198622215628260879e+00
3.846286416562428645e+00
2.007218453671071767e+00
1.605075644595167716e+00
8.998245427367085325e-01
2.501355098699090451e+00
2.539684389718228186e+00
1.840815886597370277e+00
1.774189097207612642e+00
2.517422491175795418e+00
1.892362510300184653e+00
2.691869316257165856e+00
2.771416793682384139e+00
2.570415539368594349e+00
1.956505170897333556e+00
2.205445369869585281e+00
2.575203629426802809e+00
3.506460608264518886e+00
2.004254336668708447e+00
2.126098403379158785e+00
3.390811238470666567e+00
1.144598415294044269e+00
2.547147945668862157e+00
2.757994549298161679e+00
2.717467463154291440e+00
1.645681107291144363e+00
2.464100822940182844e+00
1.850738004428413408e+00
2.790084177269338994e+00
9.703313696453617077e-01
3.456324758574811806e+00
2.592520134499838758e+00
2.347284697436621936e+00
2.043327126188228871e+00
2.835888016123134125e+00
2.727658676242429081e+00
2.736602475162243753e+00
1.599362672233651805e+00
2.698860246199047186e+00
1.462452757935048586e+00
2.328774273434478737e+00
2.992184220674236617e+00
1.934950157379710101e+00
2.615733652799138387e+00
1.459867240369081109e+00
3.326821366800712720e+00
2.802431800911383775e+00
2.548161674766053153e+00
2.386924680887983818e+00
3.311627063612981647e+00
2.594520884971596164e+00
2.600665979227002378e+00
2.999659468108258675e+00
3.019372490719547830e+00
2.063310534829022824e+00
2.260462935942411100e+00
2.653422207166003410e+00
3.289872628353425643e+00
2.036441133016205107e+00
1.590044461935359088e+00
2.418436778802351750e+00
2.095036309241714356e+00
2.634853732322368636e+00
2.504258092226830268e+00
2.353321844848312416e+00
2.772537820995379043e+00
2.721148418399971458e+00
1.943192310614248131e+00
2.454071372038379106e+00
3.049767010434918824e+00
2.044540642767394445e+00
2.212882216773770505e+00
2.122733244718199241e+00
3.157322252316379085e+00
3.086515000174865353e+00
1.623962171711442526e+00
3.533413252630039469e+00
3.162614007127648730e+00
3.157898487584294145e+00
3.133715730121383380e+00
1.033209809080054553e+00
9.962196557018198062e-01
2.706278986364149652e+00
1.733573991434526063e+00
1.663598707711347435e+00
2.113590009092458200e+00
2.007782859540469644e+00
2.209942330309475622e+00
2.646430642578007308e+00
3.247781030422498993e+00
2.284600393464454093e+00
1.839760208422219545e+00
1.909982769831335636e+00
2.773820938233049205e+00
3.803318352318485029e+00
3.313762563718646081e+00
2.406574184153967177e+00
2.524210893412710988e+00
3.154908093548761450e+00
1.839562513484010120e+00
3.250303140143322445e+00
2.566292743138777421e+00
2.632384324574021051e+00
2.084438317093920912e+00
2.016732038060421228e+00
2.083712825567652693e+00
2.448892151930089689e+00
3.186181258210138534e+00
2.745049650671787411e+00
1.754048268449419412e+00
2.973762657173133483e+00
2.760488485615091303e+00
1.173838686215552096e+00
3.001678643548343572e+00
1.783971965590421593e+00
2.372323975697253839e+00
2.326767676107347693e+00
2.442282103092697554e+00
2.534506061703511559e+00
1.161509023207494939e+00
2.611100734808009083e+00
2.812591694752915927e+00
3.993397857486241875e+00
3.637110022611900195e+00
2.052742129109609515e+00
1.942525544941137383e+00
2.330606916008387319e+00
2.783521098234015057e+00
1.568258021325498852e+00
2.357279310154682506e+00
3.405318157451008521e+00
1.661491352963994972e+00
3.875787126205126665e+00
1.573350802236019419e+00
1.873398180422634951e+00
2.293324778441641065e+00
1.797753994878541484e+00
3.225166676061490545e+00
3.746263563458100521e+00
2.708394968995461838e+00
1.152692462680280583e+00
2.632279501716439096e+00
2.724696302583700103e+00
2.673347437491440548e+00
2.494036228432410685e+00
2.857081487088211524e+00
3.433354946244162598e+00
2.284064755259934021e+00
2.576393298585784919e+00
3.381095765763049155e+00
1.338015760829420531e+00
2.240714455925044923e+00
1.858882246135673322e+00
3.073665042564759808e+00
1.510694274656336100e+00
2.991981609386577201e+00
3.073167377980472903e+00
3.689564867349167887e+00
2.696822963086565217e+00
2.220096570313317752e+00
2.343768175082605598e+00
2.054765089584641657e+00
2.800912369448532058e+00
2.596309439931740570e+00
2.847454955759093576e+00
2.201554371540896948e+00
2.800613850876790600e+00
2.211787095098695310e+00
3.332808444744949750e+00
2.279634887913969621e+00
2.019093989661979727e+00
3.283671466449955112e+00
2.897378715227190593e+00
2.763787818704583898e+00
1.746769033873706078e+00
3.369990902358622975e+00
2.583668721396168433e+00
2.336040029521893935e+00
1.276624917767292811e+00
2.866657204732888875e+00
2.857508593373408345e+00
2.781862209160528732e+00
2.825005473050862026e+00
2.839815711923273867e+00
2.945198761276876187e+00
1.724785750079615987e+00
2.388529204998623534e+00
2.353679390147595640e+00
3.802863253601137306e+00
2.261086718488972469e+00
1.535859499205505241e+00
1.564220827472324382e+00
1.854156292892639168e+00
2.453198851881959630e+00
3.167288314448267528e+00
2.101324048118744070e+00
2.113566283981900273e+00
3.233527955022018396e+00
2.633000264015401104e+00
1.881109105208614851e+00
2.141569481889541215e+00
2.038095194341079885e+00
1.748697219387734592e+00
1.787881864697546064e+00
3.103403190322213678e+00
2.030323710613295418e+00
2.959611282059257498e+00
3.189775138155334755e+00
2.152938206231712392e+00
2.780082904731090654e+00
3.433378521654698368e+00
1.752892466308903163e+00
2.104865181897165538e+00
3.870162953823061969e+00
2.151529522289666652e+00
3.218798476279213894e+00
2.197173629855558641e+00
2.183572775227188512e+00
3.391322033342569320e+00
3.778596500987180029e+00
2.369661568509855876e+00
3.632946962403437841e+00
3.209626919756341845e+00
2.367054161794705180e+00
3.603283009299692807e+00
1.984102435960705568e+00
1.926462378421370136e+00
3.288933854268869084e+00
2.116619527537702883e+00
1.949383809790342648e+00
3.618364954924969901e+00
3.189774985508841976e+00
2.458120284618059870e+00
3.855266088910382916e+00
3.291768464556557916e+00
2.619541826341525326e+00
2.732697984515832346e+00
1.509480090804341756e+00
2.253646176067783724e+00
2.703756247210273411e+00
2.744241009728019431e+00
2.075835546873657123e+00
2.572429828395172091e+00
2.517324457173892416e+00
2.134433275724264778e+00
4.001425363530518808e+00
2.813492367782177261e+00
2.560799904549458272e+00
1.724934625688039125e+00
7.316059798728234975e-01
2.421808771251098058e+00
2.086481603390949680e+00
2.112500709714998148e+00
2.393861283852886768e+00
1.195140135193732300e+00
2.690810637236018543e+00
2.032288746861964146e+00
2.724592847727890010e+00
2.927769492681309593e+00
1.601050770640533027e+00
2.018624572955055818e+00
2.158898402259182614e+00
2.752481177568034898e+00
1.946244905583011997e+00
1.874783016054719420e+00
3.513040432369206822e+00
1.106386086317688422e+00
2.801639768668488184e+00
2.139616432516586286e+00
3.127126065074008920e+00
2.187371296700802770e+00
2.011841708240448501e+00
2.307308851133399230e+00
1.973317818855897299e+00
2.600547530886242686e+00
3.057711621441219663e+00
3.091587317913858879e+00
2.898083299359462739e+00
3.546055970148943803e+00
2.670309455623990580e+00
1.374169538271766466e+00
2.949764662577035068e+00
2.127935827347595232e+00
1.959958342889241978e+00
3.011444402210598614e+00
2.999842722471846912e+00
3.103064313408201880e+00
2.149462086316644260e+00
2.856173139407013561e+00
2.751676373072964310e+00
9.546865231984099642e-01
2.302914608598548352e+00
1.956583708337412242e+00
2.002565165913656742e+00
3.547247466702353247e+00
1.063853356081378099e+00
2.895240327949128556e+00
1.427704516338248464e+00
2.605643682464512167e+00
2.434997971724881083e+00
2.745166620240561794e+00
1.576876222939560757e+00
3.407674345137083893e+00
2.409484015909215238e+00
2.279658795934926818e+00
1.958247972818903948e+00
3.746754602532651912e+00
2.143164024881636820e+00
5.737641562238665616e-01
3.800975737951804323e+00
3.530490613895151952e+00
2.232633127885322200e+00
2.107677017876054215e+00
3.194498640926874078e+00
1.743857631537612640e+00
4.016295986571877918e+00
2.399811924410585107e+00
2.273625274668181095e+00
1.761587390177276280e+00
1.955929480300204526e+00
2.254036804092925284e+00
1.752357608504376385e+00
1.593503742374205112e+00
2.373211277954921261e+00
1.188501910167441888e+00
1.761182337660608166e+00
7.424339415719211077e-01
1.884311063415025300e+00
2.242412551865307080e+00
2.838872299034908231e+00
2.667298076803568119e+00
2.589439828315683645e+00
2.712305649821296960e+00
2.216149356658960734e+00
1.821266715536310921e+00
2.364751799170754065e+00
2.238662763992139482e+00
1.471022172070039380e+00
3.718735281760098044e+00
2.340473720165664684e+00
2.182072378293118398e+00
2.168855045371965939e+00
4.247854741432569803e+00
2.741877117423130450e+00
3.502474362410664899e+00
2.686460379344659088e+00
1.632983031167738019e+00
2.883946255328745156e+00
2.171802297202438670e+00
2.002099442975697308e+00
2.009353688776100100e+00
1.724341145500938088e+00
1.375891059050995402e+00
2.474543449224454683e+00
3.467344848853971762e+00
1.891820380592266648e+00
2.333780818982234440e+00
1.929133552179924882e+00
3.205610968647497394e+00
3.675787153482854563e+00
2.271835229801641987e+00
2.111927366532132311e+00
2.823298214793628524e+00
3.193641715990179097e+00
2.718819299555556679e+00
3.731163429771093387e+00
1.761582223281661586e+00
1.667800069358678972e+00
1.794926387388303235e+00
2.710833187268451461e+00
2.157216947330110379e+00
2.209706529012147147e+00
2.826192986773893967e+00
2.134219557082003949e+00
2.174310195159404824e+00
1.256644129374110408e+00
1.976500150129185007e+00
2.379952812717527344e+00
2.832420262348901208e+00
2.835194261002424554e+00
3.254030102751807707e+00
2.416879366855057665e+00
1.500192082482789013e+00
3.153609849506869178e+00
2.711173409645084131e+00
3.669528285047709559e+00
2.068018011560460501e+00
2.937953650681683904e+00
2.156112013773867186e+00
3.114717813066133267e+00
3.632244814287274526e+00
2.214761253357939719e+00
2.269853674945106814e+00
1.956906359324672273e+00
3.073295706180198206e+00
2.501743742136136373e+00
3.509962854866080839e+00
2.520748421331078237e+00
3.270732491091334460e+00
1.529299230326927939e+00
2.632090988376236229e+00
1.878024973485501681e+00
2.579057902851615403e+00
2.428083942999787137e+00
2.507718030450167834e+00
2.940820989395136031e+00
1.198136203499393870e+00
2.275020007785445220e+00
3.349533521286654381e+00
2.184743326095151428e+00
2.392561771143532301e+00
2.254209703695693179e+00
1.346705097596833767e+00
1.394452842090751155e+00
2.074647325051318880e+00
2.730654517029733164e+00
3.275439782490968454e+00
1.952996038124320544e+00
2.165306836516950995e+00
2.645235012890689852e+00
2.722671547748671372e+00
2.526476177118313071e+00
2.782903098379343021e+00
2.194097651441780705e+00
2.803225428492269522e+00
2.590504194848032959e+00
2.182371273042355231e+00
2.478592742352589084e+00
2.241221680266457739e+00
2.885843218374559704e+00
3.246942262466440798e+00
2.058090666113881362e+00
1.995073597750716576e+00
3.545111257166034591e+00
2.187381737242445556e+00
2.630553186725159254e+00
1.823607279773824752e+00
1.389324140394312623e+00
3.423275794134438499e+00
2.694483941565585905e+00
2.050906569224516751e+00
1.872814513041390461e+00
2.352954620352453841e+00
2.856636204288818703e+00
1.959640189163942336e+00
2.565341458568970889e+00
2.599628024516968949e+00
2.519649364406488345e+00
4.892264902075638133e+00
2.108150694739744591e+00
1.675181817652592997e+00
2.619428021062106815e+00
3.327566484549867365e+00
2.226812949896412874e+00
3.181977326847686971e+00
2.312592312979240727e+00
2.374628203722174646e+00
3.052112347734831310e+00
1.974121760760537247e+00
3.789239774719765474e+00
2.485226355086598282e+00
1.785474327001111750e+00
