7.436709616173836856e+00
8.037708445372631516e+00
7.619896586898478930e+00
7.991799030356321332e+00
7.669881096961889355e+00
7.447024482670276058e+00
8.536276358406102105e+00
7.735211974784371058e+00
7.660165935866579900e+00
8.191652313556717857e+00
7.796810837139545924e+00
7.316923315767721370e+00
7.489376098691166384e+00
7.707871581251566795e+00
8.304275440315269208e+00
7.425038721018755616e+00
7.887314786982548398e+00
7.420859396303658428e+00
9.136378528908856822e+00
9.078301862600305583e+00
7.704709381606408947e+00
8.315194030743636944e+00
8.318051098997878867e+00
8.246110541447034592e+00
8.291426153807794464e+00
7.780503825077047964e+00
7.454819707788456817e+00
7.661313669614862043e+00
7.670143125408131368e+00
7.907309163995826395e+00
8.100862124347253612e+00
8.089469777354517888e+00
8.050269195171695813e+00
8.389795110206760498e+00
8.566117104799547022e+00
8.221350217067978861e+00
8.239634469303890540e+00
8.303509764735261811e+00
7.750485694747566434e+00
7.961348093511054103e+00
8.084771725796256803e+00
7.750991800526742637e+00
7.640236989243330612e+00
7.863996068497796088e+00
7.816887382947015794e+00
8.202507292136784756e+00
7.901942823337881450e+00
6.564216572801877980e+00
8.024788363794831625e+00
7.243998705610238176e+00
8.773124128636197838e+00
8.819352683129636716e+00
7.170963525029844909e+00
7.688880118257444884e+00
7.792367010325698118e+00
7.860469740496710322e+00
7.584926096214323010e+00
7.844260672033205317e+00
9.310649775950214035e+00
7.269960341515921520e+00
7.925964743334903417e+00
7.953360797214894085e+00
7.983572821583090118e+00
7.439294268680687772e+00
8.775568230015863946e+00
8.093958818205996053e+00
8.971372370818452069e+00
7.688244382852370329e+00
8.037849157259156385e+00
8.112943818179402911e+00
8.236750593289016820e+00
6.805094908445926905e+00
7.955188585310462024e+00
7.704528629558217823e+00
7.836252216352429301e+00
6.792377736992275317e+00
7.673668869959990424e+00
8.119134677462167105e+00
7.992079094514821236e+00
7.624933985675105497e+00
7.978763619410287333e+00
8.112824436600780231e+00
8.602150843861451790e+00
8.541234464364254819e+00
7.781140942434047858e+00
8.488641685997015074e+00
7.792659575197495414e+00
7.949464999465313042e+00
7.798304750695706389e+00
7.510022120306428128e+00
7.848384564231570160e+00
8.044913626561676523e+00
7.869395375361558642e+00
8.069192829900185160e+00
8.439385955289028018e+00
8.070278540758184960e+00
8.129506113378782928e+00
8.025493689608417469e+00
8.123116797103710596e+00
7.608422635692000391e+00
7.191401592896925266e+00
8.220405611014182767e+00
7.812466157980506587e+00
7.679350297835474848e+00
8.207658502995801797e+00
8.225518461008245907e+00
8.534385744273201624e+00
7.795024091407793065e+00
7.065597627371051459e+00
7.324711747671677209e+00
8.927376524983309025e+00
7.840523852526789739e+00
7.647296766967607518e+00
7.282953307982836577e+00
7.612089968052978328e+00
7.206110840629464498e+00
7.883669261985607690e+00
8.150416634891030299e+00
7.133549580702355897e+00
8.089499584942485555e+00
8.066303275020628050e+00
8.637554075539195964e+00
7.967065019429733219e+00
8.030376995434894027e+00
8.047061240251407455e+00
7.269644064268542927e+00
8.426529857515747679e+00
8.256341857397522688e+00
7.599574357725090046e+00
7.225875860679075835e+00
7.279927197833222507e+00
7.878860246262627598e+00
7.857652786495134656e+00
9.043072028838023968e+00
7.228461964872594514e+00
8.060846601665151212e+00
7.859946704241792759e+00
7.160079257340081327e+00
8.404111344631612468e+00
7.627294150036587617e+00
8.001897954005224634e+00
6.649172187856962069e+00
8.076978040412184257e+00
9.098647996620238487e+00
8.682879856926419393e+00
8.810485967956658726e+00
7.425477052842444081e+00
7.866002672967413289e+00
8.325388436828527361e+00
7.333396996790991551e+00
8.635660693918547182e+00
7.113806896493986898e+00
8.063627091601277996e+00
7.783803485620373053e+00
8.702619368364878483e+00
8.173244374590703742e+00
7.415505304468098302e+00
7.387555552130710801e+00
7.275076999105285935e+00
7.990294789334754455e+00
7.352579346121260961e+00
7.708298392469302485e+00
8.747071055999574796e+00
7.504664126089884313e+00
7.900752836537001222e+00
8.157595469760451579e+00
7.440061313377783314e+00
7.471629488996712531e+00
8.097335549912195063e+00
7.491802006708555339e+00
7.702999668866219452e+00
7.546445447019304531e+00
8.092935732191088860e+00
7.598072031477571819e+00
7.551029018411089311e+00
7.463698585196094193e+00
8.294648721763589805e+00
8.240010423824006836e+00
7.349964419764377865e+00
8.050739332769975221e+00
7.628028429676719568e+00
7.647622188658826481e+00
8.433156750168407711e+00
7.835382377525205833e+00
8.073180570810114531e+00
7.797480619854682438e+00
7.985491990070792134e+00
7.958994159154727299e+00
8.338103677320917839e+00
8.027570256506756152e+00
7.973601829738760749e+00
7.798056654225197448e+00
7.557211541636227103e+00
7.880017255959966604e+00
7.695729033420534826e+00
8.154102045190226633e+00
8.416652675198479372e+00
7.869661674115620009e+00
7.619985281878777883e+00
8.833945236583485183e+00
7.680515623116400903e+00
7.873162774982993994e+00
7.797617575984526539e+00
7.407127067257254005e+00
7.079886553585961195e+00
7.579868308943509270e+00
8.723157015080115428e+00
8.449140895873133772e+00
8.165267262930019143e+00
7.993614668175234250e+00
7.886327100626726150e+00
6.877208539940989240e+00
7.213252095453009716e+00
7.849914211763765692e+00
7.527151430139248589e+00
8.567182651534601234e+00
7.786828915933694972e+00
7.305140406425358002e+00
7.467802169063529227e+00
7.431133349833313417e+00
7.660022732159423420e+00
8.159498621803779272e+00
7.384718272816447993e+00
8.123077165249181775e+00
7.236885442793170142e+00
7.617366947407211875e+00
8.053097302554325765e+00
8.409336978144885677e+00
7.328564228747883824e+00
7.983383321170613556e+00
8.516205346102010409e+00
8.816575417034327344e+00
7.844552068662389743e+00
8.342814039625627842e+00
7.104996716468997775e+00
7.754643671550961237e+00
7.880371492367594932e+00
7.802040855564806421e+00
8.425530498649562716e+00
7.591626956199169385e+00
7.980641375089382983e+00
7.811209630187435415e+00
8.468687322634661285e+00
8.290663800632886549e+00
7.519513693998965742e+00
8.098998200934770963e+00
7.891798259787646153e+00
6.565414316919082616e+00
7.608091296818730420e+00
7.481523241911904876e+00
7.789877305806484742e+00
8.093955896874398093e+00
7.336810843914856939e+00
7.471128837475444762e+00
8.031968188208647774e+00
7.970017967081398425e+00
8.132808660733712003e+00
8.029925944690855744e+00
8.518609458818909630e+00
8.794841447126731993e+00
7.269004285392901998e+00
8.877538292164961931e+00
8.191527359046455459e+00
7.378815127596439538e+00
7.745895217298590651e+00
7.828432426470603112e+00
7.687844346984426203e+00
7.315647789402156320e+00
8.235651357446023724e+00
7.413778706752688130e+00
8.392861604584691548e+00
7.643275666517545197e+00
7.929184252101293851e+00
7.955727497361351652e+00
8.110750583775283573e+00
8.640944386130755106e+00
7.578528970478082272e+00
7.671392687409570144e+00
7.841184672433139546e+00
7.604106344929101979e+00
9.173807937450510153e+00
8.591931052075334918e+00
8.144066907237100139e+00
8.075212437398722187e+00
7.745144056654678977e+00
8.770738486720384586e+00
7.847359695206330699e+00
8.708035386684539247e+00
7.487328445030646762e+00
8.433544053170496824e+00
7.698414382319678673e+00
8.129257816373444356e+00
8.324180366038191892e+00
8.025005366387812700e+00
7.843052423977420418e+00
8.611622681342421259e+00
8.048004933459942833e+00
8.248144927572958807e+00
7.610767668611278403e+00
7.926893974201740356e+00
7.672142710274810540e+00
9.087178540550215899e+00
8.312239550830282653e+00
8.483181187001530787e+00
7.889435169008810256e+00
7.676065107239814722e+00
7.435728426134118330e+00
8.179353073935637042e+00
7.748756442149548285e+00
7.949281563310087506e+00
8.356880380026842303e+00
6.912922535602126217e+00
8.619038599914214061e+00
8.808938935822947514e+00
7.015796415049594614e+00
7.717875249088164580e+00
7.391241795530324232e+00
8.463970067328668634e+00
7.946795295022017314e+00
7.833282250937458002e+00
8.914212487097652016e+00
7.663000888545384193e+00
8.393772607533191987e+00
8.330426267996909218e+00
8.301291157231453610e+00
8.180708734168028684e+00
7.346991430286998082e+00
7.976316456232948049e+00
8.237819211725470936e+00
8.056870302244803383e+00
7.031625771194727648e+00
7.776087998832580617e+00
8.004824629231357846e+00
7.435131624246841042e+00
8.843264188882523413e+00
7.350404566788066418e+00
7.899478438340069353e+00
7.862751530014283396e+00
7.548249425364559784e+00
7.511209741080250524e+00
7.873091647217568934e+00
7.888685471773061231e+00
7.386008994889290413e+00
7.478788406225182150e+00
7.824141298533252353e+00
8.316752448574376899e+00
8.065492218502992472e+00
7.856787705036385461e+00
8.439780675977045732e+00
8.178298320393805554e+00
9.050963554168893310e+00
8.000758869565723685e+00
8.495549862330076252e+00
7.722668076433864215e+00
9.206325278751092966e+00
8.057703915679239159e+00
8.144325548789074887e+00
8.196098656512113223e+00
8.261832450378525650e+00
8.178784292972860470e+00
8.605302863565098548e+00
8.062724810696801470e+00
7.363762958879875420e+00
8.044308120548963714e+00
7.442734612526103355e+00
7.382756424376771598e+00
8.181402199361667016e+00
8.095859310739028203e+00
8.358483316352314674e+00
8.035572369815433547e+00
7.570180869516744515e+00
7.789846033659082458e+00
8.226043702018785098e+00
7.542963161513325687e+00
8.186224939020487312e+00
8.119756730293369529e+00
8.510873565851792222e+00
7.153478490651157706e+00
8.282549224565979529e+00
8.061136850701068113e+00
8.033697801083018675e+00
8.136998697172820982e+00
8.101869462042627035e+00
6.973523989781990728e+00
8.630207525098580135e+00
7.923312177304388193e+00
7.278309371139827455e+00
7.654057703668422086e+00
8.167435357064970702e+00
8.365134813192305785e+00
7.836875643670517810e+00
7.533509838914704382e+00
8.049059188283834487e+00
6.920159318905129808e+00
7.913207676850614547e+00
8.160933285291839923e+00
7.654215516294734734e+00
7.969832065996683035e+00
8.181717329795008098e+00
7.944563891236753328e+00
8.648297217247680635e+00
8.546568804049817558e+00
8.408721283275152558e+00
8.250628498471606065e+00
7.984377320959162638e+00
8.316778192521073976e+00
7.871533451449320040e+00
8.540920898543648221e+00
7.290161648923897175e+00
8.069183837650406588e+00
7.798721707022659544e+00
8.666815817497603547e+00
8.084037824143848638e+00
7.258331925695401310e+00
7.644470721576895222e+00
8.520942578185509930e+00
8.321066993304276238e+00
7.994047791471150077e+00
7.804949701261270967e+00
8.251447662178916787e+00
7.682618629070799621e+00
7.858991082590853772e+00
8.695880100082572284e+00
7.753887559624304870e+00
8.298813042890664349e+00
8.301612897889519616e+00
7.994310779744754569e+00
8.409218579634377022e+00
7.623097407893670407e+00
7.490094522698643509e+00
8.067737258835041558e+00
8.716796459610028691e+00
7.902050328580386029e+00
8.172750216677036050e+00
7.902815958265691165e+00
8.159969428901071353e+00
7.978415389378660905e+00
7.693851471829102451e+00
7.942264898519029614e+00
7.307710648733255709e+00
8.699559756387342802e+00
7.111814947975620527e+00
8.041603219851186424e+00
8.592187454968447824e+00
8.297134643334551640e+00
7.820952267142843084e+00
8.530159107301377830e+00
7.953411642630525691e+00
7.542278288088027693e+00
7.331092498411095448e+00
7.848575801541082697e+00
7.566540700730464586e+00
8.363879539927021156e+00
8.046008292857189659e+00
7.538879419325608566e+00
7.690634410800911702e+00
8.211573898013870831e+00
7.774514492021067369e+00
8.044614642019512374e+00
7.733512126321803848e+00
8.061030950338631484e+00
7.962283934294204002e+00
8.093873550051275956e+00
7.507870938541809203e+00
7.923814551021242991e+00
7.193561076721378456e+00
7.626609307489430556e+00
8.132008098938230845e+00
8.499758490484390805e+00
7.476105145674461383e+00
7.766063858615662951e+00
7.323709845670721030e+00
7.667675813058275835e+00
7.985315358381512851e+00
7.780392654078645442e+00
8.062415002376324580e+00
8.461507664999883715e+00
7.259586606885482851e+00
9.019916371880654538e+00
8.410350188034472652e+00
8.071255770044183819e+00
7.920597935679763779e+00
7.768657649989110681e+00
7.491002980584228865e+00
7.714127826654636699e+00
7.407223096218638503e+00
7.383010541979710517e+00
8.404291476569815345e+00
8.217544746314949577e+00
6.770312311218861012e+00
7.676323282632761646e+00
7.571772424182010575e+00
8.022008286900216945e+00
8.804248255086216446e+00
8.494116331605033210e+00
8.355097531854697834e+00
7.999014214664081024e+00
9.029366056754964731e+00
7.266919143566690664e+00
8.831730582283601194e+00
7.015892832074582586e+00
8.206291612234506871e+00
7.120073900274410228e+00
7.757565656122451969e+00
8.568860983541750187e+00
7.399820209556099648e+00
6.972790090943157715e+00
8.260215610353988325e+00
8.882556998824343353e+00
8.110114758107942023e+00
7.913640659690829082e+00
7.804794076560703786e+00
8.356867115284522640e+00
7.455309429425774681e+00
7.908935127869812121e+00
7.478195119888571440e+00
8.156388772064707027e+00
7.920259284758765617e+00
8.291185008068339357e+00
8.016432403343713986e+00
7.034703340523458692e+00
8.158993322435353690e+00
7.646118532393320066e+00
7.737130467595137340e+00
7.982426085650537573e+00
7.796491422549334693e+00
8.002193328099355796e+00
7.911636172420134727e+00
8.236481054719201111e+00
7.575047134306527319e+00
8.377283771238161592e+00
7.596389193091012793e+00
7.521264959407707451e+00
8.055538496084087896e+00
8.443570282147453199e+00
7.816704507922671574e+00
8.565180986761761872e+00
6.696895329461622914e+00
8.104474472327060752e+00
7.653945055399008268e+00
8.145636148703731649e+00
7.354823961214621342e+00
7.645701581538946634e+00
8.225055924885129599e+00
8.063630081421869988e+00
7.815265222009975865e+00
7.870734828970946673e+00
7.715787438439634549e+00
7.800719772493128978e+00
7.954778779454995785e+00
7.629308670263157843e+00
8.337339572504147256e+00
8.566203929307540932e+00
8.041248099929481086e+00
7.658275043659728887e+00
7.941025976555428301e+00
7.434370160813910999e+00
8.674411987421061454e+00
7.217497959365372751e+00
7.227542439889800718e+00
8.023872395849572570e+00
7.806099334578447291e+00
8.933276352421763988e+00
7.449788850990784361e+00
7.970416637466096965e+00
8.828734726744215777e+00
8.127200067098611314e+00
8.253751602559109557e+00
7.861219864988336248e+00
7.764380075326357655e+00
7.901513020297223910e+00
7.900035412548596980e+00
8.115366001325611478e+00
8.668745472076164305e+00
7.355877813421272116e+00
7.092428058052758111e+00
8.236174523462851838e+00
8.901454018866560958e+00
7.282001487789192318e+00
8.657097069952259361e+00
8.258493266587892734e+00
8.421256525757957689e+00
7.940848969113131872e+00
8.505443062700798862e+00
7.495856511115383647e+00
7.565148263894298175e+00
8.309635478518801577e+00
8.160362436809327491e+00
7.770110319302495405e+00
7.521324740296695843e+00
8.561780895933763347e+00
8.869387952250876950e+00
7.273252053766309899e+00
8.214739419938652532e+00
7.511745713051662499e+00
8.547542409561275534e+00
7.882377365017210202e+00
8.800201733650540703e+00
8.636959459586723398e+00
7.193592620350292677e+00
8.336349348346017152e+00
8.308739236571177855e+00
8.127637981633728970e+00
7.553176963066228211e+00
7.631364909373834493e+00
7.888662153192064430e+00
8.373596815223365297e+00
8.204907825032348612e+00
8.396465576280562004e+00
7.944407028671760074e+00
8.189389692777861995e+00
8.266627351191711881e+00
7.711740010094787046e+00
8.034942816402033117e+00
8.175917077838779079e+00
8.177981720680222111e+00
7.623979314447216993e+00
8.435325194483857203e+00
8.602621929815937207e+00
8.267282703995856963e+00
8.910030514064921192e+00
7.356777428466243052e+00
8.527562240207089417e+00
7.821480088547027698e+00
7.527918037509942373e+00
8.212303598871493193e+00
7.965041879149619142e+00
7.351777981094017811e+00
8.046337366376368649e+00
8.327080984304501499e+00
7.895870645952867584e+00
7.935492220023078858e+00
7.720250503427315003e+00
7.311103614140553653e+00
8.603964974042080271e+00
8.214843674239372007e+00
8.776549239500836208e+00
8.042248481551732553e+00
7.552763748920471087e+00
7.545334102951347433e+00
7.899284485411019574e+00
8.777502304378849374e+00
8.733574927707230984e+00
8.731864734661931138e+00
8.153517573335822277e+00
7.366358992125278782e+00
7.644621310334771103e+00
7.446188203620393686e+00
7.068678507131685329e+00
8.672563241723636906e+00
7.856791969133022135e+00
7.946719968735869166e+00
8.431754547729186200e+00
8.354128919812730203e+00
8.095456450675881044e+00
7.668914355156410956e+00
7.182656363448210790e+00
7.595411022629326325e+00
7.767491117090314034e+00
8.467608093950941495e+00
7.695907541049499478e+00
8.418898333520104416e+00
8.034433388871681458e+00
6.922467360352305477e+00
8.141045162360287080e+00
8.209842931899814289e+00
7.735594667951849246e+00
8.040323199885383687e+00
7.767001842880254081e+00
7.594367515377958178e+00
8.451199269406323822e+00
7.684630013721569952e+00
7.898112994491460093e+00
7.695390145761592748e+00
7.807943465228421864e+00
7.316681085709269006e+00
8.555018638374161100e+00
7.669978456971589864e+00
7.718678805014596911e+00
8.324183045862325159e+00
7.335920529564157633e+00
7.609434204328141327e+00
7.977698046381958896e+00
7.488148960102941842e+00
7.067886721476826395e+00
7.378244215948159379e+00
7.717319959041833322e+00
8.157778939854742006e+00
7.863999541221394551e+00
8.001913128564076771e+00
7.462085901711431823e+00
7.769454942708234668e+00
8.171005223341532897e+00
7.511721295151009059e+00
8.172017197302846370e+00
8.161368304233816318e+00
7.842090619601933099e+00
8.744610982937450316e+00
8.166572250261292965e+00
7.663492630075812606e+00
7.711023512653118139e+00
8.543081733591510130e+00
7.606791047395105032e+00
7.092457405264031678e+00
7.425817640869336600e+00
8.117492799781084400e+00
7.982505694727648482e+00
8.617445620757978375e+00
7.534792684283490694e+00
8.283967440045762132e+00
7.895579332334135891e+00
8.826074333726044330e+00
8.235720570547350405e+00
8.118013546529770252e+00
7.523669068615165045e+00
7.704469439040590117e+00
7.863339019273607455e+00
7.113981970438605806e+00
8.524469856606355478e+00
7.148665152372382536e+00
8.105463049654611396e+00
7.423186532836161255e+00
7.722560934536813804e+00
8.602821110889859568e+00
7.787542911121827061e+00
7.696179848649700617e+00
8.004729715838164950e+00
8.181824565814320493e+00
7.127294514643406131e+00
8.421565790513801275e+00
8.274671636145237485e+00
7.842838538841853335e+00
7.788889289816277817e+00
8.773586128740706869e+00
8.093122864302108255e+00
7.830481237734193911e+00
7.322287397471114900e+00
7.915546146753515977e+00
7.672469017487810738e+00
8.190119529717463820e+00
8.436423745690051490e+00
7.563365789360482871e+00
7.688366255529869520e+00
7.886519345744035014e+00
7.613988941596235627e+00
7.181643574612479597e+00
7.863750677081760898e+00
8.800552222542362912e+00
7.713800599102922817e+00
7.721943250739018438e+00
7.837664889079639430e+00
8.047067237293234143e+00
7.281983828743215703e+00
8.468039204568162504e+00
8.024732941143097875e+00
8.821454137805847751e+00
8.084547383906448559e+00
7.529400219113756343e+00
7.811408601642471083e+00
7.747540211830057366e+00
8.594404288711453788e+00
8.312420234071755232e+00
6.600284211205050156e+00
8.188762412310760297e+00
6.965170440916573114e+00
7.985112543591816880e+00
7.409058882367776988e+00
8.286177581970729733e+00
7.776318476031889304e+00
8.123373370553540695e+00
8.938219329672259406e+00
7.485727199796014197e+00
7.891875921976188479e+00
8.334814335218803549e+00
8.126612550776521005e+00
7.983658696121981535e+00
8.627808745469316420e+00
7.207694053845812299e+00
7.968963213322812322e+00
7.084709441997957491e+00
7.951903308522054736e+00
8.414226634191225074e+00
8.491866049847596187e+00
7.219072170465704374e+00
7.938330599584532798e+00
7.678556419600307770e+00
7.592274564271138892e+00
7.650700278552926115e+00
7.906891562629538406e+00
8.510984196624193032e+00
8.157680236331726675e+00
8.434108310858302815e+00
7.934108404895764188e+00
7.347963973565398987e+00
7.254084962498154709e+00
8.125865713741893259e+00
8.289975500449729751e+00
7.733368640719091580e+00
8.030984461847436862e+00
7.500810598768175019e+00
7.651897864800664806e+00
8.380843259248360155e+00
7.251418426532732830e+00
7.686200134176054632e+00
8.614616799278751458e+00
9.020772362640931519e+00
7.943474157816785564e+00
7.934517247858984490e+00
7.247305794156265080e+00
8.116463693118662448e+00
7.527458042486036227e+00
6.979315178682946375e+00
8.080244930975208462e+00
7.698370028690002087e+00
6.793141273175884898e+00
7.850823617137288934e+00
7.693268757677960146e+00
7.739665398490085835e+00
7.818906029464203655e+00
7.475194611886802676e+00
8.333262351740854612e+00
8.209491180077373329e+00
8.010677674401081916e+00
9.122140436978241951e+00
8.036117346723170130e+00
7.375670945116518773e+00
8.648803621128225316e+00
7.931644554900514343e+00
7.990495326283714839e+00
8.211799902416403896e+00
7.883742816547500531e+00
7.463616203872581067e+00
7.863983279757651879e+00
7.820798639147262143e+00
7.319395639522629615e+00
7.018657482242197432e+00
8.280123735438166932e+00
7.524988027500099541e+00
8.576413947289660555e+00
8.351198605473751257e+00
7.732361877730968835e+00
7.892815473968640028e+00
8.583534586555670032e+00
7.780379674800844469e+00
7.895162289594765959e+00
8.574171953122164069e+00
7.868084119323635939e+00
7.863958238064131301e+00
6.793063214077041501e+00
7.997940963805710624e+00
7.692440114118162420e+00
8.279344237432630038e+00
8.456515365408336038e+00
7.634867497340496634e+00
7.334514174848274948e+00
7.727266222113557070e+00
7.889309203803497539e+00
7.587838065713039093e+00
8.391243702280434036e+00
8.458331870570747313e+00
9.142651445057309090e+00
7.303641770969001357e+00
8.664695506909909639e+00
7.829504937863293712e+00
7.841641041834622072e+00
8.567112927704293668e+00
8.113903153468307039e+00
7.498759224514286004e+00
8.108147068644040445e+00
7.829767353742946412e+00
7.669692150824462651e+00
7.661955813227107726e+00
7.477981081959662824e+00
8.086288844391877007e+00
6.566198935721097918e+00
7.728101956906305858e+00
6.858237601556254504e+00
7.072232894941795855e+00
7.923742160139345181e+00
7.935131641661096857e+00
7.663059151013250414e+00
7.695567365095987711e+00
7.163335730941281732e+00
8.034672968660855119e+00
7.021460356893379995e+00
7.510372413082468057e+00
8.202265486673951500e+00
8.888881326318301745e+00
7.084190340280849263e+00
8.032011247311064750e+00
8.404974786840860190e+00
8.245140100562599272e+00
7.768161376465680945e+00
7.627448443496729347e+00
7.970442614723819652e+00
8.071317925569044149e+00
8.424935053874243351e+00
7.939657161476649350e+00
7.430865609457865339e+00
8.220361066411152606e+00
8.119266824381696779e+00
7.337806679112689245e+00
8.196579168095693646e+00
8.644915744914996480e+00
7.715121989155635518e+00
8.178759720406405975e+00
8.709078796945451728e+00
8.197530181837807461e+00
7.866938811561509759e+00
8.584639064570714240e+00
8.129652306144629748e+00
8.361357973447789860e+00
7.453846754602827751e+00
8.462917859022129008e+00
8.235553840752478649e+00
7.489867122282902301e+00
8.065920016944927440e+00
7.521290213400417812e+00
7.315677182910696352e+00
7.986675730751307434e+00
8.735696483410992030e+00
8.623054816923941601e+00
8.478160554060307774e+00
8.653909997092375406e+00
7.901482894484511910e+00
8.266958318541556494e+00
7.330552151464857502e+00
8.225496061109689450e+00
7.711612379862816447e+00
8.102654040736679164e+00
8.362219577041949847e+00
8.531505395875344178e+00
8.458475750699570028e+00
8.780539832738762485e+00
8.019870201735074033e+00
7.927848354775458795e+00
8.283631189227708802e+00
9.096583107387722578e+00
8.312494491070475888e+00
8.013185469523490312e+00
7.793923669451796599e+00
7.445228469794890280e+00
7.255368763238269736e+00
7.609591422336448474e+00
7.613813708824113569e+00
7.985610922667975231e+00
8.018299815609591263e+00
8.439151986771770808e+00
8.138068226516551817e+00
7.896633020401345959e+00
7.797525145797090218e+00
7.884673774579958661e+00
8.304795609492410691e+00
8.607641161734749247e+00
7.322341040681476620e+00
8.053827291215245765e+00
7.315672620396893144e+00
8.343804060215624929e+00
7.674341126850301897e+00
7.852884011745573822e+00
8.599852830787847680e+00
7.443986441268700460e+00
7.665245679233919418e+00
7.731967291179798529e+00
7.444563373724106370e+00
7.888262754976373969e+00
7.888955965398461778e+00
8.160930385685150057e+00
8.341576057161800506e+00
8.131194215826244687e+00
7.874621892740483631e+00
7.752177206402460108e+00
8.401375384609806929e+00
7.305213495259327949e+00
7.667857266986144893e+00
8.127021562148380340e+00
8.083360241189389228e+00
7.700820868933979213e+00
7.605218471220212884e+00
7.577264428631991677e+00
7.916796651106325911e+00
8.312454263247447628e+00
7.347337383134280309e+00
7.977804956366171041e+00
8.372553136489132797e+00
7.734005744444694130e+00
8.216785259030082500e+00
7.508035177921694725e+00
7.989039426199947336e+00
7.728816603586945000e+00
7.016148457460394283e+00
7.834103729677526218e+00
7.973176630546192634e+00
7.399631942640915838e+00
7.929359428248169195e+00
8.760059482366383321e+00
7.733569316159859319e+00
7.869306130398677546e+00
8.180942588751813460e+00
8.143575373599235334e+00
