1.538930098429602822e+00
2.395041014254388312e+00
2.486067083946966960e+00
1.883086494809736777e+00
1.714653106082868472e+00
1.858584382992460204e+00
2.293796910332218886e+00
1.759448507291103247e+00
1.823484551338134807e+00
2.486424024740637062e+00
1.995177378195574169e+00
2.073604952217458663e+00
2.007955014316084696e+00
1.699575827437238118e+00
2.128798921358819207e+00
1.761833384749880382e+00
1.955211140677312498e+00
1.988275952351836517e+00
2.297727896432834260e+00
2.878401405336443286e+00
2.315504540997595395e+00
1.906448253388072667e+00
2.355597551290415037e+00
2.393115674301395934e+00
2.417616012722619168e+00
2.289315681268267344e+00
2.122092256004645350e+00
1.879038312642415054e+00
2.002215224851974451e+00
1.953575639642955331e+00
2.013403583167246325e+00
2.590398612073868456e+00
2.153247797098846839e+00
1.895937723596301083e+00
1.720505232821406105e+00
1.843655225249906771e+00
2.210458918448070520e+00
2.389328905300819983e+00
2.155260558909532165e+00
1.986234573916894064e+00
1.923799618647827891e+00
1.572755945727468685e+00
1.799116257686758535e+00
1.933253778172349113e+00
2.069502068924895521e+00
2.203794245629215443e+00
1.720944569991113671e+00
1.181349210594583310e+00
1.847320074076252538e+00
1.781474086397367040e+00
2.145647240798800315e+00
2.385297339884887347e+00
1.947893747991509716e+00
2.035390818113901545e+00
2.061507586964555383e+00
1.747572952405207714e+00
2.315829306440585267e+00
2.136434710748634558e+00
2.608951555749906337e+00
2.028848721170730229e+00
2.314839477903483989e+00
2.256933453176416471e+00
2.149791103749814525e+00
1.993397346016344551e+00
2.177692533420287013e+00
1.877716642221229915e+00
2.284782157723531437e+00
1.978198705097125698e+00
2.246354219511898620e+00
1.817501334699098026e+00
2.483095454938190727e+00
2.081671469465111723e+00
2.595856823898486265e+00
2.194940324133555887e+00
2.067290803012543865e+00
1.779455447747374297e+00
1.865356546451586217e+00
2.107825004840416128e+00
1.812967322840789430e+00
1.680187791584386137e+00
2.365729716230444701e+00
1.754471334528738824e+00
2.609018404960750548e+00
2.398570039596556125e+00
2.016166408436433688e+00
2.232603947725126492e+00
1.960541813939422617e+00
1.868081812131243025e+00
1.889150449642828633e+00
1.930725890773287823e+00
1.847069355386888878e+00
2.052438781800737466e+00
1.895959092876268626e+00
1.844195218218924293e+00
2.258011710243748027e+00
1.427411293659363478e+00
1.973553720552140511e+00
1.723607452820364649e+00
2.114031081283424651e+00
1.879031013431597952e+00
1.715741209325803762e+00
2.480481557082608202e+00
1.836439702611784464e+00
1.803879998131902473e+00
1.927688287617649987e+00
2.114754507141273443e+00
2.097685181215772410e+00
1.932822435668683836e+00
1.743702949017926329e+00
1.855116105700427731e+00
2.644012785857394743e+00
1.997180321531222269e+00
1.475302876359555260e+00
1.928972342875669987e+00
2.241293703381876057e+00
1.784052696209670774e+00
1.563469183668263041e+00
2.346671343023403189e+00
1.674983634367855467e+00
1.747442585674216398e+00
1.726317655865966083e+00
2.043418636627878815e+00
1.882530480091561431e+00
1.902882073683774156e+00
2.344231589451337694e+00
1.899307378337884877e+00
2.344680289527192762e+00
2.229557848670685960e+00
1.841242006078230187e+00
1.682194004222422823e+00
1.540064373958658139e+00
2.040475712251752061e+00
1.854372013468469582e+00
2.465079403206837494e+00
1.659749294021210186e+00
1.660154499723249355e+00
1.906350907761575453e+00
1.851696010163212502e+00
2.209083326646543277e+00
2.395870490592673541e+00
2.277166685408371638e+00
1.408862826151758396e+00
2.276782996018011929e+00
2.597156293254620163e+00
2.325654064902378249e+00
2.635817310704488214e+00
2.115540464780660379e+00
1.451009389371966884e+00
2.179971288636513016e+00
1.937284968564126020e+00
2.221473094119708502e+00
2.080849756673556872e+00
1.896831044406824374e+00
1.954027841484346606e+00
2.157480404010708508e+00
2.022952848971549145e+00
1.943309012364480726e+00
1.765328203441925758e+00
1.307227632267289108e+00
2.037405289117131701e+00
2.136024242817797791e+00
2.413412203178859183e+00
2.129687534706353524e+00
2.279150591921862201e+00
2.462708512315946674e+00
1.917512979084945668e+00
1.882536862317807147e+00
2.018422301647409434e+00
2.398575951767352166e+00
1.976466864600304518e+00
1.788822265750898977e+00
2.076524083207294424e+00
2.220400804723658528e+00
1.877727759596217405e+00
1.743469486083928155e+00
1.638215316663448773e+00
2.300780233800443497e+00
2.043250193680129723e+00
1.955387983015611564e+00
2.490087164501431527e+00
1.764433899661046024e+00
2.142330465897838820e+00
1.730008216562942236e+00
1.880807085975246817e+00
2.185902958749228908e+00
1.811059919889205672e+00
1.661909262617483618e+00
2.369217651873945840e+00
2.356133225526274355e+00
2.266546507257171772e+00
2.195329804177782673e+00
1.998616827060037293e+00
1.875407180943598817e+00
1.845759597554422093e+00
1.571467867301750143e+00
2.568642880429499176e+00
1.676422515394320190e+00
1.837772376251644468e+00
1.978382582554335078e+00
2.397200996671921214e+00
1.795829146280405020e+00
2.135641163257191444e+00
2.131673178823060510e+00
1.296927982584495487e+00
1.689405088074892314e+00
1.405348743747911078e+00
2.499626256722486062e+00
1.932892758875744521e+00
1.830173721795891773e+00
2.066916695552734939e+00
1.809038097674046774e+00
8.143714153999241923e-01
1.572799875907402667e+00
1.918124709203019140e+00
1.394318364368894114e+00
2.640812593441915546e+00
1.720822177725000346e+00
1.971298436760357653e+00
1.514769024290714361e+00
2.190403307132917199e+00
1.731217039409931990e+00
1.832442017295972558e+00
1.797650883341609163e+00
1.794411733798395803e+00
1.614411112634655421e+00
1.718660461881105439e+00
2.177452738474463079e+00
1.961584859653609625e+00
1.625875087359452520e+00
1.943497980435617833e+00
2.328136780765011515e+00
2.760873238839241850e+00
1.531553143187819988e+00
2.293631052892132427e+00
1.867193498411791497e+00
2.022725283282190478e+00
1.958137236732097497e+00
2.134121911037610175e+00
2.537817795310528535e+00
1.815201539508769502e+00
2.294521789473315643e+00
1.821534652686943367e+00
2.109271478507089626e+00
2.477120571543742766e+00
1.206079023854333299e+00
1.859824890767100447e+00
1.894004870637591376e+00
1.693791435239612841e+00
2.017721359986619500e+00
1.927353187558983105e+00
2.119907369378909223e+00
2.323071176102232460e+00
1.436424651766130323e+00
1.798594577661998040e+00
1.948231307039809623e+00
2.380015174817368351e+00
2.220737644872718519e+00
2.068891719792114170e+00
2.003192885019062341e+00
2.336641657894133584e+00
1.444728647899522711e+00
2.806306098812244354e+00
2.332329880063768623e+00
1.661624536000607666e+00
2.041461051335091259e+00
2.043101771179870241e+00
2.132277427466843012e+00
1.794576366734317308e+00
2.049954005108083344e+00
1.620856896840412231e+00
2.261969901865485078e+00
1.889164236712756573e+00
2.165967535404295319e+00
1.927975314402059492e+00
2.471014272111445198e+00
2.296272108783092847e+00
1.840085847231393013e+00
1.809608726178852711e+00
1.949815017213729185e+00
2.105957153896981016e+00
2.337121919279151250e+00
2.089118250669367516e+00
2.401224302547908973e+00
1.884482372160538821e+00
1.674139403335442866e+00
2.151294333006740445e+00
1.502209693133861768e+00
2.399543585521684452e+00
2.002603467443159424e+00
2.123510009438140944e+00
1.630756418629764726e+00
2.291763164699116562e+00
2.500056912708112034e+00
1.762249351612034332e+00
2.186869428662939097e+00
2.640823232059811954e+00
1.933358079827277365e+00
2.518640787374638368e+00
2.077817375734639427e+00
2.154032746976010326e+00
1.550485216163558277e+00
2.439200014269126804e+00
2.133535464541010729e+00
2.252304403287038959e+00
1.978821519553057628e+00
1.758637056567513124e+00
2.108519008522744986e+00
1.988949888720994874e+00
1.712827043109815595e+00
1.561144409067517724e+00
2.184720641785011352e+00
1.598100269827258613e+00
2.180378123905366117e+00
2.821843965820394207e+00
1.798860189497281548e+00
2.144007129562847336e+00
1.816453568396072971e+00
2.101484620305892115e+00
1.906745898203107803e+00
2.305326383369404653e+00
2.097065874992159795e+00
1.914496730453792095e+00
2.085922507352854449e+00
2.495335848601947237e+00
2.416765034189941375e+00
1.987855922141549492e+00
1.582480710306956029e+00
2.295046855795295659e+00
1.892268795396941483e+00
2.299956716491691200e+00
1.363874592443814260e+00
1.714182043962690694e+00
2.146936574662374309e+00
1.496187121493622429e+00
2.231523917545215951e+00
2.021020363448031709e+00
2.010045312670158069e+00
2.325495368832225296e+00
2.102285805020462028e+00
1.818552241042355355e+00
2.201438486124440264e+00
2.031954684807456779e+00
1.912037579900076389e+00
1.725649330090463396e+00
1.968698422482531685e+00
2.254696640345898118e+00
2.230873046504231016e+00
2.143082564446893823e+00
2.372204288622826507e+00
1.915223134898294211e+00
2.756050503724577272e+00
1.986780973252537663e+00
1.911581542100527331e+00
1.881821274815137501e+00
2.702796264587409070e+00
2.419338014707204110e+00
2.344878015431660412e+00
2.236222775969135323e+00
2.544286434215832671e+00
2.233576001709344450e+00
2.424827358253202725e+00
2.067558992658977246e+00
1.990188485981503330e+00
1.410951829383512157e+00
1.906675288731214613e+00
1.724630166020729494e+00
2.285857374858495383e+00
2.245200385033769841e+00
2.304397305508217197e+00
2.061034564712545425e+00
1.765916884981575397e+00
2.467825733033801594e+00
2.501122527761220127e+00
1.775576604332929742e+00
1.579525701816736794e+00
1.713671887282317341e+00
2.387092952405159174e+00
1.263357183055982214e+00
2.517023781526339654e+00
2.446641440889047558e+00
2.253871489022728714e+00
2.464817175059233367e+00
2.580540758366397291e+00
1.708863166183378191e+00
2.550192339078098058e+00
1.962175402250902145e+00
1.836019574463880977e+00
2.118608661118976499e+00
1.579080878000906463e+00
2.605064651858345126e+00
1.933755135577792661e+00
2.129232339111583272e+00
1.816741078489489514e+00
1.783779291378357668e+00
2.074846727205048147e+00
1.916870812002607893e+00
1.655876968604955923e+00
2.258529001420030102e+00
1.843929669441552788e+00
2.227755132646735081e+00
1.662231652442919261e+00
1.776283641691599469e+00
2.177951946079291989e+00
2.040599353488693701e+00
2.196072839089111994e+00
2.619317226372690488e+00
2.227576278618198291e+00
2.114967839249918491e+00
1.979919615438040736e+00
2.218255068825094156e+00
2.097214795068183424e+00
2.482831890153460730e+00
1.991512016418080400e+00
1.916266021008570020e+00
2.046462865951297339e+00
2.607647700355172127e+00
2.689114042212749300e+00
2.156949780566739694e+00
2.018663617862828108e+00
2.114051976627468576e+00
1.881500923300232442e+00
2.117727065893971528e+00
2.144629895590136837e+00
1.611059808895392242e+00
2.454953600258325874e+00
2.268593541334161579e+00
2.315312803052674173e+00
2.361502881204506021e+00
1.785821342933381795e+00
1.776056042920068467e+00
1.922632983369427784e+00
2.344109266735141528e+00
1.730034941922699465e+00
1.827009165160526916e+00
1.959482859310515135e+00
2.117211062705049329e+00
2.040849540015918784e+00
1.908648261030137183e+00
1.717001421614936074e+00
1.938252874664412762e+00
2.544850042882417451e+00
1.480837164846213971e+00
1.871682835525255051e+00
1.920268972624586512e+00
2.124294117866146969e+00
1.676231546773471415e+00
2.400222641788487987e+00
2.128729908412804850e+00
2.003497763718057101e+00
1.734618882794243921e+00
2.328201197038532566e+00
1.620120691626938392e+00
2.208278763471258177e+00
1.703691151836856266e+00
1.694244729634406310e+00
1.895863172545527719e+00
1.924517925002279473e+00
1.734928871376290704e+00
1.973901756774209426e+00
2.145353537789155940e+00
2.268026565649594595e+00
1.950759202014705318e+00
2.100244062334610362e+00
2.052456984688517672e+00
2.140927796894332324e+00
2.027136610117213245e+00
2.018050453299970126e+00
2.155344062264784810e+00
2.699405214441117806e+00
1.598493761615102482e+00
2.104227082339563903e+00
2.257977143002834808e+00
1.559050436820292873e+00
2.320669685173741836e+00
1.756806368608756275e+00
1.939148472062240725e+00
2.506049586170450816e+00
1.603369456563315198e+00
2.577468340195208096e+00
2.569218181748344154e+00
2.427685488708759554e+00
1.766347529817883899e+00
2.119383286805025080e+00
2.414285993583081158e+00
1.752191237709377125e+00
1.619511166738662356e+00
1.423533493418835949e+00
2.272540535041676524e+00
1.934471073249847572e+00
1.746733850457514281e+00
1.848458839264388809e+00
2.360828307254248859e+00
2.443106432308051357e+00
2.466418177072994933e+00
2.139030729761293603e+00
2.131435515196328012e+00
2.099124920058242250e+00
2.499552003469901695e+00
1.804787462126139497e+00
2.256932232982682862e+00
1.731248769957777434e+00
2.451204243586320608e+00
1.697041903538996310e+00
1.590505154414425748e+00
2.223336205428412260e+00
1.931604908602655435e+00
1.662689213734630300e+00
2.119560735704436372e+00
2.259404633343860436e+00
2.122531119560698176e+00
2.371102846418297272e+00
2.107885024158724807e+00
1.957215439140903790e+00
1.444205792751123596e+00
2.001366084961073710e+00
2.140742804309889280e+00
1.801366462533787072e+00
1.857145052827128939e+00
2.455454588319518905e+00
2.209240946195105249e+00
1.763278196266889974e+00
1.992644387333670331e+00
1.823961185825402564e+00
2.620061865080173913e+00
2.381617493590356460e+00
1.932076220041092141e+00
2.273989185589044393e+00
1.887945567819308668e+00
1.790527378271330017e+00
1.930711682630755543e+00
1.715003196662675755e+00
2.099976837256756212e+00
1.862332929623391253e+00
2.220155768369372229e+00
2.762809825539836783e+00
2.107572409598533536e+00
1.858394459472992200e+00
1.761589467284665922e+00
1.753964741581190090e+00
2.083478606082520113e+00
2.199421733808977208e+00
1.655769139437536452e+00
2.273442591507979671e+00
1.932424737862235453e+00
2.335899443780074414e+00
2.390259205142696519e+00
2.337030892567120155e+00
1.922712663473536310e+00
2.242972047363190669e+00
1.831769061199168380e+00
1.859237805555359335e+00
1.822645811927552817e+00
1.963721956164658611e+00
2.438726559185395271e+00
2.103796338766803053e+00
2.214049142530178038e+00
1.989260784731748499e+00
2.211204661836800867e+00
1.907117443557504011e+00
1.645870775093460692e+00
2.270386498581393742e+00
2.319770123057525169e+00
2.757021094654368731e+00
2.112535744347107336e+00
2.317602718459989664e+00
2.639068550902118560e+00
1.821254679945180754e+00
2.371717682601828248e+00
1.835382047057595223e+00
1.825536537088199740e+00
2.096146936923110715e+00
2.019770022256143882e+00
2.302616124177800927e+00
2.579211662862938237e+00
1.677252578382218529e+00
1.871079737534198539e+00
2.028249704988650315e+00
2.670353767241941512e+00
1.744084556764329053e+00
2.317341094041617477e+00
2.367943420797640641e+00
2.644886038448139853e+00
1.985062005839668409e+00
2.199119470833463819e+00
1.944908431527206716e+00
1.708551492441079622e+00
2.334709070035000611e+00
1.737238501088205656e+00
2.037713236378814852e+00
1.952756859130758027e+00
1.929307897906420433e+00
2.911847309224563141e+00
1.951530134884365664e+00
2.492003777854697510e+00
1.801676700981251766e+00
2.155439791522093973e+00
2.177420631443194754e+00
2.075358154354156603e+00
2.612554201123181041e+00
1.932347315367668905e+00
2.093039384118466906e+00
2.547950483492637641e+00
1.943964602778734063e+00
1.972955576039089776e+00
1.769727760596070842e+00
2.328074678272519016e+00
2.458232771790097804e+00
2.290353465158516233e+00
2.256324366817498817e+00
1.974449438284469727e+00
2.328419193070852877e+00
2.238578069043138719e+00
1.854500352324676360e+00
2.227076886616648377e+00
1.937214038425554286e+00
2.259682941436996995e+00
1.609290279181312178e+00
2.267662473621411490e+00
2.805305200877326932e+00
2.625180262719532198e+00
2.900949263461501726e+00
1.395359288841055312e+00
2.164882259544963716e+00
1.960627070229403968e+00
2.061150596413940050e+00
2.669427875298684416e+00
1.723943511159879760e+00
1.972439093763530993e+00
2.272881458532751253e+00
2.159740606143676356e+00
2.395703618737692331e+00
2.029051195393316132e+00
2.026908360893922900e+00
1.589879526047809133e+00
2.322698575709357893e+00
2.245001751958069391e+00
2.296699869335418587e+00
2.062046654802075274e+00
1.821367984594568057e+00
1.674206560271855659e+00
2.258635776964332820e+00
2.326528537645172978e+00
1.957085942993127770e+00
2.700835954244079407e+00
2.318251554893029365e+00
1.608943074255046124e+00
2.216089152748976776e+00
1.826593334030125471e+00
1.747487482073519782e+00
1.965563076091271899e+00
2.100519720753635688e+00
2.177639892382327691e+00
2.264690679015202601e+00
1.970183185406799931e+00
1.898513011007539664e+00
2.087484573948771960e+00
1.842440474866690492e+00
1.840392221240465087e+00
2.378704348363958498e+00
2.401945076258067857e+00
2.229792679731975369e+00
2.475406285526465577e+00
1.700771961704626856e+00
1.456645006710999279e+00
2.431075985237416859e+00
1.890239672535146909e+00
2.043284419350178460e+00
2.113695230599714758e+00
2.013646771191308193e+00
2.046968855465480797e+00
3.111258267693592039e+00
2.054163236641472601e+00
1.836027152044873434e+00
1.666392218920529800e+00
1.999698188215152550e+00
1.653728532674617391e+00
1.992952961555134683e+00
1.924029150616577644e+00
1.998028778622420454e+00
2.043294063026664720e+00
2.142623223985309355e+00
2.252370673351590025e+00
2.601914756309709809e+00
1.966320656566735270e+00
1.890430802968958046e+00
1.958895982478545239e+00
1.649484123074067776e+00
2.490679828454708922e+00
2.341728390060648923e+00
2.788006837505240032e+00
1.801131140620707116e+00
1.467712728218838913e+00
2.223805745344573204e+00
1.579840379245699644e+00
2.408855676730302875e+00
1.954380979564753540e+00
1.769443799428652930e+00
2.461855338054472320e+00
2.646282151818406536e+00
1.877642400060860917e+00
2.284768424207149540e+00
2.567563368029337934e+00
1.769517103648623468e+00
1.974997231293519118e+00
1.762055621878770184e+00
2.149847822543425213e+00
1.713054780682695677e+00
2.711817274390102561e+00
1.596067861180697989e+00
2.284235009685497975e+00
1.634921796537539551e+00
2.382735751175604211e+00
2.551087091788207140e+00
1.854162671429792075e+00
1.450272689191201447e+00
2.083228040347405052e+00
2.276506738334559632e+00
1.498287004658639177e+00
2.249946597345009458e+00
1.924000550886481475e+00
2.335972789182362508e+00
1.726911828185537789e+00
2.330644704726128058e+00
2.055461691757717979e+00
1.986055214532072233e+00
2.209044757367212064e+00
2.240148565990793372e+00
2.418209617443795700e+00
1.990231352030061185e+00
2.557039547946807101e+00
2.124239415410218879e+00
2.251398328650875857e+00
1.853410063438608590e+00
2.886669717676744629e+00
2.358851317224080368e+00
1.925559020923909292e+00
1.909288873659247932e+00
1.996894102070343235e+00
1.933774704969728253e+00
2.051823194862878896e+00
1.716819152142248450e+00
1.700107977364603951e+00
1.574091257160658008e+00
2.172049052614530851e+00
2.301101796605882210e+00
1.984929315671519534e+00
2.171652303346423007e+00
2.512795517297540915e+00
2.131423270480004462e+00
2.292612130945952842e+00
2.211020371214212243e+00
1.862496801803566138e+00
2.087432704624514468e+00
2.367349898816069054e+00
1.911174278874863575e+00
2.724782233899679884e+00
1.443192581153329490e+00
1.905088891519135075e+00
2.247232471357491601e+00
2.147145811180506847e+00
2.279561487114594609e+00
2.390587551926660836e+00
1.617987560421738413e+00
2.432872242485435876e+00
1.499054269968301156e+00
1.879493066399372747e+00
1.807109588196581296e+00
2.107900267904727176e+00
1.836182649899730235e+00
2.039074686492185151e+00
2.484091631831629066e+00
1.592726531436203130e+00
1.877815401978698784e+00
2.554728276365251460e+00
2.072145128164728511e+00
2.045798755920617218e+00
2.186890376668622959e+00
1.002367200173595263e+00
2.039224801930002329e+00
1.687336493924155967e+00
1.677753736264736339e+00
2.318920770427151723e+00
2.379800150686765647e+00
1.110345276034783391e+00
2.485089054962534849e+00
1.576529679729815170e+00
2.402092326774642572e+00
2.389726836043827518e+00
1.934280378761048969e+00
2.358726565033955502e+00
2.091129019858580573e+00
2.251802491169301312e+00
1.915360075949811058e+00
2.250542920490264720e+00
1.451374319645750699e+00
2.214336294913574754e+00
2.384675605810947729e+00
2.001375063204950067e+00
1.568176255091435323e+00
1.992191598523098239e+00
2.010298843438140359e+00
2.428092843566155068e+00
1.565174671499715231e+00
2.042888740846109830e+00
2.497384235493695037e+00
2.287446498105161652e+00
1.816909064944756125e+00
2.090162521597793255e+00
1.318641579890708515e+00
1.999356252757972019e+00
2.169327379635495934e+00
1.932331059284140062e+00
2.026864907555490536e+00
2.247191857242198942e+00
1.343379961076620610e+00
1.678016340561360620e+00
2.028646934997810902e+00
1.711074018848897094e+00
1.927909490075473409e+00
2.056862808362781347e+00
1.790772786131062722e+00
2.213230667640861515e+00
2.189249775886884741e+00
2.671927618987226083e+00
2.156969588284503914e+00
1.851290358900575583e+00
1.950177794845582735e+00
1.993068113537623365e+00
2.159095078812958146e+00
1.995261710056915216e+00
1.903832673534905817e+00
2.028381629876370162e+00
2.170876729288942375e+00
1.818153644002900471e+00
1.766932923344040285e+00
1.592404268054689265e+00
2.572647494121874434e+00
1.380809437584512356e+00
2.216417752909068728e+00
2.197716873227549161e+00
2.072534326749970290e+00
2.011721589242279506e+00
2.096800703497570417e+00
1.950321700621856724e+00
2.175772596042429896e+00
2.163420175824369185e+00
2.172712794924487767e+00
1.683895788907449731e+00
1.811244575158541537e+00
2.053294114628114286e+00
1.868521640210938806e+00
1.816615884028514261e+00
2.340675815078666400e+00
1.533197791362118645e+00
1.769617031266174756e+00
2.501658647954629888e+00
2.258155123903659245e+00
1.767258036414455002e+00
2.609059672602892732e+00
2.569375180118619539e+00
2.910089039543694245e+00
1.842805972083183530e+00
2.363032481342816737e+00
1.968628529466780019e+00
2.117788196230273812e+00
1.826519524748717371e+00
1.991763192291145623e+00
1.975992632258953385e+00
2.016869452030872534e+00
2.585040660498468146e+00
2.022651669533727326e+00
1.809619498908072055e+00
1.925335629237938440e+00
1.999568820350973386e+00
1.537412223089658747e+00
1.970029351344885660e+00
2.223102953821666894e+00
1.845090553842759107e+00
1.898984839479445519e+00
1.935293004712252518e+00
1.837609463156506084e+00
2.123404849314720177e+00
2.086517243361221574e+00
2.224886783073748209e+00
1.551848674579189735e+00
1.847314057299438872e+00
1.465390005492807068e+00
2.548452325508340888e+00
1.691523419374026505e+00
2.525108980567091432e+00
2.475033987288647985e+00
2.343514729313652900e+00
1.652594660652553005e+00
2.289965339339002259e+00
1.923671615272506630e+00
2.217163273705893278e+00
2.351468140385037930e+00
2.073972929200952553e+00
1.571001616750927532e+00
1.868369968942820813e+00
1.595033292843894390e+00
2.097172532492541652e+00
2.069953100434515747e+00
2.579598177163859862e+00
1.726625280377697802e+00
2.026132153763944288e+00
2.628131822022854447e+00
2.416236305270936580e+00
2.149619114504780715e+00
2.294359490717587491e+00
1.752222792061741696e+00
2.068276057588961603e+00
1.702357593271805802e+00
1.661653061427571965e+00
2.296384597053109378e+00
1.960802610222009079e+00
1.762074311642384483e+00
2.057507234549081687e+00
1.778352057579669854e+00
2.626184186883262495e+00
2.384704455679233170e+00
2.308415566958420762e+00
2.536133629213665142e+00
1.950476431791827281e+00
2.115199029131859643e+00
1.888764818858341688e+00
1.751413438455417415e+00
2.392710121357270570e+00
1.839057171643367239e+00
1.911005912880578972e+00
2.387558684450067137e+00
2.541835323509771705e+00
2.183619998173145227e+00
2.295300178960994142e+00
2.475363204280275120e+00
1.991579732567685390e+00
2.359009849923294766e+00
2.510883472573843811e+00
2.419531666801182368e+00
2.421015380266460681e+00
2.048578218505572757e+00
1.935478300818961106e+00
2.253968888198145670e+00
1.640924355947854352e+00
2.024370022062734531e+00
1.456013552950421674e+00
2.382914996177636358e+00
2.802148456452818959e+00
2.268804028354880487e+00
2.078949566797650750e+00
2.040584927397607551e+00
2.078472962491337395e+00
2.427247951488099798e+00
2.137131766078104178e+00
1.836680706587648926e+00
2.309911946489660028e+00
1.748535019980014260e+00
2.315314681106638517e+00
2.195999206361629597e+00
1.974820998195755850e+00
2.689469155476710505e+00
1.898460755187655780e+00
1.901618383751143782e+00
2.039217704153637900e+00
2.172660945967160639e+00
2.400555134158436132e+00
2.327257994622951465e+00
2.112202107685492880e+00
2.596961118856484063e+00
2.556226808625494673e+00
1.986017580371824298e+00
1.678142213251106130e+00
2.281997162442131799e+00
2.108209952795095266e+00
2.042990495916917837e+00
2.555803663364404787e+00
1.905196192915474374e+00
2.002979264772588586e+00
1.547704262865021718e+00
1.674216366132287748e+00
2.305144168859362797e+00
1.814455865134547041e+00
2.218284223553632195e+00
2.156681964185371836e+00
1.854040245938672893e+00
1.879722128033114670e+00
1.868959716233126622e+00
1.579651437744253206e+00
2.472151555218854213e+00
2.059168119875453229e+00
1.819981147286971801e+00
2.132407702870671162e+00
1.945204079313438639e+00
1.690700827458685662e+00
1.969385534858873132e+00
2.151464292519027488e+00
2.233167533168061158e+00
2.487249370603666243e+00
1.959106584472340096e+00
2.337794082582127952e+00
