6.558005453263080931e+00
7.188271123641718496e+00
6.371186311628489918e+00
6.145672156011652731e+00
6.083307036217140862e+00
5.866480030976120474e+00
7.197497298108119779e+00
6.742617216660861779e+00
6.196504473996538032e+00
7.450996096163651217e+00
6.843579906540126601e+00
6.363491671790095339e+00
5.900861208003166603e+00
5.644087034594758912e+00
6.968439278270382786e+00
6.287346798341467924e+00
7.247566099427359632e+00
6.243375314813022214e+00
7.642983180740242410e+00
7.118363762233103742e+00
6.579754877330013407e+00
6.410540691599234897e+00
7.369961764167071827e+00
7.434255838932536165e+00
6.526945048652821768e+00
6.276813779104783997e+00
6.364160726236503862e+00
6.492927776349433522e+00
6.421211308584050315e+00
6.424125216362175372e+00
6.210051428916074201e+00
6.525519144681036110e+00
6.709993486332675339e+00
6.706486594648579214e+00
6.814774680207927204e+00
6.079813455874168326e+00
6.698675220709606748e+00
7.575191559655781504e+00
6.253038076994226202e+00
6.700444035129805798e+00
6.176136179978178653e+00
6.256792769027875067e+00
6.172950443879828164e+00
6.831111691245681072e+00
6.520523755141680589e+00
6.901619001114343455e+00
6.593515891506212867e+00
5.466502167262849987e+00
6.518001780602975082e+00
6.681416391700908619e+00
6.568347049382389891e+00
7.020391290020960184e+00
6.118695865940892098e+00
6.315312937449435005e+00
6.786732390183490615e+00
5.953871355450549352e+00
6.535617919882003690e+00
6.865759368816638286e+00
7.531301393789566312e+00
5.902818864316044412e+00
7.227925936831480769e+00
6.968693050910370168e+00
6.497579800732949273e+00
6.414420672867140460e+00
7.060522948962166367e+00
6.182437211994144199e+00
7.515645007154898138e+00
6.191581122929762593e+00
6.298770305657784618e+00
6.948849502046691384e+00
6.948526297540579044e+00
6.422074103403357270e+00
6.406642778268144767e+00
6.328462627398416807e+00
6.616224609674920210e+00
6.137796646181443272e+00
5.426064540815284332e+00
6.807159462383925330e+00
6.043632694585301834e+00
6.146214976468825419e+00
6.751744496168273990e+00
6.883207463037567919e+00
6.542519268295358792e+00
7.664327035483123218e+00
6.422638273007820864e+00
7.135882057675905443e+00
6.711466892146940033e+00
6.673429110047959689e+00
6.270645945236251961e+00
6.399358451973222728e+00
6.608172057645860242e+00
6.568672446096264217e+00
6.543357425840067521e+00
6.640379384541321706e+00
6.695923912745620932e+00
6.151695809161141781e+00
6.972672009865554799e+00
6.678034874461172166e+00
6.704769476266123185e+00
6.144301421589856815e+00
6.278312840121702543e+00
6.975104368824662338e+00
6.132701792373961069e+00
6.991612644102437102e+00
6.391992436232070141e+00
7.021216786476029093e+00
6.605726927517317826e+00
6.314187510858089603e+00
5.909643316550084791e+00
5.839305207504294160e+00
7.342631971674856928e+00
6.361702412317265853e+00
5.961977131469318181e+00
5.805432859381046029e+00
6.030375331095714664e+00
5.602750077363534587e+00
6.246456354856605664e+00
6.217146253474652440e+00
5.638562003798941014e+00
6.244859091119234762e+00
6.289371016983060336e+00
7.089728758257685115e+00
7.505966989117035304e+00
6.832511403925832560e+00
6.946820965088232214e+00
6.871621662629904037e+00
6.831709408544448969e+00
6.649632326657826553e+00
6.349388431916492159e+00
5.982685250764497198e+00
5.911565245404204028e+00
6.562832971796524362e+00
6.417176224991287370e+00
7.454647625267105226e+00
6.019605328906720842e+00
6.408255370920031169e+00
6.149097515812723458e+00
6.097184140481426873e+00
6.541181404241294572e+00
5.920193529521299958e+00
6.954520471596127074e+00
4.848203970646778771e+00
6.809658982740788957e+00
7.782477211626812164e+00
7.685526194271910860e+00
7.659327675454034257e+00
6.176180440355495627e+00
6.349760659251725059e+00
6.912745638390785707e+00
5.914382786160227390e+00
6.918896104455175333e+00
5.977754024240320874e+00
6.318515342115071043e+00
6.507718040172211005e+00
6.631628194504631146e+00
6.672893488394035622e+00
5.252881333520608820e+00
6.345933316635687049e+00
6.457450457650629971e+00
6.060479429359429737e+00
6.174554021665357162e+00
6.662554951122955593e+00
6.953073458884537317e+00
6.203261916280496280e+00
6.861353580936815355e+00
6.533216581050153238e+00
6.102917591289460653e+00
5.922378376426713942e+00
6.686777382016884097e+00
6.017349394609160740e+00
5.800674907653385226e+00
6.690627788980711088e+00
6.986892829702259888e+00
6.668438681943535506e+00
6.549906746634188259e+00
6.407943893253345458e+00
6.691346770122349241e+00
6.893665331853983780e+00
5.820943113091956889e+00
6.535141042544177381e+00
6.112369669853987553e+00
6.483129550380900774e+00
7.128254010904315763e+00
6.311970215687762398e+00
6.960256605323388968e+00
6.066530391647384057e+00
6.947550201885659860e+00
6.969090759961293458e+00
7.371626293104446503e+00
6.614355323273696463e+00
6.688700303139730963e+00
6.306085277523576949e+00
6.415135293486343926e+00
6.065165565060945063e+00
6.512784445752488161e+00
6.589789740678938301e+00
5.946432541516926129e+00
7.238234311515430619e+00
6.306541783025824799e+00
6.919080284547519000e+00
5.923744816260426482e+00
6.146966363289582347e+00
6.419923633408584074e+00
6.103004739445800020e+00
6.502917169180824075e+00
6.251794338250333816e+00
6.735611962846506984e+00
7.118286606502144842e+00
7.056721526774532904e+00
6.990416028011740224e+00
6.695070115942034938e+00
5.354737060489290101e+00
6.585777643066497156e+00
6.309208805156608868e+00
6.519821835510161812e+00
7.353912820346919510e+00
6.605469921556458068e+00
6.737676001448570595e+00
6.244437015625810439e+00
6.033416288440310637e+00
6.235384407752605718e+00
6.886628361015191047e+00
6.277732948729514817e+00
6.636149957040777814e+00
6.142166646548358422e+00
6.781829314094430572e+00
6.781146052310949912e+00
6.539448431043155985e+00
5.917878386951837655e+00
6.722269399975950854e+00
7.018081353478824447e+00
7.756585047457324578e+00
6.184286771003243643e+00
6.469995566239655105e+00
5.952671943284425282e+00
6.310554149336016216e+00
6.165129166252000026e+00
6.581260490977177469e+00
8.088252106477288095e+00
6.318928177946481206e+00
6.797437261187585733e+00
6.585621433302086380e+00
6.971699447261519467e+00
7.314221628366650130e+00
5.794048455324950275e+00
6.332770505485207480e+00
6.423920324174041241e+00
5.895298865883114914e+00
6.375528621015633668e+00
6.124501986739652182e+00
6.418110193441062705e+00
6.598071905355335609e+00
6.301384659694475587e+00
6.201671011033487169e+00
6.072975055753763840e+00
6.787760561797671954e+00
7.051739662103973849e+00
6.899596032272875767e+00
6.436431804011403024e+00
6.993149748791886999e+00
5.605059406281861278e+00
7.370184935374061830e+00
6.513861951318832055e+00
6.277548312181895795e+00
5.924574465852479932e+00
6.104965808205548683e+00
6.288369207510999814e+00
6.774721988892380864e+00
6.726961165831461642e+00
5.960883135654886367e+00
7.019992757950234363e+00
5.671634343428657132e+00
5.961196738708551379e+00
6.061094458061379697e+00
6.849459951087260023e+00
7.071669518190641490e+00
6.716722741287709297e+00
6.302899492817093829e+00
6.408295397742135968e+00
6.046203272899363768e+00
7.206674063440143385e+00
6.842123744429109422e+00
6.568823911283101502e+00
6.812674980806519898e+00
6.579186018284445936e+00
6.956137640272467948e+00
6.732741823540741244e+00
7.290428382612581970e+00
6.357085144882785421e+00
6.963194638694901073e+00
6.258696969711404101e+00
6.786625839259486703e+00
7.237520729955376098e+00
6.631212293662309243e+00
6.724959160410932668e+00
7.948532762542511954e+00
6.625039712556493043e+00
7.359167708413721698e+00
6.067614823609429386e+00
6.352079702376929760e+00
5.957168048393213233e+00
7.296441275614424349e+00
7.158387607503661876e+00
7.033896557147871320e+00
7.196274768572532565e+00
6.612628059388096169e+00
6.183667572307219196e+00
6.808375901640955519e+00
5.858344059054834574e+00
6.471473948712779922e+00
6.911283024456960078e+00
5.695612594194053635e+00
7.435064928113421345e+00
7.452496594420191300e+00
5.992123197118162103e+00
6.862151546692699888e+00
5.515280633600680105e+00
7.761133329755610433e+00
6.680425823639199123e+00
6.450195991985909316e+00
7.241169374310061357e+00
6.262709710912960581e+00
7.102460377701190097e+00
7.395219156052983855e+00
6.921778005724095628e+00
6.703167214578568789e+00
5.426425467630241251e+00
6.624239642191950495e+00
6.187495543785418661e+00
6.747132271356534261e+00
5.822881278026171614e+00
6.496461477372049487e+00
6.893220887843765077e+00
5.627151437068031115e+00
7.337196391989503574e+00
6.160883141817651953e+00
7.227514445319559222e+00
6.573372219280925854e+00
6.257456434841300208e+00
6.110839752310106121e+00
6.273442980756360754e+00
6.905411151182590856e+00
6.212308548831318333e+00
5.723829973647511338e+00
6.481817952877055866e+00
7.104403975520534154e+00
7.016996482131615309e+00
6.481017635439429547e+00
7.190487827604019166e+00
6.150156704327955914e+00
7.582094599080599906e+00
6.413815597410680525e+00
7.242053416007861344e+00
6.929523138532935889e+00
8.028398876465997702e+00
6.441691699427550155e+00
7.551622466172445591e+00
6.519201023889181101e+00
6.999626475771475675e+00
7.185291397047220308e+00
7.470593842508028715e+00
6.381849496653320131e+00
6.540849753335673533e+00
6.305910828681911440e+00
6.287266743376594746e+00
5.887708186782400155e+00
6.712906324239256151e+00
7.036571294971732726e+00
7.325904815885564858e+00
6.960771510180421728e+00
6.202518056853614681e+00
7.073375065101811465e+00
7.465858136760592068e+00
5.805040940541593031e+00
6.618523995571305107e+00
5.797304756314305862e+00
7.237301521003800531e+00
6.088460603559570750e+00
7.415669097569741908e+00
7.181486539251960899e+00
6.077040515367596818e+00
6.844361692911149930e+00
7.223188631401323612e+00
6.062900496910303971e+00
6.736582200529354303e+00
6.151117234863094474e+00
6.080539662082472319e+00
7.318349894133410416e+00
6.470062635545154706e+00
7.230835264672719198e+00
7.191203120299607399e+00
6.156131851676193811e+00
6.243385421233021759e+00
5.775818834775773070e+00
6.880725713155736223e+00
6.728482599580110524e+00
6.420025099609856234e+00
6.045789313312154967e+00
6.903546104124275828e+00
6.482330585424588953e+00
6.464491872696401131e+00
6.408279207253325005e+00
6.781155798792792844e+00
6.842813974621082096e+00
6.908219057154071585e+00
7.665244121624737339e+00
6.927007532147512414e+00
6.472134178198817978e+00
6.001093112129555429e+00
7.045379024337997009e+00
6.364279015626577163e+00
7.014878055955103164e+00
7.637261546890930397e+00
6.114284020822350563e+00
6.301464824019045174e+00
7.260517702986543753e+00
7.354864434516930949e+00
5.886149994177921840e+00
6.609857093637279135e+00
7.104525705758506504e+00
6.081434088263473647e+00
6.849004404261076040e+00
6.889805209214712178e+00
6.161316523766561026e+00
6.491827343038338860e+00
6.832990911918613186e+00
6.833870474358607616e+00
7.284910936489706224e+00
6.176687789932008954e+00
5.923404730006662788e+00
7.136367272877773615e+00
6.671962889920483697e+00
6.415978881210716800e+00
6.534189957824282580e+00
6.406856860231544104e+00
6.753007061793139698e+00
7.023797761586538790e+00
6.089293741122566495e+00
6.510722729293392241e+00
6.201599837634913293e+00
6.879951565817794545e+00
6.428412496421652023e+00
6.871528041686569388e+00
6.994613859252134525e+00
7.332706313998610170e+00
6.733244079178359875e+00
7.398473087329411335e+00
6.463790763888684232e+00
6.216458647656616598e+00
6.397610729476714830e+00
6.707710713735340669e+00
6.487269239831005230e+00
6.763518522361619212e+00
6.490413791345420513e+00
5.242707828334994602e+00
6.020745910841906579e+00
7.396108533101614313e+00
6.663747344498410108e+00
6.657547206222019121e+00
6.409786503685586112e+00
6.618766178729482696e+00
6.940335423481307053e+00
6.616100072057484738e+00
6.585986055029628083e+00
6.455588429359542246e+00
6.016854933477289613e+00
7.007741253981403240e+00
7.061832903102524206e+00
7.615437601871467344e+00
6.236484376990230949e+00
6.373209805140167106e+00
6.952852970407873201e+00
6.101216095620832114e+00
7.003390787003110241e+00
6.494923886978251737e+00
6.770839758178476941e+00
7.565990028207425944e+00
6.520079697321754963e+00
7.625550575788331287e+00
7.003735140693946093e+00
6.198537278546896623e+00
6.132145077393089672e+00
6.463517127197276224e+00
6.583229931944635460e+00
7.153786135116001255e+00
6.126289897787128957e+00
5.617675002146700791e+00
7.153094167660794866e+00
6.266633968977731506e+00
6.344537842939857342e+00
6.208538581794999622e+00
6.411319010511681959e+00
6.994919356462895976e+00
6.625589337214922381e+00
7.126133425635878815e+00
7.495069041946909927e+00
6.836392357798317221e+00
7.710933309073168651e+00
5.934902877054753390e+00
7.235344403990719542e+00
6.875433817956772664e+00
6.912295364337047054e+00
5.521886714035604271e+00
5.893878366221639631e+00
6.697141424624811101e+00
6.762069528270906460e+00
5.665066258759268614e+00
6.605749773456153662e+00
7.627069916573283592e+00
6.337644581612732253e+00
6.473758950448751825e+00
6.179748260994434084e+00
6.687451372267597449e+00
5.467757747490931131e+00
6.879484467447304574e+00
5.792445192661996423e+00
6.021263245706580669e+00
6.761283447791647028e+00
6.858413560074112958e+00
6.645422293655624202e+00
6.086367333533071466e+00
6.172940789798595951e+00
6.603748007392368891e+00
6.589939946560408046e+00
6.756083065781184338e+00
6.663047818792409593e+00
6.778781057869228910e+00
7.028365106811942375e+00
6.688079885765375820e+00
6.418551627252979230e+00
6.404685203001489135e+00
6.828287002350032608e+00
7.334824887897203993e+00
6.789472995970773361e+00
7.005040467463679477e+00
7.275378493213464637e+00
7.230824050428721783e+00
5.830670764493936176e+00
6.163137005901569765e+00
6.202625183246415652e+00
6.866794633328392905e+00
6.520452723396310546e+00
6.515645689257842044e+00
7.392106071439700443e+00
6.631266363075962289e+00
6.542686711322723170e+00
6.536674438089782768e+00
6.421032865818717461e+00
5.797565738346945885e+00
6.481494756983491534e+00
6.027702222372944618e+00
7.131776090533664458e+00
7.784560319804457507e+00
6.578511445262318347e+00
7.329872796215333608e+00
5.999127329509621909e+00
6.518521773109006823e+00
6.397125377219472497e+00
6.238160977692129627e+00
6.257417699101989861e+00
5.826393461670132723e+00
6.744786676616897125e+00
7.381773052969548665e+00
6.087292927627200534e+00
6.564918914919068982e+00
6.916915078246868021e+00
5.709010580488383724e+00
6.652492484906349368e+00
6.666312943492051168e+00
6.544143425733472519e+00
6.496909736316633044e+00
6.691448092250762869e+00
6.955540871238654610e+00
6.825389820709419908e+00
6.344032853677698647e+00
6.060947420770501637e+00
6.212908268366344799e+00
7.301349262800068907e+00
6.458375451976707815e+00
7.688786200222315514e+00
7.457836515070890293e+00
7.106691362352379748e+00
6.330740522319335817e+00
6.516165577494619221e+00
6.060844949862832287e+00
6.139712470083458662e+00
7.178216448391991023e+00
6.455790626776935603e+00
6.115778165950235490e+00
6.654198320709717507e+00
6.994558195434248837e+00
7.135782397238886077e+00
5.993556313240895328e+00
6.717893594247933642e+00
5.736274442354108771e+00
6.949143445445613132e+00
6.401877590102464488e+00
7.211480429697671113e+00
6.879005419627084450e+00
6.001759602771527646e+00
6.844715569162843849e+00
7.251612309147232871e+00
7.014773701903474823e+00
6.819617284481188868e+00
6.475859954040262600e+00
6.999968836247438375e+00
6.605203693980116419e+00
6.681153842467628223e+00
6.937469079958878737e+00
6.715111581058382129e+00
7.171714595754409949e+00
6.926969033320120595e+00
6.330470464306828582e+00
6.543427491367490134e+00
6.405673814817768097e+00
6.754549869338005053e+00
6.023936006114754882e+00
7.540937890240941854e+00
7.169424417048841036e+00
7.223371317041070938e+00
7.508747288992339008e+00
6.184608017891153331e+00
7.437581604894771381e+00
6.069897006345107648e+00
6.227757016559086978e+00
6.770565383308665197e+00
6.505355376490179253e+00
6.201280183058525353e+00
6.667950357096267489e+00
6.933386769696593177e+00
6.190878842363500389e+00
6.651929793663486912e+00
5.996502847470586595e+00
5.995850417298556501e+00
7.749681287735979751e+00
7.106734513967636779e+00
6.303145810868704402e+00
6.647830293749956709e+00
5.879946530124612991e+00
6.211788332198872276e+00
6.500373048970748968e+00
6.627166373895590823e+00
7.444760873191489381e+00
7.439155253955121339e+00
6.279250173128104073e+00
5.412332761210095100e+00
7.148490492093372950e+00
6.298895601908412800e+00
6.284904373050740567e+00
6.801007005114600545e+00
6.912276848042470334e+00
6.663113056654935029e+00
6.635594053815152549e+00
6.601793887137721306e+00
7.055402259341025939e+00
6.915158588527503092e+00
6.095612824663849239e+00
6.152633797030516938e+00
6.899109267618057650e+00
7.079139299980740319e+00
6.626850871270885790e+00
7.536714532805775413e+00
6.322238516395215058e+00
5.186549209005685057e+00
6.597209364163751033e+00
6.482671146194627809e+00
6.136955804835234396e+00
6.649935303711126622e+00
5.928852065366549517e+00
5.837003612871697555e+00
7.189692249005934954e+00
6.347002613058969622e+00
6.889353756061392886e+00
6.202404610817072061e+00
6.338145857863483279e+00
6.009447456561779255e+00
7.111962715507975652e+00
6.776923447382934285e+00
6.431271951867528536e+00
6.183974100421162134e+00
6.521179932835147852e+00
6.713643440353090242e+00
7.474109864830262850e+00
6.287325360214514269e+00
5.589705423788003280e+00
5.633232953812989052e+00
5.286050294049221776e+00
6.848669205131250770e+00
6.842684906861560279e+00
6.462944421778995974e+00
6.036501144763057880e+00
6.065559083870745383e+00
6.260798819516838698e+00
5.875218035996291555e+00
6.581167801104190751e+00
6.851201171796969192e+00
6.270655813456141203e+00
7.546370066170815960e+00
6.656714238085537083e+00
6.280705366679030455e+00
6.113452775331976952e+00
7.320721165686714826e+00
6.249518769815906261e+00
6.891217193712492417e+00
5.643735046567559088e+00
6.753632446843090165e+00
7.067806169657261606e+00
6.526335451831511314e+00
5.872444142802259570e+00
6.898852404695967167e+00
6.345075809768784048e+00
7.436570882071656285e+00
7.046156760915121886e+00
6.582860737246571503e+00
6.285309897218583686e+00
6.485210279488996754e+00
6.932469365527450300e+00
6.325641934602628247e+00
7.598757017249114121e+00
6.286858309967243486e+00
6.725448970416673333e+00
6.010758348847381249e+00
6.818696052845921507e+00
7.240070970420716456e+00
6.833600138074308994e+00
6.534901560947451671e+00
6.915133870476042333e+00
6.831083249939098323e+00
6.702052570627237138e+00
6.419610615708341683e+00
7.018535626349212464e+00
7.109107791241729757e+00
6.651953387231274384e+00
7.379218269075918712e+00
7.006424475303256294e+00
6.442571283830051954e+00
6.082765208865728468e+00
6.221952047226612770e+00
6.136287725918421643e+00
6.598770621791302915e+00
6.401582892431203931e+00
6.311272359681048272e+00
5.914219019107913589e+00
6.421168831313961434e+00
6.500745604933236166e+00
6.257656444644108973e+00
6.391320795818596245e+00
7.239019433309434426e+00
6.524415630360250518e+00
7.205119447251013831e+00
6.743887363000944823e+00
6.175242910853160794e+00
5.729678688100495521e+00
7.055509046793801531e+00
6.965541712425554088e+00
6.922497514276336084e+00
6.552925897955782730e+00
5.879053998358193311e+00
6.546290907624319644e+00
6.135630934431778094e+00
7.295423522163273944e+00
7.369083199251153182e+00
6.085752445751543505e+00
7.120906188341271204e+00
5.777460009027287846e+00
6.215252097095476991e+00
6.187125407792668064e+00
6.902111007238945994e+00
6.040780030931221845e+00
6.695599824218879448e+00
7.235649891409737577e+00
6.250384961295115893e+00
5.799864606815727797e+00
6.601495012725579592e+00
6.460737095885085601e+00
6.342695950006541850e+00
7.185507767960861436e+00
5.438272221754782976e+00
6.819958619541681699e+00
5.420307104250746910e+00
6.725746271378544527e+00
7.149329458261521886e+00
6.651370720742752596e+00
5.803822615316918565e+00
7.279023910854581558e+00
5.915778120862518641e+00
6.707155134061734358e+00
6.706829733450650366e+00
6.157141891068710571e+00
7.307831414487362842e+00
6.347881289750394451e+00
7.568501976395490161e+00
6.840351094852705316e+00
6.322093957032343781e+00
5.915601465667788439e+00
6.515594409739733806e+00
7.000651874993973678e+00
6.517764582432945097e+00
5.685153661159117355e+00
6.131734462022249588e+00
6.068481335941898536e+00
6.589571422387630939e+00
6.158542647312813756e+00
7.025257944837670188e+00
7.103323119369836292e+00
7.387649041663598481e+00
5.904813178965883758e+00
6.517424916612428731e+00
6.027862648758175901e+00
7.503383672944851313e+00
6.512968485677554042e+00
5.970477710656736825e+00
6.609490785340100594e+00
6.802028942755441676e+00
5.184386629695640458e+00
6.374882538031048540e+00
5.971009463061679234e+00
6.259799390539955155e+00
6.731595743099560991e+00
6.104014911043991631e+00
6.478541103901319431e+00
7.098793833802272246e+00
7.071123389539201831e+00
7.089244753634515561e+00
6.530946321553020795e+00
5.764536947426030622e+00
6.976787286134660704e+00
6.234543002675827950e+00
7.259126178634834226e+00
6.296269591545615718e+00
6.850422882541606029e+00
7.066074362856204161e+00
6.264916071107673901e+00
6.249252897921341976e+00
6.145940390020886213e+00
5.932852913884821611e+00
6.854400796233909077e+00
5.908918714800892147e+00
7.176529816923191696e+00
7.151574430544063610e+00
5.920463787160666236e+00
5.924570039784874176e+00
7.647964102944794007e+00
6.441351992491440193e+00
5.786855820072040579e+00
7.084406674403799897e+00
6.454206036514678502e+00
6.167639732248694884e+00
5.568503169379570572e+00
6.611567425780667584e+00
6.572163289607804160e+00
7.125765248013515851e+00
6.859878730450311046e+00
5.902507642837536928e+00
5.430775137347167103e+00
6.847758306509096116e+00
6.699781546581761837e+00
6.255934418289998966e+00
7.241120194945300348e+00
7.255318540678183936e+00
7.472079078257257478e+00
5.896219185460120471e+00
7.035344020516999919e+00
7.146774066192952191e+00
6.730779600987843558e+00
6.772359443739468077e+00
6.680929748768157594e+00
6.563362456099568476e+00
7.019747613895887639e+00
6.947119337851492382e+00
6.628443786286670303e+00
6.642256872325198458e+00
6.567049735419518086e+00
6.881450492192704438e+00
5.865977316775569328e+00
5.958338689817809453e+00
6.877132753585565972e+00
6.225517661669402791e+00
6.221803106232393077e+00
5.523794330974701516e+00
6.571879056411764175e+00
6.160528472383909104e+00
6.568343938264004755e+00
7.022456428776420623e+00
5.253403661986305373e+00
6.463399469019238452e+00
7.283413971724547409e+00
7.611520373590062505e+00
5.889235920070756691e+00
6.735771255774336552e+00
6.832507099426692321e+00
6.831793679888115811e+00
6.407787498626937861e+00
6.263973055692932945e+00
6.036692553193243604e+00
6.879411347522094822e+00
6.957945489420639618e+00
6.431984083819275000e+00
6.692047790852324596e+00
6.531909741227455157e+00
6.133627009421640075e+00
6.497037367412429099e+00
7.106938047839963524e+00
7.360838551550603626e+00
6.486343742844558058e+00
6.266989672413301626e+00
6.909153222014894347e+00
6.626998609575215582e+00
6.670672139959316738e+00
7.009613781651133912e+00
6.560502704584586731e+00
6.877701843398517312e+00
6.342852597497431688e+00
7.166636450870922381e+00
7.122633222671320041e+00
6.194754877046066532e+00
6.293607718815633412e+00
6.153207279408427155e+00
6.153416753930586403e+00
7.106302674928398844e+00
7.263216471640745020e+00
6.736732814244712486e+00
7.293859970671692672e+00
6.085810861689965989e+00
6.247841708574495279e+00
7.024942275726299812e+00
6.379873365339669533e+00
6.966073040569958685e+00
6.140594848112611359e+00
6.621501210435167373e+00
7.315933924155977763e+00
7.100038226616448789e+00
6.499363258890679340e+00
6.748529519348039685e+00
6.379291994583772052e+00
6.723865504306525409e+00
6.864892877906045854e+00
7.090161253526154894e+00
6.114315633524841864e+00
7.063041650345780909e+00
6.337606644988930782e+00
5.758161472707693740e+00
5.721748652043143757e+00
5.360971036116954025e+00
6.783233695862666224e+00
7.064859965787450236e+00
6.974009587441853952e+00
7.075275414807753904e+00
6.497901654957120243e+00
6.606021742038215017e+00
6.603457390087651646e+00
6.223207267168240797e+00
7.048388195930020750e+00
7.218035376615008047e+00
5.762589220805853785e+00
6.740936039835645488e+00
6.431074235609627543e+00
6.297289525604839788e+00
6.368183932257265312e+00
6.585167488606343156e+00
7.212064627329526800e+00
5.206133757021694564e+00
6.145246044017070197e+00
6.511399935122583749e+00
6.293219048290413120e+00
6.529792646438793646e+00
7.260065830966854428e+00
6.202881478771006485e+00
6.967832354919671012e+00
6.769059986425598474e+00
6.435358053808545087e+00
5.865016281424351163e+00
7.327013982440735873e+00
5.971677763963865182e+00
6.577359075049242776e+00
6.869710293058950867e+00
6.075557186795117026e+00
6.252820350705118102e+00
5.844262585576369240e+00
6.489283981327998774e+00
6.469601436099627456e+00
6.587059050762730905e+00
6.227662970279464361e+00
6.396874156089581653e+00
6.247159362552074491e+00
6.647198718195135747e+00
6.929261587635408226e+00
6.136452823944805068e+00
6.863181509991687079e+00
6.608916322746283711e+00
6.792455838230535115e+00
6.944455762511682728e+00
6.738768052740742753e+00
6.114134168324917518e+00
6.575251717581721778e+00
7.288158298475834407e+00
6.082091341229030057e+00
6.850050631187218464e+00
6.523815817376359405e+00
7.542912476789824794e+00
