3.935133516788482666e-01
1.333968341350555420e-01
2.740634679794311523e-01
3.130290508270263672e-01
3.259376585483551025e-01
3.821483552455902100e-01
2.457161992788314819e-01
3.116343617439270020e-01
1.838517636060714722e-01
2.901493310928344727e-01
2.803922593593597412e-01
1.943427026271820068e-01
3.091373145580291748e-01
1.403075158596038818e-01
1.723476946353912354e-01
2.398731708526611328e-01
2.921583056449890137e-01
2.942449152469635010e-01
2.223025262355804443e-01
2.646665871143341064e-01
2.708517313003540039e-01
3.751435875892639160e-01
2.278633862733840942e-01
2.366880476474761963e-01
2.976360321044921875e-01
3.055341243743896484e-01
9.080456942319869995e-02
1.803121715784072876e-01
2.567266225814819336e-01
3.474491834640502930e-01
3.096691966056823730e-01
2.847913205623626709e-01
2.947239875793457031e-01
2.667679190635681152e-01
3.802057206630706787e-01
3.345515429973602295e-01
2.439018040895462036e-01
2.951498925685882568e-01
2.166574001312255859e-01
2.852070033550262451e-01
4.009684026241302490e-01
3.370407819747924805e-01
2.455553859472274780e-01
3.240228295326232910e-01
2.255682796239852905e-01
2.815097570419311523e-01
3.162509500980377197e-01
2.983777821063995361e-01
4.556619524955749512e-01
3.618676960468292236e-01
3.740560710430145264e-01
2.445372194051742554e-01
1.812112778425216675e-01
2.890270650386810303e-01
3.391235172748565674e-01
2.021370381116867065e-01
3.710070252418518066e-01
3.084352612495422363e-01
2.325216382741928101e-01
2.680654823780059814e-01
2.527657747268676758e-01
3.291550576686859131e-01
2.795696258544921875e-01
2.156319469213485718e-01
2.214064151048660278e-01
2.688349783420562744e-01
3.512041568756103516e-01
2.075546085834503174e-01
2.588756978511810303e-01
1.094882488250732422e-01
2.403450757265090942e-01
2.377369850873947144e-01
2.809832096099853516e-01
3.581671118736267090e-01
3.272285759449005127e-01
1.592201739549636841e-01
2.406907230615615845e-01
2.841109931468963623e-01
3.975637555122375488e-01
4.006114304065704346e-01
3.496920168399810791e-01
1.739200204610824585e-01
2.311714589595794678e-01
2.095133364200592041e-01
3.110093176364898682e-01
3.015190362930297852e-01
4.016218185424804688e-01
2.967280745506286621e-01
4.000128507614135742e-01
3.158985972404479980e-01
2.127871364355087280e-01
4.058310985565185547e-01
2.853657007217407227e-01
3.064027130603790283e-01
2.618268430233001709e-01
1.878240555524826050e-01
1.513445079326629639e-01
2.858731448650360107e-01
3.157129585742950439e-01
2.831028401851654053e-01
2.295823991298675537e-01
2.958094775676727295e-01
3.720418214797973633e-01
2.351818978786468506e-01
4.185636341571807861e-01
2.428106069564819336e-01
3.070890307426452637e-01
2.744186818599700928e-01
3.299100995063781738e-01
2.129087299108505249e-01
1.918112337589263916e-01
2.369534820318222046e-01
2.959872782230377197e-01
2.459610104560852051e-01
3.531691431999206543e-01
3.346615433692932129e-01
1.156507879495620728e-01
3.674550652503967285e-01
4.140962660312652588e-01
2.495478242635726929e-01
3.747791051864624023e-01
3.121109008789062500e-01
3.645779490470886230e-01
2.807165980339050293e-01
3.585323989391326904e-01
3.231469392776489258e-01
2.839969694614410400e-01
2.916103601455688477e-01
2.031101286411285400e-01
2.903330624103546143e-01
3.039206862449645996e-01
3.177288770675659180e-01
3.446514308452606201e-01
3.488168418407440186e-01
2.574221491813659668e-01
2.637946605682373047e-01
2.151738554239273071e-01
1.839928925037384033e-01
1.732260882854461670e-01
3.878978490829467773e-01
3.688053786754608154e-01
3.569559156894683838e-01
3.204421997070312500e-01
1.620842814445495605e-01
3.650851845741271973e-01
3.654189705848693848e-01
2.183123826980590820e-01
4.507367610931396484e-01
3.288414180278778076e-01
2.715969085693359375e-01
2.484510689973831177e-01
3.301773965358734131e-01
3.331232368946075439e-01
3.712812662124633789e-01
2.664952576160430908e-01
2.197790890932083130e-01
2.785007953643798828e-01
1.831457316875457764e-01
2.982887625694274902e-01
2.729028165340423584e-01
2.184140682220458984e-01
3.244364857673645020e-01
3.125751316547393799e-01
2.926236391067504883e-01
2.260915786027908325e-01
2.582867443561553955e-01
3.715474307537078857e-01
3.881786465644836426e-01
1.651731729507446289e-01
4.564875364303588867e-01
2.984300851821899414e-01
2.701833844184875488e-01
4.090189337730407715e-01
3.400742113590240479e-01
1.992792636156082153e-01
2.907902598381042480e-01
1.817083060741424561e-01
3.960367143154144287e-01
2.560809850692749023e-01
1.370967030525207520e-01
4.177655875682830811e-01
2.223342657089233398e-01
2.461468279361724854e-01
3.539454042911529541e-01
3.043871521949768066e-01
3.755500614643096924e-01
2.433448284864425659e-01
3.856226503849029541e-01
2.976523637771606445e-01
2.573641538619995117e-01
4.155943095684051514e-01
2.601363956928253174e-01
1.388294994831085205e-01
2.049564570188522339e-01
2.953830361366271973e-01
2.842648923397064209e-01
2.590872347354888916e-01
2.448206394910812378e-01
3.894587457180023193e-01
3.487026691436767578e-01
2.974634170532226562e-01
3.085689842700958252e-01
2.270270437002182007e-01
2.152594625949859619e-01
2.594990730285644531e-01
2.660821378231048584e-01
2.537016272544860840e-01
2.440784424543380737e-01
1.928872168064117432e-01
3.542347252368927002e-01
3.111767768859863281e-01
3.349977135658264160e-01
2.385154813528060913e-01
2.578049004077911377e-01
4.445859193801879883e-01
3.853782117366790771e-01
2.446282655000686646e-01
2.443447113037109375e-01
2.259551584720611572e-01
2.920671999454498291e-01
2.729116380214691162e-01
3.757572770118713379e-01
4.167175590991973877e-01
1.966987848281860352e-01
1.837309896945953369e-01
3.576349318027496338e-01
3.333832621574401855e-01
2.523598074913024902e-01
4.281141161918640137e-01
3.746503591537475586e-01
2.744158506393432617e-01
2.557568252086639404e-01
2.483146935701370239e-01
2.447765022516250610e-01
3.583568930625915527e-01
2.391073405742645264e-01
2.936341166496276855e-01
2.744272053241729736e-01
2.766720354557037354e-01
2.750203907489776611e-01
3.060758411884307861e-01
4.096512496471405029e-01
2.265404611825942993e-01
2.707596123218536377e-01
2.518226504325866699e-01
3.465184569358825684e-01
3.871554136276245117e-01
2.794811427593231201e-01
2.691722512245178223e-01
2.286699563264846802e-01
3.190656006336212158e-01
3.810721337795257568e-01
3.312211334705352783e-01
3.545052409172058105e-01
2.082982510328292847e-01
2.890268862247467041e-01
1.609742790460586548e-01
2.104529887437820435e-01
3.464709818363189697e-01
3.942234814167022705e-01
2.197345644235610962e-01
4.086408615112304688e-01
2.671126723289489746e-01
4.373832345008850098e-01
2.199056893587112427e-01
2.023868411779403687e-01
2.117488980293273926e-01
2.526477873325347900e-01
4.077826738357543945e-01
1.606015264987945557e-01
3.127821385860443115e-01
3.999660611152648926e-01
2.437717765569686890e-01
3.912543356418609619e-01
3.029215037822723389e-01
3.046711087226867676e-01
2.505695521831512451e-01
3.141947090625762939e-01
1.709520816802978516e-01
3.390029966831207275e-01
3.445863723754882812e-01
2.484369277954101562e-01
1.960251033306121826e-01
2.005307823419570923e-01
3.285990357398986816e-01
2.041458189487457275e-01
1.996583491563796997e-01
2.132319808006286621e-01
2.619616389274597168e-01
2.052682936191558838e-01
2.486706823110580444e-01
3.373268246650695801e-01
4.182710051536560059e-01
3.866656720638275146e-01
3.091860413551330566e-01
3.292357325553894043e-01
1.112278029322624207e-01
2.957591116428375244e-01
2.994734644889831543e-01
3.755865693092346191e-01
3.769822418689727783e-01
3.516532182693481445e-01
2.117061018943786621e-01
1.720095276832580566e-01
2.579761743545532227e-01
2.378785163164138794e-01
2.959379255771636963e-01
1.364987939596176147e-01
3.332051634788513184e-01
2.291684895753860474e-01
3.681667745113372803e-01
2.798605859279632568e-01
2.413181066513061523e-01
2.790892720222473145e-01
1.990209519863128662e-01
2.044193595647811890e-01
2.722220420837402344e-01
2.392791360616683960e-01
2.082617133855819702e-01
3.215104341506958008e-01
3.238578736782073975e-01
3.702837526798248291e-01
2.985266149044036865e-01
2.843345999717712402e-01
1.862482726573944092e-01
2.216142266988754272e-01
3.476301431655883789e-01
2.061155736446380615e-01
3.571232855319976807e-01
2.105012387037277222e-01
3.334051966667175293e-01
2.627354264259338379e-01
1.209665834903717041e-01
2.743079066276550293e-01
3.487797081470489502e-01
4.736123979091644287e-01
3.821066617965698242e-01
3.008064329624176025e-01
2.967291176319122314e-01
2.590556144714355469e-01
2.499513030052185059e-01
3.503426611423492432e-01
2.435407787561416626e-01
3.810790181159973145e-01
1.624456346035003662e-01
2.988004088401794434e-01
2.384812086820602417e-01
3.513505756855010986e-01
1.923892349004745483e-01
3.477335274219512939e-01
2.066097110509872437e-01
2.438702583312988281e-01
3.923301398754119873e-01
3.301748037338256836e-01
2.721367776393890381e-01
2.439145594835281372e-01
9.246907383203506470e-02
4.137689471244812012e-01
2.483959943056106567e-01
1.664488762617111206e-01
1.225519329309463501e-01
3.106880784034729004e-01
3.088054656982421875e-01
2.678676843643188477e-01
3.652790784835815430e-01
1.748509854078292847e-01
4.901846051216125488e-01
1.951368600130081177e-01
3.689561486244201660e-01
2.278583794832229614e-01
4.646942019462585449e-01
2.688743472099304199e-01
1.973810195922851562e-01
4.535247981548309326e-01
2.596805989742279053e-01
2.656667530536651611e-01
4.124179482460021973e-01
3.500130176544189453e-01
4.076889753341674805e-01
2.201993614435195923e-01
4.530419707298278809e-01
2.600671648979187012e-01
3.442892730236053467e-01
3.434890210628509521e-01
2.552907466888427734e-01
2.610854804515838623e-01
2.457279860973358154e-01
3.981380462646484375e-01
3.710002005100250244e-01
3.558843731880187988e-01
2.302897721529006958e-01
3.346606194972991943e-01
2.711158096790313721e-01
3.101254701614379883e-01
3.429236114025115967e-01
3.109623491764068604e-01
3.466593325138092041e-01
1.400499939918518066e-01
2.723996341228485107e-01
2.593040466308593750e-01
2.143088132143020630e-01
1.579207181930541992e-01
2.057840377092361450e-01
3.061431944370269775e-01
2.577523589134216309e-01
3.523890376091003418e-01
3.296786248683929443e-01
3.408515751361846924e-01
2.973909080028533936e-01
2.244981080293655396e-01
3.235815763473510742e-01
3.347308933734893799e-01
3.386765420436859131e-01
3.157466650009155273e-01
2.985554635524749756e-01
6.694452464580535889e-02
3.454153537750244141e-01
2.218657881021499634e-01
3.383768200874328613e-01
3.450047373771667480e-01
3.158491253852844238e-01
3.101810514926910400e-01
3.582287430763244629e-01
4.007346332073211670e-01
3.346948921680450439e-01
2.408796995878219604e-01
3.451924324035644531e-01
2.244465500116348267e-01
2.323321849107742310e-01
3.485660851001739502e-01
2.824205756187438965e-01
2.945127785205841064e-01
2.794184982776641846e-01
3.657844364643096924e-01
2.941072583198547363e-01
1.928126811981201172e-01
1.919491142034530640e-01
2.626299262046813965e-01
3.413279056549072266e-01
3.260523378849029541e-01
3.135722577571868896e-01
1.216130182147026062e-01
4.287626147270202637e-01
3.659895956516265869e-01
3.724634647369384766e-01
2.978507280349731445e-01
2.410650551319122314e-01
3.392933309078216553e-01
2.432609349489212036e-01
1.795126944780349731e-01
1.628690659999847412e-01
2.736097574234008789e-01
2.618212699890136719e-01
1.554852128028869629e-01
3.095922470092773438e-01
2.616232037544250488e-01
2.766605913639068604e-01
2.495479732751846313e-01
1.980143636465072632e-01
1.573735475540161133e-01
2.902685403823852539e-01
2.066772878170013428e-01
3.144544064998626709e-01
2.540651559829711914e-01
3.960369229316711426e-01
4.027685523033142090e-01
3.671726286411285400e-01
3.364207968115806580e-02
3.344687819480895996e-01
3.618493676185607910e-01
3.315058052539825439e-01
2.027020603418350220e-01
2.505493760108947754e-01
2.509815692901611328e-01
3.383247852325439453e-01
4.045600295066833496e-01
2.540226876735687256e-01
3.697461783885955811e-01
2.181455343961715698e-01
2.240696400403976440e-01
3.594565987586975098e-01
3.617539107799530029e-01
2.982448339462280273e-01
3.484821021556854248e-01
2.372817397117614746e-01
3.899173438549041748e-01
3.166773021221160889e-01
3.404358327388763428e-01
3.258725404739379883e-01
2.679197788238525391e-01
2.040268331766128540e-01
2.304459661245346069e-01
4.411467611789703369e-01
2.264095693826675415e-01
2.291648834943771362e-01
2.907393574714660645e-01
3.448050916194915771e-01
2.895170152187347412e-01
3.085086643695831299e-01
1.944522112607955933e-01
2.652035951614379883e-01
1.984920799732208252e-01
2.551907598972320557e-01
2.509763538837432861e-01
2.237981259822845459e-01
3.110068440437316895e-01
2.805809974670410156e-01
1.880293041467666626e-01
2.831275761127471924e-01
2.165394127368927002e-01
2.503522932529449463e-01
3.720723390579223633e-01
4.340591132640838623e-01
3.519782423973083496e-01
3.564250767230987549e-01
3.695892989635467529e-01
1.908164322376251221e-01
1.609687060117721558e-01
2.440466135740280151e-01
4.168969988822937012e-01
3.565077185630798340e-01
3.240753114223480225e-01
2.786366641521453857e-01
3.117520511150360107e-01
2.910817563533782959e-01
3.934204280376434326e-01
1.643804311752319336e-01
3.453597426414489746e-01
3.820224106311798096e-01
1.975701451301574707e-01
2.361612915992736816e-01
3.176991045475006104e-01
3.006458580493927002e-01
3.150233030319213867e-01
1.766749769449234009e-01
3.336686193943023682e-01
2.804067432880401611e-01
2.834838926792144775e-01
3.153333961963653564e-01
3.219715356826782227e-01
3.063085079193115234e-01
4.049602150917053223e-01
1.720236986875534058e-01
2.333885282278060913e-01
1.999535411596298218e-01
2.500153481960296631e-01
4.780557155609130859e-01
2.309240102767944336e-01
2.469784170389175415e-01
1.835330128669738770e-01
3.077339529991149902e-01
2.254374474287033081e-01
2.998954057693481445e-01
1.340916156768798828e-01
3.098892271518707275e-01
3.407317996025085449e-01
2.920755445957183838e-01
2.899297177791595459e-01
1.958365142345428467e-01
1.733906865119934082e-01
3.807861208915710449e-01
1.994002610445022583e-01
2.735215127468109131e-01
2.103833258152008057e-01
2.934296727180480957e-01
2.550565600395202637e-01
3.636104464530944824e-01
2.508732974529266357e-01
2.533546686172485352e-01
2.878352701663970947e-01
1.792030483484268188e-01
2.614727616310119629e-01
4.122055768966674805e-01
2.683347463607788086e-01
1.726674288511276245e-01
2.829271256923675537e-01
2.652884721755981445e-01
2.423408776521682739e-01
2.423299700021743774e-01
3.033911883831024170e-01
2.972982525825500488e-01
2.140891402959823608e-01
1.823381185531616211e-01
2.860566377639770508e-01
1.359897702932357788e-01
2.448375672101974487e-01
2.252576202154159546e-01
2.814934551715850830e-01
1.443603336811065674e-01
3.946838974952697754e-01
3.055415153503417969e-01
2.320101261138916016e-01
2.571567893028259277e-01
3.192008435726165771e-01
3.977757394313812256e-01
3.094373345375061035e-01
2.405719906091690063e-01
3.476453423500061035e-01
2.827651500701904297e-01
3.023208677768707275e-01
1.990026235580444336e-01
2.359756827354431152e-01
5.339831113815307617e-01
1.708765476942062378e-01
2.740822136402130127e-01
2.920388877391815186e-01
3.821330666542053223e-01
2.748042345046997070e-01
2.130523324012756348e-01
3.485530614852905273e-01
3.503594994544982910e-01
4.328992366790771484e-01
2.315405756235122681e-01
2.976013123989105225e-01
1.418837904930114746e-01
3.637937903404235840e-01
3.367991745471954346e-01
3.803888261318206787e-01
3.970263004302978516e-01
2.955788671970367432e-01
2.604429423809051514e-01
2.958959639072418213e-01
2.757642865180969238e-01
3.002729117870330811e-01
3.241209983825683594e-01
2.814468145370483398e-01
1.989353448152542114e-01
2.538939118385314941e-01
9.038493782281875610e-02
2.149987369775772095e-01
3.092069923877716064e-01
2.744156420230865479e-01
2.453028261661529541e-01
3.223179876804351807e-01
2.234510630369186401e-01
2.464621067047119141e-01
3.989777863025665283e-01
2.988133430480957031e-01
2.251192927360534668e-01
2.009757608175277710e-01
2.788010239601135254e-01
3.004907071590423584e-01
3.661632835865020752e-01
2.547506988048553467e-01
2.296335697174072266e-01
2.670941054821014404e-01
3.296723961830139160e-01
3.471711575984954834e-01
2.375669777393341064e-01
2.880291938781738281e-01
3.099728226661682129e-01
2.445222437381744385e-01
1.582787483930587769e-01
3.252412378787994385e-01
1.847205609083175659e-01
2.605943381786346436e-01
1.721381694078445435e-01
2.686884701251983643e-01
2.637757956981658936e-01
3.527705669403076172e-01
2.782524824142456055e-01
2.541959583759307861e-01
4.096409380435943604e-01
2.900785505771636963e-01
4.108975827693939209e-01
2.620514631271362305e-01
2.892228066921234131e-01
2.997379004955291748e-01
3.271144330501556396e-01
2.437614053487777710e-01
3.199546933174133301e-01
3.186620473861694336e-01
3.171865940093994141e-01
2.012268453836441040e-01
3.719958066940307617e-01
3.480724990367889404e-01
3.318736553192138672e-01
2.154027968645095825e-01
3.279327452182769775e-01
4.124132990837097168e-01
3.148985803127288818e-01
2.819148004055023193e-01
3.598294556140899658e-01
2.624411880970001221e-01
2.528874278068542480e-01
2.433332800865173340e-01
2.939319908618927002e-01
2.266220301389694214e-01
3.506462872028350830e-01
3.417568206787109375e-01
2.547625601291656494e-01
3.066780269145965576e-01
2.467906028032302856e-01
2.657237052917480469e-01
3.711782693862915039e-01
2.806888222694396973e-01
1.722206473350524902e-01
2.212778478860855103e-01
4.783418476581573486e-01
2.886671423912048340e-01
2.716481089591979980e-01
2.312627434730529785e-01
2.417319864034652710e-01
4.362957775592803955e-01
1.852699816226959229e-01
3.648053407669067383e-01
1.977770179510116577e-01
2.535602450370788574e-01
2.851023972034454346e-01
3.391506969928741455e-01
3.108462393283843994e-01
1.404628008604049683e-01
3.883121609687805176e-01
2.706376016139984131e-01
2.144040018320083618e-01
3.127409517765045166e-01
3.450070619583129883e-01
2.942337393760681152e-01
2.159914374351501465e-01
3.234793245792388916e-01
2.800736725330352783e-01
2.267820388078689575e-01
4.196488261222839355e-01
3.424498140811920166e-01
2.841366529464721680e-01
2.625401914119720459e-01
3.479459285736083984e-01
3.728687167167663574e-01
2.597209215164184570e-01
3.358745574951171875e-01
2.429510205984115601e-01
2.758610844612121582e-01
2.754552066326141357e-01
2.185870856046676636e-01
1.651731878519058228e-01
3.609548211097717285e-01
2.265968918800354004e-01
2.790355980396270752e-01
2.467270493507385254e-01
3.774922192096710205e-01
1.892567425966262817e-01
2.777796685695648193e-01
1.727859675884246826e-01
2.821732461452484131e-01
2.141838520765304565e-01
3.416732549667358398e-01
2.283308655023574829e-01
2.403939962387084961e-01
4.203043878078460693e-01
3.909098505973815918e-01
3.113390505313873291e-01
3.453015983104705811e-01
2.842088639736175537e-01
3.239571154117584229e-01
3.030768036842346191e-01
2.213054150342941284e-01
2.997267544269561768e-01
3.542833626270294189e-01
2.949377000331878662e-01
3.790486752986907959e-01
1.822471767663955688e-01
3.705247640609741211e-01
2.315309345722198486e-01
2.685233652591705322e-01
2.822630107402801514e-01
2.803029119968414307e-01
4.125192761421203613e-01
2.925332784652709961e-01
2.061548382043838501e-01
2.136492431163787842e-01
1.773662120103836060e-01
3.614943027496337891e-01
3.334610164165496826e-01
2.283806949853897095e-01
3.398154377937316895e-01
2.658743262290954590e-01
2.454930096864700317e-01
2.315172553062438965e-01
2.421581596136093140e-01
3.025737404823303223e-01
3.012766838073730469e-01
3.426184654235839844e-01
3.160812556743621826e-01
2.999413907527923584e-01
1.813710331916809082e-01
2.950773537158966064e-01
2.933488488197326660e-01
3.163277208805084229e-01
2.454523444175720215e-01
2.010440826416015625e-01
2.338208556175231934e-01
2.618341147899627686e-01
2.670220434665679932e-01
2.126863449811935425e-01
2.931222915649414062e-01
2.527787983417510986e-01
2.201359570026397705e-01
2.423091083765029907e-01
2.324947863817214966e-01
2.881957590579986572e-01
3.631699681282043457e-01
3.250859081745147705e-01
2.121676355600357056e-01
2.230365723371505737e-01
3.131120800971984863e-01
3.647829592227935791e-01
3.174097239971160889e-01
3.285976946353912354e-01
3.731755912303924561e-01
2.910903692245483398e-01
3.542620837688446045e-01
1.821140050888061523e-01
3.750133216381072998e-01
3.596636950969696045e-01
1.782987117767333984e-01
2.845166325569152832e-01
3.835776150226593018e-01
2.444463521242141724e-01
1.866214573383331299e-01
2.019452452659606934e-01
2.905886173248291016e-01
3.541947603225708008e-01
1.167020499706268311e-01
2.282433807849884033e-01
3.036219179630279541e-01
2.287023365497589111e-01
2.370881587266921997e-01
2.494870871305465698e-01
3.850108385086059570e-01
3.122884035110473633e-01
2.215609848499298096e-01
2.706021666526794434e-01
3.071266114711761475e-01
3.221692740917205811e-01
3.057152330875396729e-01
9.565986692905426025e-02
3.338541686534881592e-01
4.092965126037597656e-01
3.683075904846191406e-01
2.945064008235931396e-01
2.174602448940277100e-01
2.172243893146514893e-01
2.122236788272857666e-01
2.638608217239379883e-01
2.126096934080123901e-01
3.598895370960235596e-01
3.182971775531768799e-01
2.614559829235076904e-01
2.262243777513504028e-01
3.036993145942687988e-01
2.177898734807968140e-01
2.335498183965682983e-01
2.811409831047058105e-01
3.108096122741699219e-01
2.326112687587738037e-01
3.798928856849670410e-01
2.111639529466629028e-01
1.684891581535339355e-01
3.366918861865997314e-01
3.177756667137145996e-01
2.456082850694656372e-01
3.107358515262603760e-01
2.796682715415954590e-01
2.039318382740020752e-01
3.235745429992675781e-01
2.504467964172363281e-01
3.118067681789398193e-01
2.552733421325683594e-01
1.813801974058151245e-01
1.415516883134841919e-01
1.881527006626129150e-01
2.243940234184265137e-01
1.810200810432434082e-01
2.478911876678466797e-01
2.849057316780090332e-01
3.167007267475128174e-01
3.649659752845764160e-01
2.125166803598403931e-01
2.200848460197448730e-01
1.718081533908843994e-01
1.588685214519500732e-01
3.895304501056671143e-01
2.476789653301239014e-01
3.522279560565948486e-01
3.552587032318115234e-01
4.067087471485137939e-01
2.658951878547668457e-01
3.401104509830474854e-01
4.183189272880554199e-01
2.826391458511352539e-01
3.300659060478210449e-01
4.542214870452880859e-01
3.651990592479705811e-01
3.344541490077972412e-01
3.888188600540161133e-01
3.492074608802795410e-01
4.651873409748077393e-01
3.092212080955505371e-01
3.551294207572937012e-01
2.651836872100830078e-01
3.162426650524139404e-01
