1.061753177213000665e+00
1.321946142187009343e+00
1.176008078036703264e+00
1.181252307708747118e+00
2.778132005647511615e+00
4.013581620816047746e+00
4.808682699562910057e-01
2.455898352021625097e+00
1.685360755396610566e+00
1.221321926538783353e+00
2.207311747382878941e+00
2.213235857831616471e+00
2.129816212247382268e+00
2.364951964285825436e+00
2.111502637194115906e+00
1.988750004026048179e+00
2.540564629855269985e+00
2.716057015021504650e+00
3.049984180844137693e+00
3.550169553282484181e+00
2.841399778521509489e+00
2.643929203148084550e+00
1.493837663995213783e+00
1.664762780991464464e+00
1.548510011720256596e+00
1.785317279298380244e+00
7.279289635601491337e-01
1.705348535953113753e+00
1.130577061772101377e+00
1.136008804314189602e+00
1.397760652830840389e+00
5.699556644076553269e-01
2.606840954111871778e+00
2.515935689719241086e+00
2.192005635810425623e+00
1.994947585304479354e+00
1.379450688761734600e+00
2.156812943951802453e+00
2.329279295519433468e+00
1.745856788544260851e+00
2.386528302349427921e+00
1.504005839369291220e+00
2.162984606379564134e+00
1.579258971677938606e+00
2.042728808559989950e+00
2.625277417782414080e+00
1.491778161155384863e+00
2.608167044049466643e+00
1.167577718237316819e+00
3.108315701584410728e+00
6.514841581969537110e-01
1.909428200102214257e+00
2.579522452368315122e+00
1.945576393644127267e+00
1.778186124690926295e+00
2.026783354213088195e+00
2.309227998859075370e+00
2.373479466691024609e+00
2.274068394005180682e+00
1.751278524312853246e+00
2.611229783522365011e+00
2.333830258375732214e+00
1.062960491992879897e+00
2.501098610475108952e+00
2.339352858356686937e+00
2.451305791569898140e+00
2.405669477696434910e+00
2.291245558646901603e+00
2.291357773925357222e+00
2.365709885618285213e+00
1.600910531492631295e+00
3.009216945829073619e+00
2.061540111768910055e+00
2.043690249662907021e+00
2.436028438810717844e+00
2.320733636071564021e+00
1.554466906969956375e+00
2.040715534571812206e+00
2.116914101873713872e+00
1.520951871943937883e+00
2.715300849082008305e+00
2.080309567663969350e+00
1.323399025520860528e+00
2.046231541351723138e+00
1.795832419474357344e+00
1.444412778755330695e+00
3.290367106946323172e+00
1.945696496935515052e+00
1.822087416295856022e+00
1.659624683693868175e+00
1.480251387943053887e+00
2.366605138998697289e+00
1.549057801764786246e+00
1.925852163727871158e+00
2.487180941129771838e+00
1.989188764931675735e+00
3.667790694850289857e+00
1.254821396549596013e+00
3.095285807378309162e+00
2.766631290064957227e+00
2.882563978446107011e+00
3.035246609363362769e+00
2.212607883904797124e+00
3.477156456710476018e+00
2.268842427796283090e+00
1.462014884118170155e+00
1.633102142654391908e+00
1.597922640677122974e+00
2.375864422184854163e+00
2.263197205790392186e+00
1.122807313799601525e+00
9.935343646792204053e-01
1.477649448009781263e+00
2.584985812159979801e+00
1.442274614624053486e+00
1.540562755912924908e+00
2.480132304931583320e+00
2.303685886477635503e+00
3.074702035358888086e+00
2.070697095339427474e+00
1.912647974903287196e+00
1.772428002264249125e+00
2.108693269624962063e+00
1.926288568366113063e+00
2.349561365352209830e+00
1.554146247778508183e+00
1.588503905357878221e+00
2.173726413887683062e+00
1.221096857188965989e+00
2.163649681833124117e+00
2.605154629214301742e+00
2.179874874484708513e+00
3.216922576264416467e+00
2.623872688088174421e+00
2.954672537783263220e+00
3.210654084306821865e+00
2.079615722576320547e+00
2.145250974975989600e+00
2.118138267639837924e+00
1.873496099552435235e+00
2.023262845952463973e+00
2.938803363323674311e+00
1.622567203579269313e+00
2.437265832706129398e+00
2.084973145014551221e+00
1.530226478782882094e+00
1.819666758499756121e+00
1.914303048373413363e+00
1.409523737099500407e+00
2.125723787776172546e+00
2.587234252672616197e+00
2.099700382796349185e+00
2.604669531170284991e+00
1.653066977966665130e+00
1.600730133775689623e+00
2.912093077383771433e+00
2.214734796405510853e+00
1.429531532622996481e+00
2.170121511600481945e+00
3.329137729742638108e+00
2.786286184786468390e+00
1.327534772310632105e+00
1.672756910535508901e+00
1.417580869156892964e+00
1.228647499060424808e+00
2.243382301543248580e+00
2.214970716982782584e+00
1.812722815602299198e+00
1.333885310249455225e+00
2.592923879554849709e+00
1.503213587252254735e+00
1.525944813505910824e+00
2.228017473814684291e+00
2.554340916777538162e+00
2.444855011760144858e+00
2.307370093171816627e+00
1.707990907427137772e+00
1.424292010393174213e+00
1.376018252587754898e+00
2.408221922040400642e+00
1.818938027794092527e+00
2.703222654519495727e+00
1.528597874128294620e+00
3.018702093875215375e+00
3.480810373261650437e+00
1.825828841977235495e+00
3.403117835317082118e+00
1.853668770274685240e+00
2.559741064643933139e+00
1.677893078088266821e+00
1.961945985953404303e+00
2.138017951930117455e+00
2.960592966484469901e+00
1.081839503377828970e+00
2.138774928339691961e+00
9.175004428165114412e-01
2.416407974944422943e+00
2.146743457864475513e+00
8.117567343346779873e-01
1.777220555536175306e+00
2.202734807042009635e+00
2.619175971519071666e+00
1.276454219904921139e+00
1.755240326741054346e+00
2.665927381261912643e+00
2.625539368420823916e+00
2.097527330088923669e+00
8.531905642101246245e-01
2.683516166632846645e+00
2.740259524719504736e+00
3.033895253666246905e+00
3.081667052651371641e+00
3.850953570401055348e+00
1.501883732676625893e+00
2.077586625663088604e+00
1.382923684228680283e+00
1.522970561114686427e+00
1.750157387541013021e+00
1.121103489238566064e+00
2.111379976111608769e+00
2.992318565543250486e+00
2.475310935180289551e+00
1.563216728364233976e+00
8.230299215684113712e-01
1.522733522472931256e+00
2.122470489797916304e+00
1.671048980074515189e+00
1.655745557686021829e+00
3.405826357941736493e+00
2.532382200805339156e+00
2.652950854694516192e+00
1.659848323081626775e+00
2.527776778940828528e+00
8.250114717225609517e-01
2.360058597107962619e+00
1.730169465949864316e+00
2.811955915478272061e+00
2.479633881293637376e+00
2.436234421591483290e+00
1.889980961966270856e+00
1.092333818933282075e+00
1.840123544109198983e+00
2.070646535720736203e+00
1.753827605417825675e+00
3.496921155627783051e+00
2.584421083823230880e+00
1.679447964953063810e+00
1.664792045771577689e+00
2.355292113329736647e+00
2.764521471272598951e+00
1.671479808018184743e+00
1.088536553459704237e+00
1.309609477587977189e+00
2.456219039454608399e+00
1.938161828348827109e+00
2.176547576787637439e+00
1.068805632338057032e+00
2.140168885348685546e+00
1.080686819642792784e+00
2.675082621147392370e+00
2.231928844021531688e+00
2.122486998414364834e+00
1.678745967966201125e+00
1.532330215168055343e+00
2.617377403753117449e+00
1.911550346811718981e+00
1.905930963119465638e+00
1.793668627318007136e+00
1.936120996681576667e+00
1.967678398870550627e+00
1.084412787884722729e+00
2.726397496506201890e+00
2.197222249530250249e+00
1.066088805839660258e+00
2.691119284704850845e+00
1.583625168594015031e+00
2.063675248926516215e+00
1.899754133871391915e+00
3.499167576040483230e+00
1.719625301035850873e+00
8.743573184900801376e-01
2.878387595702037505e+00
2.553322587261646515e+00
3.096630733078114428e+00
1.618723578156477938e+00
8.827129462814099492e-01
1.437554980164442719e+00
2.659747174230661315e+00
2.356370671591941690e+00
2.268964416286043839e+00
1.500320474167156304e+00
2.099543981431077899e+00
1.868721176511163318e+00
3.069809699060163322e+00
2.491514865238848131e+00
1.801784494501808220e+00
2.484898039241094647e+00
5.280707075878564583e-01
2.762279559887074853e+00
2.094696678438847659e+00
2.217319844993463018e+00
7.694225862883761202e-01
2.353721554639364832e+00
2.015715064691087299e+00
2.060562083090683227e+00
1.115148770669691647e+00
2.631050254346494643e+00
1.126199046401729298e+00
2.501894907666780021e+00
1.063707053213770459e+00
1.696577285713102956e+00
1.635292978531528441e+00
1.584682526649229040e+00
1.604419201873759970e+00
2.215652245893607208e+00
3.015832747686818305e+00
2.396655397263149911e+00
2.833028604218629454e+00
2.590661339054137979e+00
9.725920453789052011e-01
8.005205001733748382e-01
2.147210612984364442e+00
9.437783745533887547e-01
1.851253325315791232e+00
6.159659269975017448e-01
2.034849742851420284e+00
1.982843827667713832e+00
2.353717586191849342e+00
2.042382799675614979e+00
9.769309277717085349e-01
2.777453489072431836e+00
1.615300800665517178e+00
2.509691737023878044e+00
1.191588349365293231e+00
1.902328905130992398e+00
2.845970918961817198e+00
3.274016180038049395e+00
2.262220663481140370e+00
2.157269792432906730e+00
2.076313121953692331e+00
3.213690457327258887e+00
2.203948603595402123e+00
2.160539550702214928e+00
2.454286237850832109e+00
1.142589333249840466e+00
3.082993358466075584e+00
2.046002082905150843e+00
2.986237929016951398e+00
1.733567342518106846e+00
2.198371509786209543e+00
2.057554590310462839e+00
1.278195398861406318e+00
2.167719512942902771e+00
2.236154884796074604e+00
2.149543848418109526e+00
1.603048199742766577e+00
2.684507688503616318e+00
2.105228631285012142e+00
1.879101991865890886e+00
1.984396640211012475e+00
1.370997927943229389e+00
1.924258984857761590e+00
2.365761828498861519e+00
1.786076522954868517e+00
2.345055510504907126e+00
2.368460360064586823e+00
2.426372116027363024e+00
3.061188472790348669e+00
2.198929342085583549e+00
2.683086799089219987e+00
1.528501359791816450e+00
1.296715893556564581e+00
1.324250434865999138e+00
1.430480444894312253e+00
1.431388772336291915e+00
1.409547926281673247e+00
1.012811601201022871e+00
2.113397925698472068e+00
2.472871612519239815e+00
3.263178579433414939e+00
1.335614734124078051e+00
2.188027455618572592e+00
2.834324761588096653e+00
2.253642637447524244e+00
1.968684830595378799e+00
2.284049473635139993e+00
1.299546664068826907e+00
1.851747592817382548e+00
3.220438821382817007e+00
1.174355230372057468e+00
1.266431905395048130e+00
1.530122829084053171e+00
1.312647202333755425e+00
6.471709561181192560e-01
3.035710606623242658e+00
2.619653031190706027e+00
2.248839618265647378e+00
1.134362169740764203e+00
2.859885453493943963e+00
1.726172299003107868e+00
2.678321842252246565e+00
2.590139711843641113e+00
2.075997660418070101e+00
2.424959779692908324e+00
2.028859131904343194e+00
2.460836318532908074e+00
2.662605696271178157e+00
2.982896327722163399e+00
1.366021378985612822e+00
1.377935262879320666e+00
1.963254089101397870e+00
1.656992903421751429e+00
2.837001455648344717e+00
2.661904928987742558e+00
1.938789744465290177e+00
2.123906213349261662e+00
1.057213693403588950e+00
1.509815995210801010e+00
1.344160405576201089e+00
1.745382855766357766e+00
2.638480528782001677e+00
1.826502572474655306e+00
2.254688201191198171e+00
2.071579524615128065e+00
1.777322844202815277e+00
2.176948361203469684e+00
2.208564952367452872e+00
2.614314014642520778e+00
1.232535801224909466e+00
2.337837295281132377e+00
2.588285694605629406e+00
1.978227686151896370e+00
2.785212766367187953e+00
2.376239028316895041e+00
2.216491368422157660e+00
2.826490972978463745e+00
3.029086520952669837e+00
1.335808975098756735e+00
2.432131500474234098e+00
2.063479452439093365e+00
2.198684812855333792e+00
1.909502074108706315e+00
2.011189420777268477e+00
2.071611636790308797e+00
1.961233765352749625e+00
3.095984876746292969e+00
1.743596517100202581e+00
2.553640074624962786e+00
2.275613546439673840e+00
2.295403969898920149e+00
2.025873327810397306e+00
2.125441024126037526e+00
8.300265800175432584e-01
2.440184228889471729e+00
1.936605647943361985e+00
1.789373156909990215e+00
1.517693169021377742e+00
1.537359215305401205e+00
2.083888910614704493e+00
1.868018506955973379e+00
1.241520602144747576e+00
2.348724948985407401e+00
2.419309143675393070e+00
1.276592856212115601e+00
1.005064421319371570e+00
1.467860499201389279e+00
2.326244580665384643e+00
1.904577650737867778e+00
2.218503685053526908e+00
1.824659794593293194e+00
2.173429890916493079e+00
2.725129433061712181e+00
2.650166563582639689e+00
1.859996446173057150e+00
2.858124931501723420e+00
1.614452770970461248e+00
1.496309398351058029e+00
1.874148923355585472e+00
1.127635625877504211e+00
2.675713253629564026e+00
2.091787916859644270e+00
2.360510362582473931e+00
1.961966831083876039e+00
3.082403604221201299e+00
2.278322344239949171e+00
1.650985843150708732e+00
2.911496951448607984e+00
2.044577655310419129e+00
7.047116945439715341e-01
2.458776667639861468e+00
1.680473865150368784e+00
2.585636020453268014e+00
1.932778619314323931e+00
1.304079316377030340e+00
1.222783012464838448e+00
2.034884866642049150e+00
2.832836561712658963e+00
1.767648245012737984e+00
1.950089317820016488e+00
2.509442428055653984e+00
2.729066216060007211e+00
2.230332854406481768e+00
1.735847733509700452e+00
2.491897760380862525e+00
2.500261888076331207e+00
1.078538032186952655e+00
2.097548752797412153e+00
1.506928084654037825e+00
2.352893793182428972e+00
1.868724202244991028e+00
1.424393346669741822e+00
9.602856859779986820e-01
3.090020009809045121e+00
2.642844217426646658e+00
1.719357889467696854e+00
2.081619406320959431e+00
1.446445267007586688e+00
3.558456385563950164e+00
1.928313259271914548e+00
7.737361076346140898e-01
2.297407645676576404e+00
1.967143522659315469e+00
1.608161034468809536e+00
2.156674666255488315e+00
2.037456925871851343e+00
2.097257438783553418e+00
1.681161736127231965e+00
2.422829338614199468e+00
1.640428303819339240e+00
1.209826602709698218e+00
1.954659171794448813e+00
1.498421209053891756e+00
1.972502102397813983e+00
2.090898473897750964e+00
2.442804693972887353e+00
2.030993649125386380e+00
2.872750300008945157e+00
2.372830424605834487e+00
2.119369868272278801e+00
3.496168179991332003e+00
1.583142011191503995e+00
1.130510890971762050e+00
5.912584363201884852e-01
2.349740322658988578e+00
1.814349294715755789e+00
1.530357386775064388e+00
1.747294810354448780e+00
2.264914342754999588e+00
1.483456041197628528e+00
2.721460782752350482e+00
1.679064064958130320e+00
2.242756941213245980e+00
1.641298412979382615e+00
2.011133905766969932e+00
2.250424818602360322e+00
2.603856416380797789e+00
1.759047587101464805e+00
2.030983880607201364e+00
3.046338030169031263e+00
1.567885486194239286e+00
1.918448319089175236e+00
2.442578998642155330e+00
2.328728725252479759e+00
1.184581992278472162e+00
2.061321480989392274e+00
1.312148783729303325e+00
2.209122901942441874e+00
4.923010899751186775e-01
2.418893067002981123e+00
1.969729004813193241e+00
2.296010246366472884e+00
1.575340221266823937e+00
2.036202420420706538e+00
2.612843074503148344e+00
2.462945041406495061e+00
1.183118524942789351e+00
2.259739964428011394e+00
1.334409408523751894e+00
1.945809407762281618e+00
2.305458051818004783e+00
1.022872518873194414e+00
1.754323223242760355e+00
1.159443821005233355e+00
2.794274073588300045e+00
2.282591961180645779e+00
1.968841961117138828e+00
2.160102786037015665e+00
2.311900112064261936e+00
2.548727938406508020e+00
2.442639246928911323e+00
2.596916952910697240e+00
1.994412606705521007e+00
1.385510276767295545e+00
1.752854153806033155e+00
2.316580096281609435e+00
2.794053520490007880e+00
2.116447249409465492e+00
1.473550694304528452e+00
1.662918161609207468e+00
2.310788900707394511e+00
2.441501223769992013e+00
1.638867615215211959e+00
2.462771592631860074e+00
2.249069262947808401e+00
2.338710363760282629e+00
2.126927802336301188e+00
1.993376221600583253e+00
2.672281378750728908e+00
2.400496017898407608e+00
2.112907359838394949e+00
1.596914852158611176e+00
2.615927358009576320e+00
2.730597874837803918e+00
1.270066004855367359e+00
2.883766196201487109e+00
2.712669273283934590e+00
2.928913112762197901e+00
2.521386180002095134e+00
9.198307895493410546e-01
3.654319110886238842e-01
1.973382700937636569e+00
1.222276808667550618e+00
1.418612285024579256e+00
1.729818619293721715e+00
1.464665261332280144e+00
1.462024649386509889e+00
1.613281078424566362e+00
2.944810466242004487e+00
2.269214679297288484e+00
1.054580408828075910e+00
1.298212751444237423e+00
2.910729804679118793e+00
3.242348009540183540e+00
2.736582972141205161e+00
2.143920344255909605e+00
2.072787083685367016e+00
3.098586999891594918e+00
2.170746974380913574e+00
2.643097133646658659e+00
2.532721608615704056e+00
1.986851549777633341e+00
2.150638823218930185e+00
1.866314839674015680e+00
2.614113503846581477e+00
1.899141108839096148e+00
2.444858554095269643e+00
2.211080908928462652e+00
9.113157122155569612e-01
2.459255219310319429e+00
3.021935772715052426e+00
1.179632753180431370e+00
1.897883410894649625e+00
1.775568354746715372e+00
1.312858396420618412e+00
1.777893955938689263e+00
2.197444769742134874e+00
1.838242229320633303e+00
1.059040624560877886e+00
2.419188221486112678e+00
2.322624243707840375e+00
3.495717833208169534e+00
3.259044746451900565e+00
1.296574057377695377e+00
1.878595054028859401e+00
2.119117871180953294e+00
2.714055748697841164e+00
1.177101431314348412e+00
2.108476740553001605e+00
2.907066460493894944e+00
1.319859762922930502e+00
3.064640655932511670e+00
1.576002533405725048e+00
2.291298932547586098e+00
1.901534842017741811e+00
9.257173609276254655e-01
2.976297706059562120e+00
3.253290180993044789e+00
2.396849199681327480e+00
1.004567330774715606e+00
1.774795778260115586e+00
2.078104334450433743e+00
2.313334601377968980e+00
1.895759711086244748e+00
2.702046699746192715e+00
2.781424652115443319e+00
2.315821280709062790e+00
1.852806983029675170e+00
3.153779405800314350e+00
1.353361463691101996e+00
2.192951459357022514e+00
1.423652138190227845e+00
2.517111448188257938e+00
1.534677219778886048e+00
2.341882406824173923e+00
2.712957747280194010e+00
2.934200592187115042e+00
1.952286292721441274e+00
1.565985420927028082e+00
1.883480915455990834e+00
1.333996061374394193e+00
2.758939288200050299e+00
2.309668387082875807e+00
2.566913826495696771e+00
1.943914690112701127e+00
1.995593794117990871e+00
1.622522460640333897e+00
3.333507692771627617e+00
2.050556397914864437e+00
1.554128275680961346e+00
3.261633908393676062e+00
2.448056608026340175e+00
1.817223365508470190e+00
1.460785174725120594e+00
2.769933546663677415e+00
1.784544407975867886e+00
1.339202767686296536e+00
8.590507477472185682e-01
2.641023064914882035e+00
2.278813988495345111e+00
2.942314896318117601e+00
1.667092262353186083e+00
2.265612160615514181e+00
2.320849958477605668e+00
1.384452144627378312e+00
1.799309924116951676e+00
1.378538480231611407e+00
3.374819828761403517e+00
1.854325534055799363e+00
9.674250563938414649e-01
1.504739043818433597e+00
1.644004447259336921e+00
2.401310963474417637e+00
2.836628499401343095e+00
1.152261163240930086e+00
2.061688810044028042e+00
2.445043998288707332e+00
1.954841361611262096e+00
1.651033535807335806e+00
2.385107152158675081e+00
1.719110710861184499e+00
1.356683338940953165e+00
1.519527006174655526e+00
2.513078940586922272e+00
1.237577624210587812e+00
2.705199023913465783e+00
2.312528235885158434e+00
1.629285458515163487e+00
2.128098284876837720e+00
3.724190260390168650e+00
1.487651371779256548e+00
2.192883376597699829e+00
3.086339647796976227e+00
2.280296586379384038e+00
2.096716187989305258e+00
1.640216040247190588e+00
1.648713689531596582e+00
3.215640599580817938e+00
2.919535653998634572e+00
2.679628802997173320e+00
2.788845036302554092e+00
2.758202788696639818e+00
1.935179565602689111e+00
3.345915219673808672e+00
1.511721244474552472e+00
2.085974323458219981e+00
3.042744491406114360e+00
1.917492882984978664e+00
1.911056815810297405e+00
3.214039899271065259e+00
2.895651689193003087e+00
2.243540620063806834e+00
3.332788857438152785e+00
3.155736833783001849e+00
1.960804024750059327e+00
2.263239325424414528e+00
1.202892040693504860e+00
1.738856182799285444e+00
2.593455975660584834e+00
2.115744568859264874e+00
1.755667542762282540e+00
1.803380326978486492e+00
2.085462047528380491e+00
1.935661034773742406e+00
4.064238817013110072e+00
2.584688995276140488e+00
2.391887107491509568e+00
1.486638926429534102e+00
5.832808654834626960e-01
1.825170579612390265e+00
1.475979237751562811e+00
1.625467843284568170e+00
2.084892114879913105e+00
1.205854511476531776e+00
2.362658576352777207e+00
1.985394471655662851e+00
2.209766818991914850e+00
2.133194153387186986e+00
1.097488995115457611e+00
1.744155790364786185e+00
1.613579245490563974e+00
2.764846900248485895e+00
1.815117838603334421e+00
2.120914416623514764e+00
3.350961175498986311e+00
5.343529326865856799e-01
2.242365454956593673e+00
1.956290668375870734e+00
2.609315141180365671e+00
1.858402927192241094e+00
1.797495028144595164e+00
2.065217564005123130e+00
1.601824595430065390e+00
1.807177766667066310e+00
2.852760217063780246e+00
3.203291158803651673e+00
2.599605540453472585e+00
2.801748967947726765e+00
2.434086229845870974e+00
1.327792787322102486e+00
2.991949389352002164e+00
1.550217812715877885e+00
1.212102088603872696e+00
2.856937571136538789e+00
2.487023803699734081e+00
3.041454321414780892e+00
2.117594873509591746e+00
2.519528526348188802e+00
2.114224909747540071e+00
6.250358889627292136e-01
1.655759890976673976e+00
1.615670500482112804e+00
1.828934855518760783e+00
2.686424220522869000e+00
1.376395508059705897e+00
2.235827192411319775e+00
1.595750871051908382e+00
1.871788405795519861e+00
1.715043105465636986e+00
2.534769497016544637e+00
1.184455865808576203e+00
2.254199855517227125e+00
1.807632063579213577e+00
1.658973152401586049e+00
1.954190435155544581e+00
2.720027142387493324e+00
1.613851182781324667e+00
4.640148013106040747e-01
3.257830835169986727e+00
3.127882664057878515e+00
2.658878295325152852e+00
1.566704868441758602e+00
2.425218458520464360e+00
1.048040893165407050e+00
4.112466213142386806e+00
2.496353347258474464e+00
2.221438236122059262e+00
1.165114832126918021e+00
2.316332594061335293e+00
2.166081859803491216e+00
1.401535122221860830e+00
1.067860735837534270e+00
2.399986003149507496e+00
1.019882062828343372e+00
9.563444852267016794e-01
9.410168382343182536e-01
1.743662343632037537e+00
1.888174151452740812e+00
2.638020491135598444e+00
1.971808057040878248e+00
1.722603204051361248e+00
2.578656982912641560e+00
1.569893880822503807e+00
1.216471832095102013e+00
1.366801968125836764e+00
1.929563891151786281e+00
9.112163281801701764e-01
3.474910486121791209e+00
2.272187964915638680e+00
1.775725635472530373e+00
2.028826472457831542e+00
3.455553588530356990e+00
2.458666606297160939e+00
3.016447965345091298e+00
2.582551945100854063e+00
1.378695102777081738e+00
2.464836147967856661e+00
2.457676569592198934e+00
1.278111137911013939e+00
2.109221531610274702e+00
1.323638278488515452e+00
1.244211673018780440e+00
2.067041958671776758e+00
3.402320225842422996e+00
1.160690716892365248e+00
1.823826338311277384e+00
1.414696150473947034e+00
2.284683600272991999e+00
3.208881067838810885e+00
2.451926172053575215e+00
1.600592757784190079e+00
2.075054560315626073e+00
3.108752163991491013e+00
2.408522719233086917e+00
3.170281855534510473e+00
1.283454581056909571e+00
1.117821357132809501e+00
1.735846946383641454e+00
2.068383693297113801e+00
1.765075535934973017e+00
1.639464094076213518e+00
2.779642958759787508e+00
1.708075284763035384e+00
1.880839942967361011e+00
1.533302569982983199e+00
2.339336321887092396e+00
1.979173010139367639e+00
2.016222344369087427e+00
2.388506313009895354e+00
2.547517568752563299e+00
1.833167218263303644e+00
1.076930347715301828e+00
2.290322960179721701e+00
2.292658672982320844e+00
3.084933749746801457e+00
7.217173641406376960e-01
2.825772447758118311e+00
1.399573180569769981e+00
2.363985760115065116e+00
2.955054633086126259e+00
2.123966616014776765e+00
1.812810560168274465e+00
1.665460537641648253e+00
2.432963484313137581e+00
2.408809449493444887e+00
2.675755971731849758e+00
1.823874762589719589e+00
2.630649462650747505e+00
1.016854274918677747e+00
2.398001173716147516e+00
1.833752823776406693e+00
2.162726947521710574e+00
2.231333795927051611e+00
3.219463450082701073e+00
2.636404181283275250e+00
8.887059633011085147e-01
2.296934006787134663e+00
2.809082562359499935e+00
2.149470254081912390e+00
2.237127163719525136e+00
1.527617806987871640e+00
1.065693318545253954e+00
1.135212829618813091e+00
1.841375720286625883e+00
2.387524990731066055e+00
2.663575774243967409e+00
1.400808031057800163e+00
1.752072834553664249e+00
2.640427342365061936e+00
2.200088458429547700e+00
2.662071656968074684e+00
2.081765057990889733e+00
2.124707908647087251e+00
2.556617623133237593e+00
1.802832355910977125e+00
1.698286448559310102e+00
2.045725791823320261e+00
1.999936264412448539e+00
1.975589245533688532e+00
2.782268892141130490e+00
1.416738248848888215e+00
1.218253445257592826e+00
3.228375823195448469e+00
2.212428226695440259e+00
2.146525933352376736e+00
1.752230199513729492e+00
8.086229940001314898e-01
3.192692457333752731e+00
2.101865933525580488e+00
1.914048398149897245e+00
1.477713564521208278e+00
1.896755659922099158e+00
1.978430446504262807e+00
1.387336284839031375e+00
2.327793993379967841e+00
2.041113452193392241e+00
2.339874977456771088e+00
3.744046749880413749e+00
1.476350179980571387e+00
9.532038852076386570e-01
2.215048885971615533e+00
3.019996725923861813e+00
2.109023390097081396e+00
3.113352133110846687e+00
1.569274401411755671e+00
2.468227587236609732e+00
2.614306493188640168e+00
1.460428178764537233e+00
3.172032810801144631e+00
2.215884145460432553e+00
1.142495591899442831e+00
