2.649058997631072998e-01
1.809602826833724976e-01
1.929778754711151123e-01
2.432801723480224609e-01
1.648187935352325439e-01
2.643801569938659668e-01
1.903673261404037476e-01
1.176692768931388855e-01
1.599128246307373047e-01
1.813013702630996704e-01
1.986445039510726929e-01
2.144920974969863892e-01
2.363706380128860474e-01
9.619377553462982178e-02
1.646441817283630371e-01
9.849362820386886597e-02
2.021715641021728516e-01
1.838974505662918091e-01
1.621387302875518799e-01
1.012673676013946533e-01
3.041618764400482178e-01
2.103085666894912720e-01
2.052035480737686157e-01
1.686358600854873657e-01
2.860106229782104492e-01
2.572678923606872559e-01
1.439727693796157837e-01
1.193501651287078857e-01
2.107124924659729004e-01
2.523732483386993408e-01
1.873444169759750366e-01
2.338164895772933960e-01
2.150751799345016479e-01
1.585619300603866577e-01
3.300163745880126953e-01
1.805435568094253540e-01
1.559426486492156982e-01
1.395039856433868408e-01
1.286600530147552490e-01
1.619135141372680664e-01
2.413092404603958130e-01
2.572872936725616455e-01
1.733371764421463013e-01
2.412152588367462158e-01
1.847739666700363159e-01
1.887567341327667236e-01
2.142792642116546631e-01
1.846910417079925537e-01
2.762414813041687012e-01
1.821294575929641724e-01
1.652046442031860352e-01
1.757381856441497803e-01
1.315795928239822388e-01
2.194752693176269531e-01
1.890435963869094849e-01
1.232816651463508606e-01
2.302824556827545166e-01
2.599348723888397217e-01
1.002450212836265564e-01
1.578054279088973999e-01
2.356729507446289062e-01
2.142760753631591797e-01
2.337965220212936401e-01
2.099477350711822510e-01
1.092113181948661804e-01
2.343220710754394531e-01
2.280764877796173096e-01
2.083167284727096558e-01
1.972090005874633789e-01
7.050853967666625977e-02
2.071415483951568604e-01
1.877131462097167969e-01
2.302964776754379272e-01
2.966288924217224121e-01
2.086436897516250610e-01
1.033062115311622620e-01
2.625128924846649170e-01
3.218102455139160156e-01
2.563095092773437500e-01
3.778324723243713379e-01
2.584626674652099609e-01
1.061512008309364319e-01
9.886344522237777710e-02
1.690740585327148438e-01
1.481554657220840454e-01
2.478262186050415039e-01
2.692272365093231201e-01
1.914509832859039307e-01
2.624780833721160889e-01
1.753360629081726074e-01
1.449923962354660034e-01
2.678221166133880615e-01
2.293697446584701538e-01
1.900978088378906250e-01
2.190122902393341064e-01
9.751108288764953613e-02
1.319761872291564941e-01
2.592827677726745605e-01
2.733333408832550049e-01
1.903766989707946777e-01
1.814371943473815918e-01
1.689507961273193359e-01
2.951951622962951660e-01
1.647546291351318359e-01
2.666296958923339844e-01
2.267549484968185425e-01
1.514376252889633179e-01
2.213091999292373657e-01
2.506460547447204590e-01
1.197848245501518250e-01
1.234701946377754211e-01
1.892101466655731201e-01
1.869001984596252441e-01
2.095971405506134033e-01
2.445849031209945679e-01
1.704644858837127686e-01
8.801972866058349609e-02
2.428786605596542358e-01
2.969054281711578369e-01
1.527024358510971069e-01
2.521473765373229980e-01
1.311106532812118530e-01
2.783974409103393555e-01
1.582285910844802856e-01
1.663526743650436401e-01
2.409419566392898560e-01
2.142607122659683228e-01
2.899959683418273926e-01
1.325478702783584595e-01
2.582604885101318359e-01
2.380749285221099854e-01
2.463395148515701294e-01
2.716516852378845215e-01
2.631150186061859131e-01
1.798215657472610474e-01
1.814392954111099243e-01
8.265997469425201416e-02
9.944390505552291870e-02
1.702854037284851074e-01
2.451003789901733398e-01
3.080118596553802490e-01
2.278741300106048584e-01
2.246952205896377563e-01
3.792654350399971008e-02
2.904996871948242188e-01
2.771646082401275635e-01
1.087421551346778870e-01
3.083160221576690674e-01
2.677111327648162842e-01
1.413177996873855591e-01
1.604584902524948120e-01
1.934001445770263672e-01
2.150786519050598145e-01
2.715106308460235596e-01
1.843178272247314453e-01
1.708574593067169189e-01
1.832613646984100342e-01
1.264532059431076050e-01
2.210996150970458984e-01
1.387456953525543213e-01
1.595067679882049561e-01
2.383004426956176758e-01
2.372494488954544067e-01
1.836171895265579224e-01
1.902406811714172363e-01
8.651352673768997192e-02
2.047730088233947754e-01
2.821604907512664795e-01
1.351968497037887573e-01
2.490991353988647461e-01
2.189807295799255371e-01
2.465369552373886108e-01
4.171629846096038818e-01
1.227730661630630493e-01
1.070099994540214539e-01
2.473297268152236938e-01
8.134092390537261963e-02
2.138679176568984985e-01
2.555466294288635254e-01
2.046174556016921997e-01
3.073429465293884277e-01
2.071297615766525269e-01
2.123640924692153931e-01
2.305567413568496704e-01
1.879402697086334229e-01
1.979866325855255127e-01
1.670917421579360962e-01
3.140627145767211914e-01
1.982169896364212036e-01
1.191751509904861450e-01
3.981344401836395264e-01
1.190441548824310303e-01
4.961682483553886414e-02
1.267713308334350586e-01
1.851203441619873047e-01
2.687137424945831299e-01
1.590225547552108765e-01
2.190714180469512939e-01
2.393502891063690186e-01
3.209005296230316162e-01
2.204420566558837891e-01
1.580838114023208618e-01
2.289936840534210205e-01
2.025762498378753662e-01
1.436296552419662476e-01
1.317758113145828247e-01
1.339171826839447021e-01
1.587709933519363403e-01
1.415290832519531250e-01
2.323285192251205444e-01
1.660551279783248901e-01
2.418009489774703979e-01
2.073217928409576416e-01
1.225251629948616028e-01
3.422760069370269775e-01
2.581648230552673340e-01
3.045856356620788574e-01
1.060387194156646729e-01
2.430824041366577148e-01
2.285489886999130249e-01
1.956335753202438354e-01
2.786259949207305908e-01
2.760140299797058105e-01
9.516000002622604370e-02
2.763406336307525635e-01
2.222236394882202148e-01
1.793596297502517700e-01
1.667173951864242554e-01
3.185479044914245605e-01
3.004692792892456055e-01
2.647956013679504395e-01
1.734046936035156250e-01
1.859092414379119873e-01
2.330287098884582520e-01
1.880149990320205688e-01
1.125280559062957764e-01
2.238378524780273438e-01
1.280692368745803833e-01
1.953483223915100098e-01
1.829587221145629883e-01
1.672646403312683105e-01
2.492772042751312256e-01
1.555713564157485962e-01
1.657207012176513672e-01
1.714439094066619873e-01
1.491350531578063965e-01
1.907334029674530029e-01
1.821770220994949341e-01
1.789068281650543213e-01
1.434934437274932861e-01
2.197258025407791138e-01
2.411962449550628662e-01
2.100625336170196533e-01
1.664389520883560181e-01
1.674932837486267090e-01
2.384954094886779785e-01
1.742866039276123047e-01
6.197802722454071045e-02
2.992608249187469482e-01
2.172208875417709351e-01
1.727119237184524536e-01
3.028683662414550781e-01
1.955278068780899048e-01
2.768978476524353027e-01
2.088120728731155396e-01
8.027422428131103516e-02
1.416298896074295044e-01
2.306584417819976807e-01
3.141269683837890625e-01
8.251043409109115601e-02
1.826687455177307129e-01
2.241313308477401733e-01
2.199662029743194580e-01
2.642515301704406738e-01
2.233016341924667358e-01
2.352473139762878418e-01
1.989182382822036743e-01
2.159308493137359619e-01
8.093509823083877563e-02
2.987589240074157715e-01
2.626180052757263184e-01
1.691267937421798706e-01
2.419464290142059326e-01
2.393740713596343994e-01
2.104556560516357422e-01
1.805625408887863159e-01
9.960128366947174072e-02
2.178030610084533691e-01
1.936984211206436157e-01
1.853470951318740845e-01
1.614489406347274780e-01
2.124020457267761230e-01
3.656187057495117188e-01
3.050535917282104492e-01
2.296879142522811890e-01
2.248564809560775757e-01
2.677878141403198242e-01
1.962299793958663940e-01
2.409958094358444214e-01
2.666653990745544434e-01
2.295981496572494507e-01
2.145764827728271484e-01
1.830037534236907959e-01
1.188606843352317810e-01
1.513071209192276001e-01
1.591628491878509521e-01
2.268629968166351318e-01
6.997453421354293823e-02
2.454161643981933594e-01
1.225869655609130859e-01
2.367349863052368164e-01
2.425417006015777588e-01
1.778309047222137451e-01
1.869607716798782349e-01
1.246575415134429932e-01
3.249080181121826172e-01
1.999376863241195679e-01
1.788250952959060669e-01
1.324796974658966064e-01
2.420260608196258545e-01
2.326493561267852783e-01
2.292241007089614868e-01
2.039181888103485107e-01
1.128199398517608643e-01
1.266760081052780151e-01
1.239660754799842834e-01
2.138017863035202026e-01
2.030948996543884277e-01
2.430175989866256714e-01
2.767474949359893799e-01
1.670324057340621948e-01
1.794980764389038086e-01
1.270538270473480225e-01
1.567816883325576782e-01
2.080464363098144531e-01
3.577580153942108154e-01
2.610609233379364014e-01
1.719534546136856079e-01
1.382503807544708252e-01
1.478793621063232422e-01
2.256302535533905029e-01
2.526434659957885742e-01
2.304917126893997192e-01
2.214915305376052856e-01
6.309979408979415894e-02
2.434369474649429321e-01
1.881072670221328735e-01
2.315316647291183472e-01
2.795993722975254059e-02
2.791461050510406494e-01
1.088829264044761658e-01
1.293081492185592651e-01
2.598580121994018555e-01
2.054776102304458618e-01
1.668512523174285889e-01
1.252931058406829834e-01
1.210499480366706848e-01
3.310849964618682861e-01
1.268983632326126099e-01
1.595927923917770386e-01
7.409485429525375366e-02
2.368861585855484009e-01
2.451914250850677490e-01
1.530885845422744751e-01
2.320188283920288086e-01
1.044951379299163818e-01
3.436783552169799805e-01
2.185891419649124146e-01
1.844452917575836182e-01
1.926906406879425049e-01
3.483500182628631592e-01
1.393784731626510620e-01
7.105479389429092407e-02
2.962000966072082520e-01
1.884102076292037964e-01
1.492665708065032959e-01
2.370423823595046997e-01
2.569346725940704346e-01
2.851119637489318848e-01
1.510403901338577271e-01
2.788641750812530518e-01
2.082153856754302979e-01
2.665480673313140869e-01
2.172233313322067261e-01
2.187495380640029907e-01
2.407975643873214722e-01
1.396602243185043335e-01
1.704417467117309570e-01
2.731083631515502930e-01
3.269418179988861084e-01
1.802755445241928101e-01
1.713729202747344971e-01
1.648321300745010376e-01
1.421427428722381592e-01
1.193003058433532715e-01
1.530947685241699219e-01
2.803069055080413818e-01
2.160079777240753174e-01
1.451023072004318237e-01
2.314175218343734741e-01
1.224361807107925415e-01
1.268052756786346436e-01
1.196497231721878052e-01
2.025906741619110107e-01
1.207051947712898254e-01
2.217465192079544067e-01
2.880090773105621338e-01
2.975624799728393555e-01
1.839284747838973999e-01
2.529513835906982422e-01
2.019920498132705688e-01
2.792693078517913818e-01
2.431777119636535645e-01
2.450329810380935669e-01
2.010501474142074585e-01
1.848046481609344482e-01
2.404787838459014893e-01
1.807591021060943604e-01
1.689036935567855835e-01
2.172578722238540649e-01
2.472690343856811523e-01
2.038033306598663330e-01
1.993939727544784546e-01
2.471776455640792847e-01
2.484440505504608154e-01
1.943232417106628418e-01
2.351549863815307617e-01
1.341135352849960327e-01
2.005765587091445923e-01
3.221761882305145264e-01
2.265224903821945190e-01
2.170369029045104980e-01
1.531004905700683594e-01
2.181675434112548828e-01
1.179967746138572693e-01
1.522443890571594238e-01
9.557221084833145142e-02
1.538882702589035034e-01
2.517517507076263428e-01
1.465426981449127197e-01
1.388314366340637207e-01
1.849721074104309082e-01
3.392562568187713623e-01
1.778487414121627808e-01
2.529252171516418457e-01
2.293572872877120972e-01
8.951842039823532104e-02
3.269935548305511475e-01
1.581939458847045898e-01
1.510928571224212646e-01
1.060331091284751892e-01
1.912266314029693604e-01
1.210616603493690491e-01
1.120463088154792786e-01
1.794979870319366455e-01
1.550770848989486694e-01
1.758355498313903809e-01
2.060862630605697632e-01
2.674246728420257568e-01
1.366784423589706421e-01
1.865270733833312988e-01
1.785086542367935181e-01
1.763299852609634399e-01
1.329679191112518311e-01
3.272304832935333252e-01
2.757595181465148926e-01
2.229813635349273682e-01
1.474763602018356323e-01
2.627342641353607178e-01
2.067644149065017700e-01
2.229854613542556763e-01
1.553359329700469971e-01
2.030794024467468262e-01
1.285693943500518799e-01
2.348657399415969849e-01
2.542887628078460693e-01
1.294431090354919434e-01
1.721425205469131470e-01
1.487490236759185791e-01
1.271886378526687622e-01
2.621543109416961670e-01
2.261846810579299927e-01
2.067805379629135132e-01
2.399248927831649780e-01
1.994437277317047119e-01
2.723713815212249756e-01
2.104874104261398315e-01
1.291194260120391846e-01
1.670414507389068604e-01
2.485156059265136719e-01
1.402614563703536987e-01
2.050684094429016113e-01
3.207982778549194336e-01
1.828247755765914917e-01
1.601412743330001831e-01
1.938855797052383423e-01
2.200550138950347900e-01
1.706749051809310913e-01
1.840694993734359741e-01
1.335012614727020264e-01
2.257679402828216553e-01
1.211074814200401306e-01
1.643690168857574463e-01
1.247587651014328003e-01
1.248291805386543274e-01
2.434348762035369873e-01
1.670683175325393677e-01
1.614029705524444580e-01
1.704053431749343872e-01
2.573459446430206299e-01
2.242885679006576538e-01
2.967754006385803223e-01
2.812985777854919434e-01
2.479228526353836060e-01
2.405294477939605713e-01
2.058122754096984863e-01
1.804243624210357666e-01
7.778637856245040894e-02
1.983254551887512207e-01
3.045072257518768311e-01
1.727837175130844116e-01
2.134373039007186890e-01
2.666362822055816650e-01
2.196754068136215210e-01
1.546288579702377319e-01
1.406809985637664795e-01
2.481781244277954102e-01
2.622745335102081299e-01
2.197090536355972290e-01
1.208944618701934814e-01
1.683687865734100342e-01
2.416783720254898071e-01
1.559598147869110107e-01
1.586760282516479492e-01
8.405714482069015503e-02
2.602007091045379639e-01
1.496366262435913086e-01
2.116629481315612793e-01
1.927608549594879150e-01
3.315241336822509766e-01
1.953489482402801514e-01
2.765408158302307129e-01
8.400444686412811279e-02
1.986802071332931519e-01
1.111994013190269470e-01
9.556448459625244141e-02
2.726727426052093506e-01
9.961086511611938477e-02
1.384587287902832031e-01
1.105914264917373657e-01
1.487663090229034424e-01
1.303685754537582397e-01
2.106923758983612061e-01
1.748890429735183716e-01
2.697436511516571045e-01
2.557016909122467041e-01
1.184440776705741882e-01
2.915104329586029053e-01
8.268655091524124146e-02
1.519627720117568970e-01
3.001483380794525146e-01
1.564721167087554932e-01
1.389373987913131714e-01
2.395722568035125732e-01
2.104567587375640869e-01
2.389068156480789185e-01
1.824837327003479004e-01
1.578997522592544556e-01
1.733871847391128540e-01
2.150682061910629272e-01
2.064888477325439453e-01
2.206517755985260010e-01
3.170261085033416748e-01
1.642979234457015991e-01
1.319105476140975952e-01
1.441069096326828003e-01
1.833200603723526001e-01
1.248870417475700378e-01
1.917006224393844604e-01
1.598301827907562256e-01
1.778032928705215454e-01
1.352314203977584839e-01
9.560742229223251343e-02
3.104774951934814453e-01
9.754192084074020386e-02
1.640000045299530029e-01
2.171941399574279785e-01
1.857352405786514282e-01
2.613998949527740479e-01
1.383347809314727783e-01
2.478932142257690430e-01
2.135491371154785156e-01
1.181491836905479431e-01
1.672002077102661133e-01
3.478567898273468018e-01
1.373832970857620239e-01
1.164930984377861023e-01
1.527787297964096069e-01
9.688528627157211304e-02
2.517942488193511963e-01
9.783989936113357544e-02
1.215363815426826477e-01
2.209633737802505493e-01
1.532360613346099854e-01
1.656877696514129639e-01
1.350926011800765991e-01
2.649495601654052734e-01
2.035209685564041138e-01
1.518856585025787354e-01
3.427974581718444824e-01
2.486206889152526855e-01
3.006674349308013916e-01
1.483070254325866699e-01
2.476541548967361450e-01
9.506271779537200928e-02
1.952597349882125854e-01
2.196522206068038940e-01
3.128598630428314209e-01
2.709616720676422119e-01
1.971843391656875610e-01
1.815083175897598267e-01
2.368298321962356567e-01
1.482801288366317749e-01
2.438265532255172729e-01
3.419032990932464600e-01
1.651351749897003174e-01
7.288283854722976685e-02
1.833800226449966431e-01
1.188000440597534180e-01
1.487639248371124268e-01
3.685841560363769531e-01
1.551146358251571655e-01
1.528517454862594604e-01
2.384404987096786499e-01
1.896993815898895264e-01
2.021380066871643066e-01
2.963246107101440430e-01
2.416145950555801392e-01
8.499456942081451416e-02
1.016404852271080017e-01
2.471059560775756836e-01
1.912550032138824463e-01
2.038897871971130371e-01
1.647328287363052368e-01
1.322298943996429443e-01
1.717054545879364014e-01
2.031681090593338013e-01
2.029219865798950195e-01
3.198190331459045410e-01
1.300918459892272949e-01
2.258443981409072876e-01
1.369435340166091919e-01
1.230963990092277527e-01
2.096345722675323486e-01
8.438831567764282227e-02
1.707319766283035278e-01
1.271447837352752686e-01
2.356780916452407837e-01
1.922166198492050171e-01
3.678292334079742432e-01
2.346867620944976807e-01
1.825104653835296631e-01
2.970857024192810059e-01
1.584555208683013916e-01
2.272487580776214600e-01
1.631692051887512207e-01
2.368774414062500000e-01
1.711245030164718628e-01
2.381904274225234985e-01
2.390831559896469116e-01
2.482134550809860229e-01
2.625293135643005371e-01
1.813251525163650513e-01
1.533262580633163452e-01
3.549273312091827393e-01
2.477342486381530762e-01
1.637775152921676636e-01
1.941515505313873291e-01
1.904173642396926880e-01
2.598618268966674805e-01
1.796395033597946167e-01
1.721749752759933472e-01
2.546339929103851318e-01
1.680628806352615356e-01
2.248358577489852905e-01
1.982606053352355957e-01
2.258023172616958618e-01
2.351451218128204346e-01
1.845739483833312988e-01
2.322037070989608765e-01
1.944677829742431641e-01
2.461424171924591064e-01
1.420892775058746338e-01
1.761143654584884644e-01
2.069980055093765259e-01
2.293214201927185059e-01
1.077868863940238953e-01
1.718190908432006836e-01
2.381086796522140503e-01
2.354036420583724976e-01
1.621068269014358521e-01
1.532401740550994873e-01
1.218555644154548645e-01
3.115850389003753662e-01
1.473194211721420288e-01
2.136942595243453979e-01
1.792841702699661255e-01
1.450254023075103760e-01
1.882247924804687500e-01
2.285540997982025146e-01
2.042243182659149170e-01
1.071978360414505005e-01
2.517387270927429199e-01
2.132670134305953979e-01
8.086126297712326050e-02
2.358515262603759766e-01
1.337848603725433350e-01
1.727295070886611938e-01
2.096960395574569702e-01
2.366658002138137817e-01
1.432392001152038574e-01
1.931891143321990967e-01
3.304300904273986816e-01
3.027166426181793213e-01
1.207800060510635376e-01
2.158837765455245972e-01
2.111017107963562012e-01
2.450069189071655273e-01
1.480949968099594116e-01
2.174398005008697510e-01
1.577695459127426147e-01
1.880799233913421631e-01
1.939845085144042969e-01
1.412686258554458618e-01
1.675637811422348022e-01
2.902904152870178223e-01
9.946585446596145630e-02
1.727574467658996582e-01
1.869561374187469482e-01
2.106854319572448730e-01
2.702091336250305176e-01
1.989668607711791992e-01
1.203588992357254028e-01
1.612916439771652222e-01
1.901526302099227905e-01
2.446500211954116821e-01
1.690084785223007202e-01
1.175428777933120728e-01
2.485472559928894043e-01
3.057110011577606201e-01
2.874879240989685059e-01
3.177414834499359131e-01
2.412514239549636841e-01
1.798303425312042236e-01
1.878884434700012207e-01
8.772640675306320190e-02
1.646995544433593750e-01
1.838645190000534058e-01
2.341631501913070679e-01
2.394910156726837158e-01
1.324094682931900024e-01
1.781050562858581543e-01
6.460492312908172607e-02
1.448389887809753418e-01
1.303304880857467651e-01
1.454480439424514771e-01
2.604837715625762939e-01
2.147505581378936768e-01
1.396711766719818115e-01
1.183615401387214661e-01
2.957237325608730316e-02
2.823813557624816895e-01
2.535250484943389893e-01
1.148095875978469849e-01
2.427212297916412354e-01
2.204212248325347900e-01
1.187298223376274109e-01
1.889767646789550781e-01
1.212736442685127258e-01
2.552550733089447021e-01
2.500496208667755127e-01
2.156018316745758057e-01
1.858722567558288574e-01
2.318847328424453735e-01
1.180244982242584229e-01
1.449628770351409912e-01
2.265028506517410278e-01
1.913110464811325073e-01
2.015882283449172974e-01
1.546295825392007828e-02
2.765066325664520264e-01
2.778633832931518555e-01
2.623907625675201416e-01
1.088439896702766418e-01
3.506100177764892578e-01
1.882803291082382202e-01
1.228900626301765442e-01
1.614359170198440552e-01
1.593322157859802246e-01
1.817499995231628418e-01
2.382125556468963623e-01
2.424845397472381592e-01
1.501845866441726685e-01
1.750849485397338867e-01
1.822717934846878052e-01
2.186325937509536743e-01
2.071671485900878906e-01
2.107397317886352539e-01
2.142655700445175171e-01
1.569216847419738770e-01
3.125218451023101807e-01
1.317947953939437866e-01
2.363879680633544922e-01
2.770842611789703369e-01
1.388964951038360596e-01
2.852109968662261963e-01
1.809768825769424438e-01
1.837194561958312988e-01
1.261877715587615967e-01
2.319832742214202881e-01
1.769137531518936157e-01
2.244198471307754517e-01
1.207801997661590576e-01
1.941614449024200439e-01
2.679304480552673340e-01
2.152917087078094482e-01
1.292254179716110229e-01
1.457294374704360962e-01
1.727368235588073730e-01
1.466440260410308838e-01
2.394522428512573242e-01
2.024799138307571411e-01
1.932100951671600342e-01
2.769899666309356689e-01
2.300945818424224854e-01
1.866598613560199738e-02
1.403462737798690796e-01
2.291354835033416748e-01
2.927579879760742188e-01
1.537915319204330444e-01
1.932081729173660278e-01
1.370702087879180908e-01
1.875771880149841309e-01
2.010684013366699219e-01
1.823545396327972412e-01
1.793114095926284790e-01
2.582058608531951904e-01
2.774623334407806396e-01
1.083370298147201538e-01
2.445678114891052246e-01
1.956522762775421143e-01
1.459330767393112183e-01
2.567326128482818604e-01
2.159440219402313232e-01
1.320646405220031738e-01
2.393146306276321411e-01
2.278181761503219604e-01
1.953886598348617554e-01
2.486018389463424683e-01
1.412000805139541626e-01
1.974436193704605103e-01
2.101185768842697144e-01
1.749559044837951660e-01
1.510653346776962280e-01
2.475731223821640015e-01
1.323523670434951782e-01
1.896790266036987305e-01
1.169642806053161621e-01
1.493310183286666870e-01
5.123367160558700562e-02
1.309267431497573853e-01
2.948808670043945312e-01
1.400431543588638306e-01
1.017552241683006287e-01
1.550671458244323730e-01
2.497610896825790405e-01
1.791074573993682861e-01
1.687726378440856934e-01
1.205324530601501465e-01
9.598535299301147461e-02
9.938764572143554688e-02
3.188577294349670410e-01
2.241034209728240967e-01
2.160270512104034424e-01
3.095370531082153320e-01
2.028439044952392578e-01
2.305312156677246094e-01
1.428049504756927490e-01
2.090796977281570435e-01
1.168191730976104736e-01
2.851904332637786865e-01
1.781846433877944946e-01
2.225848287343978882e-01
1.601617485284805298e-01
2.653986811637878418e-01
3.044492900371551514e-01
2.282264381647109985e-01
2.588545083999633789e-01
2.439854145050048828e-01
1.954937875270843506e-01
1.922360956668853760e-01
