5.758662248815867635e+00
7.052839590871193387e+00
6.194366887397759314e+00
6.245400820963900479e+00
6.858066155872610814e+00
8.997311068071510931e+00
6.290221873016426990e+00
7.276789430761954058e+00
7.137357765266101772e+00
6.707667478656015092e+00
6.671113540571522726e+00
6.842338743824562641e+00
6.822990511097426491e+00
8.127639088389109645e+00
7.063918507164156146e+00
6.397971188168193990e+00
6.970016534250651929e+00
7.277316757356650179e+00
8.544219305122613406e+00
7.997893557720892943e+00
7.281474681485521572e+00
6.692891127825398634e+00
6.572361932253696359e+00
6.646646645369238549e+00
6.663802820620440492e+00
7.620924305753653094e+00
5.733531520109566237e+00
6.538166350034688712e+00
6.248043854205233671e+00
7.125140808954185445e+00
6.473083338566631539e+00
6.508946501307423915e+00
7.030781073493867162e+00
7.727101646625860631e+00
6.619378068224493816e+00
6.031463493814507082e+00
5.827643465422984725e+00
7.395585691611331391e+00
6.502577339450345661e+00
7.353350963778651384e+00
7.985502764201616088e+00
6.047093926764350869e+00
8.609671399999502484e+00
6.466997034396814392e+00
6.376337734305793425e+00
7.709659251167804150e+00
7.334593083567848559e+00
7.307467467737742695e+00
5.941582087468839646e+00
8.526068158469644942e+00
6.296309664798679151e+00
6.267359512558867252e+00
7.849398378597388870e+00
6.035267530973746908e+00
6.685820270189481995e+00
6.916262059723408129e+00
8.320171599831015286e+00
6.919003125456979930e+00
7.071650789849829088e+00
6.535787605651784737e+00
7.990604924489271177e+00
5.951715081134482332e+00
7.123518328002017341e+00
6.930282818109095189e+00
7.029572296849289081e+00
7.871113124214732082e+00
7.199326717078674776e+00
7.026368029324387976e+00
7.475320533566989667e+00
8.404827289057951845e+00
6.888965846158018991e+00
8.350471262720585486e+00
6.880592481774900016e+00
7.839407222084207483e+00
8.207795930231956305e+00
7.227714689986015628e+00
6.379419679332293036e+00
6.772827098349900155e+00
6.739098911493037747e+00
5.944811522304442875e+00
6.491920804465892481e+00
7.777481938410216067e+00
7.078959574372584385e+00
7.442775013207500123e+00
6.857751645132523777e+00
6.570088237944196052e+00
7.193384493518694356e+00
7.260881981007431207e+00
6.603376945104564300e+00
6.833428845627874892e+00
6.092021072223762879e+00
6.831349238476045471e+00
8.364763882365775061e+00
7.733260163061000725e+00
6.381378876145973322e+00
7.557247412345719617e+00
8.819082848636783822e+00
7.024330947809771075e+00
8.461924353923857112e+00
8.263481785886233055e+00
7.877470900561921674e+00
7.166377232690257060e+00
6.893586953718197741e+00
8.196643063711444910e+00
7.241699668717176408e+00
6.405050306709684449e+00
7.957558136736242460e+00
6.402845715149257266e+00
7.028020752069910948e+00
7.659399444576108884e+00
6.537126298630179910e+00
5.456506292306982253e+00
6.643293805945666541e+00
6.891161625449688799e+00
6.717188273817774835e+00
7.262886975404047263e+00
7.642727309994474361e+00
5.693540715436474997e+00
8.377292566118772044e+00
6.811266378712272029e+00
6.053379347221107487e+00
6.665394155101184381e+00
6.415079066825374987e+00
7.298514984739616018e+00
6.426258669869091555e+00
5.307013203927920308e+00
5.374915757907007929e+00
6.975791708451008155e+00
6.781042117164642669e+00
7.712648991764212703e+00
7.222275477630051732e+00
6.924616233051069436e+00
8.080881369807380921e+00
7.686128836295566202e+00
7.363116839552736437e+00
7.605376851534368043e+00
8.299692356717484287e+00
7.158408123544426793e+00
7.545783341741864270e+00
6.106394801091622249e+00
6.663058042154422544e+00
7.520724105090796030e+00
5.941639570874230891e+00
8.214095511223767687e+00
7.666543799370193923e+00
6.524092474027475497e+00
7.684910369255629092e+00
6.009642631743450814e+00
6.722367794044308731e+00
7.126435392336169627e+00
7.527508990144947454e+00
7.350726287092729017e+00
7.993869732184091248e+00
6.057872955950380778e+00
7.199850359208909367e+00
7.939177187278063208e+00
7.395352592917374679e+00
6.047694918551523635e+00
7.436165773793736555e+00
9.004550969835921848e+00
8.246594434861616918e+00
5.416630799719230005e+00
6.338070933995859413e+00
7.584866298404674190e+00
6.233685514272745642e+00
6.335652274926224514e+00
7.257280384255309968e+00
7.298491841880480280e+00
5.990907672443814391e+00
7.381640543909291807e+00
5.441407516014383994e+00
7.053200053795732671e+00
7.970784288956191510e+00
7.492386781491404690e+00
6.140181168788851451e+00
6.382582182828694606e+00
7.003918603481200655e+00
6.470358175641304221e+00
5.258687593495715795e+00
7.172668838805030589e+00
6.443580126375386463e+00
8.849109600437731871e+00
6.093395305012606400e+00
7.742508094290310616e+00
9.552216611528578483e+00
7.205303398654170799e+00
7.944848101460761924e+00
7.749223987544236358e+00
6.445458950334897352e+00
6.886588359728492037e+00
7.509238167196552460e+00
7.810658369819082125e+00
7.135634805474883713e+00
6.866456736620798473e+00
7.348984619468075685e+00
5.348687322631809238e+00
6.454187236071456724e+00
7.121612536246802350e+00
5.842506173070116660e+00
6.339277306917827204e+00
5.967888658034723903e+00
8.113233969222640951e+00
7.167758700717223874e+00
7.118011828838908706e+00
6.935450872577809456e+00
6.870960076550895579e+00
7.885365886824793336e+00
5.645099258963913513e+00
7.212686399621657252e+00
7.708750759532398966e+00
8.141827301701860975e+00
6.462961427214668042e+00
8.877348543880755116e+00
6.280441559984716982e+00
7.126506498789747290e+00
8.833785136244129532e+00
7.303132355612387272e+00
6.827400159259551238e+00
5.080047367646252532e+00
7.312718741091535968e+00
7.913873344125557097e+00
6.213758884066935551e+00
7.124236434965957265e+00
6.180683241365310110e+00
5.258886289255785051e+00
7.410224663832629233e+00
6.556200457899233669e+00
6.578219745478985025e+00
7.929280288167022128e+00
7.763418884440051571e+00
6.938785029176473884e+00
7.847774750334719052e+00
7.922370662766383020e+00
6.395570565660564810e+00
7.388497587142941470e+00
7.455190758683042596e+00
7.630643014139674385e+00
8.798731334678741689e+00
7.249444248648758915e+00
6.555016543720583400e+00
5.043889738157899316e+00
6.750020875501499873e+00
7.732085782334465307e+00
6.179827131963957498e+00
8.786875199574769368e+00
7.881082546310683945e+00
6.777459086408858191e+00
7.947230705002861662e+00
7.386159024094527403e+00
8.708857321525217188e+00
7.850402425780784732e+00
4.914650217767738027e+00
6.008884579223281897e+00
7.832692658499699867e+00
4.668976438369005777e+00
7.911203236495398805e+00
6.039488238828238487e+00
6.007527038623784676e+00
6.523588567918554126e+00
7.260324527065848521e+00
7.164677773762444524e+00
6.714949837067542227e+00
7.353302705255539529e+00
6.298363679651077796e+00
7.695273309473221524e+00
7.478452027550273051e+00
6.741200208649767767e+00
6.422188329424127318e+00
6.029223113607364404e+00
7.869702934817548012e+00
6.321581567657800882e+00
7.950721849838156885e+00
6.959625954702690187e+00
7.265486774669125403e+00
6.496738677665175210e+00
6.986105342223861925e+00
6.909561886862683799e+00
6.935382541752757923e+00
8.426690098409254759e+00
6.591012838628524939e+00
6.532443088084428418e+00
7.061638908147437554e+00
7.310335810222556852e+00
6.742118298402776766e+00
7.286907167869329349e+00
5.747426587029653255e+00
6.460762301733386614e+00
7.635615870618645218e+00
6.471610794371427389e+00
7.173947512704573981e+00
6.335220435472735723e+00
6.387533575775329098e+00
5.845883727435218447e+00
8.006140949011953722e+00
6.780418107685081353e+00
7.168781454954840093e+00
6.383292928909117592e+00
4.943377559659039910e+00
8.346575955596016172e+00
6.452097930493778222e+00
7.390684347952804600e+00
4.608590315649490066e+00
8.180527356645523440e+00
6.439335507173963080e+00
7.342085561378288716e+00
6.566248164257075359e+00
7.156473983877909006e+00
6.207942161446021956e+00
6.956135926966411809e+00
6.043444315189088201e+00
6.648485210863345429e+00
6.638529841958381361e+00
6.074643350379848705e+00
5.742005610655283476e+00
6.257791887613534776e+00
7.985115591641351429e+00
7.340434967188063098e+00
7.349841945179354852e+00
7.298775801359819404e+00
5.154190469420359300e+00
5.344681920683784782e+00
7.175865452126651611e+00
8.195401224121830808e+00
5.545255891017808914e+00
5.903349636219888730e+00
8.223366225011018216e+00
7.434889938097050788e+00
8.768982485276035632e+00
7.461043635132361018e+00
6.371486417330535446e+00
7.879970432105233513e+00
5.702845496968800276e+00
7.250873151752095680e+00
5.726016395130477221e+00
5.966515572785477950e+00
8.188166533771159550e+00
8.080193305054377717e+00
5.615819722912775092e+00
7.691459700013232315e+00
7.900987644414957600e+00
7.366918146282937840e+00
6.850869487976007477e+00
7.048625162673643807e+00
6.859865932247830145e+00
5.590982905751157972e+00
7.168490448213755251e+00
6.226690264060716018e+00
7.835225414981765724e+00
7.158518867039139089e+00
6.603450414526543355e+00
5.942938631203414701e+00
5.374415178346739985e+00
7.825329502074795052e+00
5.952442501075541514e+00
7.755027957882298928e+00
5.282139611823130743e+00
6.355332420603049925e+00
6.367395187757074027e+00
7.461243396677634365e+00
6.524456340765489415e+00
6.108459301782268369e+00
6.732195053021211351e+00
7.538263484034369633e+00
7.322302231882291679e+00
6.023270733110114961e+00
6.405243332162085856e+00
8.393435922329850030e+00
8.335736086243864307e+00
7.392180018175393386e+00
7.829636070075758347e+00
7.177914127459663618e+00
5.459662001026435618e+00
6.993341304306625261e+00
5.671398193432048096e+00
6.633214388191920108e+00
7.291194685957574251e+00
5.880038804322916590e+00
7.975061965130530339e+00
7.340107207790811827e+00
7.982988179479042934e+00
6.498122018047478576e+00
7.338809431029878816e+00
7.986082854657469809e+00
7.198355115915918923e+00
6.760222294909512541e+00
6.240215557648483014e+00
6.044555555984996609e+00
5.971097354654106404e+00
8.570530101917135823e+00
6.479033976893863844e+00
5.371331864588022142e+00
7.393140438881135701e+00
6.158133346241864814e+00
5.867619329452459453e+00
7.215179511350521047e+00
7.643743094312137387e+00
7.130678093378580051e+00
5.615492146776468019e+00
7.934489930930014090e+00
6.774707431421479242e+00
6.953761838227892511e+00
7.149102315368041083e+00
7.692285544430042421e+00
7.838448822742776656e+00
7.132313989319788661e+00
6.912760754848389588e+00
7.577881412025923247e+00
6.906260289498184157e+00
5.875707544997000653e+00
6.249916365794717876e+00
6.394028498211633327e+00
6.634729134861962585e+00
7.628693149312152144e+00
8.062075977839651131e+00
6.721421038618144550e+00
6.394525413083528065e+00
5.298884603533815074e+00
7.023524811941936008e+00
6.345596208822272821e+00
6.464161519123771349e+00
8.890104461985098183e+00
5.730058562872159200e+00
6.443185546883402282e+00
6.999797417274807643e+00
7.835322001732266450e+00
7.212477617024689813e+00
6.453412718781765811e+00
7.890024282727461369e+00
6.023989939634198265e+00
6.854546814497647134e+00
6.958815502013530718e+00
7.384262739181355784e+00
7.702878070306589997e+00
7.263161568447500827e+00
7.481920660052908900e+00
8.377811399401181802e+00
6.832464438055852796e+00
6.444792163681908548e+00
6.733562914122497745e+00
5.920347010031292712e+00
7.211520216756220236e+00
6.922621276245404687e+00
7.145931581051189418e+00
7.881319427574242198e+00
7.417601389314591565e+00
6.953733813627596128e+00
7.577795155611684486e+00
6.952436841998151706e+00
7.062484860270322073e+00
7.331284527523068917e+00
6.720772599661594349e+00
6.175525018768250440e+00
5.567780498885939622e+00
6.357918701168784104e+00
7.131937287980869122e+00
6.211935043574539961e+00
6.382684650735482634e+00
7.445106271239120943e+00
6.980319289938306859e+00
6.774640383226155471e+00
6.098476030541758242e+00
8.422107531807572656e+00
7.735152341537614440e+00
6.939487205633042777e+00
6.950833674187067324e+00
5.881308290349126722e+00
7.708536109098460543e+00
6.797361595428219161e+00
6.969453164687396729e+00
6.898358726434588029e+00
7.205234148853021381e+00
6.552869387018739999e+00
7.889919361847911539e+00
5.852656522761382263e+00
6.164631004989421292e+00
6.690118879282023201e+00
4.436307962844330710e+00
6.144539728599127670e+00
6.919750697052048594e+00
7.962195840293239790e+00
7.978324479246878376e+00
6.404072250911126751e+00
7.142747698611730200e+00
8.472598212519528715e+00
7.087604105004809973e+00
6.839331943530034152e+00
8.162619192190637918e+00
6.967535203706201941e+00
6.447400069795723887e+00
6.261602822619316555e+00
4.255105639815072394e+00
7.930625968323162134e+00
7.590555952688395003e+00
6.311478623885980355e+00
5.592848947615639332e+00
6.742858320911495618e+00
7.333697201387642473e+00
5.354480983283775863e+00
6.720722227538074023e+00
7.015575319271948551e+00
7.581110475024356532e+00
7.750572806341200049e+00
7.735451107660789027e+00
7.485342301095012196e+00
7.279518628884857456e+00
5.747752586598733338e+00
7.968239252074758028e+00
6.440242849770374534e+00
6.602814078974300394e+00
7.815504284927142109e+00
6.868167186228259169e+00
5.168155862124843125e+00
9.249535030338400077e+00
6.446174039594162686e+00
6.256101309495800677e+00
6.545735211798056952e+00
7.127457878697732951e+00
7.063372811607801616e+00
7.121613454622530703e+00
5.779963560084991236e+00
6.258621042904521481e+00
7.958984619711671371e+00
6.450352079845801612e+00
8.765474544204430174e+00
6.107724955350788854e+00
6.538497315405717103e+00
6.064778099574870573e+00
6.760600815241747163e+00
6.470586595463186264e+00
6.343673489088183182e+00
7.406581245639771716e+00
6.416931420634818473e+00
7.756287009985715741e+00
7.252733597334775517e+00
7.903906117427127676e+00
7.764855878238419606e+00
6.968389149423534157e+00
7.994287343204591778e+00
6.348258209848983924e+00
7.573203179482794312e+00
6.548904699817151176e+00
6.491028060601430560e+00
5.294768749990984347e+00
7.768919989771614354e+00
6.203214204489943207e+00
5.523432521081198310e+00
7.141220532672703847e+00
5.973022707245321250e+00
5.920748483408578622e+00
7.487457068323750242e+00
6.617556884084269342e+00
6.379438874450553243e+00
7.017405610976635622e+00
6.292502351283252082e+00
5.810828321751630554e+00
7.354900463487862083e+00
6.170681800239715464e+00
6.992098916429353217e+00
7.865363295336640803e+00
4.762904763183166246e+00
7.054471169123677221e+00
6.810351156806106587e+00
6.682255885384829064e+00
5.446450116849541168e+00
6.889781739847396835e+00
6.527046378269957039e+00
7.007071754235809635e+00
5.047182359562024878e+00
7.779289909914619550e+00
5.258432791884484203e+00
6.941407962790832720e+00
7.044275840246051246e+00
6.848194738637268131e+00
7.131193907523860176e+00
7.416722482576948217e+00
4.643780152749736878e+00
7.140344941417482438e+00
5.083539989125505976e+00
6.081623079312294067e+00
6.991539770305410073e+00
5.858217841857598529e+00
7.178819010276460411e+00
5.121766134816073013e+00
7.230968345022536603e+00
6.811016168737461740e+00
7.762355191780732966e+00
6.298730786980232033e+00
6.976035989012650873e+00
7.151238715842661797e+00
7.257976724822018610e+00
7.005029866139136807e+00
7.482265803024011674e+00
6.423682250984188435e+00
7.377666444691173275e+00
8.642340728141327588e+00
8.658339276791364725e+00
6.171705062817951060e+00
7.262846923116349274e+00
6.960837143334286381e+00
7.218097608719633129e+00
7.429637755380516850e+00
6.702307500140246788e+00
6.300690341010927398e+00
7.465178507149815346e+00
7.583858213406978521e+00
7.937784004760588097e+00
7.221055126425307336e+00
7.877595698213886166e+00
7.380479342279920196e+00
6.338283119741920935e+00
6.199790501747626692e+00
7.508707744454146571e+00
7.556880609880618493e+00
6.267087906177633450e+00
8.074632886050787661e+00
7.371318171148459442e+00
7.445594251941241914e+00
7.462974551721010208e+00
6.683213445556300591e+00
6.031894554279809029e+00
6.523092099646157216e+00
6.909651144196137906e+00
6.102475302683083136e+00
6.217977552249204898e+00
6.894880103014686235e+00
6.971066664672059154e+00
5.906988231862965399e+00
7.998766134803283911e+00
7.786122257646960421e+00
7.243470412266664660e+00
5.950620068668211360e+00
7.463145354538474052e+00
7.500083603011519884e+00
7.536455588685372575e+00
7.658933636952712121e+00
6.805149348825959343e+00
7.320013349822354520e+00
7.910334473628819474e+00
6.709798744889888589e+00
6.731130722914627107e+00
7.209000076110952726e+00
6.166458212778328729e+00
6.197031890769477691e+00
7.015473365297965280e+00
6.065863169358078011e+00
7.279928366416759111e+00
7.437377115168823494e+00
5.981380032443617267e+00
8.182656999465105940e+00
6.924741741354040414e+00
6.046711494744147153e+00
6.568816996797706587e+00
6.510688792454812912e+00
7.286206290078495407e+00
7.505969135190373898e+00
7.505605325687700891e+00
7.450541836842281107e+00
5.934676957658213681e+00
6.886796707370986148e+00
7.856644840740257152e+00
9.101442003300942218e+00
8.783097000960848888e+00
6.794103271736982919e+00
4.861700291422497600e+00
5.983863872822925423e+00
6.799489693237382504e+00
6.447018578777955256e+00
7.195984412416426501e+00
7.293780930491849723e+00
6.858336126633067131e+00
8.106951273146568937e+00
5.468807427076068706e+00
7.329242348332625667e+00
6.854326476086301412e+00
5.762551845974872577e+00
8.559100628918269393e+00
7.303598467789022664e+00
7.239949517305062976e+00
4.979261886587410757e+00
6.512162665450806465e+00
6.453297567799591405e+00
5.893245727046765303e+00
6.768992308797078472e+00
6.447256944412499635e+00
6.929945000283683321e+00
7.390486894909619409e+00
7.234333833163073990e+00
8.704972621936827082e+00
6.262734667309626246e+00
7.446923998168011316e+00
6.992981256477952101e+00
7.062920041895596412e+00
5.102207341928417073e+00
7.383586801553955858e+00
7.987276766610515111e+00
7.790862479319677014e+00
7.552611498138580792e+00
7.095349581232257563e+00
5.980685270786540109e+00
6.149611407795607221e+00
6.984110001474932439e+00
6.913365016948445962e+00
7.009662669533290646e+00
5.381664257790058414e+00
7.695533699240433734e+00
7.016122047081950086e+00
7.702327127445238730e+00
7.384961184057281081e+00
6.683878187548210725e+00
8.449744484652194743e+00
6.199454526365971496e+00
7.080962202227714108e+00
6.765986209572734111e+00
8.061566138691015126e+00
6.890620014080662159e+00
6.583146152083418023e+00
5.976182560270657085e+00
8.197532814288759795e+00
7.639520530048079294e+00
8.446376986832728306e+00
6.112570037942083978e+00
6.906307286536431889e+00
8.377160943679687222e+00
5.941293925270852760e+00
6.829163009799379402e+00
7.972098222120301614e+00
7.751782881559715399e+00
7.944364566540000894e+00
7.002260524012662302e+00
4.964499210453698019e+00
6.271390263090824035e+00
6.573294134704135594e+00
7.653455606369222508e+00
6.464021973298368806e+00
6.945428877896207887e+00
8.356271436232661998e+00
6.537534266763308288e+00
5.828402399500923536e+00
6.898348890873040595e+00
6.551162861000597637e+00
6.363976931765018108e+00
6.022670920146331319e+00
5.469813824318144668e+00
5.784735071728641209e+00
8.636434607418326692e+00
7.122039828016621499e+00
7.398849563502808202e+00
8.678255811609679071e+00
1.014835520633132582e+01
5.661234381557720852e+00
7.429727702570071202e+00
8.330432568035055496e+00
7.358360061276067121e+00
7.437958468132341849e+00
5.829658281347980697e+00
6.566907405242438323e+00
8.203008182372295565e+00
7.704172533421752789e+00
7.194323137887455921e+00
7.220243793307417945e+00
8.566994823965520922e+00
5.728050482745222993e+00
9.341882705801548781e+00
6.321828093632843704e+00
5.953375109810922439e+00
7.765924717564495872e+00
5.364937411383075450e+00
6.352828816637509313e+00
7.791496720781411867e+00
7.453555973961273118e+00
7.024952183132733730e+00
9.535286012104204900e+00
7.483150636076742579e+00
5.747542076965571844e+00
8.268116953436848604e+00
5.765030918480735345e+00
6.549069396610862626e+00
7.123021859973637682e+00
7.307236914357337909e+00
6.731959933790345296e+00
6.576678162246134107e+00
6.852931966505482642e+00
5.910748360723601991e+00
7.806130738463780361e+00
6.880102748346732966e+00
7.641530907119458149e+00
6.804867616572282785e+00
5.589443359185608529e+00
6.434082000520257694e+00
6.359651130960562782e+00
6.593590040304571076e+00
7.162327351680604082e+00
6.071941013191577419e+00
6.642853700280634932e+00
6.594397675494713340e+00
7.286582669118090827e+00
6.595839383388521604e+00
7.579435128842954228e+00
7.021876452940635893e+00
6.704859406218631968e+00
7.689913718617585658e+00
7.091730190267973022e+00
5.564185226732615952e+00
8.852603998840441690e+00
6.519014828479766877e+00
7.455214041741741404e+00
7.443692543592255184e+00
8.378285877412279703e+00
6.516003123156847820e+00
8.190191521156028998e+00
7.573344795925342154e+00
6.622127368223698518e+00
6.430425244965967124e+00
8.737493574562302356e+00
7.298840971025103208e+00
7.703521396757911255e+00
8.048043855722536222e+00
6.492809558158098682e+00
4.827383880672552863e+00
7.771483238873832633e+00
7.280866715721307614e+00
6.377163544718491117e+00
8.134918399652942611e+00
6.964861021642421157e+00
8.525042998614688727e+00
7.150941695474291926e+00
8.257605553397425524e+00
7.196403223946129302e+00
5.087592189134219289e+00
7.344650424808671474e+00
6.519126570595591197e+00
6.502814715411203039e+00
7.133578426216873325e+00
5.951183029329077279e+00
6.141001078789100731e+00
6.830491691334158233e+00
5.738611451402647390e+00
7.522292782417869361e+00
7.889313660723926702e+00
6.758629264270722636e+00
8.425178746523265261e+00
7.238446040526323344e+00
7.097168890226328131e+00
6.864821449282795918e+00
7.773933354589392941e+00
6.884927091144893652e+00
6.573992769192010144e+00
8.653670899533249639e+00
7.914909542637432516e+00
6.801819521214444997e+00
7.556279952255299470e+00
7.790167918881206965e+00
7.163356722066953175e+00
1.005154142235199721e+01
8.286873426822790378e+00
6.226818432134757941e+00
5.431683770821670976e+00
6.329108518235327274e+00
6.445569327379295999e+00
5.647344171732867402e+00
5.337275806077468765e+00
6.391055897795256513e+00
6.277056411403396652e+00
6.310981723130549170e+00
5.627434634000419322e+00
7.176589915548775345e+00
6.464282936642303135e+00
7.237890115778406575e+00
7.341523698057650371e+00
5.190730373679487641e+00
7.132663724515509784e+00
7.885141019795163686e+00
5.566548149302962933e+00
6.795780740541877307e+00
5.705219911497423801e+00
7.007889054237645965e+00
8.777289946892441463e+00
7.304531891397155974e+00
7.457129668732748407e+00
7.410281402352112856e+00
8.200111314553858222e+00
6.590914201747837708e+00
8.829705827379077832e+00
7.232979380881626952e+00
6.515775618041967476e+00
7.552949282175998924e+00
7.473937267475257329e+00
6.067524931867973592e+00
7.092023157720751314e+00
5.908991836492489824e+00
5.923288476461955554e+00
7.134067084640667744e+00
8.690559089080323929e+00
6.257729572175747101e+00
6.601009196252650035e+00
6.873897618605061766e+00
7.511061848145673459e+00
7.569709116613577926e+00
7.452761613750464420e+00
7.434116867273563578e+00
7.853750918860924912e+00
6.329543120902291875e+00
7.414515820201970975e+00
8.947615794197870898e+00
7.069007698805793716e+00
5.936167149015977529e+00
6.080101079594840918e+00
6.613101936628207334e+00
6.567834722107948053e+00
6.708307679013763014e+00
7.869486131269596285e+00
7.920227676851317788e+00
5.787900131832622641e+00
6.651687697721260228e+00
6.418863153815062006e+00
6.096111514740560899e+00
7.284046123748106893e+00
7.086035230141786379e+00
7.307516315112571270e+00
7.672421283155591354e+00
6.595176975319866131e+00
7.629184673403528905e+00
8.810964871187083602e+00
8.797860771942136893e+00
6.502543071188914503e+00
8.437041848550306256e+00
7.469070692859811622e+00
7.086460828129423462e+00
7.878271796149028283e+00
7.233419588307774539e+00
7.565222010124885266e+00
7.027263083604185390e+00
6.523435796249001051e+00
7.550763900342574608e+00
7.849940604669324529e+00
6.719105130752526023e+00
7.678920985905791419e+00
7.043046910244032510e+00
7.725335467776736742e+00
5.002537887871614686e+00
6.815309139005758965e+00
6.935299833488891785e+00
7.244810302663479362e+00
7.811165035409412205e+00
5.671402391736776849e+00
7.119336415094047688e+00
8.534800762271508745e+00
7.242110151944653573e+00
6.817506182329542419e+00
5.876779404841334653e+00
6.153723936881917211e+00
4.899034309270336784e+00
6.409324367527182709e+00
7.107149786877120512e+00
8.493994176320931899e+00
5.663131197511574122e+00
6.773982615278415054e+00
7.418861353426341232e+00
7.129227700708433701e+00
6.974530082446997348e+00
7.613661497638376296e+00
7.632435653486738580e+00
7.817730172065330052e+00
7.481516301326822216e+00
6.826342564796625823e+00
8.093263383076813255e+00
7.362200855398849164e+00
7.353190006883032481e+00
7.033497224689248206e+00
7.569742545631693353e+00
6.101236639618877078e+00
8.682440308614150837e+00
6.539266493647989620e+00
6.160676905436502260e+00
6.138937307118006892e+00
6.173385016895852395e+00
7.952106413306733401e+00
6.968786237315423016e+00
5.776805916283159981e+00
6.548666355791550764e+00
7.711040761536743560e+00
7.539993148355581098e+00
5.236905338132230803e+00
6.840736998406523384e+00
5.894743295567145935e+00
7.811257526639495907e+00
9.801979070410395067e+00
6.655923802865741479e+00
6.594773995384437093e+00
6.612120228209169781e+00
8.163689471630984684e+00
7.560396937649422888e+00
8.288681477243429185e+00
6.378492609115100187e+00
7.490816805991627803e+00
7.064267849049108428e+00
7.236138447804308704e+00
9.283062441679339472e+00
6.188758288671906804e+00
6.225259208073858908e+00
