1.274249765953623159e+00
1.464896782725233715e+00
1.343848457054298784e+00
2.041904352668088229e+00
2.868040360468492533e+00
4.775867079196529197e+00
1.940831939902333936e+00
2.560757669194189123e+00
2.736973168436253712e+00
2.026112828238005648e+00
2.789755659558138756e+00
2.816392481798263514e+00
2.453149987177715374e+00
3.706514800887353633e+00
2.375896330619956309e+00
2.887709087089723514e+00
2.762601130235124547e+00
4.060539856447766383e+00
3.926864351676139009e+00
3.503010061687975352e+00
3.064161661800058667e+00
2.494422171456375459e+00
2.377507998391946931e+00
2.569182339008787785e+00
2.128356060051550980e+00
2.856893190401604166e+00
9.571196595635714788e-01
1.631922718124893201e+00
1.836106823728723914e+00
2.291728849116143163e+00
1.435080348376195580e+00
9.933071959090222780e-01
2.959635531290205623e+00
3.064107491957058560e+00
2.681320831331387211e+00
2.236542049267612242e+00
1.481491338903760946e+00
2.767931874369462530e+00
2.390993046679036560e+00
2.907578000147691188e+00
3.572462384830191517e+00
2.249521145546560241e+00
2.857015666348345473e+00
2.040611484446843260e+00
2.049304425621280235e+00
3.558435284253724795e+00
1.963804837135842307e+00
2.766762716271748079e+00
1.920902823094329914e+00
3.936132983194341239e+00
1.774422814268882487e+00
1.950461244421885176e+00
3.105586464774369393e+00
1.812189780405918604e+00
2.071932380638249249e+00
2.719174422865625385e+00
1.996174874213995754e+00
3.102542949385604043e+00
2.818755758864609273e+00
2.227495987254152876e+00
3.130863854328489904e+00
3.736182402402997926e+00
1.944531658921159423e+00
3.378327396004507044e+00
2.668917167403950685e+00
2.970486627808639035e+00
3.334495948476279281e+00
2.072529828658236983e+00
2.979441458101671270e+00
3.323950419352358132e+00
2.585517380408544064e+00
3.841578831824016493e+00
2.494504387238729581e+00
2.408306265561433790e+00
2.442683743662208862e+00
3.198099744193140914e+00
2.535030976345134857e+00
2.800294757389055533e+00
2.779559954505150365e+00
2.094874796771216907e+00
2.929701388594466493e+00
3.506047603212616437e+00
1.612570166315279385e+00
2.401972533778085506e+00
1.583505104256747398e+00
2.222944646625310217e+00
2.610325529343226592e+00
2.491863493852553013e+00
2.484045224868700608e+00
2.318789920518879555e+00
2.319732115158760877e+00
3.057429623262384322e+00
2.771036477834303735e+00
3.683538248406072135e+00
3.131199927936987759e+00
3.154893226858845878e+00
4.895238773797767173e+00
2.472761295383441027e+00
3.424318482510419592e+00
3.158279332393661321e+00
3.385711695130755761e+00
2.624301793802115590e+00
3.087302238384617148e+00
4.035406970591551179e+00
2.789058998914217824e+00
1.679016213152475734e+00
2.700846656704608328e+00
2.584918148245811231e+00
2.828951451705718156e+00
2.447154735926075020e+00
1.849965530989046814e+00
1.158552575159569775e+00
2.351432372543271754e+00
2.385479305223444868e+00
2.310687050586740288e+00
1.674974257011726753e+00
2.423053984717759235e+00
2.208160053728508210e+00
4.403894502246435749e+00
1.776906908791039630e+00
2.730838109088527865e+00
3.295071539998883914e+00
3.208426636725322023e+00
2.412502256789126331e+00
2.538754681903084620e+00
1.623831258364396346e+00
2.072175900884981825e+00
2.375791978719190567e+00
2.346153106259359689e+00
2.054361180804555875e+00
3.207408468682296565e+00
2.188760045838309409e+00
4.329148258318934239e+00
2.982805632085303138e+00
3.051014633194382153e+00
3.738256853499167587e+00
1.553978802381677182e+00
3.646419923542538744e+00
3.330048743589048676e+00
2.394584900494337809e+00
2.899627654806473220e+00
3.007041649231118718e+00
2.479151230379776916e+00
3.785593377513305047e+00
2.293766030431669822e+00
2.015520931094122670e+00
2.229950450182236921e+00
2.325819371579563644e+00
2.314598785029511330e+00
2.541000258320860627e+00
3.420685232481844196e+00
2.010970246726107469e+00
2.920093663905031889e+00
1.808250103161120448e+00
1.946847922712495071e+00
3.203432281341193733e+00
2.702582785919245278e+00
2.016003616938251142e+00
2.599708530365561820e+00
4.604723259684097236e+00
3.444444383774552865e+00
1.700878756390122648e+00
2.248703495212008630e+00
2.736822479249717777e+00
1.414742214896962613e+00
2.631943512666127027e+00
2.346333003544629925e+00
3.003978388257149135e+00
2.672662944564662801e+00
2.861964733551210394e+00
1.575607876581816447e+00
1.682834552112995707e+00
3.669801712820224715e+00
3.381396126425846749e+00
2.869231141071009183e+00
2.196077348606280566e+00
1.948725335963570560e+00
1.769722497895589441e+00
1.905631155396085186e+00
2.669876766994424777e+00
1.909001962677939979e+00
3.425582456566951706e+00
2.320754414593551029e+00
2.988434945206946303e+00
4.020691279615988378e+00
2.551830836556109983e+00
3.384497299605638609e+00
2.770364447797091678e+00
2.932409919132604514e+00
2.604357050540510254e+00
2.445128691399534038e+00
3.214061011394221623e+00
3.630682539810095477e+00
1.969297316478298976e+00
3.186340121136960857e+00
2.199064313918059899e+00
2.735214643168121018e+00
2.157863278600469226e+00
1.850763738775281109e+00
1.312633414097584383e+00
2.634573615013102721e+00
3.688996389551175259e+00
2.399277221189377585e+00
2.816876947070693138e+00
3.367797880328437188e+00
2.832299981000601541e+00
2.853960519222050518e+00
1.711512351445199309e+00
3.132504561383272268e+00
2.931144305815533535e+00
3.289110495902586973e+00
3.483129541898253301e+00
3.926867889262191103e+00
1.672936579776655996e+00
3.124584424755120438e+00
3.144536014023295856e+00
2.122638497833615912e+00
2.654796212290350788e+00
9.766532556968364753e-01
1.846522837037704923e+00
3.361969485246275369e+00
2.663126819435444936e+00
2.502849350047444243e+00
1.900118368658713086e+00
2.127206736201339154e+00
2.375421212511061864e+00
2.008895142467187256e+00
2.377202427565055842e+00
3.736423699606425952e+00
3.884476223139083029e+00
2.986974774703795354e+00
2.434900311309940779e+00
3.685663900138013371e+00
1.329285048128699076e+00
2.326179046367812475e+00
2.696899170839508031e+00
3.488481521623699955e+00
3.563845997776509567e+00
2.780770006905460168e+00
2.899885163707632607e+00
1.081983793254068793e+00
2.015294978079060328e+00
3.178729037989076023e+00
2.149038496444317214e+00
3.441862993142713378e+00
2.871734228061114003e+00
1.889294505970605220e+00
1.857146660360789348e+00
2.819830129517361339e+00
4.132583881234613621e+00
2.049006531165533662e+00
1.318538031356838447e+00
2.068077484329001514e+00
3.051377801531687251e+00
1.944836909354010102e+00
3.831074740685486368e+00
1.373942965925814441e+00
2.931463109876554451e+00
2.083131671705745536e+00
3.136918975142875432e+00
2.912806773648221714e+00
1.734131085228789226e+00
1.907024037877308231e+00
1.805010828082759700e+00
3.532951432621155963e+00
2.590370710046069114e+00
2.213627858894991807e+00
1.513670252413666484e+00
2.529181956209282767e+00
3.007095594346148815e+00
1.759187042550045099e+00
3.553318594226153149e+00
2.691887243991306189e+00
1.892056302805158463e+00
2.161295846575489232e+00
1.958772178964007571e+00
3.333691396113592553e+00
2.853296694263475874e+00
3.991926599218539540e+00
2.014369361164858319e+00
1.678797595224331030e+00
3.431825523346602846e+00
2.381782144120362599e+00
2.876409110302973637e+00
2.883185833552063482e+00
1.753761322442215498e+00
1.652164346878360224e+00
3.358854686157447755e+00
2.879482227332734734e+00
2.695706061406830667e+00
2.398776928240901274e+00
1.882725880409816810e+00
2.275569067761626041e+00
3.530246292592900126e+00
2.527377905271749547e+00
2.195464607698462078e+00
3.116517447407205044e+00
2.260247008317514794e+00
3.313223663669601304e+00
1.940332457114020359e+00
2.502265573670942711e+00
1.132899887529617899e+00
2.877329992961105365e+00
2.195455066764489427e+00
2.696063938048102848e+00
2.018427966161772336e+00
3.294492535527107524e+00
1.832982159366993713e+00
3.040688469763066060e+00
1.704485065572704849e+00
2.023974948376234817e+00
2.251798952571596235e+00
2.696707837982743605e+00
2.126088304712466126e+00
2.826568182645110561e+00
3.780486367762455835e+00
2.707608452761308904e+00
2.799974822148156850e+00
2.743647821763359751e+00
1.130891902889276990e+00
1.502706764757585800e+00
2.723356850787476802e+00
2.122922346667437843e+00
2.063315585660662865e+00
1.773456779876446010e+00
2.989013554674178508e+00
2.472185031662133881e+00
2.764172631160035198e+00
3.181298167428850743e+00
2.015593686942106721e+00
2.840029437038950721e+00
1.660461292544394452e+00
2.837228430152189063e+00
2.280715247592070227e+00
2.599459299242067978e+00
3.468002759854956540e+00
4.014611243124488027e+00
2.028761971287020405e+00
2.516602095134770511e+00
2.965608588886420538e+00
3.572173881988889299e+00
3.009594778362153278e+00
2.891266011187136442e+00
2.414462730081095909e+00
1.110965980083218119e+00
3.938029379066922964e+00
2.677673196246745047e+00
3.796076827146355193e+00
1.856949486999259102e+00
2.470103123706659520e+00
2.976918514295161078e+00
1.543014221341814762e+00
3.105752108839524350e+00
2.831658458575982529e+00
3.430232160409358855e+00
2.693933730111301550e+00
2.875181116745940013e+00
2.471322317668301682e+00
2.887275790667024999e+00
2.550850039774966493e+00
1.807790907390611101e+00
2.752676795246975505e+00
2.918538409945341083e+00
2.575224197046636743e+00
1.930810349500378109e+00
1.790387939898668179e+00
2.734237305294140441e+00
4.016067621093653450e+00
3.186563641056371132e+00
2.805520059170165226e+00
2.653764084340811014e+00
9.682608978027964497e-01
2.708573865786168877e+00
1.380608336661674818e+00
1.441608669571732504e+00
1.783506155827473183e+00
1.746861048880163914e+00
2.893158836960202152e+00
3.554730468366881446e+00
3.944123981563625758e+00
2.654753605743887412e+00
2.800098300155270614e+00
2.357276183357138066e+00
2.567280951476077711e+00
2.211802720175551684e+00
2.788433366077309294e+00
2.396016890406571509e+00
1.780966317931429233e+00
3.355445590591149330e+00
2.259123477109500122e+00
7.571850779918631869e-01
1.792569880753098532e+00
2.247828036205102631e+00
2.131626579353726125e+00
3.502694253814034653e+00
2.834012339524035529e+00
2.777721328036776960e+00
1.007681281263417272e+00
2.732321741095651291e+00
2.174498552897311754e+00
2.427950500339618234e+00
3.186105052800145998e+00
3.722803607104079759e+00
3.272315853511593708e+00
2.219876550574682028e+00
3.102726156719568085e+00
3.211164933727319593e+00
3.876742153091864207e+00
2.252741730226737626e+00
2.448414124930486047e+00
2.301514683500038405e+00
2.334918135334158151e+00
3.625001141973756447e+00
3.088628492586995566e+00
2.707679530092357290e+00
3.366760925312462405e+00
1.119979384457691518e+00
2.833079885896990557e+00
1.848080551251780612e+00
2.501499116420886626e+00
3.275681622193842291e+00
1.433095891513596509e+00
1.842677154811501739e+00
2.462592998812771494e+00
1.571178625432369635e+00
3.139319590743854249e+00
2.793668681090096140e+00
4.102827979970505190e+00
2.438422033622221541e+00
2.678941245166305940e+00
2.605215103731187920e+00
3.106169877447180649e+00
3.665998649763211326e+00
2.957178354204998527e+00
2.796332281205077042e+00
2.821266415547907691e+00
3.313954055449480851e+00
1.729156791509016911e+00
3.034434829683205770e+00
1.942447016739124788e+00
3.035138516445391677e+00
2.766607986141721653e+00
2.129837953713794807e+00
2.815950800504869456e+00
2.782634089140803901e+00
3.262550566550396880e+00
2.781341395573944553e+00
2.722524458735595232e+00
2.697913970427563868e+00
2.281593560725574843e+00
2.449821112853989735e+00
2.733005141158275642e+00
2.385995212863683435e+00
2.650941601212461141e+00
2.495137389715723408e+00
2.476778973352493196e+00
2.239832283683217184e+00
2.649760876998269676e+00
2.659322686222573395e+00
2.826275300092805143e+00
1.312527976858718359e+00
3.809913745042234012e+00
3.353470411422476261e+00
2.319278482295267896e+00
1.637519831249056201e+00
2.171721880601258370e+00
3.416480223513314929e+00
2.000377179905222125e+00
3.138453806414507774e+00
2.435638346966139789e+00
2.630612688334837745e+00
3.017633750681041338e+00
2.917944903021234992e+00
2.966062292658746546e+00
2.779694456666562896e+00
1.730396427959302041e+00
2.373238620558157042e+00
1.896982117249139455e+00
1.526282962784239805e+00
3.601256286225584358e+00
3.293222556300489323e+00
2.530760794291887272e+00
2.862016085795787923e+00
3.250085950059884876e+00
2.482900603277492735e+00
2.095600893263315889e+00
3.889185555846407460e+00
2.058312750715872941e+00
1.533666941306350173e+00
2.612553253342791759e+00
1.789824592300392148e+00
2.804434863277002865e+00
2.678145455801657082e+00
1.735286038303184952e+00
1.883221063935695661e+00
1.469801200541910546e+00
3.573615281344558969e+00
1.845456944646717945e+00
1.773451075105482833e+00
2.999488457957067311e+00
3.440217023733139090e+00
2.897787625504326225e+00
2.938425063766819001e+00
3.182225740176721551e+00
2.766656739881565130e+00
1.924614416782722603e+00
2.307849967501650390e+00
1.718573459673868431e+00
3.531694521257777719e+00
2.388332598698232001e+00
1.582168501104294744e+00
6.155714722629764823e-01
3.458940441996285475e+00
2.448642063415672254e+00
2.498150970978473939e+00
3.059857998077560648e+00
1.698191729260378757e+00
4.407878883055920127e+00
2.897381417527174818e+00
2.267666633543911292e+00
2.898865936948340494e+00
3.036685509024645402e+00
2.254566250619177925e+00
4.058245237986533027e+00
2.685439168699107260e+00
2.552784896689621608e+00
2.419885756385959930e+00
3.090822751757750009e+00
2.426275173506553973e+00
1.819610347583107579e+00
2.616761255192811664e+00
1.814117928070043906e+00
2.447260641343596443e+00
2.543144925188900007e+00
2.992946390838565840e+00
2.757402576908170033e+00
3.363707748764962258e+00
2.766684408843530285e+00
2.311552736932143137e+00
4.244902347718328528e+00
2.442493751271830327e+00
1.510398287464439271e+00
1.415246922701548504e+00
3.609190802168027012e+00
2.182876200778844922e+00
1.881007849214231031e+00
1.826405590593604522e+00
2.426375608620552349e+00
1.761502586989939001e+00
2.633547068194794338e+00
2.950986342166081133e+00
2.317635716241079002e+00
2.822358937609629415e+00
3.296313972201486031e+00
2.943271808791980249e+00
2.610621650726678844e+00
2.160249232804277497e+00
2.440088892725045699e+00
2.519282808189803990e+00
1.385729586054998075e+00
2.538331082109441805e+00
3.136007668434912077e+00
2.601155835010192430e+00
1.073904582778017591e+00
2.512629460454455010e+00
1.855840103839201172e+00
3.412042631076233068e+00
1.164203988205164020e+00
3.330191231730614376e+00
2.564852665375174645e+00
3.086831512213211060e+00
1.882909849439970085e+00
2.395021488626507988e+00
2.945612368604534126e+00
3.099198625211138314e+00
1.680966499330716735e+00
2.576252745137548761e+00
1.516381138450287658e+00
2.631004889792680324e+00
2.466310855399520108e+00
1.964080919340694731e+00
2.875971074851498610e+00
1.515873290214154512e+00
2.668593593278439702e+00
2.901862954839937725e+00
2.498617146248085508e+00
2.086286769920711492e+00
2.679761313019696889e+00
3.259081811731649569e+00
2.214242903465887036e+00
2.413183026225926842e+00
2.673356189238278002e+00
1.217918058341997511e+00
1.838357760261742913e+00
3.003635110213104920e+00
3.840433515332232872e+00
2.084078110207042922e+00
1.882315779934240707e+00
2.804359300647174535e+00
2.720352015063093098e+00
3.291573679538455810e+00
3.015996202878096000e+00
2.511971912502872772e+00
2.862309723436885722e+00
3.176803594742999781e+00
2.389025086989382540e+00
2.679187697199526319e+00
3.207269898306397859e+00
2.605848207947002226e+00
2.262272750666681542e+00
1.613258793746418895e+00
3.004966860111401239e+00
3.392182072754293731e+00
1.515802923640537925e+00
4.069056897869284484e+00
2.879196453731950545e+00
3.296646878432359262e+00
2.437235838126242449e+00
9.382372175252525759e-01
1.431493356892557856e+00
2.149238036453542833e+00
1.735629300377203643e+00
1.338681012528114334e+00
2.504966212076396914e+00
2.684994920824267606e+00
2.985889436441985900e+00
2.238938529099867569e+00
3.495870438544661063e+00
2.524645749729709454e+00
2.247550928165269912e+00
1.741665868927042116e+00
2.475274473361297467e+00
4.199156943345908388e+00
2.906506162351175426e+00
2.470226358652370724e+00
3.413016440700440413e+00
3.685844068733505896e+00
3.387193321396345436e+00
3.420597234398607078e+00
2.858608891669878194e+00
2.938827377670541807e+00
2.129393469514146098e+00
2.158853461712380462e+00
2.996961684817351923e+00
2.275934060837520256e+00
2.679814868767711911e+00
3.390495187753631789e+00
1.219727694749300984e+00
2.943770185614206891e+00
3.203424841135442680e+00
1.538941404449715611e+00
2.118248413395638519e+00
2.309139718003182740e+00
2.130437949919830931e+00
2.321251794824745307e+00
2.614767363765888142e+00
2.497033166383820557e+00
1.254998906878192599e+00
2.884005527911591038e+00
2.000428127984577920e+00
3.570115468349878807e+00
3.584958974137625543e+00
1.757564276836261152e+00
2.031957268241614489e+00
2.665075811496779412e+00
2.422853103478139758e+00
1.498500604223800048e+00
2.879457316866038230e+00
3.359745766030882486e+00
2.185422756544140199e+00
3.129202143624315813e+00
2.407256678943870742e+00
2.247996013520374259e+00
2.430638972053305480e+00
1.928123664541959714e+00
4.029672488387323170e+00
3.624046570214349838e+00
2.700245086505558056e+00
1.212648552422829873e+00
2.385645729125623671e+00
2.906470861785576787e+00
2.919148881031725651e+00
2.734155901992630699e+00
2.807435485335634695e+00
2.785046343876408592e+00
2.897021396544682048e+00
3.115199739322114247e+00
2.908147324885723251e+00
2.229966982713390333e+00
2.662347330010812474e+00
2.339526177199876766e+00
2.435502731655615261e+00
1.776058471222015100e+00
2.988554458066736252e+00
3.287915421723056397e+00
3.763093693491807112e+00
2.104485430940088886e+00
3.334065356019074500e+00
2.862510706523599069e+00
2.974292348084744297e+00
3.545126388416659058e+00
2.469045917184875094e+00
2.741331840584408042e+00
2.761255700971477545e+00
2.701449175862224994e+00
2.748571789793254894e+00
3.686084218939228219e+00
2.217171370817578868e+00
2.070908030038424830e+00
3.165470911921948627e+00
2.890926205944200245e+00
2.864499358947857122e+00
1.329669055076316164e+00
3.681096070965965694e+00
2.650407959537260716e+00
2.726252168273179954e+00
2.161025295188782280e+00
2.166004210363168259e+00
3.317648056837088077e+00
2.835250194778132116e+00
2.385536506597652373e+00
2.950849527978602005e+00
3.502916648433056057e+00
2.037832472377614668e+00
2.173826546985249575e+00
2.538609039582929494e+00
3.916340889279455340e+00
2.534319355927924455e+00
1.708143761322227672e+00
9.229269417185285151e-01
2.087794527543486822e+00
2.604686048029680734e+00
3.015782593429273017e+00
2.251066455221430118e+00
2.791764920130408889e+00
2.972193773199404809e+00
2.414019540485135007e+00
1.593674187671343390e+00
2.688840731611212842e+00
1.931370404885758729e+00
2.192555602065509923e+00
1.471525631817712787e+00
2.761583401941641203e+00
1.454680264802559408e+00
3.054510098291530973e+00
2.605563891832880064e+00
2.189860158147807656e+00
2.939275038681521846e+00
3.917073261701480735e+00
1.842586611484139381e+00
2.923778668044529017e+00
3.572257071259319350e+00
2.640402183859146046e+00
3.227251007702391039e+00
2.028705155502136481e+00
2.106584487938230055e+00
3.050288507274687255e+00
3.813962432445223261e+00
2.723982921812595936e+00
3.467123869854413343e+00
3.342623681409085279e+00
2.806874563255986832e+00
3.795965305915926180e+00
2.438268713844351065e+00
1.435011381208835646e+00
3.422868569932007610e+00
1.586992582020233744e+00
2.695694591388964056e+00
3.268960549353652656e+00
3.408117709381285110e+00
2.935183630113709530e+00
4.303736408862461005e+00
2.645028093176611250e+00
3.038926752137529608e+00
2.625202686115365225e+00
1.411925003385015476e+00
1.950500984035258289e+00
2.302442282340850799e+00
1.997840111159599807e+00
2.377926410186624206e+00
2.282361038805959641e+00
2.943115340979896022e+00
2.242206935286954916e+00
4.070252339441501555e+00
3.225443887022628076e+00
3.016926418666346699e+00
1.626881130692374722e+00
1.081333465361477231e+00
2.304487182569328052e+00
2.759182041148298570e+00
2.276727194534887477e+00
2.970396455808842706e+00
2.276402979656925396e+00
3.000208558263944170e+00
2.398219417626827443e+00
2.386935663536613905e+00
2.501310720514673402e+00
1.618194459166790944e+00
2.809895532187299594e+00
2.086507733691632449e+00
2.776436854458828485e+00
2.347417796234285703e+00
1.517344220757761875e+00
3.329670983333797629e+00
1.381276018059669930e+00
2.819166116186236692e+00
2.707146808650372272e+00
3.215598230153022374e+00
2.311498307714228595e+00
2.580085287290995399e+00
2.091100437882507990e+00
2.342693941904574473e+00
2.486699817909545196e+00
3.908855408761187977e+00
3.302058441692284685e+00
3.304831120183025828e+00
2.827924206392694373e+00
2.389207868955258718e+00
1.653304483948742520e+00
2.361993137041487500e+00
2.333523499099674048e+00
1.561294854619901473e+00
3.404803959142059355e+00
3.519557691771936003e+00
3.375572549869681804e+00
3.021593604997813820e+00
3.522059074555534242e+00
2.973740729319279463e+00
6.563849486863639893e-01
2.664668345793207216e+00
1.818496570360966569e+00
2.609867400743045796e+00
3.250476630454997906e+00
1.195515007119074102e+00
2.581168907181018657e+00
2.062439998348295944e+00
2.530378398417137298e+00
2.575634559654939260e+00
2.860223424257185787e+00
2.315298509231070945e+00
3.822137054891549646e+00
3.070547939689929784e+00
2.566666391655616941e+00
2.197038341901652370e+00
2.950217127452241073e+00
2.333252594020486015e+00
1.234713259045625122e+00
4.474129765727625774e+00
3.485727910044821076e+00
3.086544054165833106e+00
2.628388701719444498e+00
3.211586342306502306e+00
2.512139144834578453e+00
4.313171192716559688e+00
3.169687641238946973e+00
3.127374214033666000e+00
2.112843049964621134e+00
2.429834312673396113e+00
3.052590395869843043e+00
1.307490696274731246e+00
1.100549550077709160e+00
2.295100249762439315e+00
1.572203181817044770e+00
2.503351961806163484e+00
1.345973775357732771e+00
2.442855022299826206e+00
3.081587831040266678e+00
3.017161821655054865e+00
2.317352372622408119e+00
2.571400813801208773e+00
2.682596332422400476e+00
2.338037239504515696e+00
1.523439585006937103e+00
1.811697661132887216e+00
2.624622107784488012e+00
1.502904381392570876e+00
4.107660595386184887e+00
2.817381956139545895e+00
2.218956805970991653e+00
2.058786438120734807e+00
4.037160645583672824e+00
2.490474422953398381e+00
3.573687688854980671e+00
2.668899019985250920e+00
2.007072892353780169e+00
3.125295229216574544e+00
2.308718331114455680e+00
1.635321434808961527e+00
2.449738592423484462e+00
1.813993340581329994e+00
1.642924413445017384e+00
2.174111312691143549e+00
3.878119431934273997e+00
2.346472133929892401e+00
2.330483096532225851e+00
2.147283946175592373e+00
3.018662731191205317e+00
3.232458463483059319e+00
2.574503618051596554e+00
2.773184800959114238e+00
2.963801172308957455e+00
2.848380660843957468e+00
2.914719315678133249e+00
3.840793388274614806e+00
1.540791072179283017e+00
1.951496648760079111e+00
2.018727386697835691e+00
2.447194215826966168e+00
2.795574017859651761e+00
1.409406990235923640e+00
3.426374309739993684e+00
1.972165528629295395e+00
2.951837238729224655e+00
1.668699197750958652e+00
2.371467251698232026e+00
2.423868016101526912e+00
3.045523577770400614e+00
3.132648967812076801e+00
3.383264638826881665e+00
2.411259905224428124e+00
1.739926822894237946e+00
3.228854968159537098e+00
2.628491964106657086e+00
3.636206909053194991e+00
2.146735957823023622e+00
3.485179321891197723e+00
2.643956123317027451e+00
3.245074144103022196e+00
3.483338680038054580e+00
1.294309019040438269e+00
2.201044731216855066e+00
2.593172236803152675e+00
3.090943797569619012e+00
2.669093170772621537e+00
3.863038617223650384e+00
2.138986830010633167e+00
2.903288614233912934e+00
1.595986882053839429e+00
2.804282790217083043e+00
1.987323435493650869e+00
2.279729106376195524e+00
2.804320392924911864e+00
3.262980314023917749e+00
2.646795933504344944e+00
1.174000984059800690e+00
2.897773518725990094e+00
4.023658934769426487e+00
1.950573651901301719e+00
2.572531798883266774e+00
2.064159746672899587e+00
1.218259967642731700e+00
1.602210390454559041e+00
2.188095026996685455e+00
2.870915528067051081e+00
3.110713863907157428e+00
2.149418349037770959e+00
2.404915616581550175e+00
2.876990933989718169e+00
2.691351773802705072e+00
2.349420793621809445e+00
2.243695669751268440e+00
1.325260898402996323e+00
2.427144684865031987e+00
2.647508615101561436e+00
1.314237289486708926e+00
3.050817170427392533e+00
3.244181954973935245e+00
2.821665261992423179e+00
2.931018700901509177e+00
1.253614886667230977e+00
2.187516052514466569e+00
3.241569408868221203e+00
2.435381701455913372e+00
2.103512005551282815e+00
1.497607943300692801e+00
1.342330301359201838e+00
3.199635462116402262e+00
2.824129307198989469e+00
1.692176950486796505e+00
2.339188224885628387e+00
2.631886012848806633e+00
2.511851303150029135e+00
1.395780930100170458e+00
2.983780910256987884e+00
3.211167052536036071e+00
2.333494717764703186e+00
5.072054599215415571e+00
2.393642414048295031e+00
2.823759888606255153e+00
2.244444727355211278e+00
3.292998463570378842e+00
1.805848082102479157e+00
3.668522744005692893e+00
2.212911650828085275e+00
2.509299619419911753e+00
3.000802044047747419e+00
2.572305481910735825e+00
4.157013055623680842e+00
3.205753998525056048e+00
2.319090483012065551e+00
