-0.16732304376126286
-0.30957267228693897
-0.5969652707370302
-0.3985315355547024
-0.257933637557708
-0.2982742297750891
-0.6057222573080692
-0.19658544053692825
-0.2311830682205822
-0.14699405294222856
0.05029884164929673
-0.614964780156078
-0.33178089265339106
-0.5127155141371512
-0.0205281551126643
-0.29886339436858655
-0.5650043966113367
-0.5094398363316952
-0.6080865873788053
-0.5607631164687743
-0.34500198746947813
-0.22572045074637712
-0.3923699710426612
-0.612369165310276
-0.45727476373384296
-0.47040998727280525
-0.6496085443761298
-0.4306442076280214
-0.5150592507618748
-0.41007756699275133
0.06197396795773749
-0.06934621173579139
-0.6838237194764482
-0.7585969176819853
-0.7050842111300158
-0.26017380799811063
-0.2755482704047027
-0.4514424084076192
-0.5818722974479601
-0.6705102587208922
-0.48883476409465976
-0.556908080072653
-0.5139650828543807
-0.5398611975098178
-0.1752802034678503
-0.42138153432179715
-0.45055623417009705
-0.38333889270953014
-0.41843996315969845
-0.5175652756728424
-0.5831121394283633
-0.5002848098180699
-0.4513798362818967
-0.33749495471350843
-0.44491085979554545
-0.6683157986847331
-0.42848770499910976
0.04682121670273488
-0.2967342257996329
-0.7111067551658297
-0.5814716851376729
-0.39632323476927245
-0.5295860728891298
-0.46822788878893906
-0.08210095296509584
-0.45278885131620855
0.13953755476109303
-0.31066717942568234
-0.47472291336801625
-0.37865731045642753
0.3185364402932843
11.191783682204937
-0.24487901430367343
-0.14121929787857232
-0.48335480831349426
-0.34603944549774696
-0.4546870709411791
-0.5018884506848625
-0.3275071801573815
-0.6891198330387376
0.04672074592074587
-0.6111203601169026
-0.48578335215676954
-0.7275790781598024
-0.5591831270823417
-0.49151140336791027
0.057814383351637785
0.07069918413895966
-0.11701843799517918
-0.3714988582141317
-0.3778968790537663
-0.34635265245649943
-0.4565722297548242
-0.4733289778272477
-0.021485015723534194
-0.05786573753252854
-0.4632168640072751
-0.6950207228319614
-0.44280413187542306
-0.3362805282389545
-0.3752199502457376
-0.11535205578095087
-0.5197002074177609
-0.37984154444579127
-0.5441132386319265
0.11108928247597169
-0.48493530455685024
-0.2856430898040601
-0.40829021127981985
-0.11057949103287197
-0.4216978742056253
-0.3670920832967226
-0.5198662101402479
-0.18829479988576006
0.0003541215817430277
-0.6599125411411145
-0.3373405446175764
-0.4074643886458355
0.048850285514253904
-0.20427315996001363
-0.5539112615727997
-0.40546311027274096
-0.09012784519818601
-0.5050181173587759
-0.5716221825783145
-0.5971863918271221
-0.5669304516566516
-0.7405666593454865
0.021190952674351823
-0.6082183484545434
-0.3434648868726593
-0.7497280738279557
-0.7340774642717441
-0.31925027874094863
-0.5811312869535734
-0.21310146781474995
0.018192655132439457
-0.5093500095994011
-0.6134754322467388
-0.10739178146584333
-0.3712343978899751
-0.30643797996556194
-0.45286319791835045
-0.21244840597497727
-0.5517651326082602
-0.2961440537249548
-0.41200000000000003
-0.5434522436409307
-0.397941953197352
-0.5836877694315085
-0.36037148939967617
-0.3542751058050199
-0.6687904681471177
-0.4907970870948661
0.047226912651130624
-0.5623732951557839
-0.14802150282130958
0.04365631662680328
-0.2849775895187904
-0.5994100375368726
-0.8432764595699507
-0.5260226715225015
-0.2574934877573197
-0.6072409793027657
-0.6730701804713547
-0.031001145459658666
-0.1625939947026888
-0.7701604599172764
-0.5727395621422774
-0.2710078666134038
-0.3500697648539219
-0.6418749669092342
-0.3474278225928475
0.05952600686625563
-0.61177632014167
-0.27649062497547344
-0.044927989122985776
-0.41866483332451915
0.01888993636577892
-0.6490282116118795
-0.30549820451494647
-0.3809739000803813
-0.3282146350212567
-0.5904026818362055
-0.7006251834458468
-0.36953945879418765
-0.16129133052507416
0.12176727543982756
-0.5069618180224592
-0.41881940094305803
-0.6055367075984966
-0.5929173428257342
-0.5486025401586319
-0.53270830036631
-0.40355021137876057
-0.5540624027370524
-0.6181062653810464
-0.3245813259550369
-0.3064965674629156
-0.33817412669035474
-0.2298755993568919
-0.6748254442531453
-0.48883057995370516
-0.35256995113234874
-0.40512955458484634
-0.5990697435370304
-0.2472387401883282
-0.7472670595268597
-0.462887770230395
-0.12031101446819722
-0.503642993127037
-0.5487268903409039
-0.4860216040180721
-0.10651090618736879
-0.4871836249580557
-0.7370679308689391
-0.4613387494404618
-0.42280349286698227
-0.5500326936092598
0.18724215185377457
-0.8246238684952846
-0.5534706892322787
-0.3605698964484263
-0.05965571049580675
-0.5960134585968189
-0.4167239006214634
0.16314035895836382
-0.5757851160736138
0.0026929862254687575
-0.051214268600749034
-0.4675325175934861
-0.5807680899913217
0.060952394549858915
-0.35585198591796685
-0.44852067853550154
-0.5162666575820033
-0.42651280276719655
-0.42767761224571
0.2282830564511159
-0.7053562070953204
-0.6453255777812312
-0.5488310503440323
-0.551086397273
-0.5335688888492831
-0.42730174685538863
-0.5203148431820194
-0.37281225450942734
-0.6768118739437141
-0.5014132956983804
-0.29162637212222564
-0.5245479450830369
-0.6503141900700043
-0.39492452054319443
0.16006169340580656
-0.1668228347354262
-0.6718467050759298
-0.6046676458882949
-0.4540102260517893
-0.18928407745586193
-0.7812625573607839
-0.5425499854737508
-0.385176288378799
-0.7689512131949614
-0.37852544975231034
-0.04097731398669198
-0.8076094825778665
-0.21017107681951164
-0.4107441629988049
-0.47481845258848254
-0.2825903697556639
-0.6164257247046726
-0.18963391528572354
-0.3581047117648615
-0.5249771233674403
-0.5728901360411524
0.034160906877210434
-0.37565031982942426
-0.7582867369086806
-0.486528858636298
-0.18533854869166444
-0.21824301569638052
-0.6077661122808009
-0.5398214314432906
-0.6569091006330283
-0.7528664262754292
-0.07910906620138915
-0.35292611983711464
-0.6326128972945699
-0.2910893742462816
-0.41062882775831644
-0.2706966265797646
-0.4765274326610881
-0.4165942907426801
-0.3373729041043872
-0.1914666333773228
-0.44458914514352865
-0.35902865198978895
-0.3022314882754076
-0.44880143091352015
-0.7245385748952743
-0.3352665616154126
-0.44013319742249657
-0.6573366285418702
-0.6341603823642088
-0.40685324545439633
-0.652597784613316
-0.26293651937892165
-0.4352546100997021
-0.4820312227570442
-0.34456306442407764
-0.48976546390805276
-0.2835962937343315
-0.4552445542990281
-0.37278434599080645
-0.012973299458724356
-0.41833709394183477
-0.4298894790185262
-0.27100103597603736
-0.37086165688514827
-0.7631854690556917
-0.6360047657800598
-0.7033794869953944
-0.0425950328360451
-0.04155339961417418
-0.4088994673095523
-0.48820388295772
-0.09758949236954849
-0.4144935537592325
-0.338354770847663
-0.2922874091075702
-0.4617766362008745
-0.8392080858501236
-0.34929753827147486
-0.38363158401873754
-0.24993864957234269
-0.41857843796685057
-0.4544714629520052
-0.34468148961280715
-0.5529738019706296
-0.3193197854925205
-0.404066920084286
-0.42497747318157597
-0.04184814481466244
-0.15415629666500738
-0.5645809501959721
-0.3425350330576033
-0.14025594506768932
-0.7637237957712664
-0.4118666954657592
-0.38704308517088964
-0.22743264144252023
-0.4572811391371134
-0.051077495286227195
-0.09744552354525418
-0.39896282477987094
-0.6240386918495684
-0.3835424394037
0.02776366841147562
-0.4189603702790787
-0.24791587421332448
-0.4814258976206881
-0.5209407765649438
-0.3869363308678185
-0.4454837188099863
-0.3400064709212974
-0.5428636437802098
-0.18595017860049384
-0.3458233715795078
-0.2389952018855748
-0.2802143956025906
-0.3565565653970497
-0.6143317331509343
-0.4120263829530421
-0.3875458906216257
-0.4171178177250023
-0.6925724603420286
-0.06239080589561895
-0.22100618660302113
-0.5498613223219624
-0.4638642033649829
0.010520293901388266
-0.43145844809168904
-0.333646084348822
0.04593763678156096
-0.3316828798718647
-0.4455802685869105
-0.19593157843445808
0.00875748717870785
-0.31505036607626774
-0.5789028422536837
-0.548031168213181
0.08807794156040591
-0.4117370092465513
-0.12071302712710007
-0.12285858693338998
-0.38817735989124763
-0.5804104622757472
-0.2929033077137668
-0.5893011963676021
-0.5903388963825699
-0.4399670321858283
0.8936116573387788
0.08313960265243747
-0.6170744626968986
-0.7306890721914507
-0.224910650202868
-0.5244555520605627
-0.47844940890155435
-0.35589945071559165
-0.390128845166188
-0.571714903323271
-0.5506656059237466
-0.20763347145222547
-0.4347531768158696
-0.3288599879463312
-0.24259977815271763
-0.3701038666003901
-0.6039817282435722
-0.5759901240131783
-0.5353945529939377
-0.5009277152590939
-0.22638693928628761
-0.47123246506672495
0.020472158016072675
-0.2458532738255274
-0.5284783781248534
-0.4920613222099874
-0.711544811412734
-0.4240877589095126
0.4201610603820692
-0.49095497431639273
-0.5225474254742547
-0.3254826690753076
-0.08970237001653507
-0.7473404104484807
-0.32029399470530867
-0.22028969948653232
-0.619068753873528
-0.0666507591068385
-0.3728104572094071
-0.351412652809603
-0.5959173187343895
-0.025619778388374922
-0.2346576628537989
-0.6700449138749999
-0.6149041512984736
-0.4538956041468604
-0.37265521575599425
-0.1125229811999797
-0.5815803768279564
-0.5910853547233373
-0.6634502494271008
-0.4840811350783922
-0.5156425348830261
-0.500576527884305
-0.21131307553082637
-0.41668954501210476
0.11946607538019159
-0.39807102259394694
-0.3761235937212154
0.00044025157232713047
-0.16217415492211507
-0.5130255221978008
-0.4783293335213769
-0.4189393664633217
-0.11332743202220366
-0.3810353907286261
-0.3608548173080803
-0.2621854693687189
-0.30717442411889934
-0.4042839647222246
0.2937856494407427
-0.415200908737162
-0.35978163896306903
-0.6941224230718308
0.14110832744480847
-0.27994734016342204
0.007619202207523369
-0.737623358157476
-0.4613840959862946
-0.6034198803543652
0.6759362432879826
-0.5109987427749093
-0.3145177972301405
-0.8220358971627698
-0.4499528759339444
-0.22018844915347113
-0.4906929882512991
-0.4063690650308491
-0.48606110376862177
-0.5136399108076185
-0.45684911147530444
-0.6608645916921343
-0.022294046199311947
0.038973457598026895
-0.2538018296739367
-0.4218830878179176
-0.519583403192644
-0.4206810519580378
-0.5467289796226144
-0.18212807986973126
-0.1583406516438228
-0.5438763844579179
-0.1714256298161833
-0.10052025031032207
-0.6271222929962057
-0.6512914614313954
-0.14182637899776182
-0.45050190717172095
-0.5773139795392364
-0.3884095941626811
0.1284053119782203
-0.2707346602530523
-0.22719317377820097
-0.027780430790042776
-0.48550299819624376
-0.4959908224435353
-0.4941174703620634
-0.5967518009669583
-0.5233218855950573
-0.286916590536094
-0.3742228295186136
-0.4129906647171297
-0.48220771711242755
-0.3818325829581457
-0.472245636666223
-0.6578459074387876
-0.5515495883205571
-0.56086133104179
-0.4981771903903268
-0.1611586275056239
-0.5943418787067152
-0.6251024028572608
-0.44713378773385676
-0.41371045385076316
-0.19160298520802613
-0.49152085828012054
-0.06340001964045106
-0.3244389127554503
-0.2612303333004062
-0.5075301445851778
-0.1358610747677059
-0.69108141806117
-0.5588247907494789
-0.35253538467123036
-0.5453898743384866
-0.539848269382975
-0.3323316291352821
0.09031980899034198
-0.2881082652995283
-0.6199136327337016
-0.35216471441511327
0.13888618837812497
-0.10867405309093416
-0.5983271173552522
-0.1302977994644775
-0.06682594968244678
-0.38839989008976006
-0.7175393564987166
-0.7982412979426879
-0.438671263478215
-0.4468970758415807
-0.7068441341989257
-0.5388001405278059
-0.3983965368661919
-0.5882389620297737
0.21969387015549652
-0.44127804606481186
-0.3329127754757045
-0.56370561255085
-0.23435232611711032
-0.5612257431274232
-0.16159557798757496
-0.29652283136498025
-0.3638261009329358
-0.5957282431981978
-0.5272518777179079
-0.17120152694837093
-0.23636535227123354
-0.4238560189500161
-0.6406672168161425
0.08730654373275502
-0.1946776498008508
-0.5502139868499701
-0.4778344058185119
-0.1516222085372574
-0.6519051981137869
-0.21607703068526354
-0.3817428593378607
-0.4217563159273281
-0.22729869571491243
-0.4028651928149239
-0.29735143801616504
-0.34041286945375393
-0.3676651797585741
0.00859829210663057
0.019174424732127066
-0.6678751540249743
0.08222363444670436
-0.5321175006583465
0.0055567801052454156
-0.4457684801675862
-0.3082906518406773
-0.5254939676245621
-0.2682226542595308
-0.7270308654775365
-0.6473008631870836
-0.07372974620046241
-0.06953710120483937
-0.3755566280527166
-0.1579298176066163
-0.6143411512748647
-0.6325545509281072
-0.3827012332581886
-0.22552197612017574
-0.2913476954128279
-0.5352554374219508
-0.19097577727450288
-0.6103563599123102
-0.47488673363010686
-0.6375643332796493
-0.5209813577404054
-0.21842152771326762
-0.5981460569697463
-0.6682167209956628
-0.20424990396571535
-0.36653023002915014
-0.2373708846572574
-0.654157119507338
0.22987672608057733
-0.46426144100408495
-0.5592679009999086
-0.39728824222877834
-0.4825278042580235
-0.46474957794034893
-0.41180055320794934
-0.061968355167879095
-0.6134971315546884
-0.33030372092754895
-0.6827264638003048
-0.2064405769227889
-0.7006581788168071
-0.5507020543712968
-0.5967584234292458
-0.6258484751886092
-0.08984063685111182
-0.6171027663978585
0.1602002053605006
-0.43368499521934306
-0.295166035335187
-0.19861804799278981
-0.45044607707759043
-0.6317257924891853
-0.5739469133522489
0.13891187082978526
-0.48871569083431166
-0.6116409969794978
-0.49057587355970095
0.03692294511937341
-0.35805960821876204
-0.3129926754259074
0.1465508423382826
-0.3348285097641521
-0.2634566504919309
-0.47098429828000915
0.09502406712670672
-0.39138532151632066
-0.1255750384267386
-0.5733387987504264
-0.1841959776590656
-0.30460978846341596
-0.07811734055031283
-0.6263664197428054
-0.10419339220673464
-0.5838396442280558
-0.04620012455716394
-0.6554404016427228
-0.1351699530952337
-0.627860645360308
0.17792700715190607
-0.23723799781157803
-0.6557637575598704
-0.48285710633238804
-0.7027373828616521
0.11883880903731063
-0.162165250389401
-0.45441051382309533
-0.5973340462732721
-0.20710167751874833
-0.3916014222852847
-0.3820852869708067
-0.5871795074639854
-0.44593906928817595
-0.025100241712585084
-0.3937093934057927
0.2144240121649945
-0.5179261501641657
-0.6632882135368096
-0.19900461099319325
-0.6076333439795591
-0.5317458589243576
-0.47165838535299776
-0.2506644026736504
-0.373423131818208
-0.3688025070278249
-0.11542701265242708
-0.3647433789001103
-0.1498756645360608
-0.49296825072297723
-0.699631438396254
0.07583732490130012
-0.40361668177865245
-0.26324166199863075
-0.21401072204062846
-0.5874338432313875
-0.4961900968517211
-0.6147855919078966
-0.4977502750874288
-0.5034578362585275
-0.7438905365582354
-0.5357659853740859
-0.7157239415844868
-0.3068612078831543
-0.1554546457718919
-0.6622072088379696
-0.1776187107909903
-0.2372710822549279
-0.32000205683499544
-0.4456542858797264
-0.4464705648907472
-0.3913766714698483
-0.5691766224785074
-0.5970412348850557
-0.6463976750056956
-0.6490254113822136
-0.4504261778992681
-0.05767645623202363
-0.6162976977719915
-0.3221847262652023
-0.4768954543993461
-0.7480401407961823
-0.2957469700046543
-0.4337201066839973
-0.3266821066701508
-0.5320115931164198
-0.4430162507947567
-0.1059304523272704
-0.13821524585209108
-0.227833020913684
-0.19868361345994684
-0.28885708590542997
-0.3389998660555165
-0.3050580211367637
-0.33258532283685294
-0.4936333267531879
-0.39156847546134227
-0.3722938790891702
-0.5546371441913416
-0.40585567908555154
-0.5164595171341899
-0.4644160154806458
-0.33951149061241037
-0.311843373670844
0.0921132633589794
-0.28766853126792874
-0.714149171395748
-0.7903348273134722
-0.45848006642649325
0.20853749482642542
-0.4580113343637301
-0.4462297460224803
-0.7869585769318432
-0.022337621541497158
-0.7196338640191157
0.029435884317915034
-0.15807954454026854
-0.4512983952682801
-0.5913153723409178
-0.4496537662859631
-0.43034814321124476
-0.4373870155739439
-0.7871372020159157
-0.30814341354578145
0.5279039631576159
-0.2439099347949242
-0.6471389895097179
0.06548446917014368
-0.3073451651919704
-0.5123274820799176
-0.5273101371916147
-0.5540060615809214
-0.06417211335183409
-0.8223083640586576
-0.5991993913067651
-0.6820032027951667
-0.5562183034478428
-0.3010087724779126
-0.7058788125210655
-0.4651650767034511
-0.5600683042164718
-0.518102837140801
0.16025406243514143
-0.20675358479165212
-0.5520263792590849
-0.5403139320714865
-0.40458809226920506
-0.6611678658564593
0.4199271216654564
-0.27298042538328565
-0.5756835978543715
-0.23637650556496284
-0.1552574093568499
-0.5655813700090768
-0.41674601274362955
-0.3952769480177375
-0.5045997232517228
-0.5795227229240693
-0.4679478602669426
-0.7532573706786222
-0.664414371517784
-0.2166285254631506
-0.7423212562655304
-0.6706478753616264
-0.40667058286012664
-0.3257425318407935
-0.5855531058127187
0.06121619965723368
-0.44738113474341595
-0.5332011921419698
-0.48268815693687017
-0.4626199375398285
-0.22053773083274406
-0.4848573824848231
-0.37247008025802797
-0.3651699453569446
-0.44818069508869257
-0.10291183771682673
-0.33572350513092486
0.0268435836621381
-0.22317006011956797
-0.6162148920110704
0.09569320865364961
-0.6481830155311621
-0.38273759598304424
-0.6406176766426702
-0.6522925583092797
-0.1450509628836357
-0.8537449373394359
-0.17184421426762425
-0.6682924665873301
-0.7502071782379756
-0.5345424113694034
-0.39786000412664657
-0.4643973876037215
-0.6698880465886843
-0.10699589148297911
-0.45025588276838713
-0.09696106736313799
-0.7068058434647518
-0.5309370236958826
-0.452227224428164
0.05281055760742286
-0.662141594921194
-0.7410187770910646
-0.06693874617318007
-0.5208117187084075
-0.5026710877315449
-0.4816302934470573
-0.38793948927399147
0.03141934109219076
-0.6503625811626944
-0.7282637525860697
-0.25854183047187634
-0.09988183075858881
-0.21211239132242773
-0.586571146265528
-0.7531623162691123
-0.2959632467057812
-0.3302304051816869
-0.7234248109364496
-0.5593819011935188
-0.3758287268883537
-0.5248173903203415
-0.3338379045465126
-0.553826816436798
-0.5347993453605179
0.8262618359813831
-0.260460979034802
-0.22492079290946154
-0.3365682332056122
-0.767916629479806
-0.20402422128294026
-0.30499961195978126
-0.10552243785633503
-0.456227697760267
-0.3698215993155855
-0.4299600004251505
-0.29849487379624773
-0.6404702172712209
