-0.451808916041032
-0.34619138782668035
-0.2891791108896258
-0.2713747365617092
-0.3312015769942441
-0.32441481785850135
-0.3309261901285432
-0.052734916477359665
-0.45834526352129834
-0.3227452602396709
-0.2495874784279596
-0.6556113054237587
-0.4434167020629805
-0.23973814222132597
-0.4797642895787334
-0.45749609882104386
-0.4847769111030799
-0.6570981702739135
-0.08563379463572615
-0.5511384135499767
-0.4504079044500387
-0.26740296782931117
-0.48653713565298473
-0.6970377174296422
-0.3632436256228553
-0.3795020663816156
-0.36599657837077815
-0.6484209040010993
-0.604972264567864
-0.6673905281030701
-0.41868384992083113
-0.5664484202167569
-0.35730585227102357
-0.7014903515675589
-0.39725835898220185
-0.16237825406013398
-0.4433462479189361
-0.6565492276924718
-0.6738148120619625
-0.14160691663728142
-0.48941371159585173
-0.5243724546369023
-0.435131161220244
-0.613473291323776
0.02100051253783605
-0.2780990928088079
-0.5529277314179256
-0.39235331826124675
-0.3958351182316656
-0.529090356418224
-0.6420596758141215
-0.3278989670247332
-0.39087839960698517
-0.3547570997271509
-0.4102529885899277
-0.3959559244226356
-0.005158361194088935
-0.3768441752225856
-0.32680711110223415
-0.4245326575845208
-0.2166093580553866
-0.22008267965094652
-0.5751496870692966
-0.43407393875205524
0.2842283708726617
-0.3563773179080855
-0.1882468975550528
-0.46962247428279214
-0.3538808760328379
-0.3926960877635524
-0.3339139690213345
20.05371404708462
-0.15993492465829934
-0.3750765532220823
-0.16746022964546647
-0.12403417624898437
-0.5392994133281752
-0.565756994386815
-0.4049121033454934
-0.5097125333511815
-0.22819953379953384
-0.40711426364965286
-0.7110744077694087
-0.3931263803305616
-0.5861723355178853
-0.5030530879707659
-0.35442011222849323
-0.5900780770243005
-0.2498647224462355
-0.28712201820916966
0.07589729902640917
-0.6053978219169862
-0.4879277960120056
-0.26041248255781124
-0.29314893337829395
-0.19800475228204842
-0.4914446018848042
-0.3839167118656733
-0.521449955454723
-0.08609112015256311
-0.16605701803808715
-0.29018915643606097
-0.355414589129159
-0.5228372139149983
-0.3963188375859958
0.004859390007186668
-0.35902684532249124
-0.5442498403365792
-0.3306418885354555
-0.15725895279394775
-0.39959679743494547
-0.5990858824858474
-0.5408132181457067
-0.39611854590806383
-0.08332230429417124
-0.7610370985090501
-0.42292715485504595
-0.24575877584026215
-0.26728072286520665
-0.5178582974003949
-0.6922546555765903
-0.520280669751823
-0.6350632625173271
-0.4693120038001558
-0.38474453564739547
-0.5809693719811659
-0.3282009478946495
-0.6098882997081987
-0.4313313965870129
-0.6701106895973612
-0.3685528022780492
-0.6654978798256272
-0.7188383755929142
-0.2520522685224892
-0.5529667337345139
-0.48663611731127704
-0.3704586714495068
-0.48837893611622696
-0.43498942520546
-0.07451367245365964
-0.4550475922113297
-0.19884556892022678
-0.48232557673793847
-0.3702800524572801
-0.5476637234255645
-0.4221659717353603
-0.32375656324582336
-0.20514837664066063
-0.3626894342252955
-0.4277112559292953
-0.5234877168827526
-0.36471259111620413
-0.4306556046831272
-0.2583603341778744
-0.24035093872601823
-0.4147698101618254
-0.5060161352535923
0.09770884966287519
-0.28945476038023943
-0.4637173085176683
0.005736713434831577
-0.540902967233498
-0.3203032496552837
-0.6319446988352294
-0.45911079661964166
-0.31272591962577084
-0.6267956893092916
-0.36607291286731225
-0.5055087961547786
-0.28572759469084763
-0.44251746974716305
-0.47895544953437613
-0.6330507593709254
-0.2127062645354202
-0.30847959168095745
-0.289686557363325
-0.7045370233311221
-0.09539725351243673
0.027435383769345578
-0.6044383294494852
-0.48576558528724356
-0.3592293777651383
-0.45740536783725544
-0.6446545059922827
-0.3663839154681538
-0.34523209010530925
-0.3803667922376436
-0.4219394345510904
-0.20892527366749034
-0.617682807109399
-0.5707984937346627
-0.2952123319096784
-0.3808902819759274
-0.6970586658261984
-0.6249482459132117
-0.33710723320407854
-0.600426989300189
-0.6952937441074606
-0.33919296407839034
-0.15441636411708193
-0.5212009902727518
-0.4772355844152857
-0.21627612011288325
-0.5783547439524589
-0.43918741118888477
-0.6115446882869918
0.0360649774034223
-0.6182457488841242
-0.36190492391479295
-0.40614874850564325
-0.1475863960504664
-0.41628094394962084
-0.4275829644749214
-0.2002782873637551
-0.5181224849448897
-0.6023241496417204
-0.5138732069723471
-0.4733947730923408
-0.6580720075150691
-0.5258514111636294
-0.3238273865385083
-0.5235378600494695
-0.5028436084458281
-0.1920236223931425
-0.17215468830898728
-0.545009523544705
-0.2630405909242073
-0.2720432418235108
-0.5785223005415331
-0.2604370177055043
-0.3075098519667313
-0.4958695389482703
-0.212796790451307
-0.1714529542486655
-0.43856452072867663
-0.5161826244456935
-0.20473640043093846
-0.09574350171374013
-0.28744481179538783
-0.27386449981659067
-0.47922947701825663
-0.5729323212995933
-0.514142806619945
-0.3541857888436393
-0.4925724686897226
-0.23138935016646237
-0.6805865461429661
-0.6620334106166128
-0.48060787594757304
-0.36899040965045665
-0.6013045460233469
-0.3681482235399259
-0.4837646091268957
-0.1572240099647644
-0.6740498825889703
-0.6333078073442681
-0.7470828495349381
-0.4917502995858604
-0.49650899075754634
-0.37797593947662156
-0.3350782899786225
-0.33892685834519976
-0.4925355930640478
-0.5048605116023059
0.053664260718660386
-0.5449449240884748
-0.5251614970354451
-0.5191243769493107
-0.6073953798798649
-0.5093834778096241
-0.5864379040136847
-0.2835349679756745
-0.5060869056686268
-0.3683423800016638
-0.2794152069597784
0.2863981533699686
-0.5207076226012793
-0.36101568227227643
-0.5367077869894017
-0.0946799491309877
-0.33589448869626337
-0.36686068245084197
-0.4772286224328424
-0.40346682678750284
-0.6922626064035702
-0.2275295272288025
-0.45641036170139965
-0.6372224336470498
-0.3369690473000133
-0.363260932802169
-0.4786779786825364
-0.4363735957830838
-0.5437555427735983
-0.0492785077812477
-0.30760423725790914
-0.5315624690721892
-0.353981060412056
-0.3986741159854525
-0.32798680074767916
-0.4944457391439447
-0.38931044071615484
-0.030516905411100154
-0.4881080428033045
-0.5605812902948244
-0.4542668830849442
-0.42778842328789385
-0.09474348446572925
-0.5335520356723544
-0.5492300126136763
-0.4976667673817437
-0.6017701391926312
-0.163620702569096
-0.46675482123820267
-0.15923693462193525
0.3008293365940812
-0.7694985466207056
-0.6860131224165054
0.1407168610998505
-0.3517870401221531
-0.5243496110698798
-0.5735607519862295
-0.5490578867014526
-0.3897053402307572
-0.11951385146707964
-0.23737386496513696
-0.6617142533800282
-0.19834281520695993
-0.4420219711567274
-0.4075286353971106
-0.13050704014523598
-0.40387473595236784
-0.4070436803097119
-0.4874842580577196
-0.4172165959644126
-0.3443674322002957
-0.6157675996006768
-0.4682868415944168
-0.12147074052093453
-0.4790436773881804
-0.284618838683191
-0.5579492841323769
-0.4561401200991838
-0.26708156001103567
-0.20789997642189087
-0.42334947850403415
-0.4970918311211579
-0.5898061178794107
-0.2679128319895712
-0.41048698383871335
-0.3250742619456839
-0.6343887668539666
-0.12807734038792104
-0.46756321621365665
-0.2279049400774692
-0.6038308714144088
-0.41641913644316997
-0.3271888027743329
-0.25786099630542525
-0.3322364637252485
-0.5706847178526857
-0.5151066374169432
-0.45535690956665203
-0.44654768599924544
-0.5239107885577514
-0.22782600527588825
-0.4878816592494129
-0.43414240850115643
-0.2178943176614998
-0.24462106119700328
-0.3892481006790654
-0.5413522063074058
-0.5231062482554324
-0.40901994603342495
-0.22108972639046126
-0.34049525252827373
-0.5774680412042764
-0.21513551831324318
0.0020031314350316336
-0.4925272950060757
-0.6141335410570576
-0.49024043127063033
-0.4917389200490583
-0.31552345378691127
-0.2497097282322384
-0.3988634433649416
-0.4907453973776291
-0.5733429401718687
-0.16043290964387458
-0.0842383275236059
-0.3081029379024877
-0.49302516835800514
-0.22061547642234647
-0.6019512427244768
-0.12794424059975745
-0.3705797332765836
-0.31608835292474813
-0.3549435445808503
-0.2556299289545646
-0.5142473516049302
-0.38666064640001824
-0.48745157019211977
2.3700146220944895
-0.3098611614774906
-0.5120144012425926
-0.4530691957698467
-0.33055946155761595
-0.6443107536232651
-0.38477366613339264
-0.3541813099121505
-0.10299658822288434
-0.6469041477829038
-0.326475435440611
-0.5726751130625324
-0.42436444752707353
-0.29402260561564186
0.3228472951206348
-0.47535588733777706
-0.49226134555285
-0.43624898986759497
-0.5238461451783742
-0.6506272229765186
-0.39963651631971736
-0.40206799524661596
-0.345448039821065
-0.20744923016257094
-0.15672195253505936
-0.4622743496680303
-0.5051686976597863
-0.30271221195703935
-0.05121729733874189
-0.1723496226829805
-0.6467945243554999
-0.015415302397350509
0.03398377442780199
-0.3506529449729533
-0.4126830273034028
-0.7419582470353197
0.05811791519222694
-0.10370483235252696
-0.4762813227890901
-0.5400325942123948
-0.7168724251389388
-0.2710947688628542
-0.40365492213582344
-0.6253052230679713
-0.4679786776030501
-0.3666545942927852
-0.5453364780325081
-0.38871374239977724
-0.3800812070044887
-0.2245638769134878
-0.3983146511977185
-0.43996026774124364
-0.5225444441124623
-0.4321960502288175
-0.4233202395834712
-0.4855911802276642
-0.48160106714252277
-0.4506232266231353
-0.024592541772805978
-0.3901605780810919
-0.33240999523153547
-0.14487798316861653
-0.6201709409679039
-0.26977462806740116
-0.40353154090995486
-0.657074343904273
-0.6668237265686012
-0.5854821495037916
-0.5012877236174312
-0.46823274126069553
0.020233466367482546
-0.551313974192179
-0.43284710692547607
-0.6312208428414552
-0.3098884392197169
-0.5278574948333052
-0.2644320902487522
-0.21524080357017167
-0.22118309904468145
-0.6496858326410688
0.12919400767611733
-0.3860353130016051
-0.09885472112207061
-0.13607900723573588
-0.44720511034316335
0.14540803835203753
-0.48247777649025814
-0.554836159173997
-0.49382674861740217
-0.34924739753507533
-0.14385303190976573
-0.6087861618499648
-0.5922306164774057
-0.3415668152041373
-0.29572174452113975
-0.3956157306573778
-0.5645411787545335
-0.5343725299364975
-0.2164435388557125
-0.5828061183630976
-0.46658175893868403
-0.5624526707152036
-0.6466947024955056
-0.03509604744477555
-0.45486760368635654
-0.47391014629605444
-0.5502856646418275
-0.16820272668907435
-0.3674226277806416
-0.31328951210122286
-0.21924348291597598
0.07155976464092967
0.06619817960325787
-0.45627670517796665
-0.5502345558292384
-0.6185015958120303
-0.2328547207091744
-0.6940934790117622
-0.32286792734472836
0.5677454301444731
-0.5179755648580295
-0.09690698459115964
-0.14477028748962945
-0.19613556778389185
-0.5825839763299879
-0.3954326203661086
-0.290940063657148
-0.5005948557078616
-0.28506788558155555
0.20107048355632676
-0.31824740131369167
-0.4601050255491445
-0.4593067804504274
-0.3931043769230251
-0.4759333931474969
-0.2542172304534208
-0.1064947107621623
-0.6383707391496366
-0.38245717541065466
-0.5176364895388873
-0.3258979125269747
-0.2911988552141794
-0.2666594782429695
-0.03545273321818261
-0.5583982362846618
-0.22479811076721118
-0.6874091577287923
-0.3559289827413852
-0.5852799258988003
-0.7236743709407154
-0.4232604958930352
-0.1721212663278282
-0.6901693894912448
-0.010734494892803073
-0.7842251913065935
-0.33801379102489637
-0.44059504182695247
-0.4856327804053424
-0.46675494459644395
-0.24314611880178008
-0.41289224350522863
-0.2659810925786513
-0.523422314016433
-0.629408788723155
-0.4336205716074258
0.007712863578871652
-0.10415722627170214
-0.24551508029768895
-0.5622804600681782
-0.39451355166781227
-0.5618018319624956
-0.41846914591223694
-0.24057564756521616
-0.4432308372313998
-0.6105996079389358
-0.5341695324777213
-0.3229042255650465
-0.28298656168580577
-0.4403009373257522
-0.26208897620533694
-0.1008849122089876
-0.4225728949657974
-0.5384196054991034
-0.5809145492899368
-0.3822966972417593
-0.6965931120387067
-0.5758104204677439
-0.5339299308341113
-0.528560481592841
-0.30423649701242444
-0.4231506953772517
-0.5235841499641062
-0.5034753081839838
-0.5194103304531512
-0.11032677431689164
-0.267835353357925
-0.6007482120399893
-0.3837278963095418
-0.6728311999462996
0.07367549515541401
-0.40100347970596006
-0.446067726708679
-0.3032437395095245
-0.2648536778482452
-0.5006788135825315
-0.4344789250733166
-0.17311660126778203
-0.4370381657718737
-0.6016640185171903
0.13845845915872845
-0.6744341892533522
-0.5492938580218781
-0.6234014056491182
-0.23210743814090123
-0.4970304320211691
-0.6263376751769113
-0.2893999085934886
-0.6709938179742798
-0.7029945800127471
-0.41187303499030187
-0.5808407767664137
-0.4715926518607843
-0.5916563493467208
-0.38379490305131236
-0.4778374717586381
-0.1889954537902703
-0.6101763470135756
-0.27996605735699187
-0.4270009196402873
-0.5787425256053519
-0.2280198934089238
-0.37094335819391244
-0.3084858595487766
-0.7346584130557119
-0.470626336493479
0.17001606378905676
-0.38612585359741525
-0.5315419145265612
-0.40070058624794275
-0.3409575336535797
-0.5194997331324865
-0.5531815454857982
-0.5470069255369272
-0.5039740728934226
-0.11220079937205099
-0.6297215663480031
-0.2928225237368851
-0.5644794485768767
-0.5186977456137801
-0.1955533023729351
-0.36874904583589924
-0.17179371059408305
-0.6375121020320222
-0.5669177503683348
-0.39505125227850557
-0.5010353389589804
-0.3169834183967682
-0.18701169055871444
-0.36210561973624267
-0.20943030948778957
-0.2780710269984425
-0.7638765374314169
-0.11643985552190886
-0.39472444447045457
-0.5974644892249219
-0.3749812330650753
-0.5213295651510362
-0.4610004595433708
-0.5443876103468681
-0.42208002738368866
-0.13848216760633966
-0.5076790154621267
-0.45631018548122937
-0.3021647553217893
-0.6669832607654431
-0.6079799675229549
-0.31700923670741465
-0.3819245130235278
-0.35494299168723403
-0.0800891198230267
-0.4677699084389686
-0.7144576850062533
-0.4685726107960037
0.2946183859136666
-0.37405837107065754
-0.32522181167776704
-0.5775535118995512
-0.41206184174176413
-0.16835668617663704
-0.22802115062117112
-0.1519456992096956
-0.06234686282712273
-0.4640456953572073
-0.14018003521768166
0.23566252186182862
-0.5614785585581448
-0.39900605139935214
-0.3332514298261206
-0.6064141463774169
-0.5162531416933799
-0.4469461396993317
-0.30929500031802837
-0.3159191890474535
-0.5735753782119277
-0.5762654682372298
-0.43339697227518725
0.15484186477931822
-0.44015908713917046
-0.6517310049019608
-0.03811844638802154
-0.6068206287100956
-0.4023432058589038
0.10156645944827519
-0.6431883989471185
-0.5710663672960867
-0.3067103608058633
-0.24977393805357945
-0.507410144837015
-0.5207883074123523
-0.6592237014813426
-0.5520612089761628
-0.1834092104577669
-0.3292650297715774
-0.2626619732822407
-0.10634194008855308
0.12550186648951264
0.037450984295069524
-0.3686158953605826
-0.799378460417555
-0.3288885238802739
-0.7199882725861182
-0.4181550761616799
-0.5330997666385483
-0.5781502667573182
-0.48099838664860806
-0.3092527326831459
-0.7995309562773381
-0.48773796336845354
-0.3139000754615322
-0.5355564354602744
-0.5332009792854142
-0.5224117631578646
-0.4345154610089807
-0.6556101446462158
-0.4854325059743777
-0.23146752639031534
-0.2873570303676248
-0.654373338447776
-0.6235423943702314
-0.3810398848863502
0.012729266415577579
-0.4648540392609947
-0.3932749135675575
-0.14371955726333283
-0.6409369723955588
0.16842638014631303
0.08869013330788307
0.013268285599199157
-0.5359413184605466
-0.49950055208032373
-0.05560341551169326
-0.6100946536895039
-0.08178541899406086
-0.3032100931197317
-0.3952699869409467
-0.4160638017400475
-0.5832648891429137
-0.31908319489451625
-0.1839823575979192
-0.6583119971527128
-0.5385874636075896
-0.4093807212239309
-0.27109787407523644
-0.11034788889223271
-0.5068119734417325
-0.6174317223177888
-0.47565033572751536
-0.5880949191144456
-0.37844043223975377
-0.3776721172059222
-0.5944248420342845
-0.20655558908121557
0.13106793778030415
-0.4978456282483742
-0.48112341286714644
-0.2309961152942305
-0.23385037571156228
-0.35723585204546354
-0.2563281029167187
-0.6374406329103207
-0.3429488457966026
-0.447262032220566
-0.6871675069831898
-0.34388935798515075
-0.42883419474704115
-0.5790241555552779
-0.2432215903315376
0.2195372867145543
-0.5150899776697754
-0.7355553202923041
-0.2667274048028911
-0.46938266440462634
-0.4746851643695577
-0.3580937773056154
-0.40988219499392137
-0.5315027113487576
0.1630995546823542
-0.3837822792892724
-0.3476067020268672
-0.39154437613216475
-0.25220985220809555
-0.5704077572427426
-0.262148301993953
-0.33722773961516345
-0.579987900954712
-0.39228374123745413
-0.3111213194301974
-0.14630128060935596
-0.7119198360690635
-0.5024178613073599
0.10403982614487368
-0.5929994426307826
-0.31757979244174656
-0.6754154297436105
-0.6933064520476316
-0.5810058397860816
-0.20239540109922471
-0.6837962103361083
-0.3487516965850022
-0.4207033774591998
-0.2955413722121512
-0.44349416426276667
-0.4785973775248621
-0.5036401964968122
-0.41393751505403914
-0.04268766276289535
-0.46748156573078936
-0.32140007588402547
-0.5149749743336278
-0.38258405392163347
-0.4934405562424495
-0.6438214904418602
-0.34905774938647105
-0.4521602093854831
-0.30935199799039753
-0.3020347445068309
-0.026400271789958265
-0.4403312142375763
-0.5195639801018139
-0.6694517221725886
-0.6035299622484559
-0.7352719618785765
-0.49000733215770387
-0.1177171390284499
-0.2507890961262554
-0.6846816828019494
-0.13143639324401926
-0.6640234010080986
-0.3182093865862212
-0.3626712711817012
-0.21764705882352928
-0.640549529663059
-0.4242686050348138
-0.3145887474085438
-0.43293958466159127
-0.44972601032135817
-0.5402404630606812
-0.3730683582382752
-0.369565008743591
-0.47691564461792185
-0.5948698373745597
-0.5201905812493398
-0.41338338713396355
-0.5230374061966209
-0.6425079594580319
-0.5897423081889102
-0.37075168043561557
-0.713760231673588
-0.6865733502362747
-0.4129413662192005
-0.28929629693808595
-0.4200747136826504
-0.5391506399882099
-0.7458165789847859
-0.44522112054779434
0.3867858289199165
-0.37897824687402626
-0.32133833550264146
-0.16544241817222882
-0.6667130205209204
0.054612171124348644
-0.4393327743857832
-0.4742316742989922
-0.34884275698006517
-0.537956066629762
-0.38923412682947567
-0.2755039052336763
-0.4119188455164795
