0.6197060155602651
0.38995646703110165
0.6116248810142974
0.41568234244807345
0.3099554090789655
0.40232369202156903
0.4643638609225966
0.44778522110379726
0.5222986003816014
0.5348754345986556
0.5570498619271501
0.3194917019834893
0.42416839414359725
0.3212660427603703
0.347891517267638
0.29063808232607447
0.4310479214388157
0.4890080205817181
0.5810283000816017
0.723632811585726
0.5743782418603057
0.46955115388651825
0.43071199861534565
0.4049729986183124
0.3085032077267272
0.39102154033444386
0.5543079450842143
0.48951429268155716
0.43499544340005775
0.2998448538618038
0.24904638268442575
0.42654619912224817
0.22115797665456852
0.3833500276000098
0.6859657474267946
0.4867602753801793
0.39959361590290576
0.3501958371797414
0.28367265531081887
0.3013398634498494
0.32466509811698074
0.3818862273016184
0.4216517709069979
0.5152697688437928
0.4883287044222548
0.5813772417915518
0.3810595901647732
0.3868927926099644
0.4964828734798157
0.2869692300905053
0.643773808141382
0.4310494465563843
0.3145514789950731
0.5145689048740102
0.4949199465942023
0.4415656056790307
0.5065948279914323
0.26396355019878764
0.3471892393359169
0.45115132608534725
0.27401597143518225
0.2867081592023946
0.641143025889993
0.44689387335950853
0.5205346104072172
0.6776208654032657
0.5042191443041804
0.44522336749529157
0.3115722985972866
0.25040804252580345
0.2871613252350091
0.8071965402653303
0.34479892262744377
0.5991152387025543
0.5122243732715217
0.6431711322473924
0.27010697916324883
0.3678117029229249
0.2360908417603944
0.42471892401570877
0.5735030333592077
0.35728607118070455
0.4852518161202571
0.4510435195272346
0.33587751186995535
0.39545144880325417
0.24138435525735033
0.29673053248799536
0.320249505218287
0.5083632239034088
0.25327480271272995
0.31316488284556515
0.4446389959619827
0.39167746518926727
0.42389009577676584
0.3735333619452314
0.48295417303756005
0.35148712027876416
0.4454667079404636
0.555223461162806
0.5012539422958664
0.5248845798166697
0.27724115156847984
0.43587936182365355
0.517394064371118
0.62930427399531
0.4294245858157882
0.46615581492666225
0.470767141539099
0.47038103224749783
0.40726581679251755
0.36001488606576215
0.5529274950202968
0.5716547258156339
0.35872879831303006
0.3554530856890339
0.5175785185639241
0.44518709115076904
0.38787711108564155
0.34689825359413334
0.33336591210500505
0.489867294155447
0.256848035638936
0.561097054728291
0.30685434206621126
0.5649005572542289
0.4515067848687335
0.4576539364824726
0.32526825258897
0.4148704168969085
0.5122016815453124
0.42094208286820817
0.5817031135984401
0.22100627707468237
0.4023237726436463
0.4845778060430515
0.45404718629148516
0.4536758738792415
0.505752230243409
0.5849397813615614
0.23334245290168812
0.5662852146380007
0.42779724171069444
0.32588460171145706
0.4057188423422737
0.41537566189253544
0.4038689389205187
0.5418014420778399
0.46221044249772913
0.9494399527498879
0.5316184967723813
0.6781296426030116
0.5963273374003063
0.6933637504021839
0.15976395534776755
0.4036519172260594
0.3065970559090132
0.7308568455551868
0.5771520417764927
0.5669424557066702
0.2930462928775624
0.49641805734823446
0.42200488493517163
0.3976812495158619
0.44318120639608355
0.557911903477994
0.4636144124406588
0.4554815865552892
0.3975434793447637
0.36850492818086833
0.4536867277133296
0.44886416265158585
0.2315485424104485
0.3130820884430045
0.23109291024563966
0.30964977137048244
0.35967183512842393
0.46974325005468004
0.6047338312161381
0.3934464544864784
0.5756213733084777
0.4485309068032752
0.5194518242970131
0.4418279504680786
0.35349603328498125
0.562012446985837
0.41446053836996805
0.5377596519554666
0.40021135948582015
0.6319737511246956
0.4498725370352741
0.3178851932280701
0.3206493754989682
0.23697818299041065
0.553074182365435
0.4383673654325828
0.5256530879177
0.31362022534846234
0.321969925558501
0.4111569420789563
0.33634026263077926
0.5230884551341182
0.8124213751062798
0.2750972953587189
0.39790432851983587
0.7673679236227939
0.36679032468171274
0.5668151309774851
0.45899555499980077
0.3911173882990815
0.30726254017946547
0.4320691765747221
0.38101328142677554
0.3465875338919898
0.2611092801982468
0.3987889652015926
0.3744482424923552
0.4332720079687337
0.6199816863158666
0.49117154848279754
0.49603760507281247
0.419678732186414
0.4401439251512784
0.3846482802924277
0.499336291860003
0.3304676101335032
0.3404223720063213
0.3238780043209219
0.4112772883165592
0.4460986249453664
0.3606683356593569
0.3532477892931514
0.27866656048127236
0.3527340059698223
0.5233974276918573
0.4519574261514684
0.3631482615372881
0.43279651378731887
0.5087571848602574
0.4567065811547162
0.46191926228007546
0.29427293256502335
0.4013224371721092
0.562442419172152
0.35466499515601585
0.7819179642684106
0.3978793612846449
0.5703630344012949
0.42189978050268545
0.4016497020109493
0.30786758603891945
1.1132492083869143
0.4804409663653236
0.5961193127927309
0.5515332716478312
0.38882247539248393
0.5467867849280575
0.5996493930883192
0.396538022821013
0.4649604604423414
0.5222502057793149
0.6329660202777013
0.45193139197372106
0.3215299230757681
0.40781149215741963
0.8289444217150134
0.28400862693521767
0.4568853587883939
0.45578736524686386
0.42014323671982123
0.4912253997804804
0.47615213816477125
0.4516755102014095
0.5571263222157808
0.437406195679803
0.3446429891130161
0.4141905485078588
0.45563105864940157
0.524901256572201
0.56026949809058
0.3349235637783433
0.3625014690204786
0.4834494303833025
0.6219662890668685
0.9881475714508281
0.4907668890021652
0.32699538039265863
0.4018156740065088
0.45890790706523416
0.21352594291435906
0.39093307928647986
0.3594093697467512
0.42782987661806704
0.29375518336138035
0.41314764845672247
0.3843609927372276
0.7840828671610693
0.7197058292264663
0.2938845124072624
0.49451893918155215
0.45746552411471314
0.34795323969710673
0.2870358329620575
0.4374040113865139
0.2490556661256299
0.4298834116239118
0.4905967474041307
0.47390150073275533
0.5356793093671391
0.2819676928120709
0.4550530153514348
0.4557228980727512
0.38624751682962166
0.5096214504375697
0.28388592305477883
0.45021243324024146
0.4016513319707349
0.5076884060705816
0.35088367323832576
0.4993708410038786
0.474642508173977
0.7227102423563235
0.22654489801220432
0.3760273698834049
0.4160921175019123
0.5101364982902503
0.30924927343134145
0.4831070094219919
0.6592285297529713
0.402968719748142
0.4442022410487482
0.24721826466017316
0.5783127356787924
1.0750483562566386
0.4963906878710765
0.5528305234177178
0.28819123062134316
0.244229259394212
0.37302215304774483
0.34985777681206065
0.3842420458146362
0.35288105669035813
0.4524052353880696
0.33202517980520946
0.3669208285167908
0.5449248851895634
0.21423212839681857
0.34443583441620734
0.4202684971047109
0.6929764186839203
0.5363113475003434
0.5406607692637361
0.5846398532977382
0.27747919051608577
0.4131753971786516
0.3776010709088556
0.4260121097578684
0.3783696382052525
0.8039426028817563
0.3904309592760687
0.45253288890888
0.6923065471284319
0.3034175677016741
0.535192967718536
0.39416891866815235
0.6815521772506293
0.48101667490046873
0.45469831882925094
0.6869619904251079
0.577302741289023
0.49229452013210556
0.4804504747337787
0.48597677738578887
0.37390235619117423
0.47678132446717475
0.44057332562364826
0.4375358592310409
0.32562516702298067
0.3766295682317834
0.5726397312585713
0.4851223090148803
0.40020056384620595
0.30577702455566347
0.28690344479749197
0.4716076844752373
0.5192615075014235
0.38094707554235513
0.4240461458561772
0.45709422170532377
0.8211382085576767
0.3018499377936795
0.3815306648798137
0.2558430334045254
0.643323033691943
0.4477580515135538
0.3979497325867972
0.5682287095903802
0.4401319293216313
0.3953941032726678
0.3873494859131832
0.3565372628473682
1.0395806238574608
0.5934382630334234
0.6144292542449776
0.47927811031421813
1.1060722916734953
0.2959409277626754
0.2786473703752149
0.49012986625553323
0.4020268338294676
0.38628995336468225
0.3902171791763636
0.29398422677753216
0.34766915032682677
0.7931339203347513
0.5180344451248728
0.41284996583338684
0.6588168412550458
0.549089017647736
0.44366201705997804
0.42256464873912825
0.560059257296521
0.2969156984073242
0.5167460769992477
0.36693844941797266
0.3589041554203093
0.31800524679926256
0.6386753827001708
0.325142253359275
0.3310108406592114
0.4783444709177649
0.31000618984865147
0.3995547064650398
0.5293908991788182
1.194974405286517
0.4013921889405347
0.5274459359993541
0.26610716959128455
0.32000617424445177
0.25276708602541825
0.5116184583836928
0.3813086469803299
0.3435737725569176
0.3607014776321505
0.2907138936162218
0.38404220102767533
0.4279746280232417
0.49649353770399807
0.43952910190848354
0.5555764434229753
0.6852193726471849
0.43868417909097457
0.432438799497595
0.5029825618684338
0.5088816698651231
0.40938145281484933
0.2924528817788642
0.601462544601831
0.23091666084846024
0.493264622998819
0.5007192546949274
0.6675678200910503
0.4740586619944327
0.41662188236058184
0.47562331835273514
0.42278729016311095
0.3906155903986629
0.4880554051906453
0.5828396502232892
0.5374473443414663
0.38456692582589713
0.5278408337911057
0.3713209579442768
0.5132804236778661
0.44821042584614684
0.38522979445987304
0.6791791240905676
0.41688932401514583
0.6529742308622715
0.45998381704698726
0.41143672056024644
0.263192109792317
0.47235892618783815
0.19196644040096258
0.36944624595580355
0.27705291018467465
0.5341788180385806
0.4117885373939257
0.43617534047800616
0.40143580363801695
0.28763796195247476
0.359903360053927
0.6370955055022373
0.2871452244600708
0.4343923088589877
0.5156417835054045
0.3941266758918303
0.798692286213027
0.4481940306556605
0.5756627870754414
0.32730881663718214
0.5153792038649131
0.3246347024524663
0.3426738422951697
0.27450335020948213
0.30119138524533856
0.5737406142333984
0.5162199654973119
0.5426960357614975
0.4055459824607046
0.4286268376359302
0.4271587155243691
0.5427570195530792
0.4839432001333488
0.3292878305951546
0.3784111524392477
0.3105842347282528
0.3762846795887639
0.39846625901111343
0.5328191397371302
0.41912984577723883
0.30346564227661965
0.24375116779935255
0.5304833325559903
0.4739696972393781
0.3583606747850884
0.40027110102051333
0.4379107164813814
0.4725406467804329
0.6558267847503639
0.5000831801274124
0.4125440978167953
0.34775497601893424
0.1819816021697104
0.45166809463662577
0.3650835944473579
0.397745778149676
0.3406282245286384
0.36678897580455255
0.43657513849264834
0.6609780332832361
0.4075376275302255
0.37016757508569575
0.3737881008572833
0.25706872915254475
0.47477390067545266
0.3316057794857217
0.4745507875798489
0.3873768797140616
0.6816733975712046
0.4382861225316312
0.7804923574936988
0.231345854937296
0.4371731738074422
0.37525363346135443
0.41147910448114017
0.47824736391372696
0.5024637238707013
0.6445331095211596
0.4770276796521722
0.5606133934644245
0.4938866513538918
0.3118827902460616
0.7273299396375716
0.44798214447715823
0.30297710226971225
0.4798801061175832
0.40110502514353924
0.6755420720820041
0.4118542599317708
0.38497762568214944
0.5590827443269646
0.3865621137568614
0.6051438448112456
0.4770909121670281
0.3933917009054517
0.3840237185871635
0.3778361364981224
0.3373570143240542
0.4954077124559302
0.7983333017615195
0.535800455059302
0.5204349404175272
0.5620010660309019
0.4102212155933569
0.4279211789981187
0.19557318674749513
0.3370014546845947
0.3830188918986207
0.3143484832131962
0.697515668672371
0.3721927186691582
0.42547287647525184
0.524428211639413
0.2839843318654193
0.29156347036363967
0.5509335107846334
0.4913668888325252
0.7917428391163056
0.5957966707659557
0.39962820518479264
0.40122193442820975
0.5151577402833477
0.4496445784219746
0.46281139890193546
0.6937695181828101
0.5278056887613617
0.5680565949309404
0.3071090483173165
0.31873991323981865
0.637862483574113
0.3517008506115401
0.33525798730732426
0.3869484080177352
0.33880560796969983
0.34929378502367453
0.5366202429116311
0.3011024367694746
0.8856287222773589
0.49789242167923276
0.26721865176739873
0.41740992524973775
0.5341209748858415
0.46296356793894117
0.5135463634458783
0.40741110413310866
0.46046216260461864
0.35377517150959276
0.392737419230803
0.1950449613260298
0.4436758925941951
0.5147115310369232
0.4672639447253295
0.4168747940567541
0.42219017908200934
0.2875590295051457
0.3530843250525723
0.3897813860317001
0.4721205409050688
0.24608049078295852
0.32134845186578753
0.6357223502330644
0.4885996973756416
0.6017120884868682
0.41996455540154165
0.24800678176979554
0.3146663703113586
0.654545387409694
0.2828101458212342
0.3712068383366718
0.3623662000794715
0.4040599145482356
0.36168989547197367
0.4639773614491471
0.45195678761219577
0.33004877505859465
0.33216065877077017
0.5188831975441456
0.6214842339879693
0.4847036525942456
0.2773070596080224
0.5230335922695576
0.499239958142102
0.5111655646606863
0.4738919755477061
0.4250005387794967
0.7817700723720001
0.410075135588188
0.6422809877261282
0.3902138207734596
0.6550324344596921
0.3627658272139678
0.31905499809557786
0.36937598457422327
0.5234148045872244
0.28245576105441056
0.38816538200243406
0.3352043880184905
0.5025512981329033
0.70073457411288
0.4145127599848183
0.37415138973723144
0.5189593961060812
0.38907446491174175
0.42660144929839405
0.513671316558057
0.6166655656749017
0.43933814910024654
0.46251223569782085
0.4099059722071275
0.5246665589826647
0.7536934447551885
0.4014482111097923
0.4135111384353428
0.4676427269600899
0.5373815145132794
0.3765202314989501
0.5993239998940234
0.43317355163881666
0.34365228627096733
0.3730856107975846
0.4116501546272121
0.47234140195093605
0.4701549389923611
0.4859083298288523
0.32237508124917197
0.5383453792557498
0.4348664395619365
0.48532838294279856
0.42957829717841445
0.5023191322511643
0.5918864668359523
0.4105526648038368
0.4016270945096942
0.7205452531260781
0.4421385236549351
0.41803569469364144
0.46025173231290395
0.4464281411629956
0.599498256284033
0.4971571533021477
0.3609986942665263
0.38519502570006126
0.2923726117932205
0.35642310801071075
0.39661796913814157
0.430279451644416
0.3005807711669712
0.5080114873425404
0.49151250721492007
0.4997718479610789
0.45944015039133
0.5014773973202533
0.39078303067481074
0.6479426637496137
0.44571639027799204
0.4404454678223918
0.6035716571507574
0.40968717738089444
0.41570212773008247
0.43862484249439626
0.4214399994540841
0.4547721582247217
0.4092505527724085
0.44663351041481814
0.4492942434099311
0.44836572611151815
0.572427685152642
0.3482627742328726
0.5220416160819628
0.38343660167927124
0.35312094926793475
0.43727512820603703
0.3220434325273527
0.537373772338955
0.4954831075261074
0.4402808548265302
0.44178134143765124
0.41825218560638383
0.6305030922591539
0.5086408073346851
0.2335245487282249
0.3851492202800807
0.3642402524311696
1.024183441694979
0.5269967361330278
0.24957226456236328
0.5418781882264019
0.3148484022806713
0.3495481266455951
0.312668897494013
0.35761157455135506
0.37415423752218385
0.4754008880674581
0.4745828598065458
0.4562960941032552
0.2923959145467032
0.32356533295827045
0.7001882843253311
0.3568084244152184
0.5550710634630455
0.47087830552228926
0.36133267632756755
0.3712716848059362
0.38194035665480136
0.43427487627907707
0.3088483293357448
0.37563948259199376
0.39199273547545077
0.43056357492243424
0.7177991653778242
0.30461589774650377
0.42093997152286705
0.521675836616597
0.3977525028242795
0.45271329836994717
0.44071475657784026
0.35207015525240054
0.35721099565998676
0.45491530891402876
0.4233566797126094
0.41224353938359554
0.3387778439607361
0.3183993627610833
0.3799197847662528
0.3406298495306047
0.475426939680456
0.32360098104667556
0.44786353423680286
0.4032332867780232
0.31099420173956965
0.33069000061020926
0.36972982379181707
0.23419536039900654
0.400645798604181
0.3933604211992521
0.6316146118639129
0.5057156963250932
0.3541126983196395
0.430471858775933
0.6391761765017782
0.4495020034203678
0.7261480624674328
0.5168614186744381
0.424928528235136
0.5170790446901807
0.5411301254794106
0.5379902004955671
0.25775716155578343
0.3285516389994695
0.5256078668527899
0.4391106808173913
0.3820864017178578
0.4708410726323843
0.35514393938354655
0.3285965992670341
0.3804839018616816
0.6267995411139027
0.47834691639156834
0.604329848762227
0.3288820203115968
0.4580430827331292
0.43902447572028325
0.5163885686121291
0.48483053249212404
0.39805041410871034
0.4280706470445634
0.3776026528892617
0.421673618766391
0.36816143928454526
0.7077578821434246
0.6107186804165831
0.4270859557871353
0.5573074753802341
0.41152956617017916
0.23175121584964853
0.5891582043538026
0.4227818135629821
0.817923542517801
0.27642331462273406
0.21423074481635407
0.39998393241072744
0.5102504966197283
0.2881053230168149
0.37388670269589297
0.20146425925478978
0.3033925200890633
0.5504368625919163
0.4561961040120697
0.2685527125468135
0.7414561013040258
0.5678709755931927
0.5030383697926806
0.5294496759513493
0.306497597855046
0.4622869288316837
0.43175829578371044
0.28903179054297895
0.5506841709511221
0.42111064774845336
0.31290127143282603
0.48569474347508723
0.26554608195352836
0.28597551671244376
0.4124624929595379
0.47364129763109225
0.3609413332216408
0.38254719406140636
0.38880103564143326
0.5593599328754268
0.5142584337447212
0.4972169100495191
0.4430319770516216
0.4399610898901149
0.306322769404777
0.41439877270418257
0.37559161910367606
0.7067202666659421
0.3080647928536118
