0.9595899847179418
0.24299645879594242
0.9661536177084667
0.3675787267211623
0.32468831624961764
0.3846030046966499
0.33546753771434085
0.3416378125654064
0.48026059673298993
0.7514244997580779
0.27634268243067395
0.43393977075323886
0.3820750884188868
0.38306435522216453
0.3598531643131517
0.4000438098145139
0.4925699626654738
0.30984609814713826
0.37649328154225464
0.7221902275747477
0.40274948063612176
0.31064910038371946
0.3876595604823328
0.2607454441785026
0.2958081164427168
0.28468329227446804
0.464004318003585
0.24186822404103123
0.4045514946194839
0.3920715398534491
0.2950745476924605
0.5200245945948612
0.3448705036919864
0.3193190105218446
0.3740966798976174
0.6498892242102124
0.3234608775274338
0.41409669538248006
0.312949161154507
0.3800762466306767
0.3901247783358712
0.5202375668842318
0.45290084165486755
0.5003951120364245
0.30070339775445454
0.42991537610098957
0.23269427512992938
0.3806417210878916
0.3489546488330653
0.41796141634104134
0.3989924913649591
0.6855589515603191
0.6067846538052477
0.3283204122167098
0.4965588574146259
0.3880514137099886
0.386064383520224
0.3715448986285129
0.5816290365804572
0.5877871544217477
0.2157197547836284
0.3836901588873846
0.5357814429280218
0.5094522275457708
0.5072165941608702
0.4590547810057222
0.3924203315429142
0.24270141334790704
0.31392222651234575
0.3629365437806712
0.6154444133283766
0.7256569580703895
0.2539172601904451
0.36538863856611725
0.5074572419037641
0.7168700138490535
0.34294001064459456
0.49586220171641154
0.4600410783883369
0.30968378062656976
0.3590442593142492
0.3366278840258308
0.5625474018348051
0.443210506408528
0.3948339381449243
0.4796810643383506
0.37335504268592906
0.35561702837454146
0.3254039603750423
0.366341646999775
0.3518196765685773
0.4354626485835827
0.432235449845777
0.5941233548756185
0.5495694057679432
0.5398663262220359
0.3282244294370241
0.4433949217270755
0.5866729930128026
0.4577603870401735
0.575216138138029
0.5326937175391986
0.28070405049760927
0.48285198328302664
0.37200160403907323
0.5388990487653074
0.4379879188375122
0.4922468381545183
0.41664888400194394
0.5123084761038209
0.5302060622683541
0.7862488365441763
0.6310227208720334
0.5522089276740971
0.5009397683816658
0.25699262300007636
0.5126719101686675
0.3903611794805759
0.4526164435079859
0.65340124305204
0.5226942298026247
0.30259106692623855
0.4114491819559433
0.3847604716008954
0.4576747065723754
0.5763456550546261
0.5423101083168715
0.3025053930060201
0.4388911697085269
0.5864556394522957
0.5337559832526179
0.5191023897718471
0.5810603787639531
0.2563015910300155
0.5044430668711073
0.7852191542558103
0.48971384759105063
0.34676348461804846
0.4814825679636431
0.32070644494958567
0.3571521221955743
0.6784715981149457
0.31389563318260894
0.3344162030151222
0.41766269063737366
0.5783625759824375
0.4514295597744176
0.3836462979566736
0.5354816092103157
0.4540966665455832
0.4786556235100487
0.3944936671581356
0.5436595854224181
0.5258809647967214
0.37602426767745367
0.43132625221852605
0.5031252831313754
0.3869089069113642
0.5051732320217331
0.3409555217528628
0.2689092609836992
0.4131416831493484
0.3409319275896903
0.5736170605558472
0.37930275364121036
0.4159835418851204
0.3444011846000178
0.5865012943818655
0.29139322294720715
0.36083844102933604
0.337828314856372
0.49168439913387657
0.3971392015862665
0.46893345864855446
0.39467152187910387
0.49301511598677084
0.4054156671934985
0.46932548166088117
0.4864099565270433
0.43502244548427543
0.706385989298737
0.24957483004477546
0.24661115082589377
0.36913388986556095
0.30602423366500664
0.4074280782703516
0.34866541347466157
0.4815503970780336
0.6834222246006164
0.41204080809043636
0.418448407781453
0.3010453222278879
0.3378414282212425
0.46179055933544855
0.6614202221853861
0.48581427417427814
0.26333922331759907
0.4118514887181482
0.3642887676334347
0.4107253624191697
0.327541002663993
0.7254547971173814
0.4636530537986934
0.3817962648826633
0.40434741166676313
0.5292315939032293
0.46080752161466476
0.5035991288575894
0.38609447285836423
0.34015844050362937
0.2913014767811844
0.31019476137620744
0.380734458161029
0.46956900019907544
0.39552452059642246
0.312184106878769
0.6753525208105596
0.5865288827754203
0.422950331399072
0.41367344180545645
0.43549427465275875
0.38556932569376695
0.5369417373612265
0.3151054500679046
0.35178481715708665
0.32837173884627086
0.3143338813073961
0.3024156772736582
0.38355256955724104
0.3651578055457072
0.30983179776043396
0.392802194300889
0.36781269078357726
0.47705379420100086
0.5693796170536224
0.5908860383658681
0.3400278506302692
0.6483771595758308
0.30903162374067117
0.39138922229471235
0.474070281811963
0.4685622327406454
0.4009700491577578
0.5328027207720067
0.35168983915997315
0.4886942787193002
0.4639578264458981
0.5110926790268341
0.48739627959777193
0.3501152166740045
0.38475666368018224
0.5054835092910956
0.4664103999342342
0.6392165941196206
0.3531534341598086
0.3045019224070639
0.44086339097271143
0.3649844159316645
0.3238366435308665
0.5082781282376343
0.37864312215062124
0.6213266709245968
0.4977523000423214
0.43486534567954527
0.4026345499122982
0.3304074165448693
0.30700951453635417
0.5544180089031113
0.5725023986783508
0.36841902620793043
0.32300952139740235
0.6547774150670509
0.3891219578249583
0.3352862961941331
0.5023719123906106
0.6079889838746013
0.3871717773642858
0.49307809870409913
0.4536692969088786
0.36558798998403885
0.35555459173255693
0.38061058164624606
0.7097593645510828
0.2979237195449932
0.2767348247990782
0.47899504674477716
0.2912430965405117
0.5657067212357278
0.4356864503930258
0.34202970107175096
0.5199368253557233
0.6402451662450439
0.4875194039458479
0.3120377172691431
0.4000296362811063
0.6059809430493154
0.5892170542289444
0.389341667953579
0.3224040237922187
0.46006210384624935
0.36023365816166736
0.41414266464732186
0.3345907859652993
0.425709784235285
0.3767829722022211
0.32722950540518686
0.3587330492699324
0.3747993260810964
0.4696227159320827
0.43821789051519167
0.38794413739856154
0.4213203030395966
0.49975927637205203
0.29900978322644634
0.5968750224649383
0.5105557789306541
0.48277089621894287
0.5957731821616008
0.6702567390386887
0.3709809458931994
0.4116425158977596
0.5248270183540507
0.4638842945922506
0.4930899053030049
0.4259502246281928
0.37840537160048476
0.3190076554822238
1.058051635061696
0.41668597218708664
0.43524568395909
0.44317368152136616
0.6689394723890801
0.4309009335091123
0.6563640790270311
0.355561498845585
0.3708319437890934
0.34174146727495297
0.33885270286780145
0.4306166248024205
0.3465904788855056
0.4127830578239865
0.6034525149638347
0.47815947702693995
0.3998306015768167
0.4334302123674679
0.6165606532996445
0.5031176163072272
0.2772364113445047
0.6897444220854473
0.522145852023579
0.4254062907990704
0.47431605049496084
0.3443825325503767
0.39122657174001774
0.3457113887913764
0.4741402079152483
0.48298610740225156
0.44576292193759826
0.3799793147102607
0.4464304013531703
0.2806296270154114
0.6981493840322807
0.32462019748427673
0.39740319507348304
0.3974365275821051
0.32841441514497166
0.38326949685106715
0.36552739123360717
0.36629853952573105
0.4064385083369531
0.6352197372107816
0.6504531531913773
0.4574468698943115
0.46794571422904885
0.5682879686827444
0.42472442928850734
0.5807652700228496
0.42304469182427257
0.43205290206716984
0.5887799018641685
0.4022082952532695
0.32159462972804714
0.26654925651827194
0.7524490016885719
0.537276944830118
0.4208278225258029
0.2613047175042038
0.3340730828826648
0.42063975628606776
0.5744072355731724
0.41191013223128675
0.4394795932967263
0.3770045488568974
0.2500201313465524
0.44806635385526966
0.3941692881779599
0.3050898213445958
0.2560238799416348
0.44974320433054366
0.34984422139301846
0.5822105185833041
1.0652754433779872
0.3608577023396646
0.5234726155434286
0.33998201427390273
0.504360089181407
0.2642772215224975
0.2768547382380982
0.4590006561108531
0.3583494075418857
0.27500868933602807
0.45425104514583525
0.3222264386895496
0.7013459177565518
0.31220941862496154
0.40350431425734506
0.4275718776506291
0.4717111577065779
0.39699026068850757
0.4252010788469887
0.3486379433832407
0.6458261369116541
0.45016705132613893
0.24949125605163888
0.34051746767102553
0.24826608238819523
0.3580978920164825
0.29549378623926326
0.3825819861199881
0.520424573895437
0.5144400137893216
0.4631837251090075
0.47646461794777323
0.43873593208823675
0.35058259581382933
0.41807940355116663
0.4240403791370364
0.3707828909463243
0.5179242846974095
0.3936660065075121
0.4555836460164593
0.4045924521256512
0.3380772263636389
0.45692028592731093
0.40875115308991095
0.3670964350824968
0.4188843101230505
0.46530455574610335
0.3865680383770003
0.44105059300053473
0.459382324551159
0.422979556222601
0.3848360840797406
0.6219079908670586
0.44634324571424894
0.3019605965002784
0.23537696602474123
1.1102970953191509
0.4678954867984535
0.45429434305582495
0.48830221862411677
0.4510191552851963
0.36389959349249473
0.36055913769650216
0.42608913651567515
0.435338300204737
0.3669541290912574
0.427638633598551
0.3916971110221988
0.4665222213987988
0.350058824740393
0.35547335440388694
0.38434507689000486
0.3772594270452836
0.35338663638285067
0.3713235060571193
0.4520397380931162
0.38161783563587903
0.39959398458649675
0.39228580938498425
0.40346319148311144
0.38499077472892235
0.4543743019770301
0.31346237585739845
0.7389658381366346
0.5448311554752324
0.35460151445710947
0.2984494896299203
0.3000526637509618
0.6117777546492882
0.24737801967731296
0.3974142714168349
0.31578231022362446
0.4307167838713895
0.3800616074987603
0.42138625360492604
0.36722064537763544
0.48031592639423965
0.4358938422685897
0.527402904896461
0.33730362039555606
0.3704769532342259
0.34492396523618146
0.31005991780234776
0.2779570199622382
0.3597029622321626
0.3489166211613459
0.36291552947942984
0.4467908177551486
0.3859287262927843
0.3671495906717759
0.3855286436923373
0.37861430304893473
0.4926547527264859
0.5682679371098961
0.37395318433909036
0.2639921993057058
0.35884727195086596
0.3186280411281319
0.29390713488498993
0.6272382200650084
0.45463098195260676
0.5473737500402011
0.4243632687105915
0.3268896950699497
0.754386063958378
0.3865983089474668
0.494774973700665
0.36575772189761324
0.5967628262262678
0.49602210816395753
0.3402198257914859
0.37413234731842454
0.3266806794001467
0.5805220410756837
0.6678744840555336
0.3386562971484092
0.35540854056131277
0.5843589901688999
0.31957449939021915
0.7400557540290076
0.4381564679060998
0.443079311045234
0.5223549713569826
0.2917108820355118
0.34432340813079465
0.3859257481010272
0.40283343026320617
0.47134117108599466
0.4922803336831474
0.6744519882934675
0.35266212197175995
0.22988328234479194
0.4835037572067349
0.3363048892613908
0.8013953477037372
0.4629252760365799
0.446061229974022
0.6598442692814797
0.44106667269128724
0.43530837174077275
0.3505034355273057
0.5056258824817667
0.40203000512363574
0.4802147591797228
0.29865792821151615
0.30975986353559054
0.49881689755540615
0.44705767437432314
0.37532691654868844
0.41149575778792863
0.3268107554973769
0.3340940690602118
0.38646448621206775
0.4672280011409646
0.48380755104429973
0.3881284055048336
0.40676534377399365
0.4419089734774075
0.4416945295201211
0.4115939881420228
0.5555741272736384
0.35915716081551285
0.5219160601012208
0.34726353181954456
0.3210158197214717
0.5196081360109182
0.42497862916397944
0.3154573751772718
0.25594337816498414
0.31093923014972225
0.4134835043223098
0.29520713439091767
0.5918104069109345
0.2773925448410956
0.5832143921701454
0.49216021946920807
0.45466315858023476
0.5421534565362134
0.3796345035347436
0.3916379175592957
0.5043283374750824
0.25147287939065965
0.4581180071343146
0.521191645790754
0.37926282137611905
0.3523033104223709
0.37580732156669616
0.3163517517700145
0.3237697097046217
0.5204414696052873
0.5033532733599966
0.3517029156602735
0.308145379239949
0.46862881241647814
0.35675689462778204
0.4959627862352742
0.5119900825510995
0.2826481026232671
0.33929459891377467
0.2864519797328852
0.5999685928141597
0.4588795444116844
0.3683575396368487
0.4179022642205101
0.4608281638617273
0.3471426021596678
0.39976198861346146
0.4755586592946354
0.4751820379575181
0.36801950852565873
0.6260251580252446
0.409655549395628
0.2822481538515145
0.3176391931319907
0.5438700768459213
0.19500145498519647
0.44064386475030654
0.3060669368263878
0.39906936481231337
0.6919008745108591
0.6427725658864549
0.4032685253722296
0.3154070535267819
0.4711804518103811
0.47797482746556447
0.37335859286404566
0.35694157708309665
0.2620995482655104
0.4827355903015175
1.1945323115045368
0.4585061397578233
0.34501668729166657
0.37804697877356597
0.38205079621442356
0.2913730824582348
0.42149445950533104
0.41097477325889475
0.42134101962168624
0.3327827983602532
0.3154793176480658
0.2832197582582797
0.30634291380623563
0.30252909687970114
0.37600970528677213
0.3834486231679298
0.42962858218850297
0.41341836645886304
0.35241334935835433
0.5416557269894093
0.3837099208122316
0.20870395088328325
0.3935287442449479
0.4239571518405063
0.40282934685380595
0.412464931161024
0.6489097272104315
0.3621110046955018
0.5248142817242997
0.3605302386501859
0.4179265728901562
0.38565970330647464
0.5483362275737038
0.2576586149961556
0.4918094288488789
0.34440771575699036
0.5134890990086691
0.3564836286631881
0.4001892240803798
0.33963991027438717
0.4558515103910846
0.3066899227026671
0.36307851441482436
0.4368851446462365
0.49591003216049034
0.43831634631919203
0.6304638743583607
0.5041528978640477
0.3786124814792356
0.5326121783272055
0.3761221022035776
0.4257158856295181
0.5829266181092175
0.27537366474459085
0.5943041202808644
0.304296113297286
0.43209159064432984
0.250028218676074
0.6129968096984045
0.17910974231326246
0.4252219193196564
0.6753971331416594
0.42300524773638787
0.39250057237633534
0.4007640053681392
0.2744847226155796
0.2288613259904727
0.5367192009279443
0.32320111143016483
0.42792895463300784
0.3751157138923955
0.2722613093993587
0.5082929244171099
0.6589664552074281
0.3572527053723987
0.2660789393559078
0.30511746416025165
0.3474444798698718
0.31137485668100845
0.4782365492629797
0.46855185713663916
0.6185094191390559
0.3364282110865389
0.31293679289848314
0.4149805819348758
0.3321881218908699
0.33908436646103796
0.7508028950010407
0.4983342654275713
0.29822955020668346
0.4668343416435767
0.4106076931345102
0.3308584606911726
0.4065279921667474
0.47969932699962564
0.43685184040451047
0.462245805095852
0.4897599535180617
0.3193297133844779
0.33842368394030914
0.42595196584133993
0.27589843354777166
0.5202096380694204
0.3064193898118962
0.4264545814157741
0.298264210454894
0.4182164378814625
0.32720173981947037
0.2889616355724973
0.4683971424029624
0.31106730903874213
0.44190824401030115
0.389748867940147
0.5799404640189442
0.35074460482906544
0.5521948290707827
0.3990775253485099
0.36538771603782627
0.2624171249242716
0.4824382308737374
0.40831628014468496
0.5154089986388013
0.29505473571526897
0.39209552465147723
0.3055925137399288
0.8392548482170015
0.49138505357769524
0.6710094200000392
0.4136774414829682
0.33043467050929876
1.197069634307257
0.7156192756979589
0.473830644031223
0.393553949313366
0.42022853163873775
0.3548350046570645
0.2935563914486129
0.47625707397108186
0.3897458475189361
0.2975816759661122
0.4880239173915363
0.3083508498243947
0.4927185091888626
0.41512522617288267
0.3401022157928863
0.313624083289327
0.4578429881748336
0.30606136523764293
0.42929591903583186
0.3935801675145787
0.37613619975521995
0.27047189785475795
0.4734446089086641
0.4045737074906388
0.3880235904625396
0.43326316115564933
0.4498417052454857
0.38171134156691056
0.5031285090005094
0.31131747406165805
0.3638074591960379
0.33885865887824723
0.34362795183412626
0.2678117563149053
0.3240107354971225
0.5272601508653608
0.5228073541572552
0.3570648838699197
0.44066225580661494
0.41659746202466863
0.48360181040804034
0.6400959776436567
0.4344679127801524
0.5968362048488576
0.4132397239351824
0.43324688569395786
0.34704928219276093
0.4820871695904109
0.44537894401066164
0.3660615336026197
0.4545370989337219
0.36595261986249167
0.3897163171395906
0.37511190422684776
0.38165231516334847
0.30284741944690374
0.5215506234365991
0.5703317134820158
0.28246517970362184
0.5321956288154802
0.3850088937787377
0.3578517911541037
0.40014621842048076
0.4410109692852781
0.39738784436098634
0.3420580167450935
0.9111652304783456
0.35573055479611726
0.40963305140052264
0.3803509551734468
0.3079860068522906
0.4323681991965889
0.7734314975071057
0.32579755314436004
0.4133603004424451
0.2530229348448989
0.4932720234601097
0.4956518200257841
0.5385177670154012
0.39028133732006565
0.41304487371372894
0.39037324053080824
0.3216242277242622
0.37138509595231683
0.5069283652137476
0.27963613824164096
0.3797348053062138
0.3910103427195672
0.2872731097882126
0.43832202701915524
0.6195613631933286
0.338462859894381
0.45377471539107966
0.5597358263290872
0.3547888961434132
0.5152759774952486
0.5169017663463711
0.34372811700930295
0.4450896390688956
0.5038489718483752
0.27656466791039513
0.48237598727320374
0.5815048551839098
0.4527293444920168
0.6012536884427963
0.4682121061370878
0.6969399036684912
0.45894527348297015
0.348872907788312
0.5819103102464914
0.35553080332519804
0.400554185739994
0.35367022728629766
0.26417527428889603
0.30447997301463964
0.38655967873237496
0.44786242629417594
0.5448597329362048
0.43491778730674996
