0.1360868759194672
0.13523477067714798
0.20723056111330948
0.2957333512644009
0.11012525415710932
0.23990396237324704
0.2826666657361177
0.19439772244316864
0.17034481551501754
0.35294460269934746
0.1508668099277528
0.1198692908499132
0.15023120818770822
0.32065541485459914
0.19009181127205438
0.12058349791726006
0.21483247291074803
0.141556244653857
0.26546044737639424
0.34299884278347903
0.2782419033433841
0.14527144699341768
0.18318217033983555
0.140759972509484
0.16019177315060007
0.2548462660445469
0.18553255019966183
0.1545024740155747
0.1355799854361431
0.30003196715066527
0.24212838485876986
0.25191829939628185
0.11504116107958721
0.280392501197471
0.281780053664101
0.22544901114582128
0.18754131038682342
0.29498318700862014
0.14717435630925782
0.11816278165707993
0.14593070920857476
0.11086370207655195
0.12795360023112864
0.36433703978351595
0.13871838364579261
0.1480878353951216
0.2147088591807806
0.13669145317209805
0.12260177948033647
0.18310503693445362
0.18620095153659783
0.16039953050200856
0.1380392320998158
0.27352628860936573
0.1982787203708415
0.22960118613659886
0.19515288494618935
0.2347789488812718
0.2768083090272737
0.22503564342775892
0.18071340855563067
0.14856695662407574
0.19645754286659758
0.29935626919041325
0.1694535404383238
0.24641837393029917
0.19280849028472616
0.11617064301807954
0.17713821109605996
0.1643365353852257
0.16479753541178002
0.5929135410886178
0.32461684454465495
0.16706269219269707
0.14432223594562169
0.218710120373336
0.34038085589142286
0.14698716904884696
0.14720714522214834
0.20751333552320497
0.1825125317145395
0.25565945184302336
0.18487590312596572
0.14399312894337024
0.17642423673032606
0.13075385596980973
0.16730836222706055
0.17119936896218854
0.14266315408969615
0.2988136084014797
0.1773897295358044
0.16904819224768128
0.10750959135199233
0.5296961468343244
0.1964601972531112
0.15295659198315575
0.1707974771456019
0.20540574439456427
0.18041944924332504
0.22130668999948602
0.18627052282878542
0.164500759800329
0.14581466650924751
0.2275008210924167
0.13290257484248605
0.138776503305742
0.30268110424340483
0.17885532128651127
0.14048465496261245
0.14196189314317118
0.15544355413070848
0.296599889220517
0.16999762666430138
0.1277594228804556
0.14492911404245729
0.2073232925364897
0.15808440151130457
0.1857643663205283
0.12341831689727328
0.20144082130655838
0.13673263857311332
0.23280925508382147
0.1274521381185735
0.13604570323763965
0.14093079886848653
0.30118871468612485
0.19314465229833824
0.1661995479129065
0.1239329843290855
0.1532503763903889
0.12562298380778075
0.1457045425078178
0.24158033026446382
0.19008407122788382
0.15637553774005422
0.33832375674851684
0.13656489886551088
0.24808569496405625
0.19504857236873077
0.26883283589096435
0.13573974128818792
0.16870015101169
0.1850206043869665
0.14894898976338863
0.211661249716326
0.13352143770841451
0.14590548714910265
0.20378549993092154
0.20032835268324015
0.26452539480039944
0.2557477894545007
0.17715641283394779
0.1707918114024975
0.19716115801254452
0.12769796578044473
0.24034935201571916
0.14410442840569357
0.15801885855133907
0.2418822649666372
0.20412761029702783
0.28732349934672
0.18124487703216277
0.17540066059272277
0.27028218433256584
0.1462909835805481
0.15744765498385893
0.16015508276285195
0.3466310429451771
0.10558802804607813
0.13229154873866716
0.12729219862368493
0.16899197337805894
0.14667932634359102
0.134212918682952
0.10753628754021469
0.2311758000205963
0.17515173067894613
0.2298445390650499
0.34433325466140924
0.25962460466945964
0.1507736073468406
0.11997164086064578
0.1141271453717072
0.3221726730502555
0.18141535637679443
0.3102669052485429
0.17252818054746838
0.18720309423030063
0.17212039477342245
0.09314678444972678
0.18807855248889233
0.12823451488035598
0.2761332698681938
0.15737025526588228
0.17064239383302265
0.13136489792919287
0.1697987211038211
0.15598805063815832
0.15722258184273968
0.19206106677463056
0.23571797691995208
0.12612715230626578
0.13570843007706013
0.2756686367356631
0.2533491224664867
0.3776712247734364
0.25814377711241565
0.17065814708892166
0.2097142370501566
0.22355682365730015
0.2620113078761858
0.22406019335710925
0.13513977185574524
0.2724824161526346
0.16833283946870692
0.2046087514761572
0.12586631911543344
0.1104831193592828
0.4038528111703664
0.16687160031230433
0.19529121729307983
0.1289025484390654
0.16377033778485287
0.2944226446733607
0.25309212158030187
0.1149252981226017
0.172192790463201
0.14892646146967273
0.2780846960917106
0.19884790121014947
0.13883342630262718
0.19957237533059186
0.11789952222651481
0.12699764186675191
0.17381298536237239
0.24243649993139404
0.15645024690721857
0.13570609061914957
0.15988475563612237
0.2900030050052553
0.2095401947856958
0.2075251049715649
0.15558959904538527
0.23889573964793817
0.08573422688836764
0.1541761495256981
0.15480822755242118
0.15969019206304974
0.153695642273778
0.1570661157827269
0.1295633650138627
0.2291823626144068
0.15147453656094714
0.15250651595272727
0.20996134878750156
0.1992048319311
0.24488992101503496
0.285180897322119
0.12043152897889282
0.2006489394805655
0.12882322746786729
0.15956563501528612
0.1387753570304282
0.11378559189111619
0.1608568339682156
0.359332866743699
0.15336018109092847
0.15624397951620872
0.20465000252381244
0.19572271100213562
0.1810050648690014
0.21768880460612405
0.21476226885374844
0.23569425650169007
0.12772916218609123
0.23581992760430875
0.1847942035226253
0.22164132282313734
0.16318608346787788
0.1371934845062913
0.14341764438750754
0.17679476635362382
0.14421440636165925
0.13119056971871482
0.10001352061895022
0.16609992122198985
0.17180191202603026
0.24469461669121131
0.15215112413761855
0.21077202871387418
0.1465192943319148
0.16129231082125411
0.23462790537135172
0.1202180371622169
0.1349605494336617
0.2117372086774592
0.2497418868715423
0.14991495134537858
0.24145267274807092
0.16490764333891486
0.1468259418290426
0.14050852814255677
0.08719365425596441
0.10406996518351713
0.1886544014851254
0.14837761197154156
0.16231320772872365
0.2008441624386294
0.19854846625869718
0.18474815190321697
0.1845309029275101
0.09186359626902148
0.24624123446397622
0.1860584943243092
0.23932530406936123
0.18852941759659397
0.21969621602411765
0.29601508003762467
0.14679010360629757
0.2607487904285484
0.16546970523965995
0.22129005064034674
0.17396296712236614
0.31806213509165426
0.219783263124202
0.26471257497638123
0.1476026349362501
0.27829363032686216
0.2940755307972835
0.18835046002352326
0.18185177464004704
0.13907149563219542
0.1561539628275832
0.24447479242216
0.1235043971283096
0.26888095224776176
0.1355260289742611
0.1978289373576251
0.19053433272421919
0.16951715151017654
0.174122649345781
0.1454725373793431
0.25253819843946457
0.14689494545811818
0.14952051301790314
0.17722081255969027
0.13653440789963464
0.25703273496449586
0.12867757053318313
0.1031093086646107
0.25667872270241615
0.12650877690485018
0.16593002154377906
0.20063095716846643
0.24008843823716294
0.2597919197781964
0.278869038914832
0.12529470681035787
0.16965871429618623
0.2459702350457895
0.15871496537382584
0.3254652962192935
0.10515593887167092
0.16819279116546376
0.18326012252839904
0.2740428451523098
0.17876706963526096
0.21812368943388596
0.11676335617854353
0.17739642907677627
0.27114126129345323
0.18339156894470315
0.35978195624870873
0.11165164258543524
0.15672037603109973
0.15746253224927326
0.16052078289635419
0.12559291930316863
0.29522033388665525
0.20163476103486305
0.2038435348999874
0.21394482206314902
0.17982964762513184
0.15449394472875627
0.3020235846307636
0.11179585033913132
0.2763929574152358
0.1349955704869966
0.1493326341470161
0.2422836679932062
0.18289001729353083
0.23377406526366207
0.11691995719028135
0.193233905044452
0.25376168548308475
0.27147977477466473
0.23971410251550093
0.1168956789942148
0.2715074299983207
0.11261911316572572
0.15876341688373014
0.206461161652435
0.1728829486297723
0.23870433079510905
0.10755425027556305
0.2663391120884457
0.11100428556435862
0.17571706859339387
0.26270952199125763
0.15831894287624165
0.19384351780798473
0.2996753255476038
0.11784685968866943
0.2069585582359321
0.18501714412099876
0.14898549525633828
0.4794516796309685
0.132280951924834
0.2249180733232402
0.16421232634858618
0.19103302590359864
0.1644992533010173
0.09680777425687015
0.16845856073423293
0.10804499148560838
0.1255008725916742
0.15340857143695455
0.19952267318938366
0.144564304113277
0.1524408220406863
0.20041691719533755
0.16171091085804976
0.20550227966215975
0.21532844324630782
0.3060234947306537
0.1595067538982361
0.25835227834149654
0.3702970119208475
0.2940848353619741
0.15339686347061596
0.13520521677606032
0.30949378270867595
0.162745006579596
0.2979779218020998
0.14816513225409475
0.1565897558778505
0.1400378352829834
0.1418301384319741
0.15223459987945334
0.22506861051990135
0.09366228038225159
0.18664743930931865
0.1982958735962629
0.14788939884661764
0.19900816224460172
0.1719283645458138
0.19684870618172862
0.19219330989011787
0.2412793103627771
0.15355919109068497
0.2970356479587186
0.2700558114657024
0.12980202952855835
0.14830971927839498
0.1681468485992628
0.2021340635011016
0.17570077046480692
0.2106519627073606
0.21828992020527208
0.27896972828020034
0.10427479045732724
0.27350146812798426
0.20955208775034712
0.12829104133165278
0.2087098512917848
0.18464189269512993
0.14625956722671987
0.12924566984041735
0.16143216813507433
0.13035997258563478
0.192928356773731
0.31059221009561494
0.15862694305969136
0.13697374669860837
0.1984662909056092
0.11536937990583326
0.1884705286588923
0.12822200293318564
0.21788413484533822
0.13295468553816048
0.1820706290116732
0.16942601503906501
0.14065010917269696
0.13623734852214872
0.287077488406267
0.17481321209798398
0.13971464036015976
0.2641073495575344
0.16249002762835352
0.24224805618396344
0.1449245312410632
0.23103039642254383
0.18599159406237925
0.1822837662844782
0.17449660124707955
0.16776022907240867
0.28582909825075664
0.20420636354005167
0.1755129746028937
0.28622040361584045
0.22314786876520037
0.15379556655003435
0.12331350278690928
0.1297246476192579
0.26152977127305244
0.16183815601747986
0.18406507890060614
0.21943466531882025
0.23904219179589029
0.1714196094035388
0.12522314866327916
0.2900429264034019
0.18948916798830787
0.21951908306590717
0.14207300485435495
0.16870229029416958
0.19075256165795149
0.16321250331587275
0.2039683377516134
0.15146117194626504
0.21583229754039018
0.14816092411467838
0.16684463271025832
0.16070774973719734
0.322828949861029
0.2915181453372141
0.3220678551006361
0.19831732227273974
0.1596598622794093
0.26858382778118955
0.2704745791567623
0.1270742123844928
0.12432944954495229
0.1728834508208342
0.17548734684882764
0.16747310732066784
0.1464795395758788
0.23298079824090137
0.3407670926130959
0.291369949135628
0.18032817344945073
0.22751064024163747
0.12666153081739884
0.13893456467025267
0.13861640625152138
0.1575920930650524
0.20520289339921047
0.17241863721945508
0.13942435427413155
0.13182683710617402
0.21304384044933758
0.13033156648969232
0.18951395249954195
0.20609906524051563
0.203290052165627
0.20771971651460377
0.27413892560656855
0.2503360218914119
0.1934410049170031
0.17301314191131276
0.23140722159040977
0.2612746270568608
0.17570447964836153
0.22127967087103764
0.14430168223664505
0.32783438941631626
0.2753579688156062
0.14663584491347204
0.13864028856218386
0.15042702753702944
0.1496575327884313
0.24437793098739152
0.16912259969489843
0.2705186758283567
0.15622263797603655
0.09549302063635329
0.14468003687889863
0.185568459598455
0.21546194067439933
0.16287735354860206
0.1590574633025366
0.21257914892302837
0.12251338121063621
0.1515502822663043
0.3216848148597
0.17026108078778396
0.1645733830665694
0.25633480078629917
0.16798562716414225
0.1887619804026065
0.2088114007719747
0.1723447874501134
0.18612126342378058
0.31291635040013793
0.28664348083829316
0.13153449411516122
0.18127332665746873
0.16038142019658866
0.15570057978165636
0.2301567703596794
0.2472996664092709
0.14448250438949653
0.15259206972400777
0.2124442077633903
0.35778384098128635
0.13362154225696818
0.19412592185823097
0.2166639885333242
0.13278649791246896
0.17320299233844874
0.1974045945547918
0.19700051049717618
0.13458511741756976
0.2932608842498909
0.16960327450567297
0.17972188974579734
0.132984490475873
0.11643465392358743
0.17474231344597294
0.12242594748474417
0.31978680040985935
0.17249861112440457
0.286420732943753
0.15279658667519988
0.17824699109867984
0.2371686115823579
0.3856867502672866
0.19309149745878978
0.26152293518879255
0.16661295070521695
0.2743287550038702
0.41954607760937146
0.2362167940380758
0.21154635158115923
0.10856185413309939
0.1947965995127383
0.17557873948625602
0.13502674553264757
0.19449360466022053
0.15265055055111182
0.18899913595698084
0.19492182486303278
0.30936171036545845
0.2504959599450617
0.14878149580903755
0.23641689656358056
0.15066359292109463
0.18032224735763136
0.14944518322141312
0.135776188346161
0.18941577283454475
0.20347522367301277
0.15558821886998955
0.18987230251267218
0.1738583416822091
0.149083444331117
0.1738909052994383
0.22337736115419693
0.18823424147688148
0.12287503446322814
0.1930445619885089
0.13871533624374124
0.18454943695617534
0.15693299043596529
0.3288162154712721
0.17371022917131876
0.28939868793909895
0.198413669713912
0.3239188893833567
0.1589740418197405
0.24734201463799255
0.16715414189670438
0.18099227105937274
0.2193362064535856
0.2194960606588849
0.21402206962449785
0.13550644726221914
0.1497369882744611
0.15681179739672713
0.21486541689135644
0.20465698383254888
0.14914987908280086
0.17377880977266816
0.11812022097107183
0.09533667950518422
0.17180798493571892
0.21778504373469776
0.2539421654361534
0.18999758422367669
0.22260544675222074
0.17401331985798532
0.32045128555596125
0.20250394124674065
0.2147790976322013
0.209713430208172
0.10320022690725818
0.30721528961637856
0.21303958791259248
0.22030474800946684
0.10036509358662167
0.13029933116752068
0.18419694585627677
0.2386842888214274
0.1439510273560157
0.21314356901222795
0.2050963854663171
0.15105707521239167
0.15196963958651072
0.1771572472074271
0.17839673269792644
0.1519089274358236
0.2100954831594149
0.14281688552352356
0.21059566889859255
0.3521563272704395
0.13869900540712812
0.15125686723343376
0.26772372613894396
0.25590089398822574
0.2324270251869455
0.28703925905680083
0.2091705358235837
0.19125992031801303
0.16988030470572915
0.24844029039526544
0.1828729753473359
0.11336432099510196
0.16615149195159626
0.20530599614162937
0.14804861803727395
0.2731423662556481
0.13566063966484196
0.23583705194508195
0.22402055412141622
0.2564046278929559
0.18911029636002932
0.16590068523160095
0.13654896721937188
0.15371669302844757
0.19485743979171846
0.2023935254996476
0.19145576916315
0.15535804902555048
0.27567918749480025
0.1838196628375611
0.18409885057866207
0.1969394402213265
0.20651874272276785
0.11868157435504824
0.1490829079824251
0.1954487781787918
0.19803852272001743
0.14592756200730617
0.18870028862439073
0.19302769932984865
0.1630537572142872
0.26448878272921866
0.21106435803490775
0.17481171471714282
0.14268888181816047
0.22760285011416806
0.2993550275207311
0.20682746001059613
0.13587746755920518
0.28046310374792865
0.08784492864952988
0.11845270143741209
0.21134349038078004
0.201125052231494
0.18583169962708088
0.2786441451355443
0.12465121872134083
0.12694618332066035
0.160090481419047
0.1699881599425227
0.21126398854361714
0.11356896768593852
0.28852005247884943
0.16293675567098823
0.17794573430531385
0.19725117709185136
0.1623065164917214
0.32535104937614545
0.15549224886219448
0.16167465123171842
0.2045397565441361
0.21335603915845716
0.13799092417836953
0.2695186258789453
0.1751815683124178
0.16171877854040873
0.1477647469293059
0.18359016713064766
0.11822745784964403
0.1311671104958174
0.227680868997523
0.33413689684573566
0.17372230771984995
0.22912028637135598
0.1226814008497948
0.17836702846627447
0.2578872670783139
0.1396657089697126
0.16675737312767733
0.20092642842679262
0.37687012931806374
0.183797271693724
0.21746519618265336
0.11898184832119447
0.23199884395793746
0.16416465541071526
0.11777809413879452
0.13751735405014537
0.18482481088428349
0.16234509535247585
0.24312942923737277
0.15018109058504572
0.3044131674407967
0.16280721281704022
0.24550542713301596
0.20320621977964728
0.31275094456483127
0.19299855564070706
0.18755644619957368
0.24670553893847164
0.12769295168789135
0.1500775082465424
0.23157641394588035
0.141486910561011
0.1542021822993317
0.16689906834924242
0.27666083376164713
0.21362322940611692
0.16960360651243891
0.12225529041969894
0.32381347339779826
0.15547877357040366
0.21277516050578305
0.16208221224613537
0.18676755085372587
0.15463068777011146
0.20173364109304898
0.20170441258761215
0.26887261782976246
0.19643337648641324
0.08380915285558525
0.34946828213417264
0.24749194079694165
0.2978127088112722
0.11379429515091143
0.17669944227675088
0.1835637049957719
0.19040358119345957
0.3155905648503315
0.19936303119530982
0.11808980232283865
0.2830690125780016
0.2503302552336705
0.1296636859830125
0.12247860891749965
0.30577113963735214
0.3975135845073217
0.149694684336716
0.12365448106511719
0.16609726427594235
0.19066127740470723
0.16864801273702243
0.247642438391574
0.14135861158700533
0.2934518460010867
0.33777810916125806
0.20020674949071782
0.24174911125109058
0.1930043923292428
0.1561654482133209
0.11408590729416404
0.17231177697445843
0.14275306449455172
0.15910355068757986
0.14178336030782454
0.1543286005979225
0.1442449531412306
0.2602905427945854
0.1935413797854434
0.2658766394993388
0.15550999334199234
0.17300095976630275
0.12629596426728906
0.13334057811445413
