0.4665488402525446
0.3868668470370473
0.8359741530246897
0.5002303803612127
0.34523345678876666
0.37030466195111467
0.5596447845254793
0.5379539018717007
0.5328658787451162
0.5238728298816
0.4443583242623024
0.30478276544817007
0.5090616603341741
0.7069680146848851
0.39554081828742793
0.6514215868506266
0.9327964897118498
0.44541746074782657
0.7145738635402108
0.5032588124267074
0.7405666605492089
0.5218368575943921
0.4852096913856961
0.4439794305327283
0.44768243085742776
0.4395416543162343
0.5087242583585304
0.4624738760738078
0.7187335471716688
0.43558207139681093
0.3658640788055658
0.4987725832964024
0.5557191441963445
0.7418979716328913
0.7382463415792387
0.718792325037273
0.4239638706527411
0.5284161369190427
0.48488305208168736
0.5973717263578574
0.4301653690448475
0.5753750883702886
0.35082533774640845
0.4656934725345169
0.39250499143353945
0.4758848218730135
0.39252098060522295
0.5000885988827727
1.0201929081650576
0.634780271279432
0.49006013865055836
0.7430392045341194
0.49306823093012164
0.5232147030232398
0.5947266432197117
0.6440279230672575
0.7509191232730209
0.41339458272319946
0.4800709688123426
0.6150673886814434
0.23548911502399528
0.46432201339067164
0.5808520060337492
0.44177964404052733
0.47369113891739967
0.6184580908227866
0.44646679676938245
0.2884470021808421
0.4219467785579125
0.4311159923011266
0.3150149288494577
1.6271300793977008
0.5954268085432242
0.5444218333594665
0.5160241715420086
0.9159918583797487
0.5889663165656808
0.4137992969324124
0.4553213272414524
0.7300827255843599
0.549236563431657
0.45458896123777726
0.7507532051407118
0.9208034123799077
0.4336391121917883
0.5926004925716868
0.5254961435108225
0.3471740455821448
0.5093311836316249
0.502666748100295
0.4809539977872516
0.4644266751604131
0.6736643744461438
0.6494105624430356
0.4373652055934743
0.3828598539872663
0.5208639708386856
0.9369570992216107
0.43471592651626617
0.5260854753201174
0.49456964079442606
0.45184958499291694
0.4374992087827543
0.4254703844459981
0.6818250513420819
0.4309444738979752
0.5616677210892144
0.3925973545283601
0.5031784657511456
0.4647131175455409
0.5076820518336097
0.3332050257562237
0.6052447097048285
0.5652652176281121
0.38612583500825043
0.2937947590077301
0.5704731774444671
0.5908113382214277
0.5242098846333364
0.40995480385095356
0.23749559964483408
0.5729050313839946
0.35061927925790143
0.6860446658567444
0.7096790608385369
0.7534442817729258
0.5236042023582295
1.0409473081203575
0.38034726615589215
0.6699050045704467
0.6981906637869448
0.7271819712186689
1.06624044657295
0.42601317647788234
0.4756613198382429
0.43742617530218075
0.5527186493413108
0.4236143388003913
0.42450521468119834
0.4630983911941514
0.6248539692260379
0.5335591025849896
0.7174348277540604
0.5007117559753215
0.31894260511611416
0.394768756435058
0.3079392120371594
0.6708844183044635
0.42993503294644164
0.7433525147856043
0.5238490022340342
0.6491633901092684
0.7345654129197304
0.6468645299408322
0.3208997026079117
0.6826819171049755
0.39031025135542524
0.5058439528334026
0.5150506400142963
0.5710831500319604
1.098896373609726
0.5076868700053153
0.5678220753610497
0.6745574728640907
0.4961202487676533
0.5467421714224193
0.3544430922970632
0.7297944543322685
0.5541124706678112
0.4811278023938032
0.33711079336231714
0.8326805026851871
0.43717923076167586
0.5311550366472113
0.4939362805263319
0.5321184153031229
0.46299222465480366
0.6191062277336924
0.5201506369102115
0.5433724827025387
0.5637056346916823
0.4806007818241003
0.5224589919204642
0.5261185326829199
0.43394691746988384
0.7115574616929891
0.46086925289177594
0.38227024193034487
0.6270235198691985
0.5268746930687427
0.5475557660023846
0.6823056561425883
0.6427339011836519
1.1768253630636851
0.5401489443469856
0.4198465356163282
0.713182284420545
0.5698627483000875
0.4314908307561115
0.5111617363746864
0.3065076702953001
0.6324096085487103
0.5752348836599148
0.5116268235710688
0.36927751649981866
0.8006074720532727
1.1352006117423359
1.0578222134452329
0.4173738222574932
0.5002465376475441
0.5594331472548371
0.48474295762716696
0.4469127146258297
0.4103921828960846
0.5438704328089191
0.6667771015810354
0.595932329392396
0.44234978917293727
0.5365797981199146
0.410849720206372
0.9039749448243449
0.5119505223174058
0.5999030855778792
0.5077848241116015
0.45793620725072537
0.6843076796723228
0.46107323441660114
0.27580354487038855
0.3528378827405278
0.44204046189332713
0.39358545469421274
0.5565565495187011
0.4077072817054537
0.5938378821223901
0.46836664180375415
0.5112415349328215
0.5655223162241656
0.43808125947587334
0.535514769795324
0.8025000209312216
0.6943634108167472
0.7200490995107955
0.5616852916154239
0.6923755481262867
0.5508176872618694
0.4303520818274261
0.420166246276862
0.5084973046338553
0.4016407325052263
0.4658404541875687
0.5009132945319744
0.8562818391336504
0.6182863579899982
0.4280474953388708
0.37177705917795517
0.8505634670188191
0.616331538031589
0.6490147325650891
0.40932932963214164
0.9090950532698948
0.4131712125941675
0.6475098541273887
1.0521248881769554
0.5307775342336674
0.4155745078277888
1.2281190249378864
0.36273629408731894
0.5571117997818678
0.6957062323322659
0.41163817111783774
0.6834686145184342
0.43273301672954345
0.46093239033561706
0.5083163258049692
0.6611158392162948
0.6038184514565085
0.553827169591317
0.4845159697790936
0.5238853353201124
0.46377474918980677
0.5661543844991413
0.3787333849744021
0.8971417615573526
0.8682917306452854
0.5434688373025104
0.4842625965310408
0.4839820397331067
0.45825965314056916
0.7422203592450402
0.5262997537468049
0.5783254920224049
0.6919978326354551
0.5814675963164573
0.45241724427600283
0.5648108613145235
0.7549345832379769
0.4921425903960668
0.5490111566470367
0.42823635802865084
0.7005117912943136
0.5007328240695976
0.6112815004898134
0.47451251763498004
0.5239595556422241
0.4891801170897324
0.8322899926323707
0.5820126853155504
0.5417451851149627
0.46072471803021403
0.5995307187586765
0.5697887052401603
0.4611500020608962
0.38185507845006966
0.5727952640289888
0.5712706385004623
0.5273973652363104
0.4399911648317081
0.5800954922473645
0.49476684276142585
0.7473139882397383
0.6182915089514008
0.3355238194545141
0.47518099587837515
0.7303742481845328
0.5433232520985024
0.5727351188542246
0.3688838849904368
0.5834604677751996
0.6621862787459223
0.660522176598294
0.5325474487636778
0.8864533022663612
0.4985044691855351
0.605845062492945
0.3930906885993105
0.4783841114790195
0.3536759768836577
0.43736390767093125
0.6873004138947724
0.35708538627699826
0.4566988317935152
0.42686287514870863
0.41380948615401764
0.3888885686811607
0.6468206033159565
0.4897606047474842
0.38077157541113804
1.2222284640126069
0.6302949387809347
0.6842146636540102
0.46230202990271546
0.9288348508864911
0.3493833041033519
0.5049724330161333
0.4520855699993548
0.5530420934128395
0.5395082742751669
0.4747624794632037
0.43218516989800115
0.44192821392858356
0.49482729931682834
0.6548609043016831
0.3957766699220736
0.488563159758466
0.5008223073378033
0.7199471509404706
0.47574886743062256
0.4994271263477145
0.46902009626612073
0.3624375738341864
0.5143227499612997
0.7913175520676138
0.6694457675448405
0.5332541593162661
0.5871726508658276
0.5802237163128149
0.4905255140117328
0.5613833094826639
0.6880723506823415
0.47499520722789695
0.5159288234813817
0.5767239043478274
0.3636950787767755
0.42353198895221167
0.529051586771318
0.4101135559949155
0.3694978589391086
0.4093538487053867
0.6260093429039901
0.9282416848929226
0.48992744230865976
0.35432541776218196
0.5389879075852697
0.4470901764554268
0.49653402488665366
0.4904397984456257
0.4388219614661381
0.30165751810292085
0.5343756811888517
0.6852568359765182
0.6040523948582027
1.055820299583685
0.5495634874829818
0.4741863747153907
0.5778333289713635
0.6602201503972657
0.3849876154996586
0.5897825245584002
0.6586052102700958
0.5728133120977291
0.497519357920161
0.6585801200417034
0.6856008923022486
0.4325685786855496
0.5429060191113884
0.5526093801588533
0.5801059226301457
0.6609517308394849
0.663769537449218
0.8406629305612566
0.6129630492738057
0.5329242170606981
0.29522604076703796
0.36460231201646365
0.5826804152189919
0.4449736221156063
0.4695331057904465
0.8693770029109987
0.44109241812477035
0.40938610423788935
0.41849284823437577
0.6069710353380522
0.5207610029733062
0.6218902026406007
0.757322913538687
0.5972932816979973
0.4750671851397527
0.959330678616148
0.6086907058119593
0.42014113573059847
0.48016944719554117
0.5569062688957689
0.41491130268059495
0.4591780921607255
0.3303109207716467
0.46961655828222637
0.4577743702651599
0.5886955943053441
0.45615072084354397
0.6482400469247631
0.5601238370085699
0.38465900039550666
0.523899600751328
0.6030937414691244
0.7456424261222435
0.41930902796907027
0.37673408464178354
0.4194648995089512
0.44671019003869494
0.554684653707106
0.36252423803620254
0.4551102562544995
0.6071018784498904
0.35230054399538296
0.4552231224940405
0.5854230666947922
0.4885850423737453
0.30403865536080565
0.4164342417922845
0.4980389615475381
0.3608679080364609
0.4637804138167058
0.5050650555415187
0.4788910024102636
0.6187599323305718
0.43853088284475783
0.6046092827289584
0.3384834079940864
0.6983552105753134
0.8288253245282565
0.5177079677808616
0.49456336265402173
0.48120058669599786
0.6598337004317272
1.0934404595863254
0.39830227514542854
0.4973681725387739
0.5244548566784532
0.4748934028116719
0.6839716594536275
0.5320798392388677
0.7003922886239069
0.8902597921745252
0.4784652502088795
0.4930350966983946
0.46601128786150137
0.5033758458596057
0.5285124545654815
0.42625829751939376
0.44756868558146096
0.4854895367783275
0.46439920349212666
0.40327579864472096
0.5017027686581802
0.6166153890021276
0.5419644523727043
0.338826655697159
0.4369339209280617
0.665206239855949
0.6656845674954315
0.4499204151005974
0.4858902829559285
0.47516159660990076
0.5223491603052857
0.4075551378754431
0.5003785573144095
0.36979139728785343
0.4810208495739325
0.5230431241364212
0.37216449764605447
0.7650200545602482
0.6283878737680857
0.4913383492405399
0.5914241159910469
0.6527398681941148
0.5308354083227702
0.6794194829199904
0.5766405104707563
0.7632492683412058
0.6724433714308563
0.5517036868614102
0.6149603099585083
0.6621368010394197
0.240473990822066
0.4335554893091689
0.5116215035547523
0.5588878627340307
0.4579367693156889
0.5741979609935449
0.3629692418261109
0.49307255065521277
0.4500300728612265
0.8453227639305726
0.5472860508600327
0.45470423682257444
0.4767369292356969
0.9105791585248237
0.42124923476396964
0.42483427071725954
0.5166413773606415
0.6911057884678727
0.6200489947967541
0.3369216988084042
0.52302265797616
0.7861058555903804
0.412461098267334
0.5509422613269125
0.4894424582085202
0.5314099850976385
0.8131380852546791
0.808599186846433
0.8037760583784854
0.2674270307518599
0.5082250981254957
0.5403546532503527
0.4963930452738179
0.3577948827924882
0.6097857065976107
0.5610265119807888
0.5277236499877891
0.4702196612858352
0.8004224084846415
0.5439549812835985
0.6723258147005392
0.436535238441211
0.5448986981529207
0.4404594487900688
0.4346064834810883
0.48949317976408496
0.3330891724907673
0.7608785474062029
0.4238675978269066
0.6122907214042215
0.547055665417443
0.48551717679020223
0.4341138125473753
0.7948353194956713
0.4476673442481107
0.5153120103856916
0.6656385618427599
0.4873387214306013
0.7390555291757995
0.48659085344948927
0.4068463937154091
0.4510309636066404
0.579285667759444
0.5515630976884638
0.5286684068817205
0.5050429485755239
0.5705508855184978
0.5140537310635451
0.5257918414532432
0.3872624234124528
0.42969419606055126
0.594697056801019
0.6911337345417096
0.8696879677259587
0.3857785775052643
0.5844060072786675
0.4709550223172654
0.5137082835278919
0.47066475258164464
0.5395698739564126
0.5059302173623277
0.5397634673238757
0.42175275463891154
0.5711204449823438
0.4679066374160687
0.7921060397030785
0.427759488733376
0.3383727041893793
0.5329885536906996
0.4906713856467656
0.5667376324530493
0.26943271792943263
0.4731168885067858
0.4463107928291369
0.6865160582237103
1.1178399499073601
0.49766824437147716
0.4997491304384198
0.5640551735844669
0.3898251337218405
0.43553862666331755
0.5940667717852031
0.41720771069732254
0.4181140406549169
0.5733307371582634
0.41657832713747367
0.6961804236741753
0.5165924718462481
0.6588136519301921
0.639947136079822
0.6199183393831121
0.8889782259119604
0.723977330106228
0.547433085140817
0.5350407922233101
0.4098840958365043
0.6409685746065159
0.5735872949654178
0.6431086545160603
0.4479385630686432
0.6884879348758584
0.4143986483500736
0.6265689895023315
0.6388027980451659
0.7355338118366924
0.3556649928100276
0.42712900461278863
0.43397892877509187
0.4457463495264191
0.4563838053171003
0.6086771029296548
0.4606928175254391
0.3677183807428728
0.35069919601948
0.45272799422612187
0.5000203210633026
0.4569505007420135
0.3644990452809277
0.3830139556854512
0.7210449709468376
0.3802400843061376
0.5956813472596991
0.42132676587506007
0.8841829836276042
0.44524732647884624
0.38414095281975486
0.4989048559414108
0.5715144786054778
0.6537883814274242
0.48324544128348956
0.7669834693369031
0.4236165071709323
0.3937110385762987
0.6719877498675061
0.5237611318740842
0.597461472595315
0.48447246175853687
0.4929670085128018
0.3614368007675434
0.4882115281426717
0.5755775394627796
0.747562196486818
0.4658003489331778
0.40744574745646256
0.7558174541754075
0.5000303123385048
0.2992982881879447
0.5118262796193692
0.8533233410758505
0.539289717088312
0.6106727162875661
0.4766136239137597
0.4669167744000038
0.5088874305462577
0.292364281321917
0.5180589130215523
0.23231528261119155
0.42110161279850655
0.5995192211929172
0.48703311414272327
0.8377014903421997
0.723031368817752
0.46942500685969124
0.7711137456356183
0.5404400553649799
0.44639039115740736
1.0429938320430108
0.4615048676161104
0.7870286484659339
0.5633425993328214
0.49085816229872753
0.7662129661190284
0.482746850439144
0.5104513032978001
0.5002670628231282
0.5435198705030952
0.6039269881151813
0.5328552745580961
0.5359451342869538
0.6760787627222145
0.48078861777236787
1.060889344278698
0.4400407981689891
0.3553338823464552
0.6606763520822271
0.4922789388662253
0.44159406596726347
0.6441407833221584
0.5134058609974557
0.46634002357731047
0.40170254015256196
0.6928572925918208
0.4797726385173406
0.391833721425028
0.5750071373111432
0.5379883336209219
0.5904360027928107
0.422827702170979
0.4871306008728366
0.3864830856539593
0.42256004607472464
0.579631177741438
0.4771520338973813
0.7647106348618161
0.7766272148024606
0.6025750036694889
0.5603261108642937
0.6345078542765948
0.7054922711311153
0.4974916169367395
0.3878072827728488
0.46775176168028504
0.42941508839546183
0.9572159829615976
0.5066309461067205
0.33567178843026324
0.732429173528821
0.5270826194295539
1.0625992712713261
0.5711064433482977
0.6595182455170291
0.4550550154553522
0.5746661525727192
0.6392894769150249
0.8356712530535693
0.27816554660558795
0.4511327333096577
0.6844231150481035
1.1212621330536268
0.44073211869817125
0.39623289319252786
0.4776867751243026
0.48307628546358705
0.3366332043837664
0.4410905550210318
0.5728137633433307
0.452731560825437
0.5007075014115638
0.4426663887546574
0.8101569851408502
0.48763342066004717
0.5392558179824448
0.5958019980745205
0.3795031167835167
0.875914863186021
0.9244258217834685
0.5586126603851758
0.7125857463100933
0.4547223817672644
0.63224999815695
0.6540608380886915
0.8108824619570262
0.34778907078128585
0.46960662542873477
0.44122798025519994
0.566879770538373
0.2799955478904276
0.3280554228830962
0.3847359162479511
0.5373511727944311
0.5841042610173554
0.6127706618125458
0.475511967151267
0.6199951479544271
0.40082231475390756
0.8682671762084051
0.560388664466742
0.4820553120996236
0.9858344647298597
0.5979880425380009
0.6147106606051969
0.5166672720156155
0.42998251160186346
0.42187893688540284
0.6249164831608724
0.45134210675895436
0.5164307561885393
0.5578629124354029
0.6079473882230362
0.5289047424307004
0.569409310740894
0.5484569061694082
0.5886589741950736
0.5164612356043277
0.6399458462917978
0.4697825558351698
0.5621911799678423
0.3894642859481201
0.40118862898600766
0.5643549153488794
0.5580609598701567
0.5843675809646091
0.5878203018725335
0.6314778693246429
1.3028969323632942
0.4224297723504515
0.6023477400755941
0.7306780148263101
0.9099557098908101
0.5573721562549144
0.5112629639204471
1.0245083142658085
0.5871742188186958
0.5060579571052124
0.44960670021833726
0.948492052848763
0.5905445804729065
0.6197926898634809
0.419183727588554
0.8003143589208045
1.0285173687182059
0.6772579353092296
0.44332158735955046
0.5037768822312015
0.6981256508301754
0.5943961268474862
0.5361437104684799
0.4491381376584741
0.4048811256721796
0.5241081140469772
0.46357472025531804
0.46017381775727373
0.6299382900904492
0.8065648145536144
0.3277210709626422
0.5772041149925544
0.6536695753609171
0.6246936999080018
0.4724586002039014
0.5475745988992992
0.4119290365444248
0.428683840798151
0.49910771639154905
0.40733924494608414
0.5912398686096395
0.5905714072359498
0.5254890297085276
0.6833484638823538
0.5175771732026181
0.4242147315096494
0.4436888364749313
0.40724767960451896
0.4496703734465786
0.4252403929350235
0.45000128482590146
0.570846055334898
