1.5907484114018793
0.12372920919534708
9.911880665333584
0.854458406199801
0.08504289005101265
2.5086725807986525
9.520445382597682
0.507606505182501
0.4888293146055877
4.68369357871621
10.583367334733756
3.949130079449808
4.477419701822106
6.5623242742382475
0.506074675571494
13.503785035397602
3.7662367106941153
2.4724281478232677
6.079929194983843
6.014759276850427
6.820248654735612
2.4855366313577094
4.284471178107996
6.862118118116469
0.718805589167057
1.9781336687268665
4.887162014127483
0.48673742503721545
0.40522261776952667
8.833794120749653
6.935878358340357
1.9718637544734623
4.610894967306657
7.628094395930792
3.7369455530973976
6.739193292526937
2.0544744034961413
4.074201572938234
1.2814345578631978
7.32453401526612
3.345710299676612
3.118653269112195
0.9141270356155969
10.430259913256172
1.635445085700901
3.30232449624818
0.8983701131771288
1.6056178235699816
1.6599617296858555
1.6040612894863422
9.794192797872093
0.01806042640011905
0.6907952148806547
2.036930347055898
4.194284957079868
3.035221371561841
3.9473368509743567
0.04395037406210555
1.059806464439403
2.011089516294877
3.443772109931032
1.111975909056125
11.488923067961336
9.580517153949662
1.030456221103403
3.281052741883071
1.8897900030556438
0.3338718604029207
3.0442205769819304
4.642609102638877
10.74907099110624
3.5984577518540073
2.879365549890483
0.9969293850317011
4.896261793251757
1.744072081884028
3.728840629940831
1.3635506640742705
9.545687425505934
8.915161232326625
2.4488033370574716
5.800283410572235
5.54778529006166
0.9038145668157973
3.0064002200907165
4.141575651065307
3.0974439405193603
5.624743058114776
6.617447615553359
10.855751749283444
6.0486574099620904
4.274254695758611
0.3230483676131294
11.130426657145149
0.14138789300124474
7.647223131181417
0.39140776559219104
7.50744505131083
5.859885923260057
5.649701073380183
3.8777638376365404
0.419884739563367
2.9890411966741004
6.705188664107146
6.709095734544981
2.5169201224783415
7.4993144318051375
2.8281799665302843
5.004097937780549
7.729344237978082
0.576208212429669
6.960444090040005
2.418286526493594
5.876485442688482
4.448602053776513
8.076675209400983
0.8106142867225485
1.1957455307896958
0.6509153683589848
10.630862745389702
3.8560700248603625
0.36445203593434106
3.0111451813065515
1.0146868114046967
1.7092013327703968
6.086289048349033
6.859102459026399
7.660472308073974
3.7179778713016503
2.0033251743324314
0.6983977578033675
2.057759258955888
9.757735468388706
2.1237460251034
1.253099035213135
2.9503046503198904
5.9837328858789185
5.230861816272871
10.314842701086311
5.075949783564965
9.51859707718994
6.845841233324432
1.3036616716525748
1.4784768836248343
2.6531022326968
6.445804363192099
6.255988791612634
0.5626571421816172
9.12502359813462
2.6744847148784445
3.3946500844883922
1.1767958446282916
0.6670730345839936
2.449667796867305
1.9767215754034493
1.9183547260020535
5.340221498434429
4.0365513288720845
9.682648430903933
0.42135320887921185
5.91767071572197
0.6471251431969041
1.8954250102346424
9.873113057422293
4.22489070117423
0.22707914583651487
1.0612656652180532
2.8748039976505755
2.450975488269916
0.6846255715877877
2.0748678818166435
1.6997137789542764
4.575965109582499
2.342430668102886
7.406803410909725
2.6488287537776034
2.688931821374003
6.829700053448064
10.369897670040713
4.898682110291282
2.9809015885950685
0.17716166483090076
2.9953788405202038
11.016747789634483
8.300468453488937
7.895268545996501
8.56082232249538
3.052546101481783
4.218858102120112
8.007908110081736
0.9168002486068159
2.036925055074468
3.3797016547353094
2.246812682989335
0.38996755734922783
10.510993226069939
8.06986099493123
0.8682596721232789
0.9252313585748716
8.176554004810598
1.1726659134293593
3.805194958468831
2.748307396579339
7.2823988340103645
4.5011198766317095
1.2556385975839175
5.172455388753861
9.62628552565564
8.243096183299143
0.892721516082405
2.259114484269258
4.676241266768366
4.812838453176111
4.834386458028023
3.7585649493027353
2.619636008049017
4.132318452888058
1.068113952362354
8.93059547701544
3.343281107096666
5.319712304599426
1.4657419000091203
4.492188266350883
0.4256321316303486
4.999440427616552
9.518865318282701
1.2151779489878272
1.4431346276191694
0.2446557388490144
2.311977439423106
1.8910266834065164
0.6434293634073603
0.7193626876022002
5.982090608921113
3.658482624264163
11.956212486398748
6.439230793657997
1.4634676175594081
3.6440462566681724
2.2190832094896975
2.5549098250644993
2.9943612123220684
1.3710170756847648
11.895764274013876
3.955635672609444
1.1740522315534045
2.6386968133560496
0.5775417573817955
0.5862493607865118
2.741360182006216
3.7473878235081655
7.608442536313363
2.3700254481932648
9.945249581776826
7.05818039679539
2.3941033559865352
0.5464054770994027
8.844339380464904
9.667334064519434
4.207555012655526
7.213856247087553
1.941337884220016
4.314099768471156
0.2554689546699709
6.069409588348655
2.7541462073718086
1.0460408155658658
5.920695906800659
2.6299216487652686
9.825036882072833
1.3147190253258547
7.970280656124672
0.8015469223374451
8.849766027330908
5.17121932899055
3.375685847515979
0.10875221159887306
0.4138963397352837
0.3939857076188009
7.630093222966987
8.201451811797781
11.028515584018667
7.015295323782941
1.7719337982644863
1.6295824972221962
5.8022340029514385
5.2761009744210305
11.1518634435451
2.728817865170222
9.744965916164254
1.9268702286071675
0.9951330894858835
5.065397436231134
1.0948543428071602
6.369703680411718
2.0210979522405923
5.61118164919865
1.8588546315290013
7.59975428249608
2.877046197265966
7.287096579453255
3.2855917980644644
0.20660040374586583
4.482565334260363
4.433028253534875
7.279554188117279
1.1657848851411354
4.727134294084111
5.630821450839573
2.442005658133216
6.40493521580069
3.9866828374535914
1.0602703381758047
0.06139769841388909
8.774375567063833
8.086346083686452
3.2077791548411283
3.630295255903508
2.5563353476279786
3.0931102328053575
0.7282564510746975
1.605730399291411
3.8948837418966433
6.341769267507967
2.775867871946051
8.980661676343223
1.441438625147417
3.7022984914763097
1.7717979828212416
4.197491697521732
3.6973482278205956
6.577215927242009
9.942579803432839
4.673726001550207
2.0844078249095026
7.070998053707507
3.025835469870725
2.965440728075995
3.1096640317445488
2.0821364181857813
8.656172670424121
8.43374467682607
1.4402412324707903
8.228395618087172
11.22083315725724
2.3591902964905542
11.590688986918922
1.1141156381167234
1.3366714455870992
3.8691216592823903
2.802130600049658
9.252639132582761
8.458449606302642
3.2651601076230476
3.837751783186649
2.093147188515969
7.025720480330236
0.5175690575204692
9.784589175060844
9.057472206388995
5.5245912709968
13.104932869656455
7.280142482823597
4.654648179845887
3.570674835710954
10.159738751742752
8.861449814143512
6.203799543758572
1.4684672152422051
4.9390705842668305
2.3740505799474625
5.418053130752337
0.8029561501035564
1.5345059045270988
3.727828688002007
9.986477129505392
0.30827451136792383
1.792474081779177
4.45967852027121
4.861963290478073
4.936601530511601
8.84220882484739
2.9362046908893444
0.8310406174539738
1.127331629672034
11.589564975727688
5.859937413467153
4.693565492416457
4.473842873291761
0.09271330987120327
3.0406484633000814
1.4365621555143475
3.71409971418666
3.210038753952659
3.4498234760620723
6.906848659385574
5.2239041559094535
0.724546480108579
5.238010313766607
0.5325162932604206
2.424340911386848
0.5402672498433255
6.945970180992986
9.46119055277621
3.655544069070521
3.4573587644980273
3.908605367920978
7.2266385675312375
4.621095547113976
8.913927645650686
4.639888891917087
5.992751593144998
5.560244140848742
3.791275705931856
0.4863379856592329
1.2639125182179378
3.8887539989169158
0.3795558046110416
1.2818039894599125
3.42255825622693
1.3759971644240365
3.007238539554822
0.7664934822245719
1.6327840353994516
3.1108318729431708
2.470459477725466
3.9920440251115354
4.0082702649244215
6.908837088816794
1.446607281481768
1.392519796552776
8.323511064570695
7.241562844375376
11.380305706358705
5.637005265235662
3.4715195092102262
8.902385097348228
4.289581515202099
6.906425590721755
0.4317304274217042
4.542903231306468
1.6900174426323147
0.7757874528219334
1.6555326683358527
3.967533503438739
2.366306072935863
5.97765481388436
0.7349352571836891
0.5019731366712235
5.269603576754219
9.05522605003402
0.6370011032707554
12.988624118329493
3.992402125072403
0.12129725494319545
3.9139582835006856
2.386636766567214
1.8330146116062933
0.13443950074892524
0.6086600275252432
0.9217805574754427
1.1366363399733628
7.739555715910003
4.415176327956792
2.0978882155213214
0.6397873220737257
2.3277963953944925
3.9082451837362404
1.6823790925141249
6.264944864268398
1.5559821577407151
0.4648862199995143
12.509078669600946
2.6762826372245603
0.9411338610787604
9.661288154492006
9.981012016322607
7.289084246728842
0.37960449110915
5.317535781721067
7.232102478687391
3.408311122556542
4.2795338359463875
8.739796408072634
4.244074589348897
4.848081578289916
1.644845649055137
0.40121389855508666
6.006537598923267
8.502195120383085
0.6518358408274694
0.42170899769705494
2.794516836356799
2.877675724327929
1.8918128090269544
5.243938803992215
3.444896938555651
0.2748991316495927
1.8266542760958793
8.757602112396295
8.518788268953928
1.3442111495822058
2.4101844678040063
5.435317685591492
0.6982374978947228
0.10569494995374548
3.218834219019856
8.127275153029695
7.556023220319917
4.9190651560844145
3.4795625840729913
1.465812523446721
2.7675122092337374
4.19443403060344
3.558855289935229
1.559035802222992
5.479741987458822
0.9254967745124649
6.322935284126461
1.1887920771013119
8.946974815060853
0.0419966006324992
4.344937507966161
13.732957803279275
0.9282642110329458
2.0089660731558228
9.234145564511078
5.7693446533360415
2.2170855662117614
5.077742392672343
3.4728644891014406
7.1174144121677205
0.10481811888484986
1.6696519439590067
5.610097006342498
6.885666864097578
10.88248431261955
4.932169749290014
3.6130727981691524
2.5264525147901598
6.9247943195394015
4.146435888912804
7.649855828801877
4.178801634637818
5.512076189748844
7.6238216177967475
1.243081205824147
8.14144944166802
5.722456453738089
7.548687569732614
1.6344820935470592
0.74101542006711
9.583447369417453
0.863095984720518
7.952604838876238
6.397414005999075
0.8715840235234049
0.49675521475304957
9.257836457112425
4.266440861879886
2.2656272733371177
4.295745039161296
2.6995907550728466
1.666838073089488
2.247354504832388
6.270573732491252
8.176521751072293
11.864666583429697
7.587080982893583
4.812224785985473
2.3420317808845454
2.846894605737563
2.5645320639772553
12.894862308617537
5.955697864227289
1.0837117769032991
7.652211522163006
5.058787520069756
1.9753936765967681
1.7538401988185732
7.4003142297690205
11.298715864095211
1.810756249982816
3.694141728320739
2.1066003258511867
4.049660023047185
6.796375807232712
4.510465976795703
0.06852094811638294
3.4197917743984956
6.8402748365610115
0.542958532491758
5.9866473124187065
0.7110871417733743
4.781741148435499
6.533758978120219
1.378742593077865
7.837744158650843
1.8838921777299078
0.6411560507417673
0.43849318614984706
6.897488361847745
1.0193406541959662
0.8622433007587021
2.1850681797819593
6.443762315874987
3.217908053828088
4.347454487910476
6.7737306814169145
8.846932399255941
3.468937179736249
0.6810832854908423
7.532601212686359
0.4642989997154803
7.75250711677253
4.9632737618035465
6.461495441200757
5.190924283747227
7.118718340231018
5.978150398468903
0.7421022050133697
4.965536989750599
2.5070668552070763
5.134044355520999
3.031158844793943
1.2086497123024675
3.153111138712058
8.280323383736508
0.657768064834607
1.1886598177768792
8.334900854134414
4.026451695673216
11.23286109094014
6.163562057195724
7.198623213459114
0.7358703411205295
0.900204490277585
1.5853845850518702
2.541640875143936
1.3491568064909605
7.224547821481378
6.924549502483687
1.130890506286256
3.0553347931357075
7.120747932761174
4.2340431853613065
0.2436920019889458
7.044880258692459
0.7904768487935347
10.389466067191105
8.085913177041594
5.065009899154961
4.961524034609128
4.610867114559488
5.130307093172777
1.411465624565723
3.4887783550553957
1.3338498571099169
7.298080042782693
4.407051336955461
6.070056205416626
1.0022309124171749
5.822073978358759
2.7967121115830134
2.290621853404417
6.258625679872282
2.8633470657604754
0.5524760092960787
4.338430402407293
1.7193542211037942
5.04843458706205
4.072962218878879
0.30970186151874723
3.1671589431379603
5.266946352398478
0.7364096563032858
1.8069922993939913
4.268617714714811
8.964112246531734
4.953717776525428
4.8925393652156455
0.44244651338738383
1.1921342590494106
0.490901723606175
2.728706162994663
4.390411258467562
0.24405666506826473
0.43782758144988054
2.787633870356504
6.098360204413018
3.080646805311978
1.238849076562858
0.8676733569846514
8.553838916735144
7.439547985812495
10.482385947562426
3.4089493011648635
5.162629015777747
2.050739370380225
7.8097588742897734
0.0645358035303708
8.600633795706775
5.073158085736874
3.472103994526347
9.415621686986624
7.8938637890828325
6.087448052629396
0.6690473793839798
5.084310896182999
3.232369918375071
3.452230662039855
2.1083419506463073
0.9627988227586944
6.943659528873988
1.6957816744904162
3.1290470644015813
5.712653940014202
3.0628746731473777
0.23547055001894696
7.932036209514563
7.084924213521716
6.902886855338866
2.019296781670326
5.476859819834221
8.461896444273531
4.690819168168852
4.084166784520666
0.9098040608585383
1.0292497216494607
5.92316775996524
4.8375724594086025
2.3729486099799897
3.049699703316975
5.27372052516225
0.3355367223201195
2.6069580792970726
7.1196853647273555
2.128211609789562
1.4222230658588755
7.252400154529717
13.852803490469965
1.910084115746618
2.63004728484313
2.249309017067107
4.269237395215529
5.310992151709399
4.093523538185229
4.1797332817509
5.8267623052439825
2.7947152761785787
5.688005588007849
3.152224545347148
9.2123381278995
2.3266119431755214
3.948905539371896
0.4330649662181729
9.64370953223193
9.38980359045538
7.084521522708385
11.043260427967565
5.633857860372282
0.429381690635544
3.5891808974843795
8.842497927089735
5.124257005003748
2.080513497441848
3.0565147057321473
1.9543617628818568
2.5555512634021773
5.537483035038487
8.809738726285273
8.494264497165288
4.575948051184753
6.505290707293414
1.1777247560180608
0.9322167629404058
4.64651262588441
7.065764891010276
3.2840692809799754
1.3870642310564818
8.941070961366202
2.046811393422673
0.982957173157158
3.4977617349021695
8.20784731420105
5.608689273109868
4.623812829594157
5.177753580351422
1.6098269722688976
2.417962515387487
1.6631136406806633
8.603154991895316
5.5858198327937245
8.9128729222529
4.244575753090762
0.594221885284955
0.5725400406166008
6.307379049754507
3.447085537028642
10.072680763553082
4.068176662083587
10.42285194199098
9.821384057805187
8.889887792953386
10.934043299585218
2.9921772057869234
11.321653404183
4.105088565112983
11.143095258226873
8.664228588071822
1.6421476995495754
6.172947051898311
7.885854639125914
4.049968354727715
2.8074215924499506
2.368767195569247
5.795127051368328
1.1107817174382335
4.224892801104298
1.5371771941218109
1.020942690849838
5.66545956933487
9.158371367291057
5.314921617041838
6.492499773426742
7.574575920697248
1.3229542766752502
2.92413987875197
1.843107424185038
3.8344476558057607
12.672493028417243
1.0693928737617184
8.150887229294915
3.917936214992686
4.227316629248785
7.083992738558562
10.327834569132435
5.397355384493536
4.572134057919463
3.3004988615117425
11.268216790927601
7.422896683383453
7.364034118555797
5.045736887660099
3.257152566487081
4.885513313961245
1.4393725423409318
8.420966948023857
5.615680390385589
0.905472371562572
0.994766939484448
6.276067911848165
1.8332237212508753
6.780756969330043
1.3802652081728084
5.888194257081484
2.087283238951026
5.0528638945679205
10.51616852127351
6.1916414201325045
8.68563043562119
3.896854882658238
1.3430695349022015
0.6112962609294023
3.5135787174173494
1.2314493844403143
1.139903566729489
5.874440891430878
0.6222206215630839
0.8911908905260623
5.782634478494284
0.6839721083667802
5.1379165807422815
5.33506203865288
0.9833068434854018
5.794533195538602
4.970548465324226
2.046932895504807
1.440762971533769
5.750659455722661
11.857889943891534
0.20528863735038175
0.5499250142765446
2.346136572208697
0.7330517160442593
3.3919599152248727
2.6930438836376562
6.302646932137181
3.3887805938236983
11.979958328017739
1.1842331800277859
1.9282682833529714
2.0848369118657364
4.755534575082855
3.4962572355723984
1.5661871573521304
2.809344710589641
0.752560298069065
5.487493666219209
