-0.4032498874920086
0.18250464664957305
-0.22427096042479328
-0.16603467592193605
-0.006661653180114579
-0.25190109581967157
-0.3653937834134053
0.24375287063818174
-0.4034490458817905
-0.0837618494008227
-0.23515127984509257
-0.553364639861264
-0.45886948338038963
-0.2821107062093998
0.1711591045343549
-0.2969925128645662
-0.5319942402968637
-0.4166393992051668
-0.20723594512131177
-0.5469141574866081
-0.19707747345308615
-0.3063578979270024
-0.31429415665854643
-0.42954260555417506
-0.3753737131794009
-0.3652962290323042
-0.6541037617142316
-0.4477406276041437
-0.42995121504635053
-0.1656400396007034
-0.33135747952814626
-0.04493048772571289
-0.3772600895609116
-0.48769264487592023
-0.6225362748284234
-0.45792154440931804
-0.35071963702135533
-0.2791705322162384
-0.604062189848679
-0.43444474918047776
-0.2427972119704649
-0.4737070262955464
-0.294400570708269
-0.29831969684738374
-0.21179223843646944
-0.3465111908486824
-0.6374396181557577
-0.07873586648711946
0.6808789196367375
-0.5708631351012284
-0.5457398309618278
-0.3768235836456493
-0.3874223824240105
-0.3200261547651722
-0.44443907395479465
-0.464221912589272
0.02324229955093078
-0.20349252777585636
-0.34426696093753906
-0.4652204665925894
-0.3971261935620387
-0.4156396574041242
-0.6277615852143067
-0.35938363561103426
1.004284935427812
-0.5455883929757404
-0.00335813344660802
-0.48353588692836674
-0.2251536783000918
-0.22887713578601682
0.21338920554279736
3.803674896904526
-0.3742791914672004
-0.09647417731437992
-0.17156843499148736
0.07442444537463373
-0.18967789178089528
-0.4756551272939735
-0.5365226422979165
-0.5483481848134616
-0.17138834498834496
-0.22058126958178617
-0.4520002377697201
-0.537091401562796
-0.3116110002562882
-0.04294024853822875
-0.1871983595627015
0.3113716115448724
-0.4227486908263185
-0.24416046852532292
-0.13701901848075881
-0.24492260004262634
0.3087577011723019
-0.1072938595429944
0.128397420150232
0.1492365172976927
-0.38364243912133983
-0.696477827149551
-0.49172233711544583
-0.627885138668061
0.24896200819991846
0.025120747492842963
-0.5373837288307701
-0.5158351484342383
-0.5093798728861593
-0.3518456950573253
-0.24777814815162588
-0.3049897433941183
-0.08478303699375428
-0.540179312384384
-0.4849556383348056
-0.31179315149308995
-0.522869780306815
-0.5072827962422495
-0.1928943179582566
-0.3408921528737346
-0.288647914135035
-0.021518173712911405
0.0379898046251122
-0.441501424883995
-0.4334237314950117
-0.4698860426912374
-0.4795156966039496
-0.17710116466666087
-0.652424922290803
-0.3671527211108464
-0.3930877271448461
-0.148109566690722
0.2641480294120995
0.022237991081930045
-0.23144230220053683
-0.38748629747023683
-0.4730604074056624
-0.42449489689647996
-0.27221879800925464
-0.4234561221740568
-0.07176811974598457
-0.4888757895386788
-0.4011457905235677
-0.6271932946136111
-0.317247574940879
-0.3610173698829859
-0.18814667103443056
-0.43416629244039073
-0.430539690445384
-0.13352865207925899
-0.2026268894192522
-0.290921135907916
-0.37120927020986255
-0.5334491558413472
-0.6139289402225876
-0.480556107176887
-0.6593347906006259
-0.45547042420531625
-0.5836122537942369
-0.2967999416789332
-0.2688243268975687
-0.3568350306821502
-0.32634914380469227
-0.22244991109688064
-0.1609120898003209
-0.4204355195838449
-0.261383198665809
-0.7115506983875016
-0.5953971623519713
-0.4252999115183857
0.0077061221105744
-0.4326884665867717
-0.2837326474897492
-0.4379754304193598
-0.2245558018963486
-0.474871607828834
-0.4570409072189907
-0.422485961911559
-0.293467862177057
-0.5361161472272583
-0.1007476119727562
-0.44341847797345174
0.12340128839657466
-0.43568237283840433
0.0182495553874772
-0.20899024645523379
-0.4133086156113993
-0.600055359004241
-0.3888856276293905
-0.25624362989250143
0.27929875542171717
0.1406605262547913
-0.2540344715707184
-0.2775928644221509
-0.3362911690379333
-0.19521263983790652
-0.43869356173336876
-0.57216933694107
-0.3102881572372439
-0.3814521167927625
-0.6123741848113494
-0.27294081055424707
-0.43600703342748653
-0.004691399423489834
-0.5041000516952729
-0.29181373513070263
-0.6435567745822368
-0.42449880199802364
-0.49528738253542204
-0.5838605643213239
-0.08410404219893385
-0.4724885490693169
-0.2026513689317974
-0.1754633682565681
-0.44542447807427965
-0.5046855947919194
-0.45749031029974996
-0.2735078348451224
-0.7042051849518057
-0.40896210060276306
-0.3915765281238935
-0.401912068217675
-0.1305590288532255
-0.3746345728258791
-0.33107280304853803
-0.15099692367704814
-0.15647447835506065
0.09501290178409419
0.049171670863258826
-0.2396318489579713
0.15988911908750464
-0.20396303791121217
-0.34216805408391765
-0.36410852600993415
-0.46159371221592477
-0.42366666300491035
-0.3389062596669569
0.4735694593996043
-0.3065882375062285
-0.35624598997280277
-0.33472402986308325
-0.0769932530367019
0.3850093434913854
-0.2902272310433369
-0.24199246645797717
-0.6137030044223678
-0.40858291480084175
-0.2552168269216489
-0.43475101198076554
-0.6381047170140333
-0.3242845567609826
-0.40447023546337424
-0.5950093988133874
-0.13705897931067326
-0.5804257762920324
-0.63984072299269
-0.26054037048597173
-0.21429574098720117
-0.25271527255317694
-0.27622728554493975
-0.4769920527138526
-0.28012650901855535
-0.3180365769755463
-0.17290090537020958
-0.31704948030717595
-0.6165851943744635
-0.24914805819647348
-0.5751881572467338
0.2541980268559423
-0.6823716203118221
0.09133320819201
-0.3433657854082257
0.1561736081365116
-0.5085503397145216
-0.4413061086213046
-0.20917568554238025
-0.03074573122931408
-0.5068057981865071
-0.10300059632950834
-0.4038672559794702
-0.3015298507462687
-0.5994588106771694
-0.3855545405216053
0.31147057690084384
-0.17065421108117615
-0.5313446180209875
-0.4237867148424726
-0.4819620960919495
-0.7547835391447697
-0.08492014226755701
-0.235146288882045
-0.3079687680394077
0.708920370798972
-0.33596669253603273
-0.2713125801683779
-0.1725674671948503
-0.2563310791765874
-0.44188124840414045
-0.5029924742304811
-0.13198065234705758
-0.4672600675528144
-0.6616619363247387
-0.2973963997428175
-0.6296042509429084
-0.3945668061804362
0.06224944441042682
-0.28916041386380403
-0.5839566418982178
-0.44566097748922
-0.24870713081090776
0.10555865495719693
-0.31914428921924587
-0.35669288403474103
-0.4701263586851259
-0.4184980035701728
-0.03407323531614737
-0.48242610005585335
0.020040502324213363
0.10420032480766017
-0.4138763952191075
-0.31429586530148446
-0.2734826597344212
-0.29565590393560726
-0.4524119320055311
-0.23626471741968713
-0.536485113913038
-0.4377991873765884
0.21858855062912047
0.1401001140448384
-0.12647966570595268
-0.00671529916513508
0.000869911065668373
-0.515207033701055
-0.012761882464022004
-0.45629219730861487
-0.49814319837242277
-0.43785464261601154
-0.7590939075822299
-0.4445721331394062
-0.40146276878199366
-0.2783692380375473
-0.31492789732178456
-0.44123432214962494
-0.19602673645857396
-0.44625977360252067
-0.26831907182930914
-0.1626571868361819
-0.25645778208587666
0.047931744272047425
-0.5751260289866669
-0.15059163614233712
-0.3049094845743271
-0.13542920198596184
-0.3289786769594908
-0.5326938973099727
0.20833140307459744
-0.3787256024589105
-0.33137253671000505
-0.5423458701906864
-0.5150500631286647
-0.2384050423840646
0.09548327995537291
-0.5131925615534193
-0.49513332934721355
-0.2564419348111307
-0.5060910591885971
-0.30489685890088825
-0.533919192993212
-0.30196110663191145
-0.31301859028766377
-0.6006036204610177
-0.4476025420556287
-0.4147029939111647
-0.3634833993054224
-0.5168323270601837
-0.37357134055720553
0.08421993841013008
0.05597183411971806
0.12721462826149815
-0.553065585829137
0.0474165106190777
-0.09179187172780752
-0.4340046018784383
-0.3104719390310443
0.10212845112143346
-0.04351484681471379
-0.4747496933855065
0.12801050482388435
-0.2684482803506366
-0.5329864052388721
0.025833023134694492
0.20487048679537784
0.046129778976581805
-0.5892873339545008
-0.4663568465588761
-0.4141349887488655
-0.6893063583815029
-0.48239206219111574
-0.00257590267432778
-0.38122398901018895
-0.5248191196377725
-0.39137131221069404
-0.32580767144008027
-0.3845939097501257
-0.3030095348961203
6.15633035849342
-0.3782507900326374
-0.6289274197632997
-0.257194421527981
-0.47628385405223306
-0.4674414977836165
-0.1485170749200524
0.14571756408484968
-0.2029289752045251
-0.583060078165895
-0.08587555146577952
-0.17533959948267194
-0.39859252405233137
-0.5730550636094611
0.15584771586548055
-0.4463169578245306
-0.4955482964894453
-0.7351928187356251
-0.097672007752462
-0.6120702939535039
-0.1940809378949231
-0.35142123451393914
-0.1450292362345119
0.04591063074689472
-0.22270296890389765
-0.30914816607764095
-0.30567204769345563
-0.37767481469446307
0.6235590942090622
-0.004942975065328445
-0.4592884441664929
-0.3734842497459636
0.16676416836690297
-0.8779929243972183
-0.4801100738470113
-0.33824588322471355
-0.19425618265059283
0.9166204293316236
-0.4426034544293335
-0.37056983006292665
-0.4327609883779873
0.12016870239175761
-0.47193605833392976
-0.4344816310479584
-0.17993657430216192
-0.22988365249671774
-0.5090672956065017
-0.41924995088236094
-0.12354541592258467
-0.44999591888221896
-0.08717917247371294
-0.3036537875452914
-0.4108147838298127
-0.5331388227898484
-0.13032032090719448
-0.47607870453354273
-0.32650541742675543
-0.49386540029959525
0.46521067977817165
-0.39955707212632136
-0.439481893080428
-0.40074955598284456
-0.3590133305049088
-0.27620139125641036
-0.16065035416427678
-0.10990641888181418
-0.5240574625607964
-0.5994445964186895
-0.18720802348928947
-0.02199353953132837
-0.2753528545245885
-0.38325066131067265
-0.26240684313482293
-0.6115877070693697
0.2675296032204877
-0.5971360697816382
-0.5207839954550988
-0.49544437092618926
-0.15774519877503673
-0.2946270970043989
0.358255494568482
-0.3897015605932415
-0.04192881107943805
0.15268087437514724
-0.27915203999399
0.030121085926005257
-0.15217630124349318
-0.18543087695506846
-0.2805897373384831
-0.31964425465026053
-0.20174170121147847
-0.662467042441774
-0.49356613849878406
0.2583606072436524
-0.32180709908808725
0.011043817687612475
-0.7371230906347342
-0.1838327678512218
-0.1751412614603328
-0.18499773097354588
-0.02712449404036639
-0.3782226662693042
-0.10201240229038465
-0.22573956051357888
-0.41908956940623304
-0.4787922622814684
-0.4699634888809125
-0.49695079119302094
-0.5890115091795869
-0.25663842574290674
0.3051263017749712
-0.40307740461632424
0.2950271569999095
-0.1970198234816116
-0.30649115956885387
-0.6603387225644766
-0.32663309035565524
-0.373775395093256
-0.5523670915391007
0.2814001557644992
-0.30393254110108475
-0.16442469913395577
-0.3557464184537459
0.001547996220332434
-0.5369343421072089
-0.3716194600217543
-0.4605729143318241
-0.45621177864359547
-0.45208120491310616
0.9355612568844505
-0.4696700359245796
-0.28591820737536316
-0.5626854035934701
-0.5700045109035946
0.10221003021646541
-0.2559125481595334
-0.1700621571976619
-0.3933392219054884
-0.08606866277944747
-0.5932377541123712
-0.45610952540749644
-0.31102429952813804
-0.39917684380004576
-0.35293165668928345
-0.09024300754481782
-0.6076881993732586
-0.25325849526762767
-0.46056955907502417
-0.6252838032871637
-0.2173860861456935
-0.5178971299218937
-0.20568105369177106
-0.2532245989100199
-0.038280110735482306
-0.5719054544466041
0.38030075809317326
-0.4920574586310069
-0.516892996314504
-0.5257850638885221
-0.18434152433554382
-0.04314174789328935
-0.5402061401637505
-0.56891393644399
0.06447270910078275
-0.36844421839237856
0.1246542771440663
-0.42017309908207
-0.47256272290597234
-0.5971475340756227
-0.6465935435868251
-0.5676866337607622
0.1526318690404013
-0.5091493957079178
-0.453526932704285
-0.699750780090807
-0.18963326442551817
0.2670799002192155
-0.0265581130409284
-0.1948807280452912
-0.651907580473324
-0.32587327360743656
-0.12575209725182174
-0.40810520023909147
-0.34678937533430737
-0.2898938592064058
-0.32935547699814915
-0.43194013702358436
-0.4698496322870373
-0.36904475860829883
-0.5212767210585059
0.19512600474338587
-0.4305561160783623
-0.4113587247363328
3.9326284564916765e-05
0.17401884369148105
0.11677967094092151
-0.5452255433747031
-0.5822536796237252
-0.6402195521178106
0.0718695416212092
-0.3073337005118213
-0.22464658507506258
-0.3856974687679535
-0.022216821755865843
-0.4963307550154608
-0.3806393079169143
-0.13303608041064327
-0.24138326918099312
-0.16452484661196934
-0.31372983392991083
-0.3606313520357567
-0.10024507318175342
-0.4775295053706405
-0.5389047907129335
-0.5532123992847808
-0.47451587865963646
-0.5387749995531804
-0.6614487489265465
-0.5725700225791629
-0.4596536681348075
-0.48500547972501745
-0.7747112817879234
-0.34712566268939654
-0.5827709964790457
-0.22763493499707801
-0.436473893277349
-0.22151444256561112
-0.16866532136355258
-0.37935512857413634
-0.49849979278905926
-0.3454855940409571
-0.2903281962947352
0.1419399428026692
-0.2664850872256613
0.4760288719082754
0.6767183260366554
-0.40061687236537097
-0.2794633532775204
-0.5960500458996687
-0.45633759779272665
-0.37611330472589094
-0.47321655270968943
-0.5081857678339872
-0.4423015620019126
0.08507989209379528
-0.193615234349974
-0.13315473448915519
-0.45145931579885584
-0.4491673206033656
0.1889836060101559
0.275204083908119
-0.13560795445577492
-0.3642350676314715
-0.18635235431992356
-0.6229898934781838
-0.31253645828561305
-0.03219903459793105
-0.20693238770861688
-0.4741995584576388
-0.3014928264546232
-0.02965602027247407
-0.5371388823881218
-0.19752635995475942
-0.21548313659852633
-0.41917532694633314
-0.5590938013111831
-0.385809904832503
-0.2986023156502539
-0.21348886601113795
-0.48213973635968094
-0.18072034158670688
-0.2377430473778924
-0.2465048539888318
-0.18169562866983313
-0.28593467397365846
-0.30386149086521025
-0.33694003186672344
-0.4661452542688766
0.21949588399477118
0.20384180835676413
-0.032093171307132
-0.5668063637080296
-0.5204475592149964
0.09384413377616443
-0.2693115870123465
-0.3798737211577578
-0.4142153441394208
0.4474613388289431
-0.06000118242244568
-0.19512988124165778
-0.46689977611999334
-0.005742474207761393
0.11407736926109549
0.41965966361041973
0.07979624547351696
-0.3420283497192705
-0.6368311604083307
0.09076651226984245
-0.33097990320123816
-0.5717692848113379
-0.12000855245116039
-0.27089515297162914
0.11748016128381618
-0.3324688873383533
-0.141619503464849
-0.6733635223850889
0.0651146087854105
-0.2289982988014459
-0.4546442877524144
-0.4491422445190963
-0.4818802914476458
-0.06209821547653978
0.20636440989254715
-0.7363148471374924
-0.4466504363163275
0.005252350114608042
-0.23282473934785214
0.07161000187378985
-0.45913682525240396
-0.33425410516728726
-0.2944013316330839
-0.3165512964652856
-0.20955290482618516
-0.3726784873860652
0.06731695010785715
-0.07786727743585094
0.1639596064146712
-0.44494914076523684
-0.5145865408391599
-0.594322788732184
-0.3985282884417922
-0.4438073138069909
-0.4076990807159701
-0.27691130638666955
-0.08171646622218286
-0.1413115534441422
-0.6400520348548357
-0.0628329197328914
-0.2098534699294213
-0.4454029120846628
-0.5437745877705364
-0.49544670777349215
-0.20403583036654774
-0.3798050857100784
-0.34372343198466265
-0.3188761402378623
-0.18966840589854125
-0.4036261211758925
-0.01463824244607901
0.033887826482368495
0.06440005357779341
-0.12164288767972148
-0.25341641749205757
-0.38439220115045425
-0.604594723100211
-0.18717231315961863
-0.13855362140015876
-0.4162144500706201
-0.467599464259834
-0.6089983493582206
-0.2449451440443915
-0.5888803527126283
0.2257188360609867
-0.712827960192418
-0.44698037680893177
-0.19588452412338528
-0.5124122132938495
-0.23615341627582734
-0.4818785262813989
-0.4765486742011401
-0.55105042559331
0.02089785687757587
-0.04708387057112478
-0.12171973276354991
-0.10344966304102134
-0.28806466055564717
-0.2773628831715839
-0.5807002964129016
-0.2441181095876049
0.34019823863675125
-0.4780533741011795
-0.09138433601200292
-0.34299835731524614
-0.44487807527156437
-0.2631150055707758
-0.03848336610554246
-0.2537201998264542
-0.19191566670626914
-0.32192502119995003
-0.7150898231474505
-0.4924909823407735
-0.34940230494439606
-0.47222322321188637
-0.055961566457999656
-0.24994934259531434
-0.43396429776439266
-0.364837066719453
-0.3801205501801454
-0.5066360173387626
-0.1377094084901147
-0.22161026260850458
-0.2351220494705121
-0.41169101035169703
-0.42921441547910155
0.26057991207067144
-0.4511741072272913
-0.017376604750804242
-0.13837167895281874
-0.20537055560825826
-0.1916712849338928
-0.4129691505259103
-0.35088642667364545
-0.38142355214290086
-0.28586118513007946
-0.062069493022188615
-0.3311574230010801
-0.21571417102997975
-0.12067978560846401
-0.31105760774212926
-0.31135381526354844
-0.42574225721336534
-0.6081705018977094
-0.5916924482736113
-0.39320670937306273
-0.35429067366730094
-0.39803874502510317
-0.28881500871131455
-0.39198366834411336
-0.43286283698038636
-0.5122140820117418
0.09069930278552357
0.19886799348409057
-0.002434907762514933
0.03257245900166528
-0.21476733254081096
0.16964843214595754
-0.3543571328161941
0.08588010636254756
-0.42190176758546943
-0.16892355363692932
0.4090875057925058
-0.6006225304669781
-0.15564714952597994
-0.46806950376272455
-0.5751491798072866
-0.24432394520217343
-0.06704279546660454
-0.08075743722482884
-0.2901223943291648
-0.5493307278508897
-0.4858410745521721
-0.31262888139798084
-0.6575717954141683
0.13321065700703238
-0.4247342506847528
-0.5006561560963361
-0.3471069959171472
-0.6998121245200597
-0.5645110252042339
-0.42418768525250267
-0.18330330600846756
-0.2944755490239245
-0.6598331706310469
-0.11843993773766712
-0.4639750480120605
-0.3973822642167984
-0.02046601424192529
-0.13041119908755994
-0.034162390849078454
-0.6374098672820957
-0.5420113798599082
-0.2739326745919049
-0.1953913995849666
-0.36694474477164113
-0.4154847449762718
-0.5568946200014162
-0.18344512695741833
-0.3261830359716734
-0.3046158456319096
-0.5233567405275303
-0.37802249215893535
-0.49683080952702957
-0.331806305257779
-0.8126114033840466
-0.2867889304372538
0.3631840796019899
-0.46556796015884855
-0.17465664774446643
-0.1416756370944798
-0.5467724226392224
-0.18793999535829073
-0.3941254527665995
-0.10616313985314033
-0.49810479057056356
-0.29673267575864326
-0.08367670139909937
-0.5009174280724488
-0.5259367519793776
