-0.4638670686694699
-0.09583499431574904
-0.633077861598474
-0.21851863458660747
0.42406104705368874
-0.1885728801983415
-0.36694537925259524
-0.39427155099287875
-0.29338398582899167
-0.3989316908126155
-0.17746242064203657
-0.368824348944379
0.1154336256652424
-0.3332579543981448
-0.03865387708549613
-0.04905559586071982
-0.25605921339074067
-0.5549071370859714
-0.08746835504310496
-0.5146166378416333
0.17377297420075344
-0.31974801389680313
-0.34238343193712123
-0.5461270512208445
-0.40477682699049966
-0.5792804129903187
-0.47752506770531505
-0.5107317509805133
-0.10984174366329645
-0.44039125994572087
-0.24084231253880364
-0.08637064255639709
-0.27230363444424566
-0.53194891361739
-0.3717620294786748
-0.15589094506405038
-0.3654489445666249
-0.25710274403057226
-0.6777443063322242
-0.29287831890190547
-0.3826023122582989
-0.21404204303094695
-0.47026619602602404
-0.1348219500728915
-0.24392159138162792
-0.25008183265315787
-0.5904171781492618
-0.37810484297164443
1.237994773817683
-0.4395072893718992
-0.5509738157559615
-0.6894333468426499
-0.46421337050217926
-0.3585140218602173
-0.5512223876566533
-0.32877634404259476
0.49440394468733323
-0.005135198342506945
-0.3612341400815903
-0.6695640262946899
-0.47558256407543575
-0.26996001510604495
-0.2646433493752683
-0.5966032203385911
0.2595949614384208
-0.4347032869605018
-0.04961177279182666
-0.4354991888207507
-0.4042753835304762
-0.3441738851078006
-0.12833539425461366
3.6188860468758155
-0.33146100120993566
-0.3596765174655463
0.09247745127083096
-0.2987910275035088
-0.2920337323346499
-0.3588436814539045
-0.26647113138884365
-0.28955214345039076
-0.21440186480186482
-0.26289672416922744
-0.2298808603867155
-0.36423430408983787
-0.43919676527660817
-0.40023183227110615
-0.36606637346878196
0.4618453373102905
-0.14651565269370032
-0.11701951082294204
0.2028055742537145
-0.5701089869203281
0.0535203709001863
-0.08446294190238815
-0.13339904514431933
-0.3093086253434582
-0.28289363624795005
-0.40278434469599855
-0.4731457526814117
-0.32725906300543756
0.11040852236774812
-0.12969422343994239
-0.5987563894078066
-0.5068202493024258
-0.2417896197920733
-0.10059810460281969
-0.2343214490276904
-0.6741869471000322
-0.22603421362381848
-0.2629195749855905
-0.4577408056276784
-0.8276231061794721
-0.5992774372783877
0.13666882415667783
0.1462235973744926
-0.560889856625482
-0.32320730546592996
-0.009237180949221508
-0.03679961493863083
-0.47736846555162654
-0.6012190389859442
0.022376883094000443
-0.29231510337301786
-0.4733453246787102
-0.364823060235129
-0.24873080152523447
-0.3949921730160219
-0.25080951335069496
-0.3326808871750435
-0.323120830620353
-0.2828289586410032
-0.5589665530808385
-0.6159306987431149
-0.31697746792947545
-0.4298829970522564
-0.5297516696639206
0.01763672287961958
-0.6378729656746641
-0.5260045518293697
0.18167042112249673
-0.0950601966104467
-0.36231508364440757
-0.23274363753663843
-0.19579160933997222
-0.17595889928918293
-0.4438065016051068
-0.021276054097056414
0.2801460599500382
-0.48172824881128085
-0.2583370579160598
-0.2850218635662472
0.3643518611298866
-0.4581270251323408
-0.4471422971057957
-0.47783083390537084
-0.4422412041438979
-0.26980735021507707
0.5895669866556996
-0.33543482900720756
-0.4697232081422995
-0.11026160570132688
-0.30393442027198553
0.23160910756662975
-0.553477013248672
-0.1731551781657923
-0.2560325255670712
-0.2506584625953272
-0.48652454289889807
-0.16463408206933627
-0.34060756284609645
-0.35686363467755516
-0.29179290181013845
-0.08600107626339248
0.012296914286651896
-0.2478843638843232
-0.3991638739113486
0.04911468926863428
-0.1280395578824898
0.10703315264356983
-0.4695228100329989
-0.4344068766736851
-0.2834254667378282
-0.21752576163932869
-0.323778779268053
-0.40896096272380394
-0.5281098328572549
-0.03162318551891286
-0.04295127496781232
-0.48773474512288323
-0.31995256660776444
-0.4644614760083725
-0.19306945937040995
-0.3591432204218694
-0.27480961952676575
-0.5245207293955281
-0.38763716269502324
-0.5769622044685586
-0.5344853281840772
-0.33548295578543064
0.024775747883227766
-0.5090680148540913
-0.5425253567308765
0.005864540064051678
-0.4721197189771635
-0.47922857861282153
-0.5777046821195456
0.2831414140000838
-0.37444093836949544
-0.17485661644916503
-0.20487607428953336
0.014996289245264686
-0.1285138216058648
-0.43498612480792603
-0.014466795000631406
-0.4474166173581387
-0.28195177895129886
-0.6119844732323604
-0.32517552514549647
-0.4693693383654725
-0.33857339963388977
-0.16147353218787774
-0.2887562021448561
-0.17387991887250753
0.3088826539285025
-0.05622696115091366
0.2118050245387685
-0.3238495175812759
-0.2190072407967861
0.12491159051663159
0.05240417625426705
-0.35330366928743323
-0.3966989267392426
0.9150497565711514
-0.02731639518278386
-0.2866085446836248
-0.5396358185565605
-0.40036369189300514
-0.5421997828694204
0.35413475162741026
-0.1807564324267672
-0.4527510748988004
-0.5156455516555368
-0.46207739903923983
-0.0008124140430297629
-0.06757314787144446
-0.510789871149301
-0.3930480394475744
-0.41981205125385207
-0.6811330979163813
-0.03145057384390614
-0.4608423908185702
-0.7159755228716709
-0.40151380032995937
-0.22785869509206924
-0.47400884572418667
-0.2774915570452398
-0.5286750556966492
0.024328765734418268
-0.6409761301907632
-0.39492000496093266
-0.36190090062744723
-0.4640927535936541
-0.4383313467121759
-0.3275204959587474
-0.05864569701056664
-0.2887143503310621
-0.06346121482018484
-0.2707494097414522
-0.2954466215745067
-0.24964692899386254
-0.17863861330037803
-0.33613804194123786
-0.13777446075571478
0.019009701771899177
-0.4187946898807899
-0.4684184295775572
-0.364356343283582
-0.44270436545012865
0.06624813687847303
0.006381748814983259
-0.21284738491273292
-0.5130032538643653
-0.4795605744643211
-0.35385651357947856
-0.6975942027724736
-0.17371153910680134
-0.41462135988775967
-0.49922924960340026
-0.13511505244052474
-0.3344572094104592
-0.3935800186218527
-0.45067072724870344
-0.4877216822991024
-0.37813033999175066
-0.277049969682919
-0.4070202006714182
-0.3448401348899773
-0.3062223697604368
-0.24280776500318496
-0.4370109369257187
-0.2581451561151952
0.1111053080865747
-0.09532332963072007
-0.32511405983352487
-0.078035184365419
-0.18284223914298053
0.016511104564060426
-0.4088584425274422
-0.4127425787933918
-0.3626310910025282
-0.43392668771524867
0.037203646345063325
-0.2568420345544358
-0.28735981684523065
-0.34832559328083196
-0.5136997883719651
-0.33679862555821605
-0.07812932326956609
-0.4236989093847482
-0.2705720533479603
-0.07136960556437022
-0.561966412071889
-0.3438112869129024
0.3762663039449988
-0.3636731099594347
-0.34292817278583704
-0.45840917786824065
-0.6801197171971792
-0.2787388227956497
-0.18481508703987654
-0.38387047243096756
-0.6790341017910336
-0.4028129593893802
-0.5079827250962943
-0.005903108222154462
-0.1464043217524906
-0.3690181889621978
-0.30247840704925855
-0.4293446290888464
-0.19966900161650375
-0.4798679850676793
-0.032119625627297886
-0.13836059839922324
-0.23685389431767567
-0.09676834541146125
-0.5075829940886404
-0.3230617529194273
-0.3465432867075892
-0.505723819641275
-0.495683676868885
-0.16007880354535042
0.2061638241066966
0.2632377377334287
-0.06636051453647134
-0.5103463754696105
-0.34700737651343017
-0.46733007353003775
-0.1757569600761371
-0.2905252923616246
-0.4547000805281015
-0.4777538429860061
-0.5056891774363926
-0.22366419640590107
-0.4250393356989425
-0.2557370718559281
-0.17267905819587837
-0.5747642738448377
-0.24433354561874232
-0.03128454782681891
-0.3209528450121268
-0.5750396086239751
-0.6258515376084776
-0.14478542807183048
-0.1636667342892107
-0.25088153088930765
-0.5308897699006523
-0.36515919990715556
0.045780413726273075
-0.40774293039225973
-0.3989108646028639
-0.35288171820353037
-0.5090325604326377
-0.1964110233941146
-0.17161810457122334
-0.5196064697445103
-0.33249869601815296
-0.34235066132219705
-0.07830064895918284
-0.2936005989185387
-0.41195774961451886
-0.09092108121528096
-0.05960614813372066
-0.4201721080734515
-0.12040037429011059
-0.36541167151403364
-0.1622894803113143
-0.7075064702007706
-0.22669056564060325
-0.6058409921685328
0.04258246649564942
-0.5350305241082696
7.129481167750719
-0.21719421851525672
-0.5810956256014587
-0.33609336451429705
0.019098519136968917
-0.4967051615171324
-0.08930278062596722
0.11598251421270911
-0.17153301711422106
-0.5806421428629547
-0.2984170412350987
0.10402164869473526
-0.3223686302778455
-0.27859219988003325
-0.1640054909327361
-0.38043562885906446
-0.46824731100331685
-0.6167965593336234
-0.2530015437315484
-0.5800729677725671
-0.31286765159904
-0.3399011077570311
-0.2914308317342606
-0.13747199369073856
-0.20941941044041099
-0.20673169777340772
-0.4061613580051115
-0.5134131515107374
0.11060262268215135
-0.0907758810169243
-0.4242818428184282
-0.001119641714651149
0.0839368769157875
-0.21633672519143712
-0.16337818272137442
-0.23083136735329782
-0.09699914032667581
0.2753541109063571
-0.5855072225561649
-0.23071326010620902
-0.34379637054036366
-0.40256399136352794
-0.5549669724538897
-0.2176682613959741
-0.4281611873787744
-0.15700122232785546
-0.23470065618115
-0.3385512963803878
-0.4352065855543366
-0.09968315685590697
0.010337215104833593
-0.21953314595961307
-0.5853297080880816
-0.0720087598073799
-0.1392886254588644
-0.39854153383990915
-0.6371472488836082
-0.500206114432196
-0.19308130954120326
-0.3186685400776127
-0.07684347515100129
-0.33386421787256937
-0.3310865229842521
-0.23034215622982565
-0.2794499110522883
-0.14943127575029644
-0.4743984447509157
-0.4639996681480419
-0.48146485182980353
0.28890130935452835
-0.04956021650879565
-0.4027047901296681
-0.22707037256768486
-0.39266174191387787
-0.166062825207169
-0.18357689733538288
0.15570182201842303
-0.20988273056185153
-0.1807424178749741
-0.19493764042751302
0.8010101843827235
-0.38478599498691374
0.36096465780378895
-0.5996188113915286
-0.769367535843885
-0.09997458431362498
-0.440664320036599
-0.26158476359261384
-0.6244581884439198
-0.6841964058097505
-0.11350782480156821
-0.3918675014695229
-0.2972920493887006
0.0073059109428719165
-0.3772163632562172
-0.09442945484825216
-0.32534988484244154
0.27652881807965496
-0.3017003830902614
-0.2246856731000241
-0.4216818167188527
-0.5176712281918869
-0.051997750797912495
-0.2880124321220889
-0.31873459890961797
-0.28551225942408
-0.576893971435822
-0.3231134106272896
-0.11863079424243624
-0.4691455634878186
0.19039696549363458
-0.37776782744971876
0.009336049919938694
-0.24970290611833343
-0.41921748709633494
-0.24549199474320746
0.22466089928441743
-0.4023851509807843
-0.3896632301500279
-0.184933961781105
-0.5226344116556362
0.1378303902823078
-0.3523855142381928
-0.5571521872047135
-0.58853219305939
-0.5372527610882124
-0.460915357909575
-0.34708704249088523
-0.4738857253723972
0.3216909388135042
-0.25287635780031037
-0.48483494722200937
-0.043545325701007
-0.07585185384672356
-0.3832884727106473
-0.26867211176841543
0.05081886191636067
-0.2915264785000201
-0.17832403927994883
-0.7179079268442319
-0.4325765945119154
-0.1975917836258192
-0.5112268066122061
-0.35897707369752047
-0.38321714623552194
-0.29083632011428057
-0.20897299892733678
-0.23045083897191865
-0.4520733257221636
-0.6886012288063222
-0.06511462261619605
0.03978565289924673
-0.11500144760991317
-0.22458828060450242
-0.6758036236119229
0.2704854081039892
-0.30663277767600905
-0.3705993126208041
-0.28913047797473446
-0.3320170269652249
0.032475296167715516
-0.5579657387285591
-0.3079710629421125
-0.44194408301371857
-0.278522907333868
0.5364800445143748
-0.48957618560571736
-0.010829364833941464
-0.6407221925090356
-0.5024723386327856
-0.715058853452783
-0.12790292989818985
-0.3371444327007031
-0.2286201199320211
-0.581569279163603
-0.13791269484105884
-0.06899614483332073
-0.1564449642554999
0.0564491511971964
-0.2538632641178269
-0.45300654411124613
-0.46511497968599086
-0.48514166168559475
-0.5674137400055109
-0.3937164403245497
-0.27083800646866363
-0.49710306113420233
-0.23815321722652003
-0.6143404182549835
-0.25595085592788586
-0.2605597039000957
-0.34324174594497414
-0.37183350724344844
-0.35738603804537133
-0.4711373863937175
0.10199894607412609
-0.5974847880489323
-0.37089405342214565
-0.6581214145930903
-0.010428223997510555
-0.3624189633893333
-0.48602155770213384
-0.31896396345653427
-0.308070256583125
-0.40202196460779444
-0.6449330087596558
0.08284507028556709
-0.10247605767865932
-0.19703690916583905
0.06366667832616281
-0.4037866296972259
-0.30118454177477155
-0.5688834372099191
-0.3328683178478662
-0.4876296114845787
-0.2711133706812821
-0.2766591686092678
-0.5815424660895354
-0.5673022099911561
-0.26322342116503616
-0.6526727512697402
-0.6131920867810965
-0.6343462447222941
-0.3553646935899041
0.061441916097894934
-0.05717651678774788
0.01033991835687418
-0.17413069436244588
-0.3016437692615499
-0.3900633473447398
-0.46803539865391725
-0.43497767434473744
-0.2367190975532253
-0.40735509285312316
0.0055795181690130435
0.6606066785411083
-0.3463759587588269
-0.4449635638742882
-0.21237811935792109
-0.4316825217080006
-0.43160900582295003
-0.4237390770945352
-0.11230856790236697
-0.6199521836149187
0.5884497054232791
-0.44694757367955723
-0.32651685773080874
-0.4353563345055397
-0.1405511798309776
-0.7243085024263439
-0.21394717747538047
-0.25767356815303794
-0.29638198210298344
-0.4368355508267453
-0.5621123049507886
-0.5647896185127157
-0.3773525716631888
-0.014974046847907199
-0.5051119041222301
-0.37176132619781066
-0.22442539771992553
-0.25477416335127545
-0.15388041640823577
-0.33768793197286867
-0.2157684274692507
-0.38207453869086616
-0.07626072405786362
-0.3383023795379908
-0.29943661286792417
-0.20272969093313048
-0.29627485331407105
-0.4674720210065281
-0.06584694568674251
-0.27797403109604546
-0.35999869744142216
-0.43104587010175144
-0.12689820057466203
-0.1504970983849925
-0.11513206042527838
-0.0620811378211153
-0.352616464133915
-0.7141487464551964
-0.390202265381315
-0.18889832908524498
-0.5631322881146974
-0.15457895285388173
-0.3379583734559212
-0.36373865471828615
-0.20801851335715066
-0.3132619186146001
-0.27206879365857906
-0.24317051218668562
-0.09228253830065089
0.26077782500455404
0.10579070181607296
-0.6105031541158541
-0.636624405170622
-0.13185070559000145
-0.3614987429264018
-0.39498291766900967
-0.47136555686217996
-0.5322812587284951
0.12107811968734447
-0.32999654490481006
-0.2593918968898446
-0.4561091563612442
-0.21877988833267756
-0.3997752309090933
-0.5991035173397717
0.03490052733093577
-0.44117678860777676
0.08739600653228653
0.09295534962872722
-0.45380926819332235
-0.5133619600383954
-0.3244920830664177
-0.5335538572160062
-0.4403787831469953
-0.24970537692179967
-0.34508585358013444
-0.38518166779627494
-0.05529366883962625
-0.33193608218436765
-0.5035994062720176
0.011419611650175285
-0.2853479124864575
-0.061353397426965856
-0.3784042874881779
-0.5571469420110082
-0.3333353242894154
-0.5259455884808397
-0.5311491457121633
-0.11930003879095365
-0.08686865588731955
-0.3038526947623544
-0.3349397525558605
-0.7107259531442963
-0.15358744715503003
-0.19051817429011816
-0.3658528119383644
-0.2412152523324878
-0.4448610556498238
-0.23564929531377
-0.3496330854512636
-0.1879706116642265
-0.537458447027937
-0.26123474858024587
-0.10353806503275165
-0.41512909844406487
-0.31377657487059063
-0.1673942803435335
-0.2372285311067763
0.039009939730891494
-0.16050351884752573
-0.48088973207280483
0.09477037546640257
0.24715983652656445
0.12197487410255398
-0.3509785254151736
-0.5772610096910814
-0.19794385182557578
-0.3086137630346596
-0.30869503931060743
-0.36227326889977485
-0.3568036868862345
-0.29939757447930404
-0.1888114563198553
0.0034026385707392
-0.5541759339540845
-0.44899944704501593
-0.40496654649077796
-0.2076369698843771
-0.18602367459324962
0.44050565770862804
-0.5646716038787638
-0.47716261752715794
-0.6060387326038416
-0.42767818267073054
-0.09433789885949205
-0.6710393771332028
-0.4715007760229261
-0.3320728915512569
0.27112969501943773
-0.35442161505678127
-0.585462159092744
0.11226080283919236
-0.1968997366949659
-0.4112337135162964
-0.40818548148537703
-0.5852674376275175
-0.2574933471613606
-0.3610406331654486
-0.6287197776910635
-0.27920687145144857
-0.41404936742457754
-0.22713782287592313
-0.22924479849344898
-0.26497473431374763
-0.27280966767371595
-0.09921215101935237
-0.3886691328181274
-0.12168537497966483
-0.2837551015216725
-0.3784346142482666
0.2608082239095183
-0.06016168122536214
0.4243870419533731
-0.22618935545795765
-0.47596134794653466
-0.23234354708919192
-0.36616482580279275
-0.6492721504517502
-0.01543304397535899
-0.24539583679801355
-0.15679111067845056
-0.4676341244728241
-0.27365183288882544
-0.3220449415542611
-0.4533017541461688
-0.5385096246780862
-0.2958077517526406
-0.7643358016827241
-0.45044840415116505
-0.11408126647480708
-0.31850011050795923
-0.24407250801942454
-0.2864852580989975
-0.566855084309398
-0.24184565227234991
-0.6820338875807305
-0.54470122262604
-0.16411751751970627
-0.5108609891650218
-0.2455680727975127
-0.40184611081326777
-0.21067610374183326
-0.4678623915349324
-0.417590104473254
-0.2688630674251405
-0.1251373862838831
-0.1569753912091514
-0.6469471832151502
-0.25095100522735164
-0.22371622368857605
-0.3211856654675406
-0.6760547978264886
-0.23349887581260229
-0.0033210136746780593
-0.5305785193781342
-0.2979819780028576
-0.2400753353782786
-0.792228230413385
-0.5752422954804755
-0.013510486701912001
-0.26247065344985004
-0.4091468280557135
-0.20648536387737285
-0.6789742545547784
-0.3573909214127872
-0.3413413679324423
-0.4330600846770561
-0.6536059165471735
-0.32101557973602546
-0.521294301828563
-0.4812256287664634
-0.675221261000723
-0.2256268212123285
-0.2085315491103563
0.014039654249039892
-0.18331780664986272
-0.4121612738800617
-0.35990400525741373
-0.3902985934978095
-0.03787801242394968
-0.49341079089152146
-0.3637861162133007
0.028788550261224646
-0.2433000966953898
-0.5852588319652393
-0.5297511228009231
-0.17318962380217995
-0.5859987055516378
-0.11804624884129979
-0.5380713777904166
-0.4022820274054462
0.5959048841812441
-0.3734915778188672
0.21731909975536032
-0.05526670870428195
-0.5628049754981828
-0.13672471147557122
-0.14128607978870247
-0.42533607329394635
-0.41179690918165207
-0.2495621760354286
-0.20518825309208402
-0.21739049105783967
-0.44903562879764314
