-0.18130493818337734
-0.17316869511580937
-0.5769061570979327
-0.6910727390008801
-0.18314525928400033
-0.5610557849117264
0.04621363117405841
-0.2678848517199001
-0.6337169716456535
-0.22871393012579744
-0.20394276849272927
-0.5003312516440799
-0.22510723000941132
-0.4250896625232259
-0.3684071999883022
-0.5558575435025067
-0.27791705913655673
-0.6187902989255032
-0.15608607750977396
-0.2681019322209944
-0.4814976055724858
-0.4387421530574072
-0.6346739508710184
-0.5557571916619437
-0.45169869627000425
-0.387970655951036
-0.42575618698441803
-0.4972573363573443
-0.21666511771780184
-0.42395551062941594
-0.09145564156162851
-0.6209501495317791
-0.4045171289637838
-0.655796531146953
-0.3609835305587948
-0.25849729066280513
-0.14936643166916738
-0.5499576470220847
-0.5133132796138493
-0.1029463621047683
-0.4372289731060596
-0.39891740867565223
-0.11719371639866295
-0.6576213156557622
-0.25729205953175316
-0.2308477365025907
-0.43115334996303206
-0.4554268434136492
0.5971529086703221
-0.428242140550132
-0.5643825135605929
-0.2662477385821903
-0.40154463974591137
-0.5020455609551333
-0.7368843010897307
-0.3347845695092318
-0.12092227343765449
-0.47878066214084075
-0.30929899285461054
-0.40982543811690914
-0.23377681381754706
-0.3002283203749988
-0.4197496554373122
-0.34136028434068155
0.22187389966038557
-0.3282159449351298
-0.3779650294702645
-0.320617736775435
0.052410287797543906
-0.6131936842606254
0.2455038002195832
2.361225661638044
-0.48467755766074916
0.013530425388662197
-0.36551249058610635
-0.19624996922167773
-0.6251742140721795
-0.5095649996501732
-0.4234835208321556
-0.43342997696981134
-0.16445314685314683
-0.3101916047908179
-0.5348403404635944
-0.4993252044095274
-0.3322650843920477
-0.4155694666913163
-0.3324448712811537
0.2222037020791297
-0.10689535405452531
-0.33130135634027497
0.29070349342664314
-0.5073333898925857
-0.38117137785012245
-0.44558279091151065
-0.48809482031227347
-0.1250567382416556
-0.31174764042019903
-0.4433990340081191
-0.5506866393598322
-0.5327832241600875
-0.26235621971621004
-0.20905035389992446
-0.43634036821505745
-0.4665439866594675
-0.5168074424322425
-0.289578673759294
-0.3290641226678185
-0.3848337593075468
-0.18523988098144836
-0.0932985693032408
-0.39829657639736904
-0.6703748101472379
-0.5204230586457738
0.04749407253560289
-0.33300305832275146
-0.6757073048893973
-0.5091438046607963
-0.01867963258620335
-0.27436497691819633
-0.4806148635543022
-0.645477081019486
-0.5193556411199842
-0.5183481664473416
-0.2207653027235417
-0.401476104113028
-0.3994144370165008
-0.31029915670559727
-0.2721251294280066
-0.3720682597407664
-0.35804322313759585
0.055603332218242464
-0.317749980880191
-0.6444420825877962
-0.32433194064961957
-0.5586151519014458
-0.724513667258816
-0.4118182083305993
-0.3846918978160639
-0.4511869415505192
-0.24104599525630993
-0.5401530404325491
-0.28086076442567526
-0.5530990857736306
-0.34918979265777
-0.4461906592246518
-0.35938895243717944
-0.5244375497215592
-0.3339445453272844
-0.0681815950599024
-0.3711198258337058
-0.41371731619943647
-0.2241536053869011
-0.38886680908142485
-0.5588669203522415
-0.17313695328666853
0.04880201393811447
-0.4113741005906278
-0.16621175553847983
-0.08216191367449799
-0.5320889167444427
-0.34422662399858456
-0.5491147100126933
-0.43946175537480453
-0.4025723996173962
-0.4321601526558592
-0.35722394079276787
-0.35012887952540356
-0.46922553960136865
-0.5435486081099598
-0.400444923119487
-0.480151970393451
-0.4540135422120515
-0.2910397783265815
-0.05580165790952458
-0.29912397653081485
-0.44989260645826296
-0.4103441281119279
0.09390766301761079
-0.22599182968025772
-0.2877573393712021
-0.20771240894812512
-0.3531559749064706
-0.38345678181986337
-0.4245365605582473
-0.5679493200273945
-0.20348101874383337
-0.15983056706134624
-0.10336500470961583
-0.6146066707363765
-0.42443224847368566
-0.571333659227582
-0.3469134814057539
-0.5447586135161527
-0.4551554757517462
-0.04436336524504868
-0.3587139410419801
-0.5296935294111234
-0.484165065623856
-0.009044314334349721
-0.36823455062519744
-0.6309680769832726
-0.6158140433563007
-0.28375241779497096
-0.23225671084157953
-0.36541117718950467
-0.7423767795651951
0.28958878426214824
-0.6562271037573436
-0.3974410141728244
-0.380932478608342
-0.27032041560453046
-0.5696562798654239
-0.6061108180629773
0.044039540938974865
-0.6313463917684216
-0.45322918333600043
-0.2894472764686624
-0.45907392313595397
-0.6322077299673574
-0.3470362831616622
-0.43813268929631016
-0.6380444515368316
-0.38049243144070405
-0.6095849464542537
-0.6490542547840414
-0.27597981286582235
0.2894037259126297
-0.5884102481450308
-0.4516636996666462
-0.4628981969683083
-0.26406226108900366
-0.5099427667497886
-0.13680082618275966
-0.32075190726018926
-0.23807188364739462
-0.3940086644977033
-0.255768145017239
-0.5166428884051134
0.07552210608456358
-0.1025061573127915
-0.40229706428671863
-0.48073799054703037
-0.4565982407715776
-0.6404748537803245
-0.41400744383167154
-0.4480827992499135
-0.5776284530163698
-0.5764835135238258
-0.3114689342916748
-0.40428247938655093
-0.5483160228105616
-0.1917235629307303
-0.4712078199392597
-0.34110660769781603
-0.46542644141987555
-0.35835815769180906
-0.5565418432616286
-0.5501522924126977
-0.5445105020076657
-0.5893153912935631
-0.42208835428437624
-0.40619435663211634
-0.17922306162051327
-0.6163017468640459
-0.18551325938329236
-0.32013920299821846
-0.17280668254666906
-0.4781939545865275
-0.2283941147758176
-0.6007801500743365
-0.30551695261998285
-0.45015758001460277
-0.49849550461513187
-0.2893257112553032
-0.1938683950933785
0.32628824740645535
-0.45446695095948825
-0.32822210083993353
-0.33445693012521543
0.14659717137461947
-0.10668267541290863
-0.5940839530405584
-0.4328598845281683
-0.31689947393498574
-0.3786738320074118
-0.31602732946347684
-0.5300071861205216
-0.5369137058876351
-0.4207861815258304
-0.6255819203455638
-0.3833666486525201
-0.28355400133670805
-0.3739742288240268
-0.5867443809374161
-0.13601134215500943
-0.29781969734338937
-0.5103040954904587
-0.4756253667188903
0.012526460413431445
-0.46427035180656956
-0.35402177555633196
-0.49402268462322557
-0.27522341771929193
-0.43588577422401414
-0.110822553407768
-0.17880534964897835
-0.17395792196612103
-0.6138214852320488
-0.5727727361817716
-0.5004790422254416
-0.5692918585603897
-0.05171236347134175
-0.22718876066531407
-0.0109920684604546
0.10077485000348464
-0.39090849964228364
-0.6626900853188562
-0.1433185980219935
-0.5373844648324462
-0.5965552651329983
-0.42508240584071516
-0.5310898444346369
-0.26101807155429313
0.18292470386967666
-0.2605960647312728
-0.5137802806367529
-0.303815539400478
-0.2033848439335961
-0.34205546131627884
-0.3763584688043939
-0.32947330603288283
-0.3375138974043323
-0.5254636391060971
-0.43570953850411004
-0.2813231341988233
-0.3157739717783332
-0.2623144442859247
-0.5994100382718068
-0.3812212441437845
-0.3967131090755138
-0.38542381015445004
-0.2446083622180859
-0.32189512183722974
-0.3415315291713604
-0.11907691764679458
-0.6366526801164268
-0.33464473125193767
-0.28551839864924605
-0.5508517037748851
-0.48483746008115497
-0.5225885966793017
0.05009326197471568
-0.572686807462828
-0.1710036474583931
-0.22912932997533378
-0.30032599561279466
-0.3103770720231118
-0.1774162215532897
-0.2184345301673377
-0.6115568639075085
-0.4484341630434496
-0.4617633774988522
-0.2834025053807073
-0.5928463888640665
-0.6483223875612194
-0.430259102414986
-0.28787674231689825
-0.3676629166225441
-0.5342223406941833
-0.2253562766557351
-0.5981049414434667
-0.4721007486238348
-0.29353020492369564
-0.2446141915724859
-0.4649498000977078
-0.613189827731565
-0.3808611944933237
0.23723760772719718
-0.39326198622288455
-0.42425253045442707
-0.3311391925257655
-0.3603042098183445
-0.3585637491525252
0.2801836771601331
-0.4790645722354388
-0.105041574009474
-0.46476116834919473
-0.1662909356799211
-0.2841292025356151
-0.6241678141774615
-0.5978183285231046
-0.4082338412574749
-0.6288468859258072
-0.06070824800516329
-0.2879528150197441
-0.2987419244343075
-0.5456472016057508
-0.06540757160922167
-0.5447160887602827
-0.2623758498047924
-0.5073022375459861
0.6079766046488176
-0.41571744029425484
-0.797665074032179
-0.2901337957139728
-0.2100306132911485
-0.5474388016462298
-0.46490924188643173
-0.33007527379114376
-0.28225063160242864
-0.4425214874845064
-0.019636567316910408
-0.22873229922647934
-0.22670902925956835
-0.2352602580852904
0.056575306952489884
-0.6340553888659316
-0.39280801234733587
-0.6507078697084603
-0.4852937033781804
-0.4683962499895879
0.02883170664438296
-0.4864870033191734
-0.3530692384689363
-0.05439049309028323
-0.34568617794662543
-0.43760299587891066
-0.5470902676127013
-0.4653833009317101
0.0011285248431206795
-0.1321431769523205
-0.46823292335487454
-0.3102047344849647
-0.14222516607521007
-0.5521329460164855
-0.44726965972218014
-0.42681841152304323
0.04854955117055529
0.345241962609568
-0.6458587703809452
-0.2622916497039768
-0.5272762463018774
-0.5534714714528666
-0.45230477120688417
-0.47629759209054157
-0.4268218798684439
-0.4246653688864744
-0.439894666915184
-0.25062877083596274
-0.6088915871105477
-0.5545853213323736
-0.528824212435342
-0.4592134818778007
-0.43263915862439867
-0.3765179765664902
-0.22814519499726707
-0.4609097942764052
0.13640519613602536
-0.5310598594362992
-0.20501548944748302
-0.345474374414559
-0.2714878933983257
-0.14770104577121426
-0.7089737597571907
-0.021421576805623004
0.04481971608643749
-0.1683122449611792
-0.4212002383196094
-0.6470631101703657
-0.2556024175402839
-0.047863360265652
0.03382949932341004
-0.5357785778577858
-0.4465028909076509
-0.6601443547068124
-0.09058906661527587
-0.22650937359800544
-0.1855796777989693
-0.42192220517224394
0.11985820023686904
-0.6282934607471998
0.4532371296640208
-0.5014654447598489
0.14380565576044996
-0.08899917066749861
-0.27806613760227294
-0.25893687816093025
-0.23567228844588184
-0.4892582152958902
-0.5454762424133551
-0.543106125797772
-0.48265127414119996
-0.20518442817874277
-0.39734052368768236
-0.218021590961859
-0.14319676817063307
-0.467291145191257
-0.7221548141154046
-0.2768837006726639
-0.175259286701342
-0.4058514188088946
0.007474638797314321
-0.31846318453413325
-0.42217206395970447
0.1077161909466181
-0.5470012472482711
-0.5416916409111051
-0.42574548297786247
-0.17778012764832513
-0.5196838197390856
-0.2350430331733961
-0.019610457583977378
-0.3361583087533664
0.3676195998531767
-0.4179856486823749
-0.5123860556025029
-0.5922514702864603
-0.39955476343052443
-0.5052055575701849
-0.5362678178064465
0.382851891676301
-0.11680692763335918
-0.1927154800734826
-0.4753787302398018
-0.12391612472903112
-0.5614575121688752
-0.6240565034953488
-0.604070471152553
-0.49442938069931003
-0.38477089040213064
0.3154708719872898
-0.4218042535552579
-0.6229747809020881
0.055023863539616504
-0.6304964013761621
-0.03386203553786343
-0.40961837479287244
-0.21762424597571994
-0.2867025334243385
-0.0935774279671395
-0.6487938431531967
-0.24143877152168478
-0.48397390419664227
-0.3158552529201949
-0.5140147195392355
-0.572300632713651
-0.29937776290643275
-0.5989174025703706
-0.14911145810097412
-0.4150808866294725
-0.6855361371536192
-0.4008465990493243
-0.23342718148339714
-0.20782066472716698
-0.4000450973873141
-0.5678482595517378
0.4805445437465211
-0.052784392745924294
-0.540963698174654
-0.5707214909230731
-0.30942639531406657
0.03013205443383177
-0.34750816481854346
-0.6075736707297357
-0.2817524843312689
-0.3401511668851112
-0.2997238893032238
0.05477964499799313
-0.5302863504236502
-0.5174621697109177
-0.5907620518809237
-0.5020157674427199
-0.08637727261990066
-0.5093439333363969
-0.5565765246186828
-0.6429235866006092
-0.2697849257937434
0.13325648197142645
-0.2491969705651373
-0.24384918131534924
-0.35150222922243207
-0.07383036785550719
-0.15318439053981786
-0.4503825463239689
-0.5426744129504032
0.012353510425010794
-0.27191569935376025
-0.5267579037206036
-0.4954242492672513
-0.23422776951600432
-0.09748713825893103
-0.1665933455730679
-0.2871678596630259
-0.08545958839343373
-0.08805155114102406
0.05377609145367011
0.050091925756777275
-0.3352320219509407
0.13231349683979368
-0.5620854353090614
0.04451536542312105
-0.5546644933096047
-0.3521968296065597
-0.5591226301382208
-0.46652385917325834
-0.5458965360292861
-0.3712522282494106
-0.1894590288549279
0.08887673566174317
-0.418203788778573
-0.4298292661124519
-0.47711814661294877
-0.36245026965752664
-0.3552791406975202
-0.49839878162933005
-0.46828964912306437
-0.736216742403219
-0.4829978782455056
-0.3775449517012573
-0.6293163503772252
-0.05258698559634756
-0.5317852037349448
-0.09067215387554571
-0.278250182537199
-0.16340193842955644
-0.3376802122039095
-0.1462293645878959
0.06471046268595551
-0.41860884520977804
-0.06935913006240914
-0.2655058907110295
-0.3853038414394135
-0.33343411946516155
-0.18884969812519856
-0.49242768711311197
-0.4918733898218495
-0.17749238426580996
-0.4964054934531428
-0.5428160538204562
-0.49816283934646377
-0.5934324030011489
-0.5830495948852045
-0.6687413352627003
-0.31489198914262606
-0.6348528317925831
-0.1573120889233741
-0.5918139131792084
-0.27003849453005835
-0.6284365361034134
-0.4553369307925067
-0.5373277254121447
-0.1125441917350949
-0.5288360556020295
-0.6167329830039902
-0.4908257435353575
-0.6080089539766032
-0.369851173842268
-0.5977035179202183
-0.40181848996794733
-0.534058919038886
-0.2786702845584927
-0.14945352712871593
-0.3734326650544764
-0.3226601359650723
-0.14802075225459835
-0.28751051663911387
-0.4439375055109253
-0.442250880272094
-0.02888878570067559
-0.4813968758359611
-0.4028355134622408
-0.2918247770524082
-0.1691179053847445
-0.1978657848271578
-0.6176845583960342
-0.37612464400124285
-0.5085537783118889
-0.34988402303290955
-0.49170645810170754
-0.10317772764209175
-0.05269625059607787
-0.5586112307375437
-0.5357431250519336
-0.5383463100784484
0.17250515504937386
-0.5201784930328781
-0.16037009517981965
-0.34655150793894907
-0.19696074497238417
0.016930600248308756
-0.09799274444710632
-0.40409945651743967
-0.13508305852397953
-0.34703627812164906
0.5119719877750117
0.2951723602555378
-0.4933799742066477
-0.5366843641895576
-0.11818501828016574
-0.4968255820619283
-0.4228957101057947
-0.47513204395835945
-0.5227915697602067
-0.1870861531427869
-0.48537903200870086
-0.1083313337458797
-0.2937922295759656
-0.25884514189401336
-0.2697177656306457
-0.361789398595259
-0.3546008678680012
-0.5489728741143269
-0.5342041072788759
-0.12201319564236927
-0.6950661089410528
-0.49333331946716474
-0.2560414371878459
-0.5259358419854231
-0.5146398506520095
-0.3592849130035085
-0.44432991347673517
-0.34250204462536493
-0.1345470312129753
-0.17198584508500672
-0.6286289952017199
-0.26270535581702437
-0.17688295285786296
-0.18480164812197702
-0.2537364327120421
-0.6164659145372899
-0.02798139451541378
-0.6048650361354228
-0.5257304987093135
-0.4995215782376592
-0.2544409853747809
-0.31399542326106467
-0.5246980232168814
-0.5702166361473928
-0.4310675471060849
-0.47485967675524593
-0.5330367083107286
-0.4398371389326495
-0.6753369344712654
-0.6460832072039988
-0.4426725301597289
-0.6005766096715494
-0.2060252569143538
-0.13923134435200352
-0.464102072329232
-0.4891524744056889
-0.36255037779452715
0.1202185792349727
-0.18271333283277688
-0.5403969468323677
-0.3901337605837048
-0.5399401355150717
-0.3096628317401334
-0.2518550962741281
-0.08190378720954547
-0.4043051619964318
-0.46133981943725877
0.09964654014746493
-0.33736055992966624
0.09503552366105152
-0.6200171565382409
-0.4041251166462328
-0.413515686791458
-0.3562491983591396
-0.23036854924384748
-0.17359985423656407
-0.39592931535798603
-0.36715436894184966
-0.33858029387560107
-0.11980470159238082
0.01567155195762736
-0.26939286083728287
-0.28222541649975263
-0.5967145106469051
-0.3114543909301002
-0.18392056134254917
-0.057622910001296136
-0.30219262807284736
-0.3454154890394161
-0.08427069132460117
-0.32589825144745876
-0.6666049485712441
-0.3813745943439963
-0.2832428827172681
-0.43386648053542437
-0.3854998915351393
-0.5448438465641163
-0.3172235866635516
-0.5519771502276142
-0.5394193733713183
-0.4751003057213568
-0.273594221345746
-0.14698274246154233
-0.3708263560831813
-0.04299925222632616
-0.42541704978326544
-0.26626320508061413
-0.19725091259812724
-0.3993973056930597
-0.5180951987268255
-0.4171637991186769
-0.34183355871809734
-0.7083699214559956
0.23793360023918128
-0.41554754215562273
-0.3051336334587392
-0.20551427015031723
-0.5996883308511052
-0.39050735924334395
-0.11525319286757651
-0.43547443161260924
-0.29138951277005565
-0.4505889664267789
-0.16626081165056628
-0.16619687720577406
-0.41775948355929104
-0.5835183233667355
-0.020630352919075366
-0.467030814555299
-0.5974544742510279
-0.5009790382492729
-0.42984038338175923
-0.2839136470378906
-0.341257964329902
-0.4201850614734094
-0.4310260551336427
-0.636868901433149
-0.5592965732426177
-0.20136378047694828
-0.4220728362557044
-0.4291677763196314
-0.08101909046409166
0.13962581666996635
-0.7255114950607661
-0.35862072195999384
-0.33201988628996215
-0.3461207410251996
0.18850483535118268
-0.6991921949966847
-0.12474195069740382
-0.3559632206183613
-0.6518813955362179
0.026184703216148304
-0.22475349948657652
-0.3683148681538971
-0.6190549100811915
-0.46981332209049814
-0.4569865513268385
-0.4897291674551654
-0.34211146414092647
-0.4081414343475692
-0.012310877787922336
-0.4687900288418936
-0.12321562025535542
-0.7126438406913969
-0.45845837003127454
-0.5686482858900509
-0.5208915112752605
-0.5513586519982627
-0.6716055597695637
-0.16165071550022123
-0.4915422162029505
-0.5173752835880431
-0.06049756691435752
-0.1969310700206853
-0.04887772985278896
-0.43343665946074783
-0.6770543829989414
-0.24674492154952885
-0.1692053839059257
-0.1321276173781757
-0.562208058265097
-0.5648155089902663
0.30103942468805783
-0.4913295368999162
-0.5631423125831242
-0.16566462370660778
-0.3217799649967943
-0.2551043079738296
-0.4501459308099264
-0.6906469500924214
-0.46101536515695957
0.6730794949981276
-0.5532434766016969
-0.20966636405729888
-0.21486600926047625
-0.5928962372431772
-0.052913727503534076
-0.4293773163138469
-0.2813552766385879
-0.42499521800404993
-0.4300299431332092
-0.10625396364254763
-0.2093827639157429
-0.34230689559933714
