2.9802794717773375
1.0865158735327523
3.2957481801372617
8.873620216567689
0.8662348298798653
5.069305548297177
2.51943911868228
1.875709368904046
5.782448170259442
10.415172866685259
1.9429703644775436
5.085332417346218
4.22158595854326
7.513031115578908
2.144418966704983
9.849632020122547
0.9929817165711418
1.7489905979797917
0.36892993178271244
2.3643438824118452
1.8773017590152474
0.3530875367918416
0.3814443880356727
0.08749142306631394
3.997767520832345
1.0858503470651288
5.39349619879279
0.8369377341963756
4.990774013065715
7.056440780000803
1.0106877712414128
8.481108816332926
6.203448829147373
1.8586152138619132
2.496248536534817
9.047376008732474
0.3341542316553122
3.2215840351892315
4.99754595151307
3.999215384615297
8.247497369568865
4.100875572854822
1.2223854370570695
11.45912976867432
2.67521960020158
10.8545765382985
3.140510954498462
7.032469671041176
4.741994020182421
0.3675055931210635
0.7450646620547308
4.759772962117625
7.901288947155931
3.5737261528342246
2.702479914573246
6.20421944850146
0.3575833769880906
0.21592014053004807
3.2469459193265804
6.565706458358903
3.085896571161176
4.924319504055221
11.388080959073166
9.384540684063692
0.2804117144912293
2.6228618794885676
0.9027048101475315
4.479015970713957
1.5970349142874358
8.934901224211268
5.1507627234160624
5.116280840386671
1.1511677298398157
2.3551016064591677
8.328778737389808
1.965913246487405
3.5389929719167483
1.6076865046223117
8.760006993683344
6.119561901841982
5.334578110036205
2.1132792515122474
7.705964791341064
2.091996403840295
0.6148867997862207
3.3367956293244734
2.140477924662325
0.6662463946711767
1.5314140245131913
2.935195805247492
2.8415711052540367
1.6349602273143649
4.305081489802136
9.763530942561635
6.057407839817678
7.318244372298123
2.9508001970020077
4.192729768838511
4.069269975141162
3.048560257533934
5.52915069342894
7.130584595483925
2.7756923756763827
10.374523557341714
2.4503901234943943
5.314577423109078
8.845568252651791
9.847440873828175
0.4690875684335138
3.1995562560846933
6.2545689827575375
3.579926461522018
7.265818001220312
8.29429150412426
0.7125326402508221
0.8204115774902555
7.426403883171699
0.822607245166402
1.289570553473963
1.6752537033715877
7.473731829812383
0.35951137724215415
1.978497284577674
4.16723620826995
1.3269505685511063
9.252755050680756
4.5483878573894385
2.873156028741928
4.441946228362966
0.7296073398016371
2.196242370100641
5.95554828167915
4.469547438670524
1.8310256638725737
3.23535272234091
9.450657576776175
5.632058474797974
0.15229412849948334
4.1203300949584465
1.3929879764812956
2.1106946858945927
2.642155859562125
2.77464368141461
0.10963440720629025
11.222091451518924
0.5173686897792505
9.300830166055615
7.687204260291666
5.050344745040197
3.2009667367634975
8.87274567013148
3.5473150669402624
0.980432988284964
1.5937179644639303
1.1221388132791867
2.405941356820536
1.4868037092233208
5.309301395421703
1.2257125348122897
5.389407885955188
0.08239082726493266
0.3634676773231358
0.690610198231296
6.365686887116446
7.104167203424842
1.2684282394355018
1.9445268064676544
8.729984404020248
1.7481109285403449
4.168772344024628
3.89900223652152
9.461443617553773
6.218711893218517
0.623500543934975
3.764936580208405
7.874413442307533
5.888087666241133
2.422228446255117
8.363103271418476
2.419479804999048
0.7200444686973158
0.7960463177973368
3.7449769933808534
5.44821549820871
3.5604619973554987
2.802474439964577
2.999914950553929
7.967665770185635
6.8888854895253635
2.24459807224176
6.3677352456554885
4.695313252217558
4.446080343950527
5.418765582871916
8.7529504489912
3.9656600499858397
3.520988930242713
3.5545888675767814
2.9840721078234314
9.88287230484468
3.8158909905901535
6.190765214758171
0.3505853925186726
4.793541183605098
9.882324058951891
2.055326062097414
0.8335704916472185
8.1561700561599
0.6589580843717956
3.517291368255314
3.3832065808674825
3.7085318585413165
0.7391040391133049
4.003492504619236
3.3600958179644485
0.5618657890284094
1.4778619526343182
9.312388994105254
1.0247642501303011
0.7859733783888899
5.052609264397349
3.6106915099256747
3.351482120470957
1.0719278923571391
0.11741937230125278
3.6622914326496865
6.067616072925918
2.2816568923900147
9.252966394618719
2.4952514493179225
3.967768819792114
2.946442632399694
4.983588190102847
4.869575460972022
4.790813641106875
8.06173965032041
5.782784499506661
1.79331713811928
1.5825682428164596
1.3037272392021704
0.993161390051556
2.912112111944259
8.03058545476505
11.885249819270197
8.145209740568228
5.853582545308882
7.08349745547109
5.72475782389618
2.1242974647171367
1.2684032032963044
0.3739679084931347
5.931744690708266
1.0490501553226894
11.155349263112914
1.5195268732015972
2.667118601598848
3.9187279370082067
1.9206257896196037
4.168232702221427
9.973633424470256
1.1031106743888501
7.388374214452397
1.086044935457624
2.0770645519591144
1.8029180940182654
0.841931670262571
3.4083412222324108
2.64770550954024
4.549457395703811
2.6465248639453436
1.5297172136461294
4.54686786282762
6.067686676716776
2.6887375988115885
8.369196167388008
3.2319803517168837
4.648869433980182
0.7727084072963296
6.401268815237538
2.9354998762635796
0.676987113127769
1.595306111080457
2.3333158663512092
1.6694559347086193
4.552193934990026
0.291384550327572
1.7188289186815302
12.78535926630154
0.16987507996418813
1.6688245547116856
7.873509062416074
3.2996358174847797
0.770272276928061
4.051547990234
3.545295983230326
3.623755330195279
13.325303159975258
1.3937132162231676
4.302956543435933
4.37431865324057
1.8249118223961003
7.04798780624106
1.00447285655069
8.698363471403901
3.559305785120661
2.116750597580523
2.4781970946176504
8.004023327827046
5.357456634185518
0.8880416721995423
5.927972893142759
3.065125131276596
6.210245808006284
2.5924395498624433
3.1401579358749303
12.43692587623714
4.612277719175467
9.178045026723217
0.7303750963085404
1.625025315216381
6.697178336542736
3.6263267848997462
1.0321500934708772
7.858976198357543
0.755171281473153
0.8602138953893192
0.44402139342986796
7.355295067660525
5.12776346831887
2.1107671050477936
4.199857785396639
5.45563056135015
1.2995556015070449
6.550610080454071
0.24170793640808197
2.7921409955439
0.5179608526158933
0.7926172582119906
8.149425685842422
1.2301136782909832
8.934843816548902
6.256998718373343
7.440767900106076
3.102811030447442
3.5509672043702776
11.438719153254166
8.285546712095393
3.435569697940719
6.582157651441896
8.72551436196258
5.254120846258883
7.659644528764899
3.989978816177815
4.4000232908974395
4.836285996539165
6.0209467298276005
2.690501410593076
4.629869510418074
0.5867358398176504
11.905845725661596
3.3651225774647493
9.066324358343316
0.18305255502250092
0.6248179387322796
0.06136568947966569
2.3926081537307597
5.00471385559811
3.5873406266696883
1.7067110847296685
0.7531629740801211
1.9760738077451303
2.3545528431285008
1.6431411579806778
5.728120894909735
1.6967113630151591
8.859254149518009
7.92089415983305
4.27549011945473
6.653401163598122
7.0587573100486285
6.78957900626257
1.5222102519071643
3.4628369394380916
0.8013403445139168
0.8264541065271616
9.05759932572843
3.7986838518399315
2.0193064572957176
1.9772698257119479
0.6525063825984255
9.391289174350781
5.941379593515638
7.257405799438982
0.5891279539841283
1.1343527025543083
7.394781345401941
3.3681548542833997
0.3533491159822212
12.200660013642032
1.7289553638823065
7.757617366653795
1.379596287240209
4.925066334405239
4.671078272871696
1.6920941815547406
9.886086954184616
2.9736005821707185
1.3276013716215327
0.8399901942140199
7.4479666751682645
0.6779883520683846
9.001954339786268
3.470575355697736
3.705169089098151
2.7864909399554727
0.6335054509189223
6.84982027909473
4.075617366041905
7.271586306629482
7.7793825567518065
3.537459613210209
8.996089645576125
9.951884258876621
3.3637658966004405
1.3151925948831797
1.0367158894072788
4.069354616738346
5.093903890363488
0.7925029919055245
5.873122774384567
3.9081186448239835
5.923902795368614
9.511882731123054
3.996132245521481
3.6592423741595805
1.710772611957881
1.651476121291048
3.2873540198422244
3.2378676224295253
5.158735623062768
5.472412153817125
4.922491512678799
5.171576196058626
7.212425473966805
3.136701350515892
0.9047948859018
1.1701660128698175
9.122312237111338
2.063089782983328
13.017323246448246
1.8291817139711242
2.055129877991496
7.320958141855927
4.0065034451534
1.9126898653965636
2.509397935384613
1.4799585670837654
5.794078013203613
1.9062087900254563
2.3013317526742383
5.630273666043601
5.893646214884022
3.370867426410628
0.2739311053222426
6.2269549139505544
1.9761984970861282
3.098195886030521
2.4431842064633633
5.812882346396834
7.5812384393964445
6.609842861424328
4.152673874526178
6.130480408757778
2.649713040231778
5.696054997597988
7.228386111362098
2.2086398462625794
7.210267379952869
4.313857780303743
0.23470631238223907
7.028729551077285
8.172574530378938
10.56945281705623
0.13769231323418038
3.514445347954365
4.65544522831942
1.4648129543691544
1.653781281474607
2.0717204528552196
2.35381597286943
0.4911453551801426
3.0811676332211237
0.15195381923700652
0.7666624942675482
3.8530662815955217
2.595313896767661
5.221120552955403
6.3184440376511555
7.833279189672784
8.161906842338475
2.8243873396244474
2.267477230321982
0.21545382542350225
0.4331016139875451
1.2608410220207213
0.2978614839133242
2.3017299005661687
2.876711790644796
0.22379213155152894
5.813565493754663
4.44158277265619
2.3707949759635127
2.1433830201109068
5.984972146440192
6.793923603572122
3.870652110127841
1.758100083158526
5.856613116058845
3.3917933378713254
4.81480849424763
12.437228052574065
8.541940370326406
12.735778924800934
7.227635047795602
5.318386547128808
10.073617791010989
5.4793450041203196
1.9962606776627647
0.5083907540567574
2.1453537068138777
6.134723735177026
3.720929743760366
7.087005064032012
3.8169323884212405
13.438549672099414
6.159802939019358
2.192313846179065
1.9030464318375673
2.114671136026832
6.639376331938142
10.27320544046115
2.21273902492591
3.190657542026489
8.381035556698865
5.0471923231946985
0.12013515546780985
0.23642622386474896
3.970323541334639
5.48150595029763
4.251915067766452
0.6807300484353062
3.4121235523550926
0.17356079515641437
9.672815597042495
6.605198667800751
0.8176131770442663
3.5477695183603175
2.75992751435796
8.429368685097822
6.328651854042552
7.502930148197221
3.7373427294964143
2.9056520513921162
0.8743463614440957
1.368886056778872
2.5673432274779704
1.1197096690961215
4.814266520195701
1.5123503474637345
3.095133858756206
11.158186244621518
4.929256545297914
1.7587826950158931
4.223268998346794
0.30415780808217235
0.9262060826387506
4.632421135474469
0.8218771368340642
0.2983205164829045
5.5314020135277895
3.095423606175531
12.05646475004734
1.6526407628476212
0.3958098958460452
4.622831373845217
3.875503720320624
9.628162928874264
0.2897117394591974
0.47382703541046306
0.5067791019549549
2.643748567898204
0.26494977778440737
4.691317586804869
7.81509594021892
0.5572813704822887
3.938555887881238
3.9106141304971818
2.881825843226957
4.175961661734089
6.565271874555389
1.360662272447628
12.128656365883858
0.2382884894844066
2.4563524257786216
8.665446696713216
1.4870707403646886
4.019706372681824
4.964027403099644
0.4647662061594387
0.7627145985735002
5.400483183243081
1.8308880421285938
0.06581247090933875
0.40471855299730286
0.542165237083799
1.207960937962569
6.324116246080841
2.5071278580322685
5.298521221161424
1.9544591925608492
6.808277534556706
2.178306162364802
2.2459441184160553
4.968818518468662
2.3610905636313397
4.542223268225234
3.9801355663992286
6.00098345785367
2.341748795617274
1.8439449517158206
2.465938447539293
3.8033284844390853
2.9572730719793365
6.632714576389758
6.795788261967717
7.1490845192155525
1.954205964547871
5.1361426019636465
0.6915155888768107
4.070270386246691
3.5280835504960684
10.509965698782684
5.818432020229616
3.5408390840821946
1.232159658475729
3.2305198108595916
1.5135881473077761
1.217902121213834
3.098971800898396
5.811425432877709
7.5801865786814355
1.5208107434562668
7.0821791741451605
2.05695668717586
0.20589539679859775
0.49058945992207903
5.8531706861459085
2.645373713440158
3.5307930475602425
1.1391211072768501
1.0228372571068702
6.122718011090775
0.6094914357492205
5.728402546737626
1.5374813157577985
5.859351484497309
4.26730502038541
0.12871714111219315
0.3450710014837107
4.743330800384986
8.092128265654521
0.4010870735596663
0.8476689212243806
7.2610423547511
3.2109501751232625
0.1949518138709958
9.009149340258341
3.901598765956277
8.615613769113557
6.748253044200518
2.5709921039804446
7.296261663882145
3.6560671176266433
2.1216526273777534
0.19758498511035397
2.7230318945420606
4.0341517236369695
2.900103497364864
4.518131732540118
5.868569583506359
2.1812241169738966
4.334980910334111
5.54116681639073
2.9775048846901986
4.4777898684404445
2.467502973964925
7.072392131939395
6.465667304378966
3.3444032614748846
13.40030322099689
7.650552733681084
7.080318899503005
5.161866080137711
1.212733133122461
7.410470550016045
3.536227842905391
7.840128005002236
2.844792406790873
0.6427400915565424
0.3109492274741255
2.530254951612203
5.7585820108655765
7.737282248655409
3.131044036070153
9.363656259126364
1.7931438565474853
3.3386600563710536
0.27545256044912364
2.9631797915785585
2.271570740959292
2.937614356469003
0.7889621961504703
9.587628039266864
6.804848042073157
4.8189074629210245
2.2575421668142703
0.09239523805048347
0.11613701429726389
8.586135750118107
5.160533677443922
6.522050467172385
7.124881253941979
5.5772219869208675
0.9253973027971619
6.3133069030919815
7.958555645874282
4.956414715637172
6.254958795229467
1.2360387025080821
2.6495652734326027
8.186919549743319
0.6068691546540843
1.258642595368152
7.6165967582438086
7.533246685110702
2.5495676694676543
2.9552439704462263
1.6461169157594628
2.3151427418669406
1.482206749161618
0.4052698308770132
4.7452000860238
5.147677137439187
2.6901392658191257
6.358331554502332
0.028933354932214567
7.331494845850915
2.6600077655998016
0.00995057509859895
2.644242878254144
1.7799238649351266
0.6727225756142723
4.2536584555192825
3.424167136815712
1.2258355585528964
7.794363660164576
1.6925273154633542
4.161229318225885
1.0214867064423805
3.864520805677521
0.6615271761838323
9.75362731657917
2.5056225610240523
4.820696146120155
1.8832156065912156
4.965670194220657
11.995224615076301
8.771676348517317
6.024098601972032
2.952315454270391
1.8451071611884464
8.546052404746126
1.7997307442853103
0.7775964121641727
1.3778396646560704
5.316956406790832
1.318143943070493
8.547816121718572
5.227073789106872
0.37287257000618734
1.332922614411226
1.3206423305768937
9.190422560250338
3.719389356708347
2.5153265673198972
4.9383631357807065
2.920424400895266
3.519731746762798
3.6743744955655955
8.03987710740165
0.8180556341960559
1.8417125990267396
9.548631157281852
3.792806661052631
1.92982564310817
2.9143279368912847
6.512200020517781
4.474080036173895
10.353196619095174
5.457232200064571
5.209893016017456
3.1882989965346926
8.026432278755678
0.21188715098720165
7.06632668658001
9.721607841428671
6.627128859004824
8.746017676858779
3.999607288704097
3.429565475591574
9.61041477149017
1.1016431757370795
0.8415814783575317
4.299990081007389
5.929753125969248
4.79717468607243
3.5415299145704022
3.5357334291241056
6.442647550894007
2.055972227697767
1.2220021421512683
1.3252941154379587
7.933356695461621
7.618240920773099
1.9436663425016585
5.0798799759621796
6.272624768381751
10.514988998834696
1.814148735088882
5.3735187868784875
3.4712512758490988
0.010965889570701902
6.300730096054142
7.308161385049877
1.2501466630061606
2.097503676403911
0.8981777445720791
6.884613194303937
2.5597626885315736
3.7293745096313153
1.0234365030420172
0.26231069511362354
2.1741394196546167
6.617769672542125
6.76065133788281
3.1841143185978424
1.6523961306160204
2.293309414749872
2.9652175834594865
7.629453141253064
1.591956137271816
3.783077218126495
3.578172486348131
3.4613907567024427
4.94716986629726
3.4954510060769404
3.4656491988463523
1.6688661559171016
1.190174916307703
3.541606245991746
13.75702121822163
0.27466113439892387
3.77443506121382
8.376616149291365
4.564580712746498
4.5199578583602635
2.401099670429927
2.353506781320886
0.5670843727048763
6.939713238300239
4.007513798534121
0.6454489362925211
2.594614474112358
4.899424456996745
1.322250767236588
4.491888922342548
5.550947552522385
3.6995507039115023
3.9362781166683836
10.055630683440038
3.0958313476638093
0.4881284293822849
1.002322740344721
0.3603552620258254
4.810263496628144
0.6328048827790187
3.122112898749772
6.150656275460403
0.29226120680847484
