0.18516284498151397
0.22263693988379063
0.3984281027251362
0.2499729620372782
0.2693710725162004
0.20967044459807935
0.33529006644995146
0.283687638720094
0.28354304606115077
0.27916268248243753
0.39113958328103776
0.28476790078413805
0.3044006222236751
0.27340046671023677
0.19959944400509325
0.4575874396119238
0.2819808619406406
0.30945098857769576
0.3817935171665951
0.36458024910266135
0.37745460240116147
0.29674437895228695
0.4600378608201996
0.3365990815098205
0.20927826835288407
0.22262090178644825
0.3454808964368915
0.18781004636540383
0.351882681825276
0.3420260508686453
0.2702761170752695
0.27445594232004084
0.20122959124169065
0.37288196338739954
0.2731321464222273
0.35903694297935684
0.24652773154381238
0.381736418603902
0.23591235012637243
0.2957353768223174
0.20368941851972996
0.2449035042770601
0.24466071991356428
0.3373057018889206
0.27883854651663376
0.22280312483277975
0.2078937420397279
0.24007816660226505
0.3640011189532999
0.1416470569994716
0.39691970537437204
0.23054632244953732
0.26125493834312635
0.2487673740629592
0.3347875582069997
0.2412656647984553
0.30911194179640317
0.25491747068893533
0.22517014358926848
0.2941616934659986
0.2398095511596411
0.19575630725235174
0.4778506526424463
0.36084182729084396
0.19842459628850553
0.30935927541590025
0.23585077915133887
0.17839537727846533
0.24547144202646054
0.264116076132073
0.5140866677651444
1.6843199560098974
0.23447397244210044
0.24741710167850295
0.26046577686509964
0.30705206144109876
0.23162876229166168
0.20557776008278872
0.33451062184753144
0.36741220799446384
0.2866756166400866
0.2394936912060803
0.4514002360222402
0.21314263443958048
0.24427135483909337
0.3403643349465745
0.268493850158439
0.476794419341218
0.3097586992646916
0.45178226707574737
0.2518114400744099
0.24060648532116705
0.2349820297510781
0.4253581459633105
0.23377668908966195
0.3384727916482214
0.2531044628794024
0.36393683212046235
0.2765097095957545
0.27481806825753047
0.33911687450530564
0.22847263332556056
0.2297776265137479
0.32341416192094036
0.34865543953622036
0.2515617111433463
0.28595907743188853
0.19784364295830942
0.22917351896587052
0.3420931505230957
0.24133415504987876
0.40928443007722903
0.25358120001042933
0.24910531820161078
0.22881730062768454
0.3740355865807326
0.24278102927185022
0.1699229940502998
0.23615554940551023
0.40862978781316184
0.21801115776080696
0.19455726936779294
0.3346458568783693
0.23646430442316954
0.2353793239500094
0.3233739500977742
0.35135483599973216
0.41016025628335745
0.25559189798016685
0.17751858205667373
0.2200412358139544
0.23915564030314046
0.49571854716990665
0.1893375196296037
0.27857021862843023
0.2204691389065713
0.3123649093374274
0.2969814346071025
0.3927258087308822
0.28756853766260526
0.4558162538167649
0.28782648333455396
0.21422984489167954
0.17257238364674565
0.24127915070284994
0.27162972567635146
0.263493056398319
0.2545974724273636
0.5534722380648839
0.2764947479003546
0.2375046081642556
0.2757251816424469
0.26634467259601036
0.23400515150152634
0.22434675411736285
0.395906775144355
0.2505268237066837
0.2957491265424251
0.3554919818925492
0.24716864875421837
0.24479204679006583
0.20353976734810938
0.2742795761241656
0.46047436479766857
0.27571602649163934
0.244556627590858
0.2630320503234647
0.24850058846573483
0.2638805588687504
0.22274616595512717
0.23047574170716864
0.2621945233152059
0.3210442213537279
0.27833849146497874
0.3233615957161526
0.2160719839074277
0.4333635659131523
0.2855891859174233
0.46027746951453236
0.31125458278441126
0.3251076229329283
0.19631193656416795
0.23784730294145193
0.42953502583738545
0.29185828351661286
0.3940313846992687
0.4450603427489881
0.30883040710471393
0.3023885414046038
0.4872924508778033
0.2119763587266113
0.2555939652348691
0.2010421135895101
0.29716050490496604
0.31963912237828973
0.33974763363388183
0.4513559300934377
0.40247648463226615
0.26594344412425813
0.32668611359674277
0.22981214797639282
0.22808859540811754
0.30520733655108456
0.3282699660497652
0.24847905592230687
0.2332412397064686
0.25581784737967767
0.42322764235100113
0.3386166762907539
0.33892309181344765
0.19440216802373952
0.2673323355246553
0.39395496212227243
0.29077720864524503
0.27489881704365304
0.24163040988327533
0.4541249479706068
0.22795286258808944
0.2998368953225016
0.26969424978723
0.28631930971937714
0.24352671530596584
0.3044414506208573
0.16877392755306678
0.2625807683217461
0.48339365845959875
0.24060610289919254
0.16636495303455504
0.23506248786781417
0.2587655254078367
0.21480761437264312
0.2140794140659578
0.17247595991867684
0.28417273749503763
0.22908903158368188
0.39219247684552716
0.27428343269229927
0.21222897044358366
0.2466898565026563
0.18019398403194067
0.25819481863378796
0.27357281450615334
0.1867626128133686
0.4403422417734214
0.27068484902796935
0.24645990163374754
0.2102707730164882
0.243692553731737
0.23080875743183057
0.24652897562673484
0.23931613044429467
0.36441755288008787
0.2270716696652783
0.3669168005000256
0.33555601215182645
0.2613012597830992
0.3623663266205927
0.3753686153188279
0.31908564406481227
0.259207331793037
0.29463846194180454
0.2562564643764138
0.38696972684523384
0.27380510306037537
0.28605179756438087
0.24641834584814104
0.22363381969910043
0.32825368326759097
0.3720932998529453
0.3575269896491952
0.23300501141110666
0.5073147192932557
0.23467441903938846
0.32677106986543797
0.23685484297599993
0.19413989871003315
0.2525102951833381
0.35389415579722777
0.2582984913219149
0.40495005345695434
0.42740079437398176
0.4188587463640513
0.36851444374557696
0.23886509210715362
0.29989318162508305
0.319604276517015
0.32159418937690265
0.3827801232430481
0.3451245729376608
0.31345072612662045
0.25845372669941574
0.25391392735955387
0.28507138536166543
0.2198863375731363
0.30110475929317015
0.23808816771483893
0.24735660265005835
0.24657146161289045
0.32897665857980807
0.24889555326410392
0.32090013643094417
0.22106643053039457
0.20586743186967035
0.280494339398006
0.2731540768399584
0.42836083301126776
0.24724472678688666
0.28654899606699086
0.35797510597329385
0.2308762924953499
0.3177087108853844
0.3056419505067519
0.26195299557607266
0.25048573301640786
0.33814544971970845
0.3183907893411377
0.17583587695773722
0.2654653894013871
0.2558196758513676
0.24855084319704293
0.25612578229002825
0.23340219467837398
0.3535824046079812
0.3146480702759022
0.24136210532822114
0.4162836727912779
0.19112832253852405
0.21286604746477827
0.1908090740259953
0.2271443342380641
0.2836522940163774
0.29633535579134496
0.41951326715248577
0.23644128491937288
0.22485730537177762
0.3138351219621742
0.22498531529972493
0.2120283883426492
0.2730864753295491
0.249113329769481
0.33109457557969924
0.4778888999204637
0.21593293249188839
0.3478964633363472
0.4050117459518807
0.22951061140137682
0.4694533080465567
0.2082776438610081
0.2611960845757471
0.29266433678624565
0.34050892284800344
0.42676289959322483
0.4272915295167174
0.22926077880809828
0.2979386045036514
0.27051007749667055
0.3057348592942197
0.24634502356216473
0.3843253199629878
0.34602880195891095
0.24932797604817958
0.43794078181915985
0.2891575668823041
0.2742067332287976
0.28337319077804046
0.3838160077437776
0.38130109505704196
0.30611452877759787
0.2376896802955371
0.33748059964241944
0.2401875831286635
0.3158406622753648
0.28057220632373064
0.18903847599405998
0.2861395769492941
0.3683113704316725
0.23361075224631586
0.25248134709384207
0.2593263141280971
0.2764646026624793
0.23194640330244615
0.38163167574186674
0.2110196020999696
0.2240263687849004
0.24492276106491812
0.45237562814956034
0.3602255171193523
0.2702061342250596
0.27237110287411725
0.3173780742069374
0.3319879003521361
0.2531769589774418
0.23004303048915328
0.2495200302397615
0.23575086953209445
0.2598532175347931
0.25859661108219534
0.2597313284908568
0.2399566870964197
0.2767817861717844
0.21678876214499126
0.3604296987716097
0.3114615950746471
0.3858589268797964
0.2767698788000356
0.24964746361305698
0.23949524901575484
0.30983261918867366
0.3560350943786647
0.3279183133109068
0.2633220548285017
0.30344893008467405
0.31817205083363653
0.1946489598103078
0.24536186438530294
0.2517691272586459
0.2527009587572701
0.264844489527441
0.20552476892004126
0.23882640581583928
0.2103229938523681
0.2582741847835594
0.2106383410770705
0.198118387254643
0.22545806319017148
0.2252114386098948
0.2594519868367342
0.2848469018709562
0.3209884782234015
0.214862514651442
0.2271444764775362
0.419909562842737
0.3072489556891614
0.42628441919606874
0.2566554231037092
0.4251709751748589
0.34469395650633594
0.2990168380761944
0.3043756693093052
0.2751728828093359
0.2677973778292817
0.32751104736713793
0.20369390246611568
0.22076237328468917
0.28938369172205336
0.2170078606218906
0.2767955245978248
0.25838526997254635
0.2696197024009097
0.32822461211798376
0.33822146411070103
0.20787081641365085
0.4459667993360608
0.25483042891922686
0.2611770519444894
0.29622365682837276
0.20610400820712105
0.33616217009814225
0.24902632250747067
0.25549200971751146
0.31016882540317536
0.29018286367632856
0.3150349574233287
0.24613798853576685
0.24659480183405794
0.21654097884404477
0.2155794515983388
0.2844923232757681
0.3858262976743647
0.3124837058743542
0.1644823667196113
0.23457645499516383
0.3695095073894083
0.2768107855205132
0.25455421212656176
0.4080729747096168
0.4494320635823664
0.2782183668724212
0.26455476788341964
0.23708341026841415
0.3476470693401214
0.1893098887015495
0.2597406413659667
0.3938280537914914
0.22865000846902625
0.3199350713937039
0.19683316633528725
0.1758474899385323
0.30269451253590407
0.4077802451967722
0.20671807419826607
0.27316515437339606
0.2326642359500579
0.31389713818126436
0.2828526522285905
0.2802598902626833
0.24923772702074556
0.2803589290256253
0.24673404359263204
0.3619675992567482
0.30596775199782966
0.23480590105891358
0.21948881574143883
0.25457002747016133
0.2172034713813678
0.22720282558770888
0.23647133404922338
0.37387232317982183
0.3338832220027414
0.2794203697797571
0.3002498744074822
0.2878601946307252
0.22801346650566995
0.19364957198854454
0.2311173552204011
0.22305615258873035
0.3128619922882779
0.22840286970773988
0.24362608014170817
0.18739547087090286
0.3105583124384115
0.2755618944818858
0.27803712898700683
0.412264718357924
0.16135795044243023
0.26238264726317845
0.3846668368081227
0.2669540985087504
0.3717875985068587
0.29170338996965467
0.32496025381906396
0.29099999628022427
0.20911847266093597
0.2232939330398732
0.3111918351177254
0.22964635697791694
0.3475775953935465
0.27663654478023153
0.6719265607632565
0.22954671081305072
0.34228667236980126
0.2605449044013631
0.32455193085572354
0.23981674966730737
0.2478707253568584
0.3736552865653713
0.2505922248923649
0.4530410049705432
0.3106523728437432
0.32708315581348074
0.2375409474170495
0.27093712054636054
0.3335341276593144
0.2966817316659259
0.32152260072935207
0.5451191526180243
0.28139943783822885
0.22303307498790734
0.3930555659449867
0.24061632433052205
0.24341337184055858
0.2470173501890456
0.2540163478076732
0.25201882310614726
0.2687036425274957
0.27760241365876315
0.35269888734697413
0.39179562180875327
0.30089342801004737
0.2471960565733188
0.3007702332516763
0.3321684618413181
0.2340193617783156
0.43879879345942935
0.292616931815272
0.2302183118019707
0.2959049169194547
0.2699945752434649
0.25623578538711034
0.20877230633578372
0.2938201529285576
0.40629121395856516
0.2902004760669374
0.28077258396993954
0.23211111077483312
0.24994331418345167
0.4010545928840623
0.29950355506388676
0.24419467835631722
0.1979657705645035
0.30834703607409614
0.24750891476487355
0.2808392160541922
0.172319784103796
0.2220823374805847
0.2960757129932244
0.25146962472376605
0.3233461937534118
0.23517677280932514
0.1946902371848286
0.2398714361160398
0.29239810739628375
0.238017171771479
0.2320534628712698
0.24051302092145704
0.3117131225173228
0.288851842310687
0.3023751994291924
0.35821492202419414
0.37761086483857037
0.22529091207546156
0.249158026748375
0.4159861872492974
0.2550659627910797
0.34787478354927304
0.28228934002002
0.32892577456387684
0.2723306601123715
0.3339987942857732
0.2959715069343441
0.19636754130006479
0.2959093987181465
0.36151519973525215
0.24456519815192027
0.3311608932080949
0.27207381315093304
0.21531060794940746
0.3686053150077102
0.26918338947920895
0.17309371658437026
0.29830226991250514
0.21307038799607964
0.5998557026523992
0.25084646780921704
0.27957423080401445
0.2579722007028697
0.17814289034727554
0.20686964278726805
0.22213805503679712
0.2261077976136759
0.27921149697834863
0.2615021209277755
0.22032920299200418
0.20352125053309802
0.3381752920610151
0.20368200336540884
0.2569400368627007
0.27859492803325364
0.2486387507724632
0.5001862944342513
0.3846202272410872
0.26341615190918743
0.22740671635095785
0.27644703188669856
0.2621199354791154
0.26031289532272867
0.2508039849095053
0.28579747219801266
0.33408936534778855
0.2762777034077605
0.3574994921899558
0.24474034700892822
0.39811363128419724
0.20810787623827698
0.23625926981921822
0.3220541988291847
0.20271491546416243
0.24935703097537823
0.27828634676210273
0.3576007858371649
0.3005718231964144
0.2567037433089383
0.21611304054589453
0.2063180550143373
0.3338812730855073
0.34839877037708944
0.25714932348652886
0.3087606513056565
0.4088416580055001
0.25457004763095725
0.27899656275318113
0.23663294985647634
0.25589933758713557
0.2485498917623002
0.19998556065090756
0.2970031663507607
0.18121442666801965
0.2287144186087037
0.23496915520687842
0.28889190347300664
0.26477570386234583
0.1792388040999969
0.21969531861582295
0.3963243652949628
0.3794302919534104
0.37919585096273056
0.2215234431692742
0.2788453549282075
0.250484895483688
0.32781523721812555
0.2320777594835881
0.3727930017697176
0.2197729463909441
0.2382452740631918
0.3374699033563833
0.43900625291594525
0.3095403676751974
0.20666213212352358
0.2507190045282049
0.21342557716433472
0.21870177696619433
0.405199550965554
0.24811608808644522
0.31447130693149017
0.26119439439686315
0.25245549979980747
0.24132034765020902
0.3226228001404728
0.19399965754392126
0.33503565518788037
0.3300168405634387
0.27728995684399294
0.21948332007359841
0.2314661960282108
0.3454243062034332
0.3767848568811858
0.24045043534509244
0.22997606538612672
0.28108311147501513
0.40712965260261236
0.26477818522721414
0.15649728376349434
0.24069554545180727
0.297090919455969
0.2955691370475612
0.23579045140386426
0.32564442473647165
0.3367847356301257
0.2327988059416893
0.26148221381607945
0.46111296167727256
0.26758624022324284
0.26560044572045743
0.2663762209801147
0.2694584646220397
0.2765633964454407
0.27201904586034636
0.25823786239422863
0.35919373095422524
0.23456977039127522
0.2822966139857608
0.2554241187508317
0.34602060282032593
0.19938091396727733
0.26591030032532853
0.19817611219076403
0.35406824663927994
0.3908365583873268
0.29618344737069896
0.4046587541552188
0.29608502014968185
0.2264632910753572
0.415253631037462
0.37294643760636736
0.2635159836944828
0.27848936307965394
0.22656198744856734
0.23437443951154838
0.26291486201656766
0.2834531833409416
0.39840330818424985
0.3515429692782615
0.30318016817996707
0.41706698428384786
0.2104735562655995
0.18434899622850262
0.1958944135965359
0.31974913333809263
0.1946750507195872
0.2087982955118436
0.44762113244606
0.2320385088853701
0.23505736835816127
0.26024064527416985
0.30636994901332215
0.2699311566100883
0.28083167033152745
0.29928375511408545
0.22580258180749666
0.2580683705499984
0.23965047366801775
0.33200591690237563
0.2708355668707565
0.43834918950918095
0.23540106310436723
0.33687503126285623
0.2522228304160069
0.2975075824821822
0.2883797263845059
0.36016919973807454
0.3242885689779485
0.3834369240175031
0.4156698697555095
0.31792748366773116
0.36007132306177786
0.32433113487512494
0.46915817393101744
0.2629214660201592
0.38664885835894147
0.3146655647261025
0.1943296206733307
0.29407454754561935
0.29363498302594204
0.28631903475195036
0.22510522615302647
0.3302610672402995
0.30406797882882974
0.2580264765563951
0.224334896579995
0.22420027064082065
0.24571814642033915
0.26164580646006735
0.32661913914606355
0.2974627246333031
0.3058847750004336
0.3547712305471392
0.23101557650797122
0.2683062198897797
0.1978357064401796
0.36916032856903735
0.408685648521829
0.3004057700807387
0.35167435525422946
0.3065136893018636
0.25213215651797
0.3239519349805527
0.36716774904377325
0.2723588886033695
0.3095184546327004
0.23306003173676573
0.3693563226863886
0.3818610259801475
0.41868723441491185
0.28450519911266225
0.2865682632686252
0.28140032557964856
0.23531114635830006
0.37913870145439243
0.386293707130319
0.2698491717422838
0.287441205939618
0.32617033002529716
0.43047304126818453
0.33186007564558107
0.2867903006710458
0.25569289661587574
0.309465872236497
0.23453475707203872
0.4431265075480105
0.3219065944407718
0.375978533209228
0.2791085799812768
0.2606047205554054
0.24544166607732854
0.2725779426980165
0.2383824563707886
0.2194101927604919
0.32121853137424944
0.23324584065383086
0.17912734270795871
0.3152208928114633
0.18406751755065592
0.3848903790047415
0.24380226966049304
0.27360102753105126
0.2992941228015907
0.3130847012906743
0.28261763683405217
0.3820429763643852
0.29143908243464295
0.4081547980111792
0.3683084705539642
0.24347311902232358
0.27743913217066407
0.27135055059633906
0.20384284022201135
0.21647296152200968
0.2944225816922464
0.23803259748685338
0.44709805002617925
0.29793246589714323
0.2471604239083902
0.22097484662845573
0.47976370097845616
0.23095904854835578
0.29493092686842326
0.218978729757301
0.23367157901950703
0.25476195564661663
