3.8319140940243557
5.181498458155035
7.327456550495226
1.3996481563154202
6.5858972610890945
0.7203823303837344
2.2231480504825956
1.5959293049269232
5.458177730283472
3.3734620542949667
5.154927191421374
0.7012294795623696
4.777127429140635
2.7122290750528655
3.490584620065413
12.622117951574987
7.651833169524654
1.0602377715626878
0.8442503095599232
5.745604968885915
3.6256126530971877
5.498271413684631
5.445324837697088
1.5664116312666425
4.336495687263903
0.9760121037982503
3.3725588346420565
7.255872686662253
10.603729010704773
1.0786589529195603
3.447835991155594
10.099786000549138
1.898808070275772
6.140731503984563
4.225343533445341
7.567164191024547
5.991444879976883
2.876047259550218
1.8380878873160786
4.90713373000844
0.36829851263208435
3.9545663022717723
0.30770757186071934
2.9896841498580096
0.48399603636197686
2.8651117113014215
7.5251958609218494
1.766324179181271
0.9323750550353975
1.1144513493262416
2.868228099334594
0.8372028407610009
2.7388019683583313
4.3703570159381515
7.577525397613106
4.651451987598052
0.6527281403634471
3.26679113797969
0.29343357506843
0.8178102174534571
2.443410565593719
2.4372133203851254
5.866838235776234
4.619849137363274
1.5596040400552698
1.203322605474821
4.238632275741773
2.3456385466368577
1.4116687246820878
1.8962756014607298
0.31479633062250767
2.246553157673355
10.443843434463071
1.0570235332505618
3.103962874067639
2.614416941133197
2.4415729223192972
3.3199011813923156
8.273867381491163
8.855629682175953
7.570114895036845
5.805313552150615
2.2057503026112153
10.116912054409472
0.5575154958428543
2.221108755401131
6.323656636260542
5.469728070430542
0.9867967664336649
0.38644196077021276
1.9295339035412649
5.061529111401291
1.0990102121728837
9.388063262179335
6.852055086657503
1.1290273689125858
3.175407873254683
0.7028403603408829
4.312541328892857
1.8110914889689453
1.5037599921722982
3.4726547622998276
4.101779827186934
4.681769782800658
4.365218407901872
3.0076091148034982
4.795456583608648
3.8106278042349335
2.095436141412327
3.1053565521602855
6.463171340624537
1.8144822932870497
4.082709259262101
11.055430365015315
0.39052443303724893
4.938029140193778
7.309263869313616
0.7971924226405462
3.566063849144042
3.3798132578124624
0.32237395401243163
1.9920804549384306
1.6131738749196
3.134638499109161
4.670490954867107
8.389193115118688
5.817143299760195
0.6641112213312794
3.165746638715107
5.917827455570154
1.792799117872904
4.249784449942985
1.7794035574170208
2.273017546196282
5.286266973854231
2.2018484362408506
9.147462104122647
2.8879457760881646
1.382688585721845
4.140208018642083
2.2721676629753462
1.4313268232087495
5.694304060273153
0.9806196142331454
7.929868497324577
6.985912545970009
0.6676675290028341
2.689614548186799
4.423307333607869
5.030639288988251
1.4306748699466272
1.9872794456864449
6.780889351727433
0.9526354168532893
1.9334305481039655
1.440607208487961
3.301100913840359
2.5233531557025057
6.042324652925491
5.0737667045082055
6.124357753251353
4.222200119840284
9.979761430120464
3.275208514689354
1.3863348125897201
9.998553024130707
5.102966695441027
7.5994653207059
1.6374701331301889
5.0966657107348885
3.4570177547129477
4.572490370449768
1.2768598143873087
9.150824534957085
6.278981285817694
7.574358107338789
1.9746141022320096
8.273526810971644
1.9748565818891763
1.1094561407503167
4.363438957158399
0.6041028946620149
2.789118951712795
5.050104432729483
1.5599220885728926
10.026447065564092
8.212209576707897
1.985302378453151
7.9134004826440885
2.526214613792891
0.5053935838225614
5.707600573664086
2.8600586882417427
6.2307128946910915
4.351849866939792
1.7335493305726377
6.906871118878326
10.350812338852334
0.21895391222939425
7.259578821511512
2.0257426194006127
9.570673670895674
0.6465057890112285
5.793599724271083
1.38977624651778
5.085891931020927
5.789819068889045
9.681156376686243
2.3095357678106323
1.3012259267396982
4.766133398355709
5.594327502099898
1.9191661978291668
2.9064732726646505
2.6740129361240164
1.7363102108689188
3.3040946278716095
3.5860784374454195
4.563358192019449
1.8096770007580758
0.5348164608167757
5.482327424937024
3.2467419725139224
5.251616558848127
3.179210240913865
7.824843096088706
8.198161140490717
1.1937212058640676
0.7622297035569425
1.45267124232436
2.8817812221880703
0.6780988280748245
4.325423743051196
9.44405589403036
3.1244126000779633
0.9268743206317284
1.152535009422567
4.504583420536598
1.8653077965986418
5.993693887372171
1.6052350778849902
1.0835722227925377
6.683983083973122
3.1948402260650712
0.48426447516060395
7.26160726979797
3.2606230886278262
7.990311375959777
0.1876936900010574
3.612560496961581
7.254523675434686
2.689950106325561
1.5631857454372131
3.931079166902193
2.5766595478552916
2.8402900143694736
8.31196262200626
11.371012742791814
5.347400702935748
3.2309184678657155
7.238209886523764
10.884751536442025
1.5774186819800788
3.2947607442169127
3.9796990740445475
7.1959527311193945
1.352682400319944
3.4753676697713214
3.3633236720234825
4.345197475290773
0.9762852082672758
1.766404695678112
0.33551338177434487
6.086279080478166
8.610165164195434
1.7320096367641549
5.974353645702607
6.809379977197598
1.6034456961853654
2.824357300235088
5.220565773785659
4.863148415483357
6.4115614423675
1.0214335515006636
7.556592592166652
0.48072138685651233
1.3362620122062128
10.95235142093716
0.6623559966377913
7.864610770332111
5.66426789782832
2.898281350204798
4.384622704235105
2.5329122546744682
1.9710455010247252
2.7743371634369396
6.530093941320564
8.821089184112946
4.293353358974159
9.152536778765604
0.2625576926306013
1.3603651375888133
6.365953799177662
6.516332316677342
0.3393245244486892
6.3511105986336105
3.4080169631267454
0.7194190086393938
3.6571101075989008
5.81685379012441
1.7460475387465322
3.0696639647045365
2.462204162964912
3.5670548512749187
6.119534720813237
8.083593214225244
4.629811008889318
4.598454314368959
3.953160544650954
9.332786313878646
3.538698285211209
2.5316149607299754
8.709921401374807
11.479998931122902
0.8091953193308533
9.174997703241432
5.115242768208991
6.813922644957675
12.554579704133435
11.555025320695112
2.5728888795268445
1.300890081609368
6.060080446863281
9.801614962609225
1.0102592246316355
8.343644377364905
0.8596109603461991
0.5326009389562938
5.139544749274652
0.3579625920698904
10.00100497170618
3.229596969967506
2.7448158140109813
3.075502042107621
7.4960108622069255
6.606695933436027
3.383171928600198
4.788175025574364
4.955332294348077
10.889257080236135
3.6663149873005554
4.116336267580071
2.5519999151038713
2.0308887317434743
4.7169409941421305
0.6796228017980296
3.7380357413251137
3.301537680217689
2.558305003669535
8.871205783293817
3.245440939815196
12.459642199365264
2.6192045724285653
10.947435787020126
4.906213321159184
7.271445061763251
12.032185703696774
8.40894489879463
1.9973850042550103
1.5757359778436828
1.9066921600765407
2.90889551491384
1.1114898540120406
8.115878555429845
5.563968023116574
1.2001474337128764
4.314025289507163
0.38496504389549574
8.805766280889783
5.091141800013647
3.4860207727628127
0.530553701388416
3.304267615596834
5.962410027095296
6.586334308232761
3.8956327214849646
1.1318991118402744
1.9735247046347795
8.278908613564896
3.7491084590138235
10.130008812904475
1.309476184318544
5.895016434549556
2.7004697116991174
6.322008281218572
2.7993430450799313
5.1211803162869085
2.7676770830378117
8.575071021046503
0.5442442893938352
5.71140968475056
8.977199410131158
7.616152736332512
2.95209772414203
2.1120356589825344
1.7698759473750574
3.9336185945484257
7.628286188103331
5.187589062666517
2.595550722170704
0.2982909294541641
5.96598467282793
6.487851214509467
2.006283699647427
4.724901646332396
5.424792108212845
9.620827280044075
3.394655610785016
6.588630525121207
6.047453606889485
7.377906885312698
2.935438990723725
5.302658514069922
1.5095907725718474
3.4636031318082914
1.9034808872339934
2.5773169133621203
4.82241928051993
0.48633218770943926
3.0857483962791905
4.335500535360318
1.8592961941640023
4.843578482501044
6.09281265584873
4.4908460574399065
7.343905073079604
0.4594567986258874
3.903457706863464
2.7532247791263234
2.038649770432567
1.5230851243245642
1.4135912227095784
2.9540968711082485
6.782821059407502
0.7487361498529497
5.49268171179261
4.269146883944035
4.578728309978884
5.724296775949649
4.625441138267833
0.3829618593784987
2.89041503097485
1.3386747744497218
3.070186969078206
2.508397867905338
3.523246815166997
1.5884079808548806
2.156706613538428
3.6022251132343213
3.3489742314077016
1.1668066607367549
1.8117325809904976
0.526850250893403
0.23947759300610097
3.7180703617726114
7.712873822865777
6.2211896697322855
5.340690205189314
1.8104495512470047
6.7690647273997255
0.1549951413677613
0.3829936310932334
6.5733925279911745
4.6952362378557435
5.022866300704055
0.8255887888377068
9.762304609036649
1.3960836432407482
3.7946585513487086
6.80350980723142
4.078368064318454
11.344912683381363
6.777536957810511
3.169286034365861
1.4520300459731041
4.127961251491235
9.010944798978509
2.0815392957912593
2.588905753443886
2.797570591921798
2.67156565954727
2.0780299040552923
3.5505983845894087
6.444889623279274
3.5716876273475555
3.2482581203027268
7.098576305036751
0.6775189812835577
8.025691137232394
2.639252044230666
1.184951533507648
5.01176216283951
2.257763127807444
2.6702888978240686
7.059226601608103
2.1215289991549966
0.49700245373183455
6.538138166055399
2.007473886706921
2.8613650602676595
6.93309902710923
3.0689659652852246
4.01812831297167
0.4335390707587722
3.6684319934646443
3.642765220643327
0.6525055797525762
3.108562228654204
1.0079765374379097
5.6074229409990615
9.69787800255918
1.4883413440837203
1.310434872802462
5.3207890283459545
3.987000870270306
3.013931484905224
6.957367245621207
1.4633411481851295
4.573320066365535
3.465631004033061
2.0783264338522973
7.603618726536928
4.481817840369539
1.1101285496329056
3.4001535429668213
4.580129945228205
9.145432631123208
0.4370095754320878
3.765663867004449
3.852104050967752
3.2435185575549705
6.42346504439223
4.761612001450688
4.186276233058028
8.854357482705442
8.212961904929898
7.225562167990978
1.8069597657030592
1.468452566058517
10.915100078935978
4.462737891327556
4.0220077862229395
5.008390269653641
8.669140078328958
1.0824028825276626
5.028528349310999
2.915454455823606
8.029069240222759
2.163401686643285
5.720080946023398
9.389674378682678
7.914035495450443
2.4444806796973126
0.7260806821089368
0.7759789893823803
1.3937240991442386
4.1597357157466845
3.725672950911799
6.2356030858081635
4.990945077563278
1.8574309758774936
8.560922151458046
1.204556316371284
4.1262747186498485
1.299956777268599
5.661183440438754
6.597933294831425
1.1170098595793088
5.207900272673628
4.6615307822915195
0.7783797563395234
5.276058312825547
6.9153460660664
8.313396302143188
4.704225181930105
4.776455480903208
1.3242944707660431
5.830469798828324
0.8038867206251021
11.528993832290313
0.1330057985371336
4.304898089896954
2.280385719164091
0.5544573330116396
0.4702432237576021
7.693750619098797
6.010125592325739
0.3844782988391457
6.154293543017061
2.2198278470147836
2.928046715198415
3.532521351220604
3.5591198257052437
3.9366279130362107
2.234523397678738
0.7791513271831101
1.3861226196493435
3.018443525729148
5.888989274229333
7.590240940381747
5.426339084234737
0.5612692855751853
4.5890123076072555
2.996392279243834
1.1365331950548585
0.24593328823803579
5.388198488706887
1.8523756306970944
10.025538793252693
1.7793579708526968
0.49842090836879027
1.5386118948848604
6.376359650888507
6.232049809243727
2.0717899205647288
3.1922667091017383
1.8084781495678963
9.42334061358917
6.685703164363314
3.886231674597308
5.625029625054476
2.517316615809849
0.8335845952741143
5.662056789843625
7.195846373707863
1.5487158539801855
0.7891716607670076
0.6360351290808165
0.7275055209223117
0.5650891928985575
1.9745274342770074
3.0094409240100166
4.867413719421796
8.360176976520172
1.7664505134417219
9.33179961045645
7.5101573267024
7.2375659616775145
1.6702632048583277
7.163169233756345
3.0541663062825224
1.4471070781346538
0.9599873868987869
9.970773406485465
3.3858627036490048
4.801333382583533
0.8624363958362646
0.623754000551542
0.9664152545933609
5.73142496403265
1.4794155624595058
4.596010945778861
4.1426486249360455
3.321331147843347
6.364421265000501
2.956567249103055
0.9484152048546682
0.2884663132513451
2.6997723232437854
3.790651000906599
2.4624475520957985
5.224732196819549
0.49994294914480875
2.840002644142833
5.325782043183035
7.07005678578866
1.5996976789665123
6.678778216823888
3.54559251286444
5.828107271077734
3.5484250776307062
3.2964519945126014
2.1603338939292316
10.472200188445253
4.726765106611631
2.7180363972162613
8.527189166845938
0.26765030439740467
6.5014053309599635
2.162027206213942
4.140963747775188
1.9108212352858533
0.9836718038234946
0.4431955150598763
3.966341124571558
9.521558186836668
2.1574011718592767
8.988041596291627
4.949920638595828
5.6223204872361014
7.257763813284365
1.4691833096014395
5.292370293780038
1.75030951896646
3.063233825546078
0.9140404395018767
6.702438936698068
0.8067418257961572
2.0853598152109254
3.2068306425297326
5.784291807445214
6.427837131397587
3.3598482194424744
3.9157339978174726
7.5016376465671675
3.458310371309091
6.002802599153914
4.197249579163589
4.73966139525314
6.656645523897546
3.158444089102845
8.928027623810479
6.421080612224203
4.608495109178746
3.757282103293837
3.7088856258903546
0.34128624542832187
0.34765746176390167
10.611434631079828
7.958432616037517
5.642984629219148
0.3103998703093336
6.179511349275807
0.3160467285393489
7.8744864173121405
1.544947555057083
4.281132167250575
5.81473903967109
0.4844275044743788
4.459447555153234
4.726891055649402
6.422532521176881
2.531352778334064
4.6880222746279205
9.711954094782168
0.8806778896047761
1.4279936529644195
1.9411137925843156
1.9305613332024627
4.04505437242485
1.5237870103334261
4.758395819049279
4.441116316493947
2.122101824865184
2.280122082640576
1.4280188087965164
4.983415015965048
8.309123050323302
0.8563588683138317
10.433696735162076
0.5419469798129721
3.533729451733183
2.0158872641816603
2.889505903742371
3.7725864605064623
0.3457400624564608
6.751703606406923
2.2461235451742834
1.3275674245728415
7.751258436514077
7.62490264347655
9.330248643731402
7.79787081287286
1.5124946045982721
3.902853290801368
4.745032028479406
9.778317790232142
1.85601299524361
5.156342113204914
3.720571218357209
1.9198609053975404
3.5486025402780283
1.089627313464816
4.456259483417186
6.8535061789486456
7.876143577940953
0.16303241621378875
0.6423291831101152
2.869344320641869
1.1471855229393617
5.218737214639444
0.6611025385278126
2.8005613546776664
1.805900523453588
4.761023699049451
3.3624523422836576
3.3674164175424295
1.4866439625703762
1.8600227716465176
8.628837149296665
2.846814632606803
8.908764393160443
8.079312987424126
10.850045852491109
4.478246928282683
2.2671829520161637
1.9891755305051735
5.329444373611931
9.444689163040517
1.98638415316308
3.1121030654818154
0.42464707730063084
5.948818228527095
1.9330490850673854
9.1929046926943
1.7289221675844841
0.8425833388446052
0.5639584898436416
3.0837051487710023
10.117694334686975
0.7875579453553708
3.4098038748919737
6.378530772183267
2.802974906780914
9.711768115799485
4.430512482952875
3.048766959891412
0.9588914030918662
2.7807683422027285
5.822929604989845
4.692168920298027
4.49991966152245
4.647554521415914
8.618133922324219
6.721423656892842
0.47729683903926234
3.9534345353696274
13.150389779604314
2.899936265872322
0.9554669265376624
9.034249340804815
0.4496485744224455
3.545496666135221
4.649614889502968
0.7976925098470432
3.932957632492386
3.35697202371518
2.13995222945468
0.49114577097069895
4.468678000094502
8.149072973693698
1.0355079238322382
5.006192984375397
1.8584353277595236
3.6084321454952626
11.180295114755422
2.083627522498377
4.0493637036666295
4.804139145515265
2.750599364932548
5.3028009253179835
1.0445134682740895
6.458427874293881
1.9267862521812242
5.053318617142016
0.957253655242764
6.066422077979322
0.6818673950957737
1.1475562197603395
1.3717997848463763
4.234599140838298
1.0324688035156881
2.5568029217831247
6.969445898501071
3.0520592310282377
2.128582867673529
10.580480507612878
2.103558228121077
2.140258801636448
2.417270922042071
2.8978937514587586
2.9090530189146397
4.660314948791653
2.051702779382852
1.1458445272119098
7.814812999684197
1.3872259261919615
6.356989388231367
4.6408035824227705
7.012839505892426
5.512832019994346
5.308165619627384
3.3868554830900286
3.7424808036391584
3.5900005785444598
0.32926370785143605
0.7790925435198304
2.0213182784226262
0.9721048841987988
