4.646775377510121
4.216327583031414
8.717687179892843
3.931903784079575
2.843064147779173
8.988729102770728
3.636094333602195
4.196888149201013
4.50738356510807
2.1552250361474945
1.5438408828025378
0.6528805726141974
2.1759576618056213
6.031213641074165
1.3538288742103555
0.13086438217019494
2.3614231662939984
2.4886091290859307
2.2350668347421947
8.721638042434563
4.727147348680534
5.077753715671761
6.684171126313893
5.234207250535692
4.092173944755247
0.8117440272692709
0.5796118153557411
1.256157506855141
1.9569027921959035
1.6050301280997685
5.497092151844436
5.22863286157223
0.09656013435980462
4.229142157473974
3.144730961504005
7.644273188834465
2.4886662244871083
0.8916116466032974
1.1160987374800577
3.907661430580462
0.283275922247334
5.702654963569408
1.9737238239333246
11.998988865541163
0.7651501964150861
10.938024654892663
4.537067919078832
3.742939351636703
5.78986752588383
1.0306374706156192
10.931491778009827
3.4489471515635364
2.6790702299898683
2.878567685293981
2.7606781451808176
5.4552832795145445
6.915523548382782
1.9726819474975414
0.32684805994811406
1.2047149683125464
3.6472444401111357
1.1710316413997435
10.777392569262275
6.46413169920828
8.726700813333617
1.3768563284371165
2.0004358313327204
5.623078206349684
0.9206696017457556
1.5637039160945883
1.87361367473303
5.271943475144868
5.150642051228349
1.1067568313938823
0.9297789771946892
4.213945466382318
5.64003565264876
4.19257616275934
2.2084157280986383
0.5229565564012214
8.495350585621146
4.406924541796878
4.040554219225989
5.548637275434551
6.078245246402924
6.124712386604094
0.06330158114395491
0.19169183493934375
3.9973426873227362
6.736885728884442
5.002550784663744
1.2654415869950244
8.560705063209726
0.09931349557721325
5.725683698483798
3.583130903125405
3.8685279357661844
1.1036300855246384
4.18964270899178
11.395585548795072
8.20076023867257
1.7663765026079274
1.049424389713737
8.934041591347935
0.7787444062108984
1.3972910589867686
3.1737226868441017
3.205068663631984
6.133925510712298
3.863158804635968
2.4692251570726613
3.9654016776743437
9.246479942733249
8.029830646966069
0.5382828035067214
6.255354524761946
4.4284772499745415
1.2158908681237557
1.948674814227049
7.017473118369244
2.5327618925072195
7.528598185480151
2.778185844338914
7.103454534894283
4.46188791950682
10.6871504534134
2.395572702379073
3.339542986099117
2.867899359161416
3.542341357018937
1.5016415865415254
5.005035042879652
0.7252925614836734
2.2341088069915576
8.928804022222142
3.9675552909448917
8.251661286084241
3.5540207604452796
3.0534114377536707
1.3393159819081826
2.3211041005023416
2.7323292789870606
3.6154925520893095
1.168911807101895
1.7532992402160623
1.7072879218313706
0.2875085397858407
4.103570900547529
1.8322960470278506
5.583716441291227
2.7713252166550513
0.6001556311915976
10.896170303284082
5.078032999370169
0.6186298198369513
1.9235004606908808
1.593246648969457
0.9804245540138078
10.814507258832181
6.340479350595485
1.0851647888898466
3.7962575980516755
2.6535528150202468
2.6717872275375067
1.1482188817534422
0.7400961212505547
2.0668279947382113
4.8595964125620545
0.6913125947426724
4.27890656383469
1.6505107538377517
1.2150355415015697
1.1311103551057116
1.4967515169537444
1.6359391279830366
5.56763623681235
0.09563214155644163
3.7239512081423554
11.501614408503109
4.991307904797484
5.485006594467577
5.961542979103089
2.2118547558342607
3.6527511628238916
0.9255624043230708
7.141871554485178
8.016809674965751
8.83956882885943
4.593416363695279
2.3021525358167345
4.3282484788602344
2.3232016174342767
5.442240559020625
2.6339661912844896
6.457694866342769
0.6768071717490619
1.6610969684495622
2.184948444942172
4.248858916775633
0.9442982910608468
3.132526376587761
4.319299250806402
0.6540846651868545
0.8578050383115174
9.05138031931274
4.429285041285531
0.4201598815663074
5.578786550627728
2.6551948345696865
0.2461383307194637
1.7343491851519492
8.764103177980182
2.08985733994041
5.439082267150805
1.2409163123738267
2.182313459051212
0.49788320697152527
0.6834129054287718
11.979150045469925
5.683068129476153
2.696730058634665
3.720862613706781
2.0392327737104443
3.670709554134628
8.068099934870505
1.400010720453845
0.9446430338237152
0.39641155544200507
9.895414071587906
1.664482645691768
3.0028482765925792
1.9296314050007257
2.238748242194414
0.505444181981377
6.323475848647778
7.110131629669089
2.6667635058899712
6.260435504196739
8.902696029991914
3.5708519045929807
0.8439079098666066
0.3883985991013016
4.935544938108703
4.7889597392385115
0.2448813047925308
6.552424796660977
4.156411633002485
11.66617059361791
0.36680926343503084
1.8339751865099547
0.2983914835868053
2.968003532659422
6.203351836693894
8.805176159652635
7.679761118787584
2.2925043817705615
7.729047734585199
10.296845257927718
12.717339678103741
4.359265020834906
9.812096758377278
2.07079564474334
4.584890605985375
2.4035127617181966
1.38336473039587
3.296589076924085
0.32376124685560526
0.510328053380836
1.4006887411004723
2.662344645218467
5.029676790341692
0.36433247444169525
6.034623870723965
7.716765078103409
9.710438044243766
2.6854166106591975
4.7947328333198325
2.0359426352682095
4.479206367619631
8.058014594575415
0.23455696634708764
2.3905994517474682
2.1943833867510905
2.0005663763121238
5.149593698828264
5.787603603432837
3.621498955770412
2.5345156467709624
5.097283756041143
0.6764721790736664
1.4092473763166153
8.271947933615674
4.106232067385481
0.8499417387155718
3.9677053024548177
6.909161484781536
6.618519934468093
2.966150681379634
3.8402484463957087
4.140756845141308
0.9314494725594461
0.8705830221239959
0.4179909530833716
0.711629379082558
0.1623413446348501
1.366593407074394
3.057444099818348
8.934832582079029
5.240480981734682
0.10845732443947881
5.9116356359876425
2.0657540882517926
0.6725487749917004
2.8993282575082437
5.99758739227718
8.138750862778341
3.540032728734932
9.620021328328326
1.4587714094917665
7.706730667676147
1.7697303355065133
2.3541408210629706
0.5672904403388634
7.1671563401379865
5.720262667404532
11.71660513951292
1.6019893145657564
10.071122517942156
6.111603627897037
7.68453390110356
2.583288899592506
1.7368407068820326
1.7168538540309042
8.690503800810115
1.5102221618682543
1.8381364891522929
0.7993982602236056
2.0906969348171107
0.547331420806901
2.664858562076978
7.879038508303532
5.944621791297812
7.7853562394603335
3.4348185977862173
0.6716744469225717
6.383982268036484
1.5425030093751344
4.898701834427563
2.1379133106445543
10.864282794134857
2.1700206760470375
6.795253786797472
6.72563960508668
1.8377613289146186
0.6131814661181828
2.9223383440029664
3.2415866233110466
3.818225273151962
4.18842589397527
9.498517689579542
0.8784180585837121
8.099743280621905
0.46441388190739746
6.4836342071054816
9.247534572205364
11.075491520402888
9.023286350192626
5.062430265188133
8.94845658574655
4.610938495369376
3.2905823831371577
0.600082433355266
2.0656542045985122
0.8945488363515912
9.111836327355306
4.157149037728984
1.8142183270643903
1.6152722042851777
5.420664007041949
9.967752619214979
10.728065617607394
1.164981051367888
3.804531960372423
3.294436496075331
2.459307812656123
5.437188842928503
3.7222109818153033
3.5033581147318698
7.518925417160429
0.6062359926239483
1.971173040601051
1.1601216492760973
3.832849037076701
4.42695136750747
1.64040074407906
1.6514639618558296
6.024627071492498
4.3070879807954165
8.093754267355404
0.7685439380324641
0.8150258613629031
12.585201818576135
10.15002923822698
5.31338824946113
0.744847801651133
2.62772279482723
3.8653377103656252
0.5317868045371172
1.471920241300951
1.6386518842368445
6.733519595108699
3.4841549663720555
5.421051788471566
0.11996122361941224
4.353885127509404
9.295846465154826
5.906171096523093
1.8237390806312939
1.0952637410143533
7.195189837280215
4.60693273722496
6.588205027709655
1.924975422469683
3.5661011227896022
4.045523640380485
0.43231724473964406
0.6007409773995538
11.0291424759701
2.9843594861342697
1.5780849170222808
3.312916684687572
6.058618071944105
6.944426423307104
3.4568110106585452
9.603992315565863
0.44838714063153357
1.330478735927821
1.8021936772389653
4.284365876550735
0.13516157265900866
5.8374299182433
4.143180254516151
2.470685563085935
8.648553572017608
1.6027772001986942
2.695498061084599
1.1115388904194534
8.038615818970348
1.9491027333217708
13.742347005247542
1.6521664640843712
5.814323957438056
8.202951895275222
3.64912285504727
8.47356167136282
1.1605020549472083
1.751147789369594
5.140809211892248
2.687373534142539
6.952521802031801
6.722680344278644
6.948219816080777
2.1943111450446176
6.1380723723788035
3.95979956414664
1.948318402820036
2.2151834045901544
5.573760776954033
7.263529296287575
11.466227145112335
2.9673694970183964
0.4569782168389197
3.2373397561315413
4.826931424693766
6.122771977134367
0.4109751638173372
3.1198881106380236
7.116276820292076
2.953200560337064
3.7792105744982907
7.585282637086552
0.7340606916217485
6.08789553570271
0.07366867164768749
0.6215384613434325
5.393026722649023
10.477217539130436
3.4452158238974913
4.391168794933843
5.699198064789888
5.54217409290175
7.09955218570726
9.13483222038198
3.67445984064889
4.834919358930845
4.812979899299645
5.921693467739398
4.509222874313866
6.7442060914723685
10.034749913704127
6.296717111989063
9.225685783703515
4.120697025620525
2.908962403016499
2.867712990110746
3.822814954539271
4.915405944748871
0.5350862386341738
0.46853796198977765
1.3233403544781435
6.314718013396835
1.8480062279242717
3.015942795676399
11.062208622863226
5.751575570334021
2.4937458966199433
5.204180661634059
1.1639749120665746
4.750530442909259
1.1092058537759573
0.578411767115397
1.0549366226938846
3.270373664514461
9.291115723622957
8.398682863082724
2.6335653620964043
3.9499111785937364
0.7012003527768833
5.542382373916574
3.055663382877899
7.580736348148517
0.8293766045872104
2.0026804126237585
1.065228193084436
2.076241446322542
2.7196749640532007
0.9649181887748826
4.799922565767463
6.138707483835623
5.527849587460565
5.906475521216207
2.128962671514066
1.5977256533847262
5.194740941320734
2.5486714377932267
0.8075041128900994
4.2716189325908305
1.3609591730920743
8.464294835677629
10.28724637291836
4.551351391593852
1.2700821255116754
1.054361575599241
4.912257951686087
2.4580880919530164
3.791137298893107
6.268933863004437
7.0675883178905226
6.561001039561359
1.6877229049542246
8.513809683170178
1.3369961851748031
4.899784666076356
9.722526347672853
5.067156631319373
1.166610143637625
9.159002003935663
1.209100104592996
1.9061797021320497
0.6353888651836711
1.01941127660908
5.862461239882775
4.364474780111594
7.749796535292199
1.8936245954272262
5.6261462998991405
6.837410700126474
4.188673988133366
0.5498638801814524
8.916966284988309
3.332307900771927
4.182538565725754
2.2301360239137082
5.726154397902602
1.9949449065517475
1.37181761735106
0.5171961334772924
7.808674953096404
1.489296465267028
1.4541206105536488
8.150345876546789
5.146841572720089
3.15642823796606
1.7757670654435818
1.8747928145034423
4.7790146669317215
7.40246283888708
5.775691191431462
2.275625665534861
8.342240842772227
2.799834230198742
6.441320123673863
7.673267759064739
0.22627114320223338
1.3741966343643137
6.605363154008175
4.68208196308365
6.678917987187911
1.7318249707194115
2.827944769190228
6.423151277651358
1.441080139312122
2.099951872990058
1.335798228354528
3.0802259118769535
3.1225776496097706
5.651351550781427
1.2939201604054282
9.535081377847765
5.058876759789597
1.6197977619978037
5.550431655920186
3.3832859581279395
9.949571016565065
2.428601205645024
5.559556601782937
0.4947987182088717
2.3593805480414884
2.9581650168125027
2.884518831555063
2.093491237708643
4.82070917933051
9.419966469857753
8.431091550447942
8.060453608540472
1.016384003424654
3.6660955993446893
2.6119901417425546
2.5984569077254482
1.0995256162094438
0.4863876610059519
9.540917050802367
4.673202392423225
8.315885657695004
2.63821125953762
2.272433593784458
0.657377209583155
1.6264969420888196
2.5504964380567525
5.0914503842923144
0.4655559946130081
0.2492946653214692
0.0834644294570866
3.4529127208247523
3.661136060843922
4.908554746581533
1.4804180527628
6.766125994273482
4.333443753189511
4.589380305571177
3.629154292238089
3.34169521207942
1.773183267556573
7.59718398937199
1.9752484661204581
3.854777728216609
7.8410016506669535
7.015442156703878
3.7122231076047747
0.9532712071087659
3.9740102402074107
3.2801966292945743
1.5151801007399033
6.291867293013519
4.7600563061850645
3.8712378107228944
3.654391978065072
2.1138287574719743
9.887035453844588
2.649975560427311
7.316992437324563
5.813478070275779
5.356524380644972
3.4319301342636943
7.595160835006766
12.111912049075736
2.5977941829436166
5.444130377209129
7.338906237004379
4.187651202253183
0.5608666741265138
8.176910641124739
6.965453519534657
2.4053901329706364
10.079683643096327
6.714241796373807
0.6552061019388253
10.155690200685534
4.197871733618475
8.096114949668582
5.834617854989302
5.191993331221175
6.4068058756753326
4.944252932900883
9.295940686309963
1.7427869970217864
3.6529344991836985
0.5433335987446053
5.958206098848685
4.987846870123794
1.1051907551429905
0.8389974790220579
2.4882922766072593
4.99021013138681
5.93738614403801
2.957995251714025
9.700662088600692
2.104937291175357
6.004432067289025
1.503745909171278
1.1925434601941494
0.74143734670351
1.9517717835222383
2.357532376243929
4.907647305718411
0.5779836344142238
2.746282328969654
0.3716570363655856
1.406530804432316
0.7203778356038391
9.674007826268275
3.8618175536146935
4.471372873560837
1.2546004799574269
12.1073696131588
7.5640411924460755
5.449824329004644
2.0907272080443184
6.130357762005203
3.84037008795176
8.277767679178513
0.7860335503901724
2.895839329163137
7.059990729190588
0.38742440693655944
1.0147354418147567
0.8073552371078758
5.064167316254184
1.9591339990478591
8.872590148844827
6.528625515470243
1.6094844010598028
11.690071233810686
2.6842627111988615
2.292154677892262
4.572965240709727
2.4482708778295312
1.0345075260894634
4.4580185507746934
9.71947775705658
3.1419521740585594
2.1751952252236237
2.2264476600277447
0.23999701318671435
1.0010884228309616
1.6310150355633333
0.7016107362422023
3.189489768045218
5.779500329246019
0.012357595829178732
6.868118578354698
7.187193960602457
3.1497826598747265
4.3221202769897245
5.218751967260007
0.2494435262154811
0.33690986956018576
2.52594579770245
3.2363244098360684
1.9618532351494913
10.795638651178228
1.5986073903113833
1.0385582508798352
5.269529178535842
0.8659625483332932
9.274086487027416
2.5181616405436014
0.2911438909216728
4.140815747838841
1.8625111053398005
2.171282397092458
1.5580933349256423
7.869290421104064
6.7084901160989165
8.023982742406675
9.080659940387726
3.7627484234956707
3.1731757195942127
6.103249041355514
2.7251948050621055
1.3708452826811945
6.631052329349829
4.574942583155149
4.559186728891178
7.879257889375289
4.355709878175898
5.457101474605366
3.5119678496651217
6.754773531089264
2.4572494585753097
2.2966867788276093
2.6798533730749696
2.5193267294305204
0.17300060846237747
7.950487814113184
1.0120729453076305
8.16517954936259
11.945361427213637
3.7184992190907704
1.359567458288848
10.216825318243087
4.997188415589391
10.524590815910509
8.003633428152797
3.589937947936246
6.495471477419023
0.7797853878667993
1.3991334625699898
4.480358104405772
1.3562398891815353
3.130252748704114
8.958668962647552
7.454585360766017
4.493875899024407
2.190258734367126
4.747068590116689
3.412457332894269
14.188504323652145
6.323362895485718
3.358535125562646
4.293069629136194
1.1833814737465853
5.959328470375082
2.1948452971425825
2.9148929390755454
6.990146026662638
3.8668294840144712
7.445657098621809
1.7095262290657558
1.838841142362534
11.71219103644195
6.2654819194158815
4.255338549404247
1.595457476703549
1.2007003159935539
3.5002072186410285
10.006210653141917
4.839955994455577
2.398357358414407
3.217164798088901
0.045039429058088776
0.9007863998363786
2.961428758293178
0.6324455835875181
0.03671024477088289
1.0910381620391418
3.058130722715007
3.2031296291912885
8.56088830718558
2.421727744409257
4.947506946164741
7.631262183093512
1.7413808327696716
8.928093136229686
1.2130674824721774
5.992499496618008
5.022148867294881
1.132696420922376
3.3213283591451375
2.090486968516708
5.306209213829261
4.130860749741708
1.0546827175099538
2.7108325187807094
1.5677667293716213
9.098649314361563
1.5631674986186899
2.2840009110610957
0.4218015083942829
5.23077978337516
4.1680089796953865
3.056464551113909
6.8963446699981
6.056145728646777
2.507049763066099
3.5612944888953284
2.391293033811155
0.5177462310972244
4.219914367179952
