3.1464968727386013
2.0794447047231777
1.9432737420996054
3.3266613303680446
2.459905351850086
6.852846427365192
9.207419327742652
4.15490292653246
2.1011501493356137
10.168473285914306
3.590851250466125
0.9927652682241154
2.1660488639182476
11.378258987135718
2.8764820700105607
2.2832888864806318
2.048188822966694
3.4020894961067336
7.558940917979159
11.470436999114757
7.155405692278111
1.3595732299343335
1.3970078815045683
3.1707355045241603
2.0475448095238895
7.140759062139328
3.0585654022094166
2.001967478465214
1.2391353776849683
10.541224049130676
8.487846256666995
2.1781815859482894
0.6394300299601091
8.816622481193182
2.6246316267215044
6.873292304685926
4.925457384141322
7.483212213229259
2.0335773034524878
1.999939368586793
3.940515212485731
2.324647895780623
0.8966119529630043
12.405844556624675
2.975408186791024
1.5949750146398403
0.6496589893450819
0.22124770980493091
0.0737302460651602
1.0141786958092067
5.287251184073607
3.839259750946831
0.0440768836634026
1.1068746835733576
1.6162248326395259
6.919188469343481
3.7604778646509516
7.656802336430812
8.504554694664895
7.580512065982384
4.077541054409987
1.6174929566592335
4.174429027913996
11.00697785506034
4.065263276124961
6.7143409855503755
3.1878069214203797
0.29789871760514247
2.797604504435354
2.7148286345295918
1.8287872266015819
0.8459418847164857
9.882951619622764
2.951069653055165
1.9353877699746853
1.841726768171644
8.082624280581511
2.423829891896857
1.1844135229358843
6.670984509967611
1.011654857579386
5.4549148138515084
3.744933965184553
1.737474532378223
6.164633862587585
0.4329915179605878
0.1270607193310992
2.7103917960053536
2.152581605020226
9.457366543335597
5.632471703356732
4.114007582586477
0.799414996371702
10.86726919517399
6.454384563396898
2.428520084895018
2.816232495135013
4.912730131179021
4.661578815000853
7.583262313229526
5.666818252700892
2.7328876544608547
4.717971715049401
6.896914116503294
1.2348933079231554
1.3443918611881538
11.48186139595158
5.286653141459239
3.8011716776417765
3.128119948555632
2.284675596692205
4.646196685505756
3.168402329964578
2.4903623774379993
1.996181093751548
5.829633166372546
0.46891397018898495
4.632157249945783
0.40131146820333113
1.3917313583131563
0.6864661981600216
8.303497789058712
2.3053476561779793
1.4149619846998012
1.5949473542636283
9.929859151788465
4.645691092718844
4.386402495316854
0.4552278581308463
2.657647906037594
0.25882034046695124
0.22337651977762843
4.087770340708095
3.734129712273056
1.3277010371085738
8.272293115845148
0.16361568610806973
8.186166678124007
6.118416899786092
5.8861430930701975
1.1923285766547453
3.329289762666391
0.06801752506112232
1.0823507063445281
6.962682414548013
0.7247416383964442
1.9978053110932055
3.958480295054898
2.5901340282359335
7.166340129691252
8.718106525739538
0.278283116904572
3.85395538937788
6.28119041863781
1.6150810067847905
8.166129368013383
1.1039354316826602
1.1241197160771819
6.7542462606969105
3.261154022926344
9.572190346324893
1.6132812581623197
3.440515251190732
6.670634778662
0.42142341882366496
5.4394976782875695
1.0466209101680117
11.156069971205692
1.8651601030645013
1.6382849665048755
1.906301246407357
4.488877768031956
1.1805663624505294
1.9971764055281322
2.172644868318835
7.209198718672469
2.1046131186078054
6.621246491213052
9.65227985247373
7.914480355717154
1.719807171772012
1.4413902639252276
0.5023188740975678
12.477307948634182
3.1795180241329515
10.488859314948535
1.476575573556352
1.0091679441482362
0.8649211440399602
0.3726745485426988
2.793802103899663
0.8760252693055709
6.736315867027823
0.9323292495811774
1.1565882118085602
0.6242753223742438
3.817070340141987
0.7412829485497419
4.2148073103179975
5.72229598766282
4.853497044546364
0.5152009615059512
0.7635841122371568
9.17961627181271
9.20966745008848
8.809242064678907
8.888910374474964
4.513722570358966
5.626930662374567
5.61777349513106
6.016403423913896
4.825590818912256
0.8719620276067842
10.605891335032739
0.6862177093266739
5.032955460429867
1.3331717721740735
0.6657932585912263
11.079899933798524
1.5318509104409221
4.838962702541225
1.1972523780670508
0.521442379755585
7.1542097149286805
0.3615771656173477
1.6932713960170582
5.96437084073836
0.9971378888546686
4.034942255184633
1.7734234777069402
2.0409050054761404
5.4982706177653915
1.3487978919176506
1.590267162381136
3.7707753080155073
8.353438500985646
2.2435455651221297
4.023178504066718
1.0734983588982838
10.94084555500354
5.786238468069907
1.8969877348142576
0.7018148558485385
1.514224621401257
0.6802465772194418
0.2415174841259036
0.43794805108474383
1.943259426144659
1.9072324159354668
0.8670395868505414
2.301599032022989
6.2680287573971
3.0465724066694553
1.7490581778645955
6.639015142895839
5.032312362637269
7.4546657296268375
9.43865476475635
0.9617341034897438
5.242529474962009
0.9298935434546511
0.19010223887251554
1.3552171727589548
0.27206140419985236
1.2405210519339294
11.879537638552824
3.397246200583043
1.310075685149424
2.2829469419547355
4.327361341485704
4.122230511695445
5.0567625175507045
6.688501652153037
7.742750298009062
1.936874836026116
5.488108236571472
0.14181593556460642
5.739698764747241
2.8154036072898716
1.4550800236732244
1.8103602537793206
3.0156406649010683
1.7447812178828863
1.0673051394880988
0.6364441845412593
3.343151860379079
2.578867702526157
8.055647536006983
0.10284448861277891
8.175331081713406
0.4009394869295904
2.5207142227618293
7.173465719902761
3.018647703143965
0.8204779565320572
3.1429558719835606
7.199697828967544
1.4370675452051285
5.016586395561595
2.710498072881457
0.3229386576338509
0.969283731915842
0.2846141408920918
0.16730604395126145
5.829742842131841
3.1613796431587824
0.9819336315659725
5.845557736830255
4.9114765350723655
4.019096612968941
3.242263163820656
1.659089544623292
8.550524431574896
5.1709575721881755
7.595499751025225
3.3516439591844174
4.184293440093864
10.17612843716417
1.0094351986765207
8.545207408737372
0.4280837288376271
6.299928175109651
4.369831659272149
9.867115247613988
7.189151013809411
7.929103359980127
3.555840080590023
7.885422554015498
8.771417965378737
4.187913327557937
0.1105359679674675
3.1610903556119405
0.2228867049575769
6.3359600513835375
1.183978225794348
8.976232276019136
2.524969077826357
0.4246302330329185
0.14397059875849058
3.173752354612281
2.901110243538341
2.0692777951647687
7.933708462803494
3.2095865239748873
2.509314821931986
2.4166012512097566
2.456273524813942
7.357914134679016
0.15557047243101035
1.7569650249257767
7.582016103902037
1.4874393257027794
3.2963990732099138
6.64346301898535
0.20129252392818803
6.803916191710219
4.199600734028776
0.6377037097878894
4.569854512831639
7.1256965920774915
0.0933174801231234
9.7409051741667
0.019390333380392186
2.227585659858061
2.3327156676608634
9.101326269392763
4.72919745084053
6.423933847570508
0.037716786656517044
2.5036783261739424
5.3373045254110085
0.9865839168571531
11.581443249562877
1.9218487729712783
2.611294522483544
1.2601258454813458
1.3620831820560508
1.9898444873441596
9.694863604864064
4.82337604010622
6.075246098966346
6.443703305362789
5.104393539651281
4.0728303293760355
7.785520941103769
1.2031159427638674
5.928908835579057
0.3899705228026076
3.66560892265727
2.185197520789266
2.8097781577174663
6.261255258287233
1.6400890857048331
4.2805456718876425
5.709625117656678
9.964644721115127
7.850679365180726
2.7982250935956325
8.495343151868118
2.908156357960184
2.576957349945715
1.165586911500407
4.683764926242608
6.019592701026955
1.6765650983119909
7.777821108946657
1.8950704338291722
0.49647804705382126
3.860105830158103
3.7229224979910427
4.6899887466481855
10.633451236841527
1.4473303444099068
6.293916443011045
4.263805175211095
1.288124205344911
11.418381960645776
0.5186489915541638
5.053896126550605
3.1255504515192154
5.238930213488592
2.6811492562883497
0.2546952184322877
1.5745082826075012
0.7429644875347525
2.9902661945592954
3.4217683089430087
3.8429474443125295
3.1151620705956167
5.1430788350121786
5.131180443822385
1.035048053955174
6.347268360745573
4.981606446212634
9.829211613002572
0.9623434853846521
8.813459738576375
8.91540231485142
9.31291897462555
0.544620835160647
3.187722308727419
10.19846575829812
0.6410746216894851
9.913342677176583
1.4679511935908482
0.9417757636721246
1.7880858229273728
1.2827942433265438
3.021981771102271
2.60168134979297
0.09052856725115328
4.214732340376189
6.281149667605886
1.199780932050768
3.5924375709682366
4.185844868709807
6.049222412103748
0.1771719399158013
5.51804220094364
3.1414619638969064
10.467767443580037
9.615665437347076
0.7014721961918818
0.06657326354774228
2.454094327723294
6.482146132311733
4.921592662090886
5.372533676741607
3.882865310192044
7.650764739210203
1.2153403968059198
8.055873720555361
6.7022105494222295
0.7772292498675297
1.9708780350670232
6.030893083884297
1.3164673511309228
4.528356461222943
1.4886102979508937
0.2795255888415471
3.667301797327735
10.018575408253282
2.578567585151778
1.8866318847489454
6.448863926919529
0.6241686883198717
4.230573063291506
0.9180915247718252
6.331694684814438
1.4375776357855325
3.8197920314583897
1.4634069484740149
0.8333097255509397
0.407292352802345
4.784968708546397
5.192181570697499
0.8904047298775799
4.675886575273675
2.881612759949176
7.07862635508326
1.3369115885275886
8.013128212269887
4.599149088155784
4.223778240093283
1.033749234656458
2.8262533942821104
8.649845655922999
6.175783852011607
0.3370971400313993
5.662090273584835
6.809168251044857
3.690929269623271
1.083878976035155
2.6110690941667807
8.532572085410317
2.0882625169849574
2.7939466115472156
0.35857171278307354
4.518651648195317
3.561160988725583
1.788805848004493
5.9672373947692074
5.319376201535137
6.813202199358831
3.5775087619636197
4.292680338330508
1.6339930188734284
3.3194496249216
1.9969695020161715
1.1253483173735193
4.426391812526129
4.505009096591734
3.460463628955216
4.572209494980711
12.379730724757163
10.573411814266002
9.148083052452932
6.3735447382263875
2.307097140784214
5.944836581578123
6.747042974102605
2.1402557805965037
2.619850783156838
5.343862974163973
0.17843158036145101
0.4526663330477222
0.16326683904776493
6.312598040329596
11.750174133930473
10.86134661363893
1.1508998754315067
4.9703427533419635
1.4399982974687826
0.7900471873064996
3.7114429936980207
0.7162574861846999
6.0230161273245475
4.013467623411379
1.0962830411909208
0.3904281299890662
7.109831501241228
2.312824501458518
2.2956617327295414
5.9486924024669285
4.166825721524849
6.413685677644413
9.003946162794625
8.73495006166969
3.0241317961971785
4.408466200627952
6.884463519140427
8.3536960654163
4.777484845353003
5.983897834715655
1.810798139101186
5.286363531035272
10.498687766473632
0.5663359527410309
3.2651680054487597
0.1697811345609758
2.893044670017908
3.8110325271052368
4.822058364829074
7.659403739993551
3.4058618247632264
1.697785612738924
3.393149252136884
6.138001696577121
6.463533098394732
2.5789190763528422
1.6041824574448422
3.726280922004729
1.3532831462207489
0.8110951426194838
10.283598995301963
4.446158693832628
3.905773040091051
0.7074725471206949
4.398562620840377
3.1570855032030156
6.436556288781674
2.397268129009842
0.47869517729378225
8.746663979611855
8.781525556793788
2.2851553956178305
2.848931763410289
1.1312316010755015
3.4685210371278052
6.301994277642943
6.730117404859946
0.44119746304602175
1.6036909343486088
3.224961812863416
9.016357723459684
1.3601769813786344
3.9319728977257773
5.219849168644652
0.7490539988730002
3.9262799995298643
6.728511814659395
5.252071485478732
1.1917217870620813
9.622381717829978
1.3223371739546184
0.08740986549990629
0.4669603466010737
1.4088332950125413
3.844885559832562
0.8250185876615418
11.628369648204108
4.068552864375149
8.829533034032671
3.131788396064262
4.249589737477856
7.359304897141944
8.76385304334984
4.920348050351848
4.16135001660531
1.7531837599781162
5.962147699671216
3.753060773723605
5.03998950426211
6.61441221738512
0.3883200661953259
0.45248180637823127
5.002713441808396
1.934439207607695
4.976417035645863
2.5482370153260243
4.255338106152857
5.166064844004813
9.99283000994921
7.113217302763738
4.343177710012504
7.538642512303543
1.8766493894279974
1.3790883026484955
0.5513158224868688
2.584707010445088
4.432478162913497
5.258682864599765
3.70465244254636
5.596563033195933
3.7565082153370626
1.1011297721516329
2.47352983205323
6.318003843273465
6.132761814513819
2.5228986183694464
4.354154977802894
0.800981597830636
4.7746187490266
0.5224554969649009
4.758122607821478
0.7660536401413172
7.363531680888375
4.934425900267636
10.055339958223454
3.009237065157723
2.4305213809870994
1.763960666724336
4.46534381027067
5.711066335095409
5.899602243495154
5.289377936845511
0.291949796060518
2.608842141569023
2.1078912738927045
7.8035850670426985
6.036133426596423
0.7129317493768718
4.129622758784361
1.9431840162954417
1.0344603886258195
4.582337232958102
6.284614162775838
6.841624325214638
5.173819850735589
5.9690239321762
3.1832653273597837
8.041427416914726
4.458596815030298
4.9491286812383475
4.578733324504918
0.5278074429038867
11.047708680762321
4.233341157012273
6.426675118153069
1.177034154900842
0.7768357145785115
1.4909676439222928
6.159933969185746
2.5658152337267275
7.247064294353324
4.167567783879954
3.5893331839556852
0.2108950181243014
1.4271148543374537
2.5526054973973005
2.3061718562856743
6.491648402672756
0.6473769160997964
5.348100065674974
7.274031578184851
3.08426309626456
2.8120402394155137
9.434730134271035
8.894586958691793
5.274021671468984
10.84208033193785
1.656137332686136
0.8172587920223188
3.397682494057555
9.600749027248884
5.376732413621309
0.15772636310331695
3.3439863632780518
3.938509275836518
3.1449923949873972
8.209518154716582
0.5741534355681414
5.146645855141674
0.39649488549542317
9.376506003350093
3.6572371041190133
2.7981674132556633
0.8056704289068976
1.3297201366148153
4.064245686387072
5.557949742408301
3.5098163303298766
2.925613818262964
2.383710181992647
4.2974392280593925
4.880372764661206
6.3804969863698835
2.258054464321624
0.48195598666124934
1.3155829014189189
3.9260972566206465
4.484091406930705
0.05671263993721169
3.3912317232889584
3.977052712808453
1.126120298891144
8.930431505499309
6.166024465344231
4.372919930683141
3.510893613665771
7.878843010793177
9.075239128316927
4.970996664917909
2.6118652728480134
9.788586898993032
0.9129441057765623
1.4625830000418474
5.287528919225272
6.396868053157315
5.5022534005239
9.535590894593353
1.3910963204945472
0.5692500900706188
2.808229876655945
5.600050151022955
1.0415160376155845
2.435168510079196
8.534261647134652
1.9739371117555335
1.900203266539214
4.839259979936448
2.5348172276501484
12.129908226073919
0.4494042070361902
2.6311958487074807
6.691095050827564
5.467140117769167
0.3872738540977814
0.19867849282448263
3.749002083761445
2.0363357468569405
0.3636870127443136
3.765616560526902
3.370376507797091
1.3425595070335579
4.22470812318607
9.45955553995552
3.5049592765799664
3.6740379112770847
1.5406561690500624
1.7754879262749632
7.92328493077184
2.0066906328692298
1.5661365240803151
6.977826027094491
15.554553875255744
3.4284811782006552
6.3608909590847444
2.194451688133814
6.219089221042315
0.6409287053244818
0.8882387265072057
2.950183286367449
5.398033808994054
2.6335539805950616
7.41117363682222
0.831681766400376
8.600876265165423
3.242611429294719
8.077628087891387
4.11554343007252
1.5904204973577045
2.1554174904589036
2.4242772632236473
6.350694315057858
1.2319432154999406
2.068386688812354
1.8186720237557807
2.8885841134032875
2.4948763381787074
4.992705771010257
8.399964936777671
3.129074609997233
2.259102031856303
0.38372752627573553
10.408644288483918
2.043496917501087
6.328266014677572
2.9565120991499505
0.8098509652876928
2.372243289906978
0.8373151809630949
4.417928309864736
8.99583461303324
3.428487602270515
1.026780481161016
7.971497884653809
8.566197299284324
8.421983082578235
1.19884401879091
3.833015797345763
1.8116404418880019
3.5972729514831943
6.317691275609383
4.726859404244818
0.03972326041174792
6.921921476758242
8.839242385695172
1.743021596069855
0.21944609528092635
9.19990926590748
11.442617335542574
1.0892710665761984
0.7380060972009862
3.6079342907663876
3.754012531683261
2.2109325994295626
5.643671512710427
2.269353032216399
9.29645773250338
13.089115999533972
1.102901831750954
8.595092827578842
5.064743894339693
0.3502782315085418
1.061687601372726
3.017755788761923
2.739855105611469
1.412874014411858
2.034074123013731
1.549645473442581
1.9659200586345666
7.759632485450101
1.6661383734489816
5.206730955201471
1.8697375375050602
0.305431664120696
0.8267958527735453
2.5843762174626232
